                              OUTSN3


 NREG   NQ   NB
    1   32    0

  REG   NC        DX      TCS1      TCS2      TCS3     SCS11     SCS12
    1  200  0.125000  1.000000  0.000000  0.000000  0.800000  0.000000

     SCS13     SCS22     SCS23     SCS33      FCS1      FCS2      FCS3
  0.000000  0.000000  0.000000  0.000000  1.000000  0.000000  0.000000

NMAXI           EPSI
 1200   0.0500000007

NMAXO           EPSF           EPSK
 1200   0.0000100000   0.0000010000

    M   N1   N2   N3        DF       RDF        DK       RDK         K
    1   30    2    2 95.716469 95.716469  3.828660  3.828660  4.828660
    2    9    2    2 15.674357  0.163758  3.027463  0.790737  7.856123
    3   11    2    2  6.793519  0.433416  2.134830  0.705155  5.721292
    4    5    2    2  4.843598  0.712973  1.108468  0.519230  4.612824
    5   10    2    2  0.991495  0.204702  0.153227  0.138233  4.766052
    6    5    2    2  0.885313  0.892907  0.160082  1.044734  4.926134
    7    8    2    2  0.446533  0.504378  0.038564  0.240903  4.964698
    8    7    2    2  0.269164  0.602788  0.011815  0.306374  4.952883
    9   10    2    2  0.287233  1.067129  0.013947  1.180442  4.938936
   10   10    2    2  0.290037  1.009762  0.000238  0.017095  4.939174
   11    9    2    2  0.266802  0.919891  0.003656 15.334000  4.942830
   12    9    2    2  0.248138  0.930043  0.002776  0.759228  4.945606
   13    9    2    2  0.231252  0.931951  0.001727  0.622058  4.947332
   14    9    2    2  0.217279  0.939578  0.001359  0.786799  4.948691
   15    9    2    2  0.205121  0.944043  0.001281  0.943138  4.949972
   16    9    2    2  0.194077  0.946157  0.001202  0.937849  4.951174
   17    9    2    2  0.183937  0.947752  0.001090  0.906746  4.952263
   18    9    2    2  0.174621  0.949357  0.000987  0.905908  4.953250
   19    9    2    2  0.166052  0.950924  0.000898  0.910145  4.954149
   20    9    2    2  0.158108  0.952161  0.000825  0.918790  4.954974
   21    9    2    2  0.150733  0.953356  0.000760  0.920277  4.955734
   22    9    2    2  0.143845  0.954301  0.000705  0.928437  4.956439
   23    9    2    2  0.137391  0.955135  0.000648  0.919540  4.957088
   24    9    2    2  0.131336  0.955929  0.000606  0.934559  4.957694
   25    9    2    2  0.125637  0.956603  0.000566  0.933124  4.958259
   26    9    2    2  0.120255  0.957166  0.000532  0.940135  4.958791
   27    9    2    2  0.115165  0.957674  0.000494  0.928251  4.959284
   28    9    2    2  0.110346  0.958153  0.000462  0.936232  4.959746
   29    9    2    2  0.105773  0.958558  0.000437  0.945304  4.960183
   30    9    2    2  0.101422  0.958867  0.000414  0.947598  4.960597
   31    9    2    2  0.097277  0.959126  0.000387  0.935484  4.960984
   32    9    2    2  0.093334  0.959470  0.000366  0.944581  4.961350
   33    9    2    2  0.089568  0.959650  0.000343  0.938722  4.961693
   34    9    2    2  0.085977  0.959906  0.000329  0.958333  4.962022
   35    9    2    2  0.082540  0.960029  0.000313  0.950725  4.962335
   36    9    2    2  0.079254  0.960190  0.000290  0.928354  4.962626
   37    9    2    2  0.076110  0.960324  0.000281  0.967159  4.962906
   38    9    2    2  0.073101  0.960464  0.000267  0.950764  4.963173
   39    9    2    2  0.070214  0.960510  0.000254  0.951786  4.963428
   40    9    2    2  0.067448  0.960603  0.000240  0.945591  4.963668
   41    9    2    2  0.064797  0.960699  0.000227  0.946429  4.963895
   42    9    2    2  0.062254  0.960759  0.000219  0.962264  4.964114
   43    9    2    2  0.059813  0.960783  0.000209  0.954248  4.964323
   44    9    2    2  0.057472  0.960860  0.000197  0.945205  4.964520
   45    9    2    2  0.055225  0.960908  0.000190  0.961353  4.964710
   46    9    2    2  0.053065  0.960890  0.000181  0.954774  4.964891
   47    9    2    2  0.050991  0.960913  0.000174  0.960526  4.965065
   48    9    2    2  0.048999  0.960938  0.000166  0.953425  4.965231
   49    9    2    2  0.047086  0.960960  0.000159  0.959770  4.965391
   50    9    2    2  0.045249  0.960983  0.000152  0.955090  4.965543
   51    9    2    2  0.043483  0.960958  0.000144  0.949843  4.965687
   52    9    2    2  0.041786  0.960983  0.000138  0.957096  4.965826
   53    9    2    2  0.040156  0.960981  0.000131  0.948276  4.965957
   54    9    2    2  0.038589  0.960992  0.000128  0.974545  4.966084
   55    9    2    2  0.037084  0.961004  0.000124  0.973881  4.966209
   56    9    2    2  0.035636  0.960944  0.000115  0.923372  4.966324
   57    9    2    2  0.034246  0.961007  0.000113  0.983402  4.966437
   58    9    2    2  0.032910  0.960966  0.000107  0.945148  4.966544
   59    9    2    2  0.031625  0.960964  0.000101  0.941964  4.966644
   60    9    2    2  0.030392  0.960998  0.000098  0.976303  4.966743
   61    9    2    2  0.029205  0.960953  0.000097  0.985437  4.966839
   62    9    2    2  0.028062  0.960872  0.000089  0.921182  4.966928
   63    9    2    2  0.026967  0.960973  0.000086  0.962567  4.967014
   64    9    2    2  0.025914  0.960944  0.000084  0.983333  4.967099
   65    9    2    2  0.024900  0.960869  0.000082  0.971751  4.967181
   66    9    2    2  0.023925  0.960854  0.000077  0.936047  4.967257
   67    9    2    2  0.022989  0.960861  0.000073  0.956522  4.967331
   68    9    2    2  0.022089  0.960862  0.000071  0.961039  4.967402
   69    9    2    2  0.021225  0.960874  0.000070  0.986486  4.967471
   70    9    2    2  0.020393  0.960810  0.000063  0.904110  4.967534
   71    9    2    2  0.019595  0.960895  0.000063  1.007576  4.967597
   72    9    2    2  0.018828  0.960820  0.000060  0.939850  4.967657
   73    9    2    2  0.018091  0.960871  0.000058  0.976000  4.967715
   74    9    2    2  0.017381  0.960771  0.000057  0.975410  4.967772
   75    9    2    2  0.016699  0.960734  0.000051  0.899160  4.967823
   76    9    2    2  0.016045  0.960824  0.000051  1.009346  4.967875
   77    9    2    2  0.015416  0.960830  0.000047  0.916667  4.967922
   78    9    2    2  0.014812  0.960801  0.000049  1.040404  4.967971
   79    9    2    2  0.014230  0.960744  0.000046  0.932039  4.968017
   80    9    2    2  0.013671  0.960673  0.000045  0.979167  4.968061
   81    9    2    2  0.013134  0.960712  0.000039  0.872340  4.968101
   82    9    2    2  0.012618  0.960764  0.000040  1.024390  4.968141
   83    9    2    2  0.012124  0.960801  0.000040  1.000000  4.968181
   84    9    2    2  0.011647  0.960656  0.000038  0.940476  4.968218
   85    9    2    2  0.011188  0.960627  0.000035  0.924051  4.968253
   86    9    2    2  0.010748  0.960687  0.000032  0.931507  4.968286
   87    9    2    2  0.010327  0.960797  0.000036  1.102941  4.968321
   88    9    2    2  0.009919  0.960516  0.000031  0.853333  4.968352
   89    9    2    2  0.009529  0.960670  0.000027  0.875000  4.968379
   90    9    2    2  0.009156  0.960877  0.000031  1.178571  4.968410
   91    9    2    2  0.008795  0.960570  0.000028  0.878788  4.968438
   92    9    2    2  0.008449  0.960689  0.000026  0.931035  4.968463
   93    9    2    2  0.008117  0.960714  0.000027  1.037037  4.968490
   94    9    2    2  0.007797  0.960482  0.000025  0.946429  4.968515
   95    9    2    2  0.007490  0.960609  0.000023  0.924528  4.968539
   96    9    2    2  0.007195  0.960667  0.000021  0.918367  4.968560
   97    9    2    2  0.006912  0.960615  0.000019  0.888889  4.968579
   98    9    2    2  0.006642  0.961000  0.000023  1.200000  4.968602
   99    9    2    2  0.006380  0.960595  0.000022  0.958333  4.968624
  100    9    2    2  0.006127  0.960241  0.000020  0.891304  4.968644
  101    9    2    2  0.005885  0.960497  0.000020  1.000000  4.968663
  102    9    2    2  0.005653  0.960555  0.000016  0.804878  4.968679
  103    9    2    2  0.005431  0.960741  0.000018  1.121212  4.968697
  104    9    2    2  0.005216  0.960464  0.000016  0.918919  4.968713
  105    9    2    2  0.005010  0.960607  0.000016  1.000000  4.968729
  106    9    2    2  0.004814  0.960772  0.000018  1.117647  4.968747
  107    9    2    2  0.004622  0.960047  0.000013  0.736842  4.968760
  108    9    2    2  0.004440  0.960758  0.000012  0.892857  4.968772
  109    9    2    2  0.004265  0.960656  0.000010  0.840000  4.968782
  110    9    2    2  0.004100  0.961182  0.000016  1.619048  4.968799
  111    9    2    2  0.003937  0.960301  0.000014  0.882353  4.968813
  112    9    2    2  0.003780  0.960062  0.000013  0.900000  4.968826
  113    9    2    2  0.003631  0.960564  0.000011  0.851852  4.968837
  114    9    2    2  0.003487  0.960474  0.000010  0.956522  4.968847
  115    9    2    2  0.003350  0.960653  0.000010  1.000000  4.968858
  116    9    2    2  0.003217  0.960372  0.000012  1.136364  4.968870
  117    9    2    2  0.003089  0.960195  0.000010  0.880000  4.968880
  118    9    2    2  0.002968  0.960596  0.000007  0.681818  4.968887
  119    9    2    2  0.002851  0.960588  0.000008  1.133333  4.968895
  120    9    2    2  0.002739  0.960939  0.000010  1.176471  4.968905
  121    9    2    2  0.002631  0.960530  0.000008  0.800000  4.968913
  122    9    2    2  0.002527  0.960301  0.000010  1.250000  4.968922
  123    9    2    2  0.002426  0.960324  0.000008  0.800000  4.968930
  124    9    2    2  0.002330  0.960217  0.000004  0.500000  4.968934
  125    9    2    2  0.002242  0.962068  0.000009  2.375000  4.968943
  126    9    2    2  0.002152  0.959925  0.000007  0.789474  4.968950
  127    9    2    2  0.002066  0.960082  0.000006  0.866667  4.968956
  128    9    2    2  0.001984  0.960632  0.000006  1.000000  4.968962
  129    9    2    2  0.001906  0.960448  0.000009  1.461538  4.968971
  130    9    2    2  0.001830  0.959932  0.000004  0.421053  4.968975
  131    9    2    2  0.001758  0.960733  0.000005  1.250000  4.968980
  132    9    2    2  0.001689  0.960654  0.000004  0.800000  4.968984
  133    9    2    2  0.001623  0.961078  0.000006  1.500000  4.968989
  134    9    2    2  0.001559  0.960594  0.000004  0.750000  4.968994
  135    9    2    2  0.001497  0.960374  0.000006  1.444444  4.969000
  136    9    2    2  0.001438  0.960370  0.000005  0.769231  4.969005
  137    9    2    2  0.001380  0.960064  0.000003  0.700000  4.969008
  138    9    2    2  0.001326  0.960903  0.000004  1.142857  4.969012
  139    9    2    2  0.001274  0.960524  0.000006  1.500000  4.969018
  140    9    2    2  0.001223  0.959961  0.000003  0.583333  4.969021
  141    9    2    2  0.001175  0.960530  0.000002  0.714286  4.969023
  142    9    2    2  0.001129  0.961332  0.000006  2.400000  4.969029
  143    9    2    2  0.001084  0.959742  0.000000  0.083333  4.969029
  144    9    2    2  0.001042  0.960933  0.000005 10.000000  4.969034
  145    9    2    2  0.001001  0.960810  0.000005  1.000000  4.969039
  146    9    2    2  0.000960  0.959728  0.000001  0.300000  4.969040
  147    9    2    2  0.000922  0.960225  0.000004  3.000000  4.969045
  148    9    2    2  0.000886  0.960345  0.000004  0.888889  4.969049
  149    9    2    2  0.000850  0.959235  0.000002  0.625000  4.969051
  150    9    2    2  0.000817  0.961374  0.000000  0.000000  4.969051
  151    9    2    2  0.000786  0.962358  0.000003  0.000003  4.969054
  152    9    2    2  0.000755  0.960221  0.000005  1.428571  4.969059
  153    9    2    2  0.000723  0.958103  0.000000  0.100000  4.969059
  154    9    2    2  0.000694  0.960427  0.000002  4.000000  4.969058
  155    9    2    2  0.000669  0.963778  0.000005  2.500000  4.969062
  156    9    2    2  0.000643  0.960286  0.000003  0.700000  4.969066
  157    9    2    2  0.000616  0.959063  0.000002  0.714286  4.969068
  158    9    2    2  0.000592  0.959842  0.000002  1.000000  4.969070
  159    9    2    2  0.000568  0.959512  0.000002  1.000000  4.969073
  160    9    2    2  0.000545  0.960262  0.000000  0.000000  4.969073
  161    9    2    2  0.000525  0.962094  0.000002  0.000002  4.969075
  162    9    2    2  0.000503  0.959727  0.000000  0.000000  4.969075
  163    9    2    2  0.000484  0.960894  0.000000  0.000000  4.969075
  164    9    2    2  0.000467  0.964728  0.000004  0.000004  4.969079
  165    9    2    2  0.000447  0.957222  0.000002  0.555556  4.969082
  166    9    2    2  0.000428  0.957718  0.000001  0.400000  4.969081
  167    9    2    2  0.000412  0.964233  0.000001  1.500000  4.969082
  168    9    2    2  0.000396  0.960418  0.000002  1.666667  4.969085
  169    9    2    2  0.000380  0.958963  0.000002  0.800000  4.969087
  170    9    2    2  0.000364  0.959176  0.000000  0.000000  4.969087
  171    9    2    2  0.000351  0.962961  0.000001  0.000001  4.969088
  172    9    2    2  0.000336  0.958121  0.000002  2.500000  4.969090
  173    9    2    2  0.000323  0.960756  0.000001  0.600000  4.969089
  174    9    2    2  0.000310  0.960912  0.000004  3.000000  4.969093
  175    9    2    2  0.000298  0.959216  0.000000  0.111111  4.969093
  176    9    2    2  0.000285  0.957220  0.000000  1.000000  4.969093
  177    9    2    2  0.000274  0.962827  0.000000  1.000000  4.969093
  178    9    2    2  0.000265  0.964348  0.000001  3.000000  4.969095
  179    9    2    2  0.000253  0.957994  0.000001  0.666667  4.969096
  180    9    2    2  0.000243  0.956795  0.000000  0.000000  4.969096
  181    9    2    2  0.000234  0.965304  0.000001  0.000001  4.969097
  182    9    2    2  0.000225  0.961013  0.000000  0.000000  4.969097
  183    9    2    2  0.000216  0.961965  0.000001  0.000001  4.969098
  184    9    2    2  0.000207  0.954618  0.000001  1.500000  4.969100
  185    9    2    2  0.000198  0.960037  0.000000  0.000000  4.969100
  186    9    2    2  0.000191  0.962613  0.000001  0.000001  4.969100
  187    9    2    2  0.000183  0.959210  0.000002  2.500000  4.969098
  188    9    2    2  0.000178  0.971540  0.000003  1.200000  4.969101
  189    9    2    2  0.000171  0.959831  0.000001  0.333333  4.969102
  190    9    2    2  0.000162  0.949344  0.000000  0.000000  4.969102
  191    9    2    2  0.000157  0.965497  0.000002  0.000002  4.969104
  192    9    2    2  0.000150  0.954990  0.000003  1.500000  4.969101
  193    9    2    2  0.000145  0.969271  0.000002  0.833333  4.969103
  194    9    2    2  0.000139  0.957101  0.000000  0.000000  4.969103
  195    9    2    2  0.000134  0.962766  0.000002  0.000002  4.969106
  196    9    2    2  0.000128  0.955934  0.000001  0.400000  4.969105
  197    9    2    2  0.000122  0.959477  0.000000  0.000000  4.969105
  198    9    2    2  0.000118  0.964465  0.000000  0.000000  4.969105
  199    9    2    2  0.000114  0.961508  0.000000  0.000000  4.969105
  200    9    2    2  0.000109  0.959336  0.000001  0.000001  4.969106
  201    9    2    2  0.000105  0.959142  0.000000  0.500000  4.969107
  202    9    2    2  0.000100  0.954648  0.000001  2.000000  4.969108
  203    9    2    2  0.000096  0.961324  0.000001  1.500000  4.969106
  204   10    2    2  0.000096  0.999485  0.000002  1.666667  4.969109
  205    9    2    2  0.000089  0.926637  0.000001  0.600000  4.969107
  206    9    2    2  0.000086  0.965421  0.000001  0.666667  4.969106
  207    9    2    2  0.000084  0.974087  0.000005  5.500000  4.969111
  208    9    2    2  0.000078  0.934587  0.000003  0.636364  4.969108
  209   10    2    2  0.000078  1.004843  0.000000  0.142857  4.969109
  210    9    2    2  0.000072  0.920432  0.000000  1.000000  4.969109
  211    9    2    2  0.000069  0.962362  0.000001  2.000000  4.969108
  212    9    2    2  0.000068  0.973274  0.000002  2.500000  4.969110
  213    9    2    2  0.000064  0.945301  0.000000  0.200000  4.969111
  214    9    2    2  0.000061  0.948298  0.000002  4.000000  4.969109
  215    9    2    2  0.000059  0.972978  0.000001  0.500000  4.969108
  216   10    2    2  0.000060  1.024978  0.000004  4.500000  4.969112
  217    9    2    2  0.000053  0.878554  0.000000  0.111111  4.969113
  218    9    2    2  0.000052  0.971596  0.000003  7.000000  4.969110
  219    9    2    2  0.000051  0.979969  0.000000  0.000000  4.969110
  220    9    2    2  0.000050  0.982856  0.000002  0.000002  4.969112
  221    9    2    2  0.000046  0.922826  0.000001  0.400000  4.969113
  222    9    2    2  0.000043  0.944654  0.000002  2.500000  4.969110
  223    9    2    2  0.000043  0.992177  0.000001  0.400000  4.969111
  224    9    2    2  0.000040  0.938870  0.000000  0.500000  4.969112
  225   10    2    2  0.000041  1.024987  0.000000  1.000000  4.969112
  226    9    2    2  0.000037  0.894429  0.000001  3.000000  4.969114
  227    8    2    2  0.000033  0.887077  0.000002  1.666667  4.969111
  228   10    2    2  0.000036  1.105141  0.000002  1.000000  4.969109
  229   10    2    2  0.000037  1.027417  0.000003  1.400000  4.969112
  230    9    2    2  0.000032  0.867773  0.000001  0.428571  4.969114
  231    9    2    2  0.000030  0.912237  0.000001  0.666667  4.969113
  232    9    2    2  0.000029  0.981441  0.000001  1.000000  4.969112
  233    9    2    2  0.000028  0.980414  0.000001  1.500000  4.969110
  234    9    2    2  0.000028  0.990946  0.000002  1.333333  4.969112
  235    9    2    2  0.000026  0.929988  0.000000  0.000000  4.969112
  236    9    2    2  0.000025  0.948210  0.000000  0.000000  4.969112
  237    9    2    2  0.000025  1.015053  0.000002  4.000000  4.969114
  238    8    2    2  0.000021  0.845969  0.000001  0.750000  4.969112
  239    9    2    2  0.000022  1.038077  0.000000  0.333333  4.969112
  240    9    2    2  0.000023  1.033774  0.000001  2.000000  4.969113
  241    8    2    2  0.000020  0.885449  0.000000  0.500000  4.969112
  242    9    2    2  0.000019  0.957168  0.000000  1.000000  4.969113
  243    9    2    2  0.000020  1.025763  0.000001  2.000000  4.969114
  244    8    2    2  0.000017  0.863924  0.000001  1.000000  4.969115
  245    9    2    2  0.000017  0.982155  0.000000  0.500000  4.969114
  246    8    2    2  0.000015  0.916943  0.000000  1.000000  4.969114
  247    8    2    2  0.000014  0.933450  0.000000  0.000000  4.969114
  248    8    2    2  0.000015  1.018453  0.000000  0.000000  4.969114
  249    8    2    2  0.000014  0.921191  0.000001  0.000001  4.969113
  250   11    2    2  0.000017  1.260986  0.000001  1.000000  4.969114
  251    8    2    2  0.000012  0.726385  0.000001  1.000000  4.969113
  252   11    2    2  0.000015  1.245439  0.000001  1.000000  4.969114
  253    7    2    2  0.000012  0.767000  0.000000  0.000000  4.969114
  254    9    2    2  0.000012  0.970919  0.000001  0.000001  4.969113
  255    9    2    2  0.000012  1.045738  0.000000  0.500000  4.969112
  256   10    2    2  0.000013  1.046137  0.000001  2.000000  4.969113
  257    9    2    2  0.000012  0.923487  0.000001  1.000000  4.969112
  258    9    2    2  0.000011  0.906731  0.000000  0.500000  4.969113
  259    8    2    2  0.000011  1.002739  0.000001  2.000000  4.969114
  260   10    2    2  0.000010  0.987398  0.000001  1.500000  4.969115
  261   12    2    2  0.000012  1.113085  0.000000  0.333333  4.969116
  262    7    2    2  0.000009  0.791035  0.000001  3.000000  4.969114
  263    9    2    2  0.000009  0.999088  0.000000  0.000000  4.969114

       X       F1(X)       F2(X)       F3(X)       FS(X)
  0.0625   0.0626069   0.0000000   0.0000000   0.0626069
  0.1875   0.0780145   0.0000000   0.0000000   0.0780145
  0.3125   0.0911388   0.0000000   0.0000000   0.0911387
  0.4375   0.1038589   0.0000000   0.0000000   0.1038589
  0.5625   0.1162408   0.0000000   0.0000000   0.1162408
  0.6875   0.1284157   0.0000000   0.0000000   0.1284157
  0.8125   0.1404477   0.0000000   0.0000000   0.1404477
  0.9375   0.1523769   0.0000000   0.0000000   0.1523769
  1.0625   0.1642288   0.0000000   0.0000000   0.1642288
  1.1875   0.1760203   0.0000000   0.0000000   0.1760202
  1.3125   0.1877631   0.0000000   0.0000000   0.1877631
  1.4375   0.1994655   0.0000000   0.0000000   0.1994654
  1.5625   0.2111332   0.0000000   0.0000000   0.2111332
  1.6875   0.2227706   0.0000000   0.0000000   0.2227706
  1.8125   0.2343807   0.0000000   0.0000000   0.2343806
  1.9375   0.2459657   0.0000000   0.0000000   0.2459657
  2.0625   0.2575272   0.0000000   0.0000000   0.2575272
  2.1875   0.2690662   0.0000000   0.0000000   0.2690662
  2.3125   0.2805836   0.0000000   0.0000000   0.2805836
  2.4375   0.2920797   0.0000000   0.0000000   0.2920796
  2.5625   0.3035547   0.0000000   0.0000000   0.3035546
  2.6875   0.3150086   0.0000000   0.0000000   0.3150086
  2.8125   0.3264415   0.0000000   0.0000000   0.3264414
  2.9375   0.3378530   0.0000000   0.0000000   0.3378530
  3.0625   0.3492430   0.0000000   0.0000000   0.3492429
  3.1875   0.3606110   0.0000000   0.0000000   0.3606110
  3.3125   0.3719566   0.0000000   0.0000000   0.3719566
  3.4375   0.3832795   0.0000000   0.0000000   0.3832795
  3.5625   0.3945792   0.0000000   0.0000000   0.3945791
  3.6875   0.4058550   0.0000000   0.0000000   0.4058550
  3.8125   0.4171065   0.0000000   0.0000000   0.4171065
  3.9375   0.4283333   0.0000000   0.0000000   0.4283332
  4.0625   0.4395344   0.0000000   0.0000000   0.4395343
  4.1875   0.4507096   0.0000000   0.0000000   0.4507095
  4.3125   0.4618582   0.0000000   0.0000000   0.4618581
  4.4375   0.4729795   0.0000000   0.0000000   0.4729794
  4.5625   0.4840730   0.0000000   0.0000000   0.4840729
  4.6875   0.4951380   0.0000000   0.0000000   0.4951379
  4.8125   0.5061741   0.0000000   0.0000000   0.5061740
  4.9375   0.5171804   0.0000000   0.0000000   0.5171803
  5.0625   0.5281565   0.0000000   0.0000000   0.5281564
  5.1875   0.5391016   0.0000000   0.0000000   0.5391015
  5.3125   0.5500152   0.0000000   0.0000000   0.5500152
  5.4375   0.5608967   0.0000000   0.0000000   0.5608966
  5.5625   0.5717454   0.0000000   0.0000000   0.5717453
  5.6875   0.5825605   0.0000000   0.0000000   0.5825605
  5.8125   0.5933418   0.0000000   0.0000000   0.5933417
  5.9375   0.6040884   0.0000000   0.0000000   0.6040882
  6.0625   0.6147997   0.0000000   0.0000000   0.6147996
  6.1875   0.6254751   0.0000000   0.0000000   0.6254750
  6.3125   0.6361139   0.0000000   0.0000000   0.6361138
  6.4375   0.6467156   0.0000000   0.0000000   0.6467155
  6.5625   0.6572796   0.0000000   0.0000000   0.6572795
  6.6875   0.6678052   0.0000000   0.0000000   0.6678051
  6.8125   0.6782920   0.0000000   0.0000000   0.6782919
  6.9375   0.6887390   0.0000000   0.0000000   0.6887389
  7.0625   0.6991459   0.0000000   0.0000000   0.6991458
  7.1875   0.7095120   0.0000000   0.0000000   0.7095119
  7.3125   0.7198368   0.0000000   0.0000000   0.7198367
  7.4375   0.7301194   0.0000000   0.0000000   0.7301193
  7.5625   0.7403595   0.0000000   0.0000000   0.7403595
  7.6875   0.7505565   0.0000000   0.0000000   0.7505563
  7.8125   0.7607096   0.0000000   0.0000000   0.7607095
  7.9375   0.7708184   0.0000000   0.0000000   0.7708182
  8.0625   0.7808821   0.0000000   0.0000000   0.7808820
  8.1875   0.7909002   0.0000000   0.0000000   0.7909002
  8.3125   0.8008724   0.0000000   0.0000000   0.8008723
  8.4375   0.8107978   0.0000000   0.0000000   0.8107977
  8.5625   0.8206759   0.0000000   0.0000000   0.8206758
  8.6875   0.8305060   0.0000000   0.0000000   0.8305058
  8.8125   0.8402877   0.0000000   0.0000000   0.8402876
  8.9375   0.8500205   0.0000000   0.0000000   0.8500203
  9.0625   0.8597036   0.0000000   0.0000000   0.8597035
  9.1875   0.8693367   0.0000000   0.0000000   0.8693365
  9.3125   0.8789188   0.0000000   0.0000000   0.8789187
  9.4375   0.8884499   0.0000000   0.0000000   0.8884498
  9.5625   0.8979290   0.0000000   0.0000000   0.8979289
  9.6875   0.9073558   0.0000000   0.0000000   0.9073557
  9.8125   0.9167296   0.0000000   0.0000000   0.9167295
  9.9375   0.9260499   0.0000000   0.0000000   0.9260498
 10.0625   0.9353164   0.0000000   0.0000000   0.9353163
 10.1875   0.9445282   0.0000000   0.0000000   0.9445280
 10.3125   0.9536848   0.0000000   0.0000000   0.9536847
 10.4375   0.9627860   0.0000000   0.0000000   0.9627858
 10.5625   0.9718310   0.0000000   0.0000000   0.9718308
 10.6875   0.9808191   0.0000000   0.0000000   0.9808189
 10.8125   0.9897500   0.0000000   0.0000000   0.9897499
 10.9375   0.9986232   0.0000000   0.0000000   0.9986231
 11.0625   1.0074383   0.0000000   0.0000000   1.0074382
 11.1875   1.0161946   0.0000000   0.0000000   1.0161945
 11.3125   1.0248914   0.0000000   0.0000000   1.0248913
 11.4375   1.0335287   0.0000000   0.0000000   1.0335286
 11.5625   1.0421056   0.0000000   0.0000000   1.0421054
 11.6875   1.0506216   0.0000000   0.0000000   1.0506215
 11.8125   1.0590763   0.0000000   0.0000000   1.0590762
 11.9375   1.0674694   0.0000000   0.0000000   1.0674691
 12.0625   1.0758002   0.0000000   0.0000000   1.0758001
 12.1875   1.0840682   0.0000000   0.0000000   1.0840679
 12.3125   1.0922729   0.0000000   0.0000000   1.0922728
 12.4375   1.1004142   0.0000000   0.0000000   1.1004139
 12.5625   1.1084909   0.0000000   0.0000000   1.1084907
 12.6875   1.1165032   0.0000000   0.0000000   1.1165030
 12.8125   1.1244503   0.0000000   0.0000000   1.1244501
 12.9375   1.1323318   0.0000000   0.0000000   1.1323317
 13.0625   1.1401471   0.0000000   0.0000000   1.1401470
 13.1875   1.1478961   0.0000000   0.0000000   1.1478958
 13.3125   1.1555780   0.0000000   0.0000000   1.1555778
 13.4375   1.1631926   0.0000000   0.0000000   1.1631924
 13.5625   1.1707392   0.0000000   0.0000000   1.1707389
 13.6875   1.1782176   0.0000000   0.0000000   1.1782174
 13.8125   1.1856276   0.0000000   0.0000000   1.1856275
 13.9375   1.1929680   0.0000000   0.0000000   1.1929678
 14.0625   1.2002392   0.0000000   0.0000000   1.2002389
 14.1875   1.2074400   0.0000000   0.0000000   1.2074399
 14.3125   1.2145706   0.0000000   0.0000000   1.2145704
 14.4375   1.2216305   0.0000000   0.0000000   1.2216303
 14.5625   1.2286190   0.0000000   0.0000000   1.2286189
 14.6875   1.2355356   0.0000000   0.0000000   1.2355354
 14.8125   1.2423801   0.0000000   0.0000000   1.2423799
 14.9375   1.2491527   0.0000000   0.0000000   1.2491525
 15.0625   1.2558519   0.0000000   0.0000000   1.2558517
 15.1875   1.2624781   0.0000000   0.0000000   1.2624779
 15.3125   1.2690308   0.0000000   0.0000000   1.2690307
 15.4375   1.2755095   0.0000000   0.0000000   1.2755092
 15.5625   1.2819133   0.0000000   0.0000000   1.2819132
 15.6875   1.2882426   0.0000000   0.0000000   1.2882425
 15.8125   1.2944968   0.0000000   0.0000000   1.2944965
 15.9375   1.3006755   0.0000000   0.0000000   1.3006753
 16.0625   1.3067781   0.0000000   0.0000000   1.3067780
 16.1875   1.3128047   0.0000000   0.0000000   1.3128045
 16.3125   1.3187550   0.0000000   0.0000000   1.3187548
 16.4375   1.3246279   0.0000000   0.0000000   1.3246276
 16.5625   1.3304237   0.0000000   0.0000000   1.3304235
 16.6875   1.3361418   0.0000000   0.0000000   1.3361416
 16.8125   1.3417822   0.0000000   0.0000000   1.3417820
 16.9375   1.3473440   0.0000000   0.0000000   1.3473438
 17.0625   1.3528275   0.0000000   0.0000000   1.3528274
 17.1875   1.3582321   0.0000000   0.0000000   1.3582319
 17.3125   1.3635572   0.0000000   0.0000000   1.3635571
 17.4375   1.3688029   0.0000000   0.0000000   1.3688028
 17.5625   1.3739687   0.0000000   0.0000000   1.3739685
 17.6875   1.3790549   0.0000000   0.0000000   1.3790547
 17.8125   1.3840600   0.0000000   0.0000000   1.3840599
 17.9375   1.3889849   0.0000000   0.0000000   1.3889848
 18.0625   1.3938283   0.0000000   0.0000000   1.3938280
 18.1875   1.3985907   0.0000000   0.0000000   1.3985904
 18.3125   1.4032716   0.0000000   0.0000000   1.4032713
 18.4375   1.4078705   0.0000000   0.0000000   1.4078703
 18.5625   1.4123871   0.0000000   0.0000000   1.4123869
 18.6875   1.4168214   0.0000000   0.0000000   1.4168211
 18.8125   1.4211732   0.0000000   0.0000000   1.4211730
 18.9375   1.4254421   0.0000000   0.0000000   1.4254419
 19.0625   1.4296279   0.0000000   0.0000000   1.4296277
 19.1875   1.4337304   0.0000000   0.0000000   1.4337301
 19.3125   1.4377490   0.0000000   0.0000000   1.4377488
 19.4375   1.4416837   0.0000000   0.0000000   1.4416834
 19.5625   1.4455346   0.0000000   0.0000000   1.4455343
 19.6875   1.4493011   0.0000000   0.0000000   1.4493009
 19.8125   1.4529829   0.0000000   0.0000000   1.4529827
 19.9375   1.4565800   0.0000000   0.0000000   1.4565798
 20.0625   1.4600923   0.0000000   0.0000000   1.4600921
 20.1875   1.4635195   0.0000000   0.0000000   1.4635192
 20.3125   1.4668611   0.0000000   0.0000000   1.4668609
 20.4375   1.4701174   0.0000000   0.0000000   1.4701172
 20.5625   1.4732879   0.0000000   0.0000000   1.4732877
 20.6875   1.4763722   0.0000000   0.0000000   1.4763720
 20.8125   1.4793706   0.0000000   0.0000000   1.4793704
 20.9375   1.4822828   0.0000000   0.0000000   1.4822825
 21.0625   1.4851083   0.0000000   0.0000000   1.4851079
 21.1875   1.4878472   0.0000000   0.0000000   1.4878469
 21.3125   1.4904995   0.0000000   0.0000000   1.4904994
 21.4375   1.4930649   0.0000000   0.0000000   1.4930646
 21.5625   1.4955430   0.0000000   0.0000000   1.4955429
 21.6875   1.4979342   0.0000000   0.0000000   1.4979340
 21.8125   1.5002377   0.0000000   0.0000000   1.5002375
 21.9375   1.5024536   0.0000000   0.0000000   1.5024533
 22.0625   1.5045822   0.0000000   0.0000000   1.5045819
 22.1875   1.5066227   0.0000000   0.0000000   1.5066224
 22.3125   1.5085758   0.0000000   0.0000000   1.5085756
 22.4375   1.5104408   0.0000000   0.0000000   1.5104406
 22.5625   1.5122175   0.0000000   0.0000000   1.5122173
 22.6875   1.5139064   0.0000000   0.0000000   1.5139061
 22.8125   1.5155065   0.0000000   0.0000000   1.5155063
 22.9375   1.5170182   0.0000000   0.0000000   1.5170178
 23.0625   1.5184417   0.0000000   0.0000000   1.5184414
 23.1875   1.5197765   0.0000000   0.0000000   1.5197762
 23.3125   1.5210227   0.0000000   0.0000000   1.5210224
 23.4375   1.5221803   0.0000000   0.0000000   1.5221801
 23.5625   1.5232489   0.0000000   0.0000000   1.5232487
 23.6875   1.5242289   0.0000000   0.0000000   1.5242287
 23.8125   1.5251199   0.0000000   0.0000000   1.5251197
 23.9375   1.5259219   0.0000000   0.0000000   1.5259217
 24.0625   1.5266352   0.0000000   0.0000000   1.5266349
 24.1875   1.5272591   0.0000000   0.0000000   1.5272589
 24.3125   1.5277941   0.0000000   0.0000000   1.5277940
 24.4375   1.5282398   0.0000000   0.0000000   1.5282396
 24.5625   1.5285963   0.0000000   0.0000000   1.5285962
 24.6875   1.5288641   0.0000000   0.0000000   1.5288639
 24.8125   1.5290425   0.0000000   0.0000000   1.5290422
 24.9375   1.5291314   0.0000000   0.0000000   1.5291313

  REGION        F1AV        F2AV        F3AV
       1   0.9999999   0.0000000   0.0000000

        B1        B2        B3
  0.000000  0.000000  0.000000
