                              OUTSN3


 NREG   NQ   NB
    1   32    0

  REG   NC        DX      TCS1      TCS2      TCS3     SCS11     SCS12
    1  200  0.250000  1.000000  0.000000  0.000000  0.800000  0.000000

     SCS13     SCS22     SCS23     SCS33      FCS1      FCS2      FCS3
  0.000000  0.000000  0.000000  0.000000  1.000000  0.000000  0.000000

NMAXI           EPSI
 1200   0.0500000007

NMAXO           EPSF           EPSK
 1200   0.0000100000   0.0000010000

    M   N1   N2   N3        DF       RDF        DK       RDK         K
    1   33    2    2195.700516195.700516  3.914010  3.914010  4.914010
    2    9    2    2 32.451218  0.165821  3.189331  0.814850  8.103341
    3   11    2    2 13.955796  0.430055  2.261787  0.709173  5.841554
    4    5    2    2 10.157748  0.727852  1.186750  0.524696  4.654804
    5   10    2    2  1.736321  0.170936  0.142425  0.120012  4.797229
    6    5    2    2  1.723155  0.992417  0.159498  1.119875  4.956727
    7    8    2    2  0.721883  0.418931  0.043014  0.269684  4.999741
    8    9    2    2  0.285761  0.395855  0.017774  0.413216  4.981966
    9   11    2    2  0.321866  1.126346  0.011210  0.630691  4.970757
   10   10    2    2  0.357629  1.111112  0.000385  0.034327  4.971141
   11    9    2    2  0.338537  0.946615  0.002479  6.441140  4.973620
   12    9    2    2  0.316529  0.934991  0.001595  0.643709  4.975215
   13    9    2    2  0.297542  0.940015  0.000857  0.537358  4.976073
   14    9    2    2  0.283542  0.952949  0.000669  0.780868  4.976742
   15    9    2    2  0.271910  0.958975  0.000679  1.014245  4.977421
   16    9    2    2  0.261175  0.960519  0.000648  0.955056  4.978070
   17    9    2    2  0.251244  0.961977  0.000559  0.862500  4.978629
   18    9    2    2  0.242255  0.964223  0.000545  0.974425  4.979174
   19    9    2    2  0.233885  0.965450  0.000471  0.863517  4.979645
   20    9    2    2  0.226251  0.967360  0.000462  0.981763  4.980107
   21    9    2    2  0.219113  0.968450  0.000419  0.907121  4.980526
   22    9    2    2  0.212466  0.969663  0.000372  0.888510  4.980898
   23    9    2    2  0.206341  0.971174  0.000356  0.956466  4.981255
   24    9    2    2  0.200594  0.972147  0.000346  0.971888  4.981601
   25    9    2    2  0.195142  0.972821  0.000319  0.920110  4.981919
   26    9    2    2  0.190010  0.973701  0.000288  0.904192  4.982207
   27    9    2    2  0.185228  0.974830  0.000288  1.001656  4.982496
   28    9    2    2  0.180653  0.975300  0.000272  0.942149  4.982768
   29    9    2    2  0.176294  0.975875  0.000247  0.908772  4.983015
   30    9    2    2  0.172199  0.976772  0.000231  0.936293  4.983246
   31    9    2    2  0.168313  0.977430  0.000227  0.983505  4.983473
   32    9    2    2  0.164594  0.977906  0.000222  0.976939  4.983696
   33    9    2    2  0.161020  0.978288  0.000204  0.918455  4.983900
   34    9    2    2  0.157628  0.978930  0.000193  0.943925  4.984092
   35    9    2    2  0.154390  0.979458  0.000185  0.960396  4.984277
   36    9    2    2  0.151281  0.979863  0.000184  0.994845  4.984461
   37    9    2    2  0.148278  0.980150  0.000174  0.943005  4.984635
   38    9    2    2  0.145393  0.980542  0.000162  0.934066  4.984797
   39    9    2    2  0.142640  0.981068  0.000157  0.970588  4.984954
   40    9    2    2  0.139985  0.981385  0.000153  0.969697  4.985107
   41    9    2    2  0.137416  0.981648  0.000148  0.971875  4.985255
   42    9    2    2  0.134937  0.981964  0.000138  0.932476  4.985394
   43    9    2    2  0.132558  0.982364  0.000134  0.972414  4.985528
   44    9    2    2  0.130251  0.982602  0.000132  0.982270  4.985660
   45    9    2    2  0.128018  0.982852  0.000126  0.953069  4.985786
   46    9    2    2  0.125859  0.983136  0.000119  0.946970  4.985905
   47    9    2    2  0.123770  0.983401  0.000120  1.008000  4.986025
   48    9    2    2  0.121740  0.983604  0.000115  0.960317  4.986141
   49    9    2    2  0.119768  0.983797  0.000111  0.962810  4.986252
   50    9    2    2  0.117853  0.984013  0.000106  0.957082  4.986358
   51    9    2    2  0.116004  0.984310  0.000103  0.973094  4.986462
   52    9    2    2  0.114197  0.984425  0.000099  0.958525  4.986561
   53    9    2    2  0.112450  0.984700  0.000099  0.995192  4.986660
   54    9    2    2  0.110742  0.984813  0.000091  0.922705  4.986751
   55    9    2    2  0.109089  0.985068  0.000094  1.036649  4.986845
   56    9    2    2  0.107468  0.985143  0.000090  0.954545  4.986935
   57    9    2    2  0.105891  0.985330  0.000087  0.962963  4.987022
   58    9    2    2  0.104355  0.985491  0.000086  0.989011  4.987108
   59    9    2    2  0.102853  0.985603  0.000085  0.988889  4.987193
   60    9    2    2  0.101385  0.985729  0.000077  0.904494  4.987269
   61    9    2    2  0.099964  0.985982  0.000076  0.993789  4.987346
   62    9    2    2  0.098573  0.986093  0.000077  1.012500  4.987423
   63    9    2    2  0.097212  0.986189  0.000074  0.956790  4.987497
   64    9    2    2  0.095879  0.986286  0.000072  0.980645  4.987569
   65    9    2    2  0.094581  0.986463  0.000068  0.940789  4.987638
   66    9    2    2  0.093308  0.986541  0.000070  1.020979  4.987707
   67    9    2    2  0.092065  0.986676  0.000067  0.965753  4.987774
   68    9    2    2  0.090846  0.986759  0.000064  0.957447  4.987839
   69    9    2    2  0.089653  0.986871  0.000067  1.037037  4.987906
   70    9    2    2  0.088481  0.986931  0.000062  0.935714  4.987968
   71    9    2    2  0.087332  0.987008  0.000059  0.946565  4.988027
   72    9    2    2  0.086216  0.987228  0.000060  1.016129  4.988087
   73    9    2    2  0.085115  0.987224  0.000060  0.992063  4.988147
   74    9    2    2  0.084034  0.987306  0.000056  0.936000  4.988203
   75    9    2    2  0.082979  0.987446  0.000056  1.008547  4.988259
   76    9    2    2  0.081939  0.987463  0.000050  0.881356  4.988308
   77    9    2    2  0.080930  0.987683  0.000057  1.153846  4.988366
   78    9    2    2  0.079927  0.987602  0.000056  0.983333  4.988422
   79    9    2    2  0.078932  0.987561  0.000050  0.881356  4.988472
   80    9    2    2  0.077973  0.987847  0.000051  1.019231  4.988522
   81    9    2    2  0.077024  0.987833  0.000045  0.886792  4.988567
   82    9    2    2  0.076098  0.987977  0.000051  1.138298  4.988618
   83    9    2    2  0.075183  0.987976  0.000049  0.953271  4.988667
   84    9    2    2  0.074282  0.988008  0.000047  0.970588  4.988714
   85    9    2    2  0.073395  0.988059  0.000043  0.919192  4.988757
   86    9    2    2  0.072527  0.988176  0.000044  1.010989  4.988801
   87    9    2    2  0.071677  0.988288  0.000045  1.032609  4.988846
   88    9    2    2  0.070833  0.988215  0.000046  1.021053  4.988893
   89    9    2    2  0.069997  0.988195  0.000040  0.855670  4.988932
   90    9    2    2  0.069186  0.988415  0.000041  1.024096  4.988973
   91    9    2    2  0.068388  0.988465  0.000041  1.023529  4.989014
   92    9    2    2  0.067595  0.988412  0.000038  0.908046  4.989052
   93    9    2    2  0.066820  0.988536  0.000039  1.037975  4.989091
   94    9    2    2  0.066058  0.988590  0.000039  1.000000  4.989130
   95    9    2    2  0.065303  0.988569  0.000038  0.963415  4.989168
   96    9    2    2  0.064558  0.988600  0.000039  1.025316  4.989206
   97    9    2    2  0.063823  0.988606  0.000037  0.950617  4.989243
   98    9    2    2  0.063103  0.988731  0.000034  0.935065  4.989277
   99    9    2    2  0.062394  0.988764  0.000038  1.097222  4.989315
  100    9    2    2  0.061690  0.988719  0.000032  0.848101  4.989347
  101    9    2    2  0.061001  0.988825  0.000033  1.029851  4.989380
  102    9    2    2  0.060324  0.988898  0.000034  1.028986  4.989414
  103    9    2    2  0.059654  0.988889  0.000035  1.028169  4.989449
  104    9    2    2  0.058989  0.988862  0.000032  0.917808  4.989480
  105    9    2    2  0.058333  0.988886  0.000035  1.089552  4.989515
  106    9    2    2  0.057686  0.988903  0.000029  0.821918  4.989544
  107    9    2    2  0.057054  0.989046  0.000028  0.983333  4.989572
  108    9    2    2  0.056432  0.989091  0.000031  1.118644  4.989604
  109    9    2    2  0.055813  0.989025  0.000031  0.984848  4.989635
  110    9    2    2  0.055198  0.988992  0.000030  0.953846  4.989664
  111    9    2    2  0.054596  0.989091  0.000031  1.048387  4.989695
  112    9    2    2  0.054000  0.989076  0.000028  0.892308  4.989723
  113    9    2    2  0.053413  0.989137  0.000027  0.965517  4.989749
  114    9    2    2  0.052836  0.989193  0.000029  1.071429  4.989778
  115    9    2    2  0.052264  0.989171  0.000027  0.933333  4.989805
  116    9    2    2  0.051695  0.989129  0.000025  0.928571  4.989830
  117    9    2    2  0.051142  0.989291  0.000030  1.192308  4.989859
  118    9    2    2  0.050589  0.989200  0.000024  0.806452  4.989883
  119    9    2    2  0.050046  0.989259  0.000024  1.000000  4.989907
  120    9    2    2  0.049512  0.989333  0.000026  1.100000  4.989933
  121    9    2    2  0.048981  0.989276  0.000026  0.981818  4.989959
  122    9    2    2  0.048454  0.989229  0.000023  0.907407  4.989982
  123    9    2    2  0.047936  0.989310  0.000024  1.040816  4.990006
  124    9    2    2  0.047426  0.989368  0.000024  0.980392  4.990030
  125    9    2    2  0.046919  0.989308  0.000023  0.980000  4.990054
  126    9    2    2  0.046422  0.989402  0.000024  1.020408  4.990077
  127    9    2    2  0.045926  0.989330  0.000022  0.940000  4.990100
  128    9    2    2  0.045439  0.989379  0.000023  1.021277  4.990123
  129    9    2    2  0.044955  0.989360  0.000020  0.875000  4.990143
  130    9    2    2  0.044481  0.989462  0.000024  1.214286  4.990167
  131    9    2    2  0.044006  0.989316  0.000022  0.901961  4.990189
  132    9    2    2  0.043542  0.989455  0.000020  0.891304  4.990209
  133    9    2    2  0.043083  0.989461  0.000021  1.048780  4.990229
  134    9    2    2  0.042631  0.989491  0.000022  1.093023  4.990252
  135    9    2    2  0.042179  0.989416  0.000020  0.872340  4.990271
  136    9    2    2  0.041735  0.989469  0.000021  1.048780  4.990292
  137    9    2    2  0.041295  0.989452  0.000020  0.953488  4.990311
  138    9    2    2  0.040861  0.989489  0.000020  1.024390  4.990331
  139    9    2    2  0.040429  0.989444  0.000019  0.928571  4.990350
  140    9    2    2  0.040005  0.989507  0.000022  1.179487  4.990372
  141    9    2    2  0.039583  0.989437  0.000018  0.826087  4.990390
  142    9    2    2  0.039170  0.989564  0.000019  1.026316  4.990408
  143    9    2    2  0.038759  0.989508  0.000018  0.974359  4.990427
  144    9    2    2  0.038352  0.989520  0.000014  0.789474  4.990441
  145    9    2    2  0.037955  0.989638  0.000019  1.333333  4.990460
  146    9    2    2  0.037558  0.989541  0.000021  1.075000  4.990480
  147    9    2    2  0.037161  0.989433  0.000017  0.813953  4.990497
  148    9    2    2  0.036773  0.989556  0.000017  1.028571  4.990514
  149    9    2    2  0.036387  0.989498  0.000015  0.861111  4.990529
  150    9    2    2  0.036011  0.989666  0.000016  1.096774  4.990545
  151    9    2    2  0.035636  0.989593  0.000019  1.147059  4.990564
  152    9    2    2  0.035262  0.989490  0.000016  0.871795  4.990580
  153    9    2    2  0.034894  0.989580  0.000015  0.941176  4.990595
  154    9    2    2  0.034531  0.989589  0.000016  1.031250  4.990611
  155    9    2    2  0.034171  0.989587  0.000015  0.969697  4.990626
  156    9    2    2  0.033817  0.989624  0.000016  1.031250  4.990642
  157    9    2    2  0.033465  0.989595  0.000016  1.030303  4.990658
  158    9    2    2  0.033114  0.989532  0.000013  0.794118  4.990671
  159    9    2    2  0.032772  0.989666  0.000016  1.259259  4.990687
  160    9    2    2  0.032430  0.989563  0.000015  0.911765  4.990702
  161    9    2    2  0.032094  0.989618  0.000016  1.064516  4.990718
  162    9    2    2  0.031758  0.989556  0.000016  1.000000  4.990734
  163    9    2    2  0.031426  0.989520  0.000013  0.818182  4.990746
  164    9    2    2  0.031100  0.989643  0.000010  0.814815  4.990757
  165    9    2    2  0.030780  0.989717  0.000019  1.772727  4.990776
  166    9    2    2  0.030457  0.989495  0.000013  0.692308  4.990788
  167    9    2    2  0.030141  0.989612  0.000012  0.925926  4.990800
  168    9    2    2  0.029831  0.989736  0.000011  0.920000  4.990811
  169    9    2    2  0.029524  0.989716  0.000015  1.347826  4.990826
  170    9    2    2  0.029218  0.989606  0.000014  0.935484  4.990840
  171    9    2    2  0.028912  0.989556  0.000014  1.000000  4.990854
  172    9    2    2  0.028612  0.989611  0.000010  0.758621  4.990864
  173    9    2    2  0.028315  0.989608  0.000013  1.227273  4.990877
  174    9    2    2  0.028023  0.989714  0.000013  1.037037  4.990891
  175    9    2    2  0.027732  0.989582  0.000013  1.000000  4.990904
  176    9    2    2  0.027441  0.989539  0.000015  1.107143  4.990919
  177    9    2    2  0.027155  0.989556  0.000012  0.806452  4.990931
  178    9    2    2  0.026872  0.989593  0.000012  1.000000  4.990942
  179    9    2    2  0.026594  0.989653  0.000007  0.560000  4.990949
  180    9    2    2  0.026322  0.989778  0.000013  2.000000  4.990963
  181    9    2    2  0.026049  0.989624  0.000013  0.964286  4.990975
  182    9    2    2  0.025778  0.989571  0.000012  0.962963  4.990988
  183    9    2    2  0.025508  0.989550  0.000010  0.769231  4.990997
  184    9    2    2  0.025245  0.989680  0.000009  0.950000  4.991006
  185    9    2    2  0.024986  0.989749  0.000010  1.105263  4.991016
  186    9    2    2  0.024730  0.989749  0.000014  1.380952  4.991030
  187    9    2    2  0.024471  0.989512  0.000011  0.793103  4.991041
  188    9    2    2  0.024215  0.989564  0.000010  0.869565  4.991051
  189    9    2    2  0.023966  0.989725  0.000011  1.150000  4.991062
  190    9    2    2  0.023718  0.989634  0.000010  0.913043  4.991072
  191    9    2    2  0.023473  0.989658  0.000009  0.857143  4.991080
  192    9    2    2  0.023230  0.989670  0.000012  1.388889  4.991092
  193    9    2    2  0.022988  0.989559  0.000009  0.760000  4.991101
  194    9    2    2  0.022751  0.989717  0.000010  1.157895  4.991112
  195    9    2    2  0.022514  0.989586  0.000012  1.136364  4.991124
  196    9    2    2  0.022279  0.989549  0.000010  0.840000  4.991134
  197    9    2    2  0.022047  0.989605  0.000007  0.666667  4.991140
  198    9    2    2  0.021822  0.989773  0.000010  1.571429  4.991151
  199    9    2    2  0.021595  0.989579  0.000009  0.818182  4.991159
  200    9    2    2  0.021372  0.989674  0.000010  1.166667  4.991169
  201    9    2    2  0.021150  0.989648  0.000010  0.952381  4.991179
  202    9    2    2  0.020931  0.989631  0.000010  1.050000  4.991189
  203    9    2    2  0.020711  0.989500  0.000007  0.666667  4.991196
  204    9    2    2  0.020499  0.989753  0.000008  1.214286  4.991204
  205    9    2    2  0.020288  0.989726  0.000010  1.294118  4.991214
  206    9    2    2  0.020076  0.989507  0.000009  0.818182  4.991223
  207    9    2    2  0.019868  0.989680  0.000009  1.000000  4.991231
  208    9    2    2  0.019662  0.989631  0.000007  0.777778  4.991238
  209    9    2    2  0.019459  0.989658  0.000008  1.214286  4.991246
  210    9    2    2  0.019260  0.989749  0.000008  1.000000  4.991254
  211    9    2    2  0.019058  0.989546  0.000008  1.000000  4.991262
  212    9    2    2  0.018862  0.989720  0.000009  1.117647  4.991271
  213    9    2    2  0.018665  0.989527  0.000007  0.736842  4.991278
  214    9    2    2  0.018473  0.989738  0.000010  1.571429  4.991289
  215    9    2    2  0.018278  0.989455  0.000009  0.818182  4.991297
  216    9    2    2  0.018087  0.989517  0.000004  0.444444  4.991301
  217    9    2    2  0.017904  0.989890  0.000010  2.625000  4.991311
  218    9    2    2  0.017716  0.989523  0.000007  0.714286  4.991318
  219    9    2    2  0.017534  0.989706  0.000006  0.800000  4.991324
  220    9    2    2  0.017352  0.989618  0.000007  1.166667  4.991331
  221    9    2    2  0.017174  0.989748  0.000009  1.357143  4.991340
  222    9    2    2  0.016995  0.989564  0.000008  0.842105  4.991347
  223    9    2    2  0.016818  0.989593  0.000009  1.187500  4.991356
  224    9    2    2  0.016642  0.989557  0.000007  0.736842  4.991363
  225    9    2    2  0.016468  0.989551  0.000005  0.714286  4.991368
  226    9    2    2  0.016299  0.989741  0.000004  0.900000  4.991372
  227    9    2    2  0.016134  0.989850  0.000013  3.000000  4.991385
  228    9    2    2  0.015961  0.989260  0.000008  0.592593  4.991393
  229    9    2    2  0.015793  0.989486  0.000002  0.312500  4.991395
  230    9    2    2  0.015633  0.989858  0.000007  2.800000  4.991402
  231    9    2    2  0.015471  0.989667  0.000005  0.785714  4.991407
  232    9    2    2  0.015312  0.989729  0.000010  1.818182  4.991416
  233    9    2    2  0.015151  0.989462  0.000007  0.700000  4.991423
  234    9    2    2  0.014992  0.989505  0.000005  0.785714  4.991428
  235    9    2    2  0.014839  0.989787  0.000005  1.000000  4.991434
  236    9    2    2  0.014685  0.989632  0.000008  1.454545  4.991441
  237    9    2    2  0.014531  0.989531  0.000005  0.625000  4.991446
  238    9    2    2  0.014381  0.989661  0.000006  1.300000  4.991452
  239    9    2    2  0.014233  0.989678  0.000008  1.230769  4.991460
  240    9    2    2  0.014082  0.989413  0.000005  0.625000  4.991465
  241    9    2    2  0.013938  0.989746  0.000008  1.600000  4.991472
  242    9    2    2  0.013792  0.989538  0.000005  0.625000  4.991477
  243    9    2    2  0.013648  0.989576  0.000004  0.900000  4.991481
  244    9    2    2  0.013509  0.989796  0.000006  1.444444  4.991488
  245    9    2    2  0.013367  0.989477  0.000006  1.000000  4.991494
  246    9    2    2  0.013228  0.989652  0.000005  0.769231  4.991498
  247    9    2    2  0.013092  0.989669  0.000006  1.200000  4.991504
  248    9    2    2  0.012956  0.989648  0.000007  1.166667  4.991511
  249    9    2    2  0.012820  0.989515  0.000003  0.500000  4.991514
  250    9    2    2  0.012688  0.989720  0.000007  2.000000  4.991521
  251    9    2    2  0.012556  0.989577  0.000003  0.500000  4.991524
  252    9    2    2  0.012428  0.989760  0.000006  1.857143  4.991530
  253    9    2    2  0.012296  0.989409  0.000006  1.000000  4.991537
  254    9    2    2  0.012168  0.989567  0.000006  0.923077  4.991542
  255    9    2    2  0.012040  0.989474  0.000003  0.583333  4.991546
  256    9    2    2  0.011917  0.989787  0.000005  1.571429  4.991551
  257    9    2    2  0.011793  0.989653  0.000006  1.181818  4.991557
  258    9    2    2  0.011669  0.989444  0.000006  1.000000  4.991563
  259    9    2    2  0.011547  0.989583  0.000005  0.846154  4.991569
  260    9    2    2  0.011424  0.989342  0.000002  0.454545  4.991571
  261    9    2    2  0.011309  0.989917  0.000005  2.000000  4.991576
  262    9    2    2  0.011191  0.989539  0.000003  0.600000  4.991579
  263    9    2    2  0.011076  0.989725  0.000005  1.666667  4.991583
  264    9    2    2  0.010961  0.989675  0.000004  0.900000  4.991588
  265    9    2    2  0.010848  0.989666  0.000007  1.666667  4.991595
  266    9    2    2  0.010733  0.989345  0.000005  0.666667  4.991600
  267    9    2    2  0.010619  0.989430  0.000002  0.500000  4.991602
  268    9    2    2  0.010511  0.989837  0.000004  1.800000  4.991606
  269    9    2    2  0.010402  0.989590  0.000007  1.555556  4.991613
  270    9    2    2  0.010292  0.989438  0.000005  0.785714  4.991618
  271    9    2    2  0.010182  0.989354  0.000002  0.363636  4.991620
  272    9    2    2  0.010078  0.989787  0.000002  1.000000  4.991622
  273    9    2    2  0.009976  0.989896  0.000008  4.250000  4.991630
  274    9    2    2  0.009871  0.989376  0.000006  0.764706  4.991636
  275    9    2    2  0.009763  0.989146  0.000000  0.000000  4.991636
  276    9    2    2  0.009665  0.989939  0.000003  0.000003  4.991639
  277    9    2    2  0.009567  0.989882  0.000006  2.000000  4.991645
  278    9    2    2  0.009465  0.989336  0.000007  1.166667  4.991652
  279    9    2    2  0.009364  0.989309  0.000002  0.285714  4.991653
  280    9    2    2  0.009267  0.989678  0.000001  0.750000  4.991655
  281    9    2    2  0.009174  0.989936  0.000004  3.000000  4.991659
  282    9    2    2  0.009080  0.989697  0.000006  1.333333  4.991665
  283    9    2    2  0.008982  0.989222  0.000005  0.916667  4.991670
  284    9    2    2  0.008886  0.989318  0.000002  0.363636  4.991668
  285    9    2    2  0.008799  0.990190  0.000007  3.500000  4.991675
  286    9    2    2  0.008705  0.989382  0.000004  0.571429  4.991679
  287    9    2    2  0.008613  0.989384  0.000004  1.000000  4.991683
  288    9    2    2  0.008523  0.989623  0.000002  0.500000  4.991684
  289    9    2    2  0.008438  0.989920  0.000006  3.000000  4.991690
  290    9    2    2  0.008347  0.989228  0.000003  0.583333  4.991693
  291    9    2    2  0.008259  0.989461  0.000003  0.857143  4.991696
  292    9    2    2  0.008174  0.989797  0.000002  0.666667  4.991698
  293    9    2    2  0.008089  0.989595  0.000005  2.750000  4.991704
  294    9    2    2  0.008005  0.989542  0.000004  0.727273  4.991707
  295    9    2    2  0.007919  0.989303  0.000001  0.250000  4.991708
  296    9    2    2  0.007840  0.990030  0.000007  7.500000  4.991715
  297    9    2    2  0.007755  0.989069  0.000001  0.200000  4.991717
  298    9    2    2  0.007673  0.989541  0.000003  2.000000  4.991720
  299    9    2    2  0.007594  0.989700  0.000000  0.166667  4.991720
  300    9    2    2  0.007518  0.989976  0.000005 11.000000  4.991725
  301    9    2    2  0.007438  0.989376  0.000004  0.727273  4.991729
  302    9    2    2  0.007359  0.989338  0.000004  1.125000  4.991734
  303    9    2    2  0.007280  0.989303  0.000001  0.222222  4.991735
  304    9    2    2  0.007208  0.990020  0.000003  3.500000  4.991738
  305    9    2    2  0.007131  0.989401  0.000002  0.714286  4.991740
  306    9    2    2  0.007058  0.989662  0.000005  2.200000  4.991745
  307    9    2    2  0.006983  0.989446  0.000002  0.454545  4.991748
  308    9    2    2  0.006909  0.989404  0.000000  0.200000  4.991748
  309    9    2    2  0.006840  0.990006  0.000005 10.000000  4.991753
  310    9    2    2  0.006765  0.989066  0.000001  0.300000  4.991755
  311    9    2    2  0.006696  0.989765  0.000003  2.333333  4.991758
  312    9    2    2  0.006627  0.989630  0.000004  1.142857  4.991762
  313    9    2    2  0.006557  0.989552  0.000001  0.375000  4.991763
  314    9    2    2  0.006489  0.989602  0.000004  3.000000  4.991767
  315    9    2    2  0.006420  0.989320  0.000003  0.777778  4.991771
  316    9    2    2  0.006351  0.989250  0.000000  0.000000  4.991771
  317    9    2    2  0.006288  0.990132  0.000003  0.000003  4.991774
  318    9    2    2  0.006222  0.989503  0.000003  1.166667  4.991777
  319    9    2    2  0.006156  0.989421  0.000004  1.142857  4.991781
  320    9    2    2  0.006091  0.989304  0.000001  0.250000  4.991780
  321    9    2    2  0.006030  0.990036  0.000005  5.500000  4.991785
  322    9    2    2  0.005965  0.989240  0.000001  0.272727  4.991786
  323    9    2    2  0.005903  0.989557  0.000005  3.333333  4.991791
  324    9    2    2  0.005839  0.989204  0.000000  0.100000  4.991792
  325    9    2    2  0.005780  0.989991  0.000001  2.000000  4.991793
  326    9    2    2  0.005721  0.989700  0.000003  3.500000  4.991796
  327    9    2    2  0.005660  0.989405  0.000003  1.000000  4.991799
  328    9    2    2  0.005601  0.989472  0.000001  0.428571  4.991801
  329    9    2    2  0.005542  0.989565  0.000002  1.666667  4.991803
  330    9    2    2  0.005484  0.989563  0.000001  0.600000  4.991805
  331    9    2    2  0.005428  0.989750  0.000003  2.000000  4.991807
  332    9    2    2  0.005371  0.989499  0.000000  0.166667  4.991808
  333    9    2    2  0.005316  0.989752  0.000002  5.000000  4.991810
  334    9    2    2  0.005262  0.989899  0.000006  2.400000  4.991816
  335    9    2    2  0.005201  0.988367  0.000001  0.250000  4.991817
  336    9    2    2  0.005149  0.989899  0.000000  0.333333  4.991817
  337    9    2    2  0.005096  0.989678  0.000004  8.000000  4.991821
  338    9    2    2  0.005043  0.989611  0.000002  0.500000  4.991823
  339    9    2    2  0.004990  0.989548  0.000002  1.250000  4.991825
  340    9    2    2  0.004937  0.989455  0.000001  0.400000  4.991826
  341    9    2    2  0.004886  0.989581  0.000004  4.500000  4.991830
  342    9    2    2  0.004833  0.989249  0.000002  0.555556  4.991833
  343    9    2    2  0.004782  0.989292  0.000000  0.000000  4.991833
  344    9    2    2  0.004733  0.989769  0.000000  0.000000  4.991833
  345    9    2    2  0.004686  0.990089  0.000004  0.000004  4.991837
  346    9    2    2  0.004635  0.989201  0.000001  0.333333  4.991838
  347    9    2    2  0.004587  0.989686  0.000003  2.333333  4.991842
  348    9    2    2  0.004537  0.988969  0.000001  0.285714  4.991843
  349    9    2    2  0.004491  0.989972  0.000000  0.000000  4.991843
  350    9    2    2  0.004446  0.989967  0.000003  0.000003  4.991846
  351    9    2    2  0.004398  0.989180  0.000000  0.000000  4.991846
  352    9    2    2  0.004353  0.989651  0.000005  0.000005  4.991851
  353    9    2    2  0.004306  0.989202  0.000000  0.100000  4.991851
  354    9    2    2  0.004262  0.989838  0.000003  6.000000  4.991854
  355    9    2    2  0.004216  0.989276  0.000001  0.333333  4.991853
  356    9    2    2  0.004174  0.989967  0.000001  1.500000  4.991855
  357    9    2    2  0.004132  0.989949  0.000007  4.666667  4.991861
  358    9    2    2  0.004082  0.987915  0.000002  0.285714  4.991859
  359    9    2    2  0.004043  0.990380  0.000000  0.000000  4.991859
  360    9    2    2  0.004002  0.989867  0.000004  0.000004  4.991863
  361    9    2    2  0.003958  0.989124  0.000002  0.500000  4.991865
  362    9    2    2  0.003918  0.989783  0.000003  1.500000  4.991868
  363    9    2    2  0.003874  0.988927  0.000000  0.166667  4.991868
  364    9    2    2  0.003834  0.989604  0.000001  3.000000  4.991870
  365    9    2    2  0.003796  0.990012  0.000001  1.000000  4.991871
  366    9    2    2  0.003755  0.989188  0.000000  0.333333  4.991871
  367    9    2    2  0.003719  0.990454  0.000004  9.000000  4.991875
  368    9    2    2  0.003677  0.988696  0.000000  0.111111  4.991876
  369    9    2    2  0.003639  0.989801  0.000003  6.000000  4.991879
  370    9    2    2  0.003599  0.988849  0.000000  0.166667  4.991878
  371    9    2    2  0.003564  0.990328  0.000002  5.000000  4.991880
  372    9    2    2  0.003527  0.989550  0.000002  0.800000  4.991882
  373    9    2    2  0.003488  0.989100  0.000002  1.000000  4.991884
  374    9    2    2  0.003450  0.989166  0.000002  1.250000  4.991887
  375    9    2    2  0.003416  0.989885  0.000000  0.200000  4.991887
  376    9    2    2  0.003378  0.989038  0.000002  5.000000  4.991885
  377    9    2    2  0.003348  0.990980  0.000004  1.800000  4.991889
  378    9    2    2  0.003311  0.988995  0.000004  1.000000  4.991893
  379    9    2    2  0.003272  0.988152  0.000002  0.444444  4.991891
  380    9    2    2  0.003241  0.990536  0.000001  0.750000  4.991893
  381    9    2    2  0.003207  0.989705  0.000002  1.666667  4.991895
  382    9    2    2  0.003172  0.989047  0.000001  0.400000  4.991896
  383    9    2    2  0.003140  0.989771  0.000001  1.000000  4.991897
  384    9    2    2  0.003107  0.989487  0.000000  0.000000  4.991897
  385    9    2    2  0.003076  0.989970  0.000003  0.000003  4.991900
  386    9    2    2  0.003042  0.989141  0.000004  1.333333  4.991904
  387    9    2    2  0.003007  0.988309  0.000002  0.500000  4.991902
  388    9    2    2  0.002977  0.990218  0.000000  0.250000  4.991901
  389    9    2    2  0.002951  0.991113  0.000004  8.000000  4.991905
  390    9    2    2  0.002917  0.988519  0.000000  0.125000  4.991906
  391    9    2    2  0.002886  0.989370  0.000003  6.000000  4.991909
  392    9    2    2  0.002854  0.988876  0.000001  0.333333  4.991910
  393    9    2    2  0.002823  0.989315  0.000001  1.500000  4.991908
  394    9    2    2  0.002797  0.990548  0.000002  1.666667  4.991910
  395    9    2    2  0.002767  0.989329  0.000002  0.800000  4.991912
  396    9    2    2  0.002736  0.988938  0.000001  0.500000  4.991913
  397    9    2    2  0.002709  0.990166  0.000002  2.000000  4.991915
  398    9    2    2  0.002678  0.988439  0.000002  1.250000  4.991913
  399    9    2    2  0.002655  0.991323  0.000001  0.400000  4.991914
  400    9    2    2  0.002628  0.990066  0.000006  6.000000  4.991920
  401    9    2    2  0.002595  0.987472  0.000000  0.083333  4.991920
  402    9    2    2  0.002567  0.989030  0.000001  3.000000  4.991919
  403    9    2    2  0.002544  0.991133  0.000000  0.000000  4.991919
  404    9    2    2  0.002520  0.990457  0.000002  0.000002  4.991921
  405    9    2    2  0.002491  0.988521  0.000002  1.000000  4.991923
  406    9    2    2  0.002463  0.988829  0.000000  0.200000  4.991924
  407    9    2    2  0.002438  0.989951  0.000002  4.000000  4.991926
  408    9    2    2  0.002411  0.988953  0.000000  0.000000  4.991926
  409    9    2    2  0.002387  0.989839  0.000000  0.000000  4.991925
  410    9    2    2  0.002363  0.989823  0.000004  8.000000  4.991929
  411    9    2    2  0.002336  0.988544  0.000001  0.250000  4.991930
  412    9    2    2  0.002311  0.989610  0.000001  1.500000  4.991929
  413    9    2    2  0.002289  0.990276  0.000001  1.000000  4.991930
  414    9    2    2  0.002265  0.989394  0.000001  0.666667  4.991929
  415    9    2    2  0.002244  0.990963  0.000003  3.500000  4.991932
  416    9    2    2  0.002217  0.987940  0.000003  1.000000  4.991936
  417    9    2    2  0.002191  0.988459  0.000002  0.714286  4.991933
  418    9    2    2  0.002170  0.990029  0.000003  1.200000  4.991936
  419    9    2    2  0.002148  0.989907  0.000001  0.333333  4.991935
  420    9    2    2  0.002125  0.989682  0.000001  1.500000  4.991937
  421    9    2    2  0.002103  0.989221  0.000000  0.000000  4.991937
  422    9    2    2  0.002082  0.990197  0.000002  0.000002  4.991939
  423    9    2    2  0.002060  0.989249  0.000000  0.200000  4.991939
  424    9    2    2  0.002038  0.989403  0.000002  5.000000  4.991941
  425    9    2    2  0.002016  0.989408  0.000001  0.400000  4.991940
  426    9    2    2  0.001996  0.989867  0.000001  1.500000  4.991941
  427    9    2    2  0.001975  0.989488  0.000000  0.333333  4.991942
  428    9    2    2  0.001954  0.989595  0.000001  3.000000  4.991943
  429    9    2    2  0.001933  0.989130  0.000000  0.333333  4.991944
  430    9    2    2  0.001913  0.989418  0.000001  3.000000  4.991945
  431    9    2    2  0.001892  0.989395  0.000001  1.000000  4.991944
  432    9    2    2  0.001875  0.990827  0.000001  1.000000  4.991945
  433    9    2    2  0.001855  0.989240  0.000002  1.666667  4.991948
  434    9    2    2  0.001834  0.988609  0.000000  0.200000  4.991948
  435    9    2    2  0.001813  0.988801  0.000003  6.000000  4.991951
  436    9    2    2  0.001792  0.988567  0.000001  0.333333  4.991950
  437    9    2    2  0.001774  0.989972  0.000000  0.500000  4.991951
  438    9    2    2  0.001757  0.990398  0.000001  2.000000  4.991951
  439    9    2    2  0.001739  0.989757  0.000000  0.500000  4.991952
  440    9    2    2  0.001720  0.988992  0.000001  2.000000  4.991951
  441    9    2    2  0.001705  0.991319  0.000003  3.000000  4.991954
  442    9    2    2  0.001683  0.987148  0.000001  0.500000  4.991952
  443    9    2    2  0.001668  0.991043  0.000004  2.666667  4.991956
  444    9    2    2  0.001648  0.987866  0.000000  0.125000  4.991956
  445    9    2    2  0.001631  0.989475  0.000001  2.000000  4.991955
  446    9    2    2  0.001617  0.991675  0.000000  0.500000  4.991955
  447    9    2    2  0.001599  0.988812  0.000002  5.000000  4.991958
  448    9    2    2  0.001582  0.989302  0.000001  0.400000  4.991959
  449    9    2    2  0.001564  0.988723  0.000001  1.000000  4.991958
  450    9    2    2  0.001549  0.990512  0.000001  1.000000  4.991959
  451    9    2    2  0.001535  0.990932  0.000000  0.000000  4.991959
  452    9    2    2  0.001517  0.988482  0.000001  0.000001  4.991960
  453    9    2    2  0.001501  0.989213  0.000002  2.500000  4.991962
  454    9    2    2  0.001484  0.988522  0.000000  0.000000  4.991962
  455    9    2    2  0.001468  0.989489  0.000001  0.000001  4.991961
  456    9    2    2  0.001454  0.990475  0.000003  3.000000  4.991964
  457    9    2    2  0.001438  0.988676  0.000001  0.500000  4.991965
  458    9    2    2  0.001422  0.989225  0.000003  2.333333  4.991962
  459    9    2    2  0.001410  0.991015  0.000002  0.571429  4.991964
  460    9    2    2  0.001395  0.989974  0.000001  0.500000  4.991963
  461    9    2    2  0.001381  0.989734  0.000004  4.500000  4.991967
  462    9    2    2  0.001363  0.987048  0.000002  0.555556  4.991965
  463    9    2    2  0.001352  0.991500  0.000005  2.200000  4.991970
  464    9    2    2  0.001334  0.986870  0.000001  0.272727  4.991969
  465    9    2    2  0.001319  0.989134  0.000000  0.333333  4.991968
  466    9    2    2  0.001310  0.992560  0.000001  2.000000  4.991967
  467    9    2    2  0.001295  0.989143  0.000002  2.500000  4.991970
  468    9    2    2  0.001280  0.987833  0.000001  0.400000  4.991969
  469    9    2    2  0.001267  0.990494  0.000000  0.000000  4.991969
  470    9    2    2  0.001255  0.989898  0.000002  0.000002  4.991971
  471    9    2    2  0.001243  0.990890  0.000003  1.500000  4.991973
  472    9    2    2  0.001225  0.985698  0.000002  0.833333  4.991971
  473    9    2    2  0.001215  0.991907  0.000000  0.200000  4.991971
  474    9    2    2  0.001203  0.989498  0.000001  3.000000  4.991972
  475    9    2    2  0.001191  0.990032  0.000002  1.333333  4.991974
  476    9    2    2  0.001176  0.987717  0.000000  0.250000  4.991973
  477    9    2    2  0.001164  0.990088  0.000000  0.000000  4.991973
  478    9    2    2  0.001153  0.990336  0.000002  0.000002  4.991975
  479    9    2    2  0.001141  0.989136  0.000001  0.750000  4.991974
  480    9    2    2  0.001128  0.989268  0.000002  1.666667  4.991976
  481    9    2    2  0.001115  0.988325  0.000000  0.200000  4.991976
  482    9    2    2  0.001105  0.990802  0.000000  1.000000  4.991975
  483    9    2    2  0.001095  0.990734  0.000001  3.000000  4.991977
  484    9    2    2  0.001082  0.988687  0.000000  0.333333  4.991977
  485    9    2    2  0.001070  0.988788  0.000000  0.000000  4.991977
  486    9    2    2  0.001059  0.989733  0.000001  0.000001  4.991978
  487    9    2    2  0.001048  0.989160  0.000002  2.000000  4.991980
  488    9    2    2  0.001035  0.987655  0.000003  1.500000  4.991977
  489    9    2    2  0.001029  0.994437  0.000001  0.333333  4.991978
  490    9    2    2  0.001017  0.988744  0.000002  2.500000  4.991981
  491    9    2    2  0.001004  0.986722  0.000001  0.600000  4.991982
  492    9    2    2  0.000991  0.987297  0.000000  0.333333  4.991982
  493    9    2    2  0.000982  0.990955  0.000000  1.000000  4.991981
  494    9    2    2  0.000974  0.991548  0.000001  2.000000  4.991982
  495    9    2    2  0.000962  0.988195  0.000001  1.500000  4.991981
  496    9    2    2  0.000954  0.991419  0.000000  0.000000  4.991981
  497    9    2    2  0.000945  0.990473  0.000001  0.000001  4.991982
  498    9    2    2  0.000935  0.988823  0.000002  1.333333  4.991984
  499    9    2    2  0.000924  0.988279  0.000001  0.500000  4.991985
  500    9    2    2  0.000911  0.986499  0.000001  1.000000  4.991984
  501    9    2    2  0.000903  0.991596  0.000001  1.500000  4.991982
  502    9    2    2  0.000896  0.991271  0.000003  2.333333  4.991986
  503    9    2    2  0.000883  0.985896  0.000001  0.428571  4.991984
  504    9    2    2  0.000876  0.991591  0.000000  0.333333  4.991984
  505    9    2    2  0.000868  0.991572  0.000004  9.000000  4.991988
  506    9    2    2  0.000855  0.985071  0.000001  0.333333  4.991987
  507   10    2    2  0.000880  1.029288  0.000002  1.666667  4.991984
  508    9    2    2  0.000841  0.954913  0.000002  1.000000  4.991987
  509    9    2    2  0.000829  0.986572  0.000002  1.000000  4.991989
  510    9    2    2  0.000819  0.987940  0.000000  0.000000  4.991989
  511    9    2    2  0.000810  0.988964  0.000004  0.000004  4.991985
  512   10    2    2  0.000839  1.035653  0.000000  0.125000  4.991986
  513    9    2    2  0.000799  0.952783  0.000003  7.000000  4.991989
  514    9    2    2  0.000787  0.983861  0.000000  0.142857  4.991990
  515    9    2    2  0.000777  0.988165  0.000002  5.000000  4.991987
  516   10    2    2  0.000803  1.033506  0.000001  0.600000  4.991989
  517    9    2    2  0.000762  0.949105  0.000003  2.000000  4.991992
  518    9    2    2  0.000752  0.986209  0.000003  1.000000  4.991989
  519    9    2    2  0.000747  0.993427  0.000002  0.833333  4.991991
  520    9    2    2  0.000739  0.989413  0.000000  0.200000  4.991992
  521    9    2    2  0.000729  0.986304  0.000001  2.000000  4.991992
  522    9    2    2  0.000722  0.989976  0.000001  1.500000  4.991991
  523    9    2    2  0.000715  0.990709  0.000000  0.333333  4.991991
  524    9    2    2  0.000710  0.992619  0.000001  3.000000  4.991992
  525    9    2    2  0.000700  0.986624  0.000001  1.000000  4.991993
  526    9    2    2  0.000691  0.987580  0.000001  0.666667  4.991992
  527    9    2    2  0.000685  0.990829  0.000002  2.000000  4.991991
  528    9    2    2  0.000681  0.994500  0.000003  1.500000  4.991993
  529    9    2    2  0.000672  0.986222  0.000000  0.166667  4.991994
  530    9    2    2  0.000663  0.987054  0.000000  0.000000  4.991994
  531    9    2    2  0.000657  0.990865  0.000001  0.000001  4.991992
  532    9    2    2  0.000650  0.989779  0.000001  1.000000  4.991994
  533    9    2    2  0.000643  0.989052  0.000001  1.000000  4.991995
  534    9    2    2  0.000636  0.987843  0.000001  1.000000  4.991994
  535   10    2    2  0.000657  1.033361  0.000000  0.000000  4.991994
  536    9    2    2  0.000625  0.951420  0.000003  0.000003  4.991997
  537    9    2    2  0.000616  0.985764  0.000000  0.166667  4.991997
  538    9    2    2  0.000608  0.987390  0.000004  9.000000  4.991993
  539   10    2    2  0.000631  1.037111  0.000003  0.666667  4.991996
  540    9    2    2  0.000598  0.948567  0.000000  0.166667  4.991995
  541    9    2    2  0.000593  0.991428  0.000002  4.000000  4.991997
  542    9    2    2  0.000584  0.983901  0.000001  0.500000  4.991996
  543    9    2    2  0.000579  0.991343  0.000001  1.500000  4.991998
  544    9    2    2  0.000571  0.987672  0.000000  0.333333  4.991998
  545    9    2    2  0.000565  0.989226  0.000001  2.000000  4.991997
  546    9    2    2  0.000560  0.991161  0.000001  1.000000  4.991996
  547   10    2    2  0.000579  1.033237  0.000000  0.000000  4.991996
  548    9    2    2  0.000551  0.951111  0.000001  0.000001  4.991997
  549    9    2    2  0.000544  0.988375  0.000001  1.000000  4.991996
  550    9    2    2  0.000539  0.989600  0.000002  2.500000  4.991999
  551    9    2    2  0.000532  0.988450  0.000001  0.400000  4.992000
  552    9    2    2  0.000524  0.984925  0.000001  1.500000  4.991998
  553   10    2    2  0.000541  1.032142  0.000000  0.333333  4.991999
  554    9    2    2  0.000515  0.951391  0.000001  2.000000  4.992000
  555    9    2    2  0.000509  0.988009  0.000000  0.500000  4.992000
  556    9    2    2  0.000503  0.988933  0.000000  0.000000  4.992000
  557    9    2    2  0.000498  0.990486  0.000002  0.000002  4.991998
  558    9    2    2  0.000494  0.991467  0.000000  0.000000  4.991998
  559    9    2    2  0.000490  0.992682  0.000001  0.000001  4.991999
  560    9    2    2  0.000485  0.989663  0.000001  1.500000  4.992001
  561    9    2    2  0.000478  0.984455  0.000000  0.333333  4.992001
  562    9    2    2  0.000472  0.988459  0.000000  0.000000  4.992001
  563    9    2    2  0.000468  0.990057  0.000000  0.000000  4.992001
  564    9    2    2  0.000463  0.989428  0.000001  3.000000  4.992002
  565    9    2    2  0.000458  0.989234  0.000000  0.000000  4.992002
  566   10    2    2  0.000471  1.028653  0.000002  0.000002  4.992000
  567    9    2    2  0.000451  0.957664  0.000001  0.750000  4.992002
  568    9    2    2  0.000444  0.983926  0.000000  0.333333  4.992002
  569   10    2    2  0.000457  1.030588  0.000000  0.000000  4.992002
  570    9    2    2  0.000435  0.950671  0.000001  0.000001  4.992001
  571    9    2    2  0.000431  0.992491  0.000003  3.000000  4.992004
  572    9    2    2  0.000424  0.982680  0.000002  0.666667  4.992002
  573    9    2    2  0.000420  0.992002  0.000000  0.250000  4.992002
  574    9    2    2  0.000416  0.990412  0.000000  1.000000  4.992002
  575   10    2    2  0.000430  1.031678  0.000001  2.000000  4.992003
  576    9    2    2  0.000409  0.950937  0.000002  2.500000  4.992005
  577    9    2    2  0.000401  0.981335  0.000001  0.400000  4.992004
  578    9    2    2  0.000397  0.990616  0.000000  0.500000  4.992004
  579   10    2    2  0.000411  1.033599  0.000000  0.000000  4.992004
  580    9    2    2  0.000391  0.951558  0.000000  0.000000  4.992004
  581    9    2    2  0.000386  0.988842  0.000001  2.000000  4.992005
  582   10    2    2  0.000396  1.026239  0.000001  1.500000  4.992004
  583    9    2    2  0.000378  0.952448  0.000001  0.666667  4.992005
  584    9    2    2  0.000374  0.989850  0.000000  0.000000  4.992005
  585   10    2    2  0.000385  1.030594  0.000000  0.000000  4.992005
  586    9    2    2  0.000365  0.948927  0.000000  1.000000  4.992006
  587    9    2    2  0.000362  0.989479  0.000002  4.000000  4.992004
  588    9    2    2  0.000359  0.992228  0.000001  0.500000  4.992005
  589    9    2    2  0.000356  0.992715  0.000001  1.500000  4.992006
  590    9    2    2  0.000349  0.979226  0.000002  1.666667  4.992004
  591    9    2    2  0.000349  1.000929  0.000001  0.600000  4.992005
  592    9    2    2  0.000344  0.984451  0.000000  0.333333  4.992006
  593    9    2    2  0.000340  0.989704  0.000001  2.000000  4.992005
  594    9    2    2  0.000338  0.994128  0.000001  1.500000  4.992006
  595    9    2    2  0.000332  0.982047  0.000001  1.000000  4.992008
  596    9    2    2  0.000328  0.988062  0.000000  0.333333  4.992007
  597   10    2    2  0.000336  1.024144  0.000000  1.000000  4.992007
  598    9    2    2  0.000322  0.957395  0.000000  1.000000  4.992006
  599    9    2    2  0.000319  0.992578  0.000001  2.000000  4.992007
  600    9    2    2  0.000316  0.988268  0.000001  1.500000  4.992006
  601    9    2    2  0.000313  0.992514  0.000003  2.333333  4.992009
  602    9    2    2  0.000308  0.982432  0.000001  0.428571  4.992008
  603    9    2    2  0.000304  0.987066  0.000002  1.333333  4.992006
  604    9    2    2  0.000304  1.001159  0.000001  0.500000  4.992007
  605    9    2    2  0.000301  0.988149  0.000001  1.000000  4.992008
  606   10    2    2  0.000308  1.023615  0.000001  1.000000  4.992009
  607    9    2    2  0.000291  0.946687  0.000001  1.000000  4.992008
  608    9    2    2  0.000290  0.994525  0.000000  0.500000  4.992007
  609    9    2    2  0.000288  0.995266  0.000002  5.000000  4.992010
  610    9    2    2  0.000283  0.980162  0.000002  1.000000  4.992007
  611    9    2    2  0.000281  0.995622  0.000002  0.800000  4.992009
  612    9    2    2  0.000277  0.986257  0.000002  1.000000  4.992007
  613   10    2    2  0.000288  1.037367  0.000001  0.500000  4.992008
  614    9    2    2  0.000273  0.947731  0.000000  0.000000  4.992008
  615    9    2    2  0.000269  0.984539  0.000000  0.000000  4.992008
  616    9    2    2  0.000267  0.992464  0.000001  3.000000  4.992009
  617    9    2    2  0.000263  0.987511  0.000000  0.333333  4.992009
  618    9    2    2  0.000261  0.991702  0.000001  3.000000  4.992010
  619    9    2    2  0.000256  0.982469  0.000002  1.333333  4.992008
  620    9    2    2  0.000255  0.996052  0.000001  0.750000  4.992010
  621    9    2    2  0.000252  0.988222  0.000000  0.333333  4.992009
  622    9    2    2  0.000249  0.988322  0.000000  1.000000  4.992010
  623    9    2    2  0.000248  0.992261  0.000000  1.000000  4.992009
  624    9    2    2  0.000245  0.988791  0.000001  2.000000  4.992010
  625   10    2    2  0.000252  1.027645  0.000000  0.500000  4.992010
  626    9    2    2  0.000239  0.949674  0.000000  1.000000  4.992010
  627    9    2    2  0.000236  0.988587  0.000000  1.000000  4.992011
  628   10    2    2  0.000243  1.030796  0.000001  3.000000  4.992009
  629    9    2    2  0.000232  0.951685  0.000001  0.666667  4.992008
  630    9    2    2  0.000232  1.002014  0.000004  4.500000  4.992013
  631    9    2    2  0.000224  0.966416  0.000002  0.444444  4.992011
  632   10    2    2  0.000231  1.031887  0.000001  0.750000  4.992012
  633    9    2    2  0.000220  0.950449  0.000003  2.333333  4.992009
  634   10    2    2  0.000231  1.050000  0.000002  0.714286  4.992011
  635    9    2    2  0.000217  0.940156  0.000001  0.600000  4.992013
  636    9    2    2  0.000213  0.981894  0.000001  0.666667  4.992012
  637    9    2    2  0.000211  0.990348  0.000001  1.000000  4.992011
  638   10    2    2  0.000219  1.036533  0.000001  1.500000  4.992009
  639    9    2    2  0.000210  0.959666  0.000002  1.666667  4.992012
  640    9    2    2  0.000206  0.981282  0.000001  0.400000  4.992013
  641    9    2    2  0.000204  0.988515  0.000000  0.500000  4.992013
  642    9    2    2  0.000201  0.986595  0.000002  5.000000  4.992011
  643   10    2    2  0.000209  1.037394  0.000000  0.000000  4.992011
  644    9    2    2  0.000199  0.955607  0.000002  0.000002  4.992013
  645    9    2    2  0.000194  0.974485  0.000000  0.200000  4.992013
  646    9    2    2  0.000192  0.987911  0.000000  0.000000  4.992013
  647    9    2    2  0.000189  0.986035  0.000002  0.000002  4.992011
  648   10    2    2  0.000199  1.049287  0.000001  0.750000  4.992012
  649    9    2    2  0.000187  0.943110  0.000000  0.000000  4.992012
  650   10    2    2  0.000193  1.029942  0.000002  0.000002  4.992014
  651    9    2    2  0.000180  0.932965  0.000002  1.000000  4.992012
  652   10    2    2  0.000190  1.056212  0.000000  0.250000  4.992012
  653    9    2    2  0.000179  0.943603  0.000000  0.000000  4.992012
  654    9    2    2  0.000178  0.992530  0.000002  0.000002  4.992013
  655    9    2    2  0.000174  0.975183  0.000000  0.250000  4.992014
  656    9    2    2  0.000172  0.989481  0.000003  7.000000  4.992011
  657    9    2    2  0.000174  1.011010  0.000003  1.000000  4.992014
  658    9    2    2  0.000170  0.979314  0.000001  0.428571  4.992013
  659    9    2    2  0.000168  0.988047  0.000001  1.000000  4.992011
  660    9    2    2  0.000168  0.998503  0.000003  2.333333  4.992014
  661    9    2    2  0.000163  0.972265  0.000001  0.428571  4.992013
  662   10    2    2  0.000169  1.037847  0.000000  0.333333  4.992013
  663    9    2    2  0.000161  0.950679  0.000001  2.000000  4.992013
  664    9    2    2  0.000161  1.000411  0.000001  1.000000  4.992013
  665   10    2    2  0.000165  1.022276  0.000000  0.000000  4.992013
  666    9    2    2  0.000155  0.944376  0.000001  0.000001  4.992013
  667   10    2    2  0.000161  1.037769  0.000001  1.000000  4.992013
  668    9    2    2  0.000151  0.935037  0.000000  0.500000  4.992014
  669    9    2    2  0.000151  0.999784  0.000001  3.000000  4.992013
  670    9    2    2  0.000150  0.993544  0.000001  0.666667  4.992013
  671    9    2    2  0.000148  0.988976  0.000000  0.500000  4.992014
  672   10    2    2  0.000152  1.026028  0.000001  2.000000  4.992013
  673    9    2    2  0.000145  0.952487  0.000002  2.000000  4.992015
  674    9    2    2  0.000141  0.976184  0.000003  1.750000  4.992012
  675    9    2    2  0.000144  1.016106  0.000001  0.285714  4.992011
  676   10    2    2  0.000151  1.051587  0.000007  7.000000  4.992017
  677    9    2    2  0.000137  0.908030  0.000004  0.571429  4.992013
  678   10    2    2  0.000143  1.041969  0.000002  0.625000  4.992011
  679    9    2    2  0.000139  0.975203  0.000005  2.000000  4.992016
  680    9    2    2  0.000134  0.964305  0.000003  0.600000  4.992013
  681    9    2    2  0.000133  0.992666  0.000000  0.166667  4.992013
  682    9    2    2  0.000132  0.986767  0.000004  8.000000  4.992017
  683    9    2    2  0.000127  0.963774  0.000003  0.875000  4.992014
  684   10    2    2  0.000133  1.050488  0.000002  0.571429  4.992012
  685   10    2    2  0.000136  1.018963  0.000004  2.000000  4.992016
  686    9    2    2  0.000126  0.926670  0.000001  0.375000  4.992014
  687   10    2    2  0.000129  1.024969  0.000001  0.666667  4.992013
  688    9    2    2  0.000124  0.962820  0.000003  3.000000  4.992016
  689    9    2    2  0.000120  0.968615  0.000001  0.333333  4.992017
  690    9    2    2  0.000118  0.982382  0.000006  6.500000  4.992011
  691   10    2    2  0.000128  1.083465  0.000005  0.769231  4.992016
  692    9    2    2  0.000117  0.915092  0.000001  0.300000  4.992017
  693    9    2    2  0.000113  0.967799  0.000004  2.666667  4.992013
  694   10    2    2  0.000122  1.075392  0.000000  0.000000  4.992013
  695    9    2    2  0.000116  0.952857  0.000003  0.000003  4.992017
  696    9    2    2  0.000112  0.965862  0.000000  0.000000  4.992017
  697    9    2    2  0.000110  0.982892  0.000004  0.000004  4.992013
  698   10    2    2  0.000118  1.071210  0.000000  0.000000  4.992013
  699   10    2    2  0.000116  0.984958  0.000003  0.000003  4.992016
  700    9    2    2  0.000109  0.934501  0.000000  0.166667  4.992015
  701    9    2    2  0.000106  0.973679  0.000001  2.000000  4.992014
  702    9    2    2  0.000106  1.000308  0.000003  3.000000  4.992017
  703    9    2    2  0.000104  0.981374  0.000000  0.000000  4.992017
  704    9    2    2  0.000101  0.974945  0.000001  0.000001  4.992016
  705    9    2    2  0.000101  0.995892  0.000002  1.333333  4.992014
  706   10    2    2  0.000108  1.066081  0.000001  0.500000  4.992015
  707    9    2    2  0.000101  0.939617  0.000000  0.000000  4.992015
  708    9    2    2  0.000101  0.997724  0.000002  0.000002  4.992017
  709    9    2    2  0.000097  0.961788  0.000003  1.400000  4.992014
  710    9    2    2  0.000098  1.005252  0.000002  0.571429  4.992016
  711    9    2    2  0.000096  0.982435  0.000000  0.250000  4.992015
  712    9    2    2  0.000095  0.995790  0.000000  1.000000  4.992016
  713    9    2    2  0.000092  0.966688  0.000000  1.000000  4.992015
  714   10    2    2  0.000096  1.046144  0.000001  3.000000  4.992017
  715    9    2    2  0.000090  0.935038  0.000001  0.666667  4.992016
  716    9    2    2  0.000092  1.021651  0.000000  0.500000  4.992016
  717    9    2    2  0.000089  0.968732  0.000000  1.000000  4.992016
  718    9    2    2  0.000088  0.986084  0.000000  0.000000  4.992016
  719    9    2    2  0.000087  0.993695  0.000002  0.000002  4.992014
  720   10    2    2  0.000093  1.065380  0.000003  1.500000  4.992017
  721    9    2    2  0.000086  0.927020  0.000000  0.000000  4.992017
  722   10    2    2  0.000088  1.015836  0.000000  0.000000  4.992017
  723    9    2    2  0.000084  0.954720  0.000001  0.000001  4.992015
  724    9    2    2  0.000085  1.011593  0.000000  0.333333  4.992015
  725   10    2    2  0.000087  1.031326  0.000001  2.000000  4.992014
  726    9    2    2  0.000084  0.961262  0.000003  3.000000  4.992017
  727    9    2    2  0.000080  0.955357  0.000000  0.166667  4.992017
  728    9    2    2  0.000079  0.990232  0.000000  1.000000  4.992018
  729    9    2    2  0.000077  0.967911  0.000002  5.000000  4.992015
  730    9    2    2  0.000080  1.037958  0.000001  0.400000  4.992014
  731   10    2    2  0.000083  1.035975  0.000000  0.000000  4.992014
  732    9    2    2  0.000079  0.955166  0.000005  0.000005  4.992019
  733    9    2    2  0.000074  0.932426  0.000000  0.100000  4.992020
  734    9    2    2  0.000073  0.991330  0.000003  6.000000  4.992017
  735   10    2    2  0.000075  1.030318  0.000001  0.500000  4.992015
  736    9    2    2  0.000075  0.990162  0.000001  0.666667  4.992014
  737    9    2    2  0.000076  1.025594  0.000001  1.500000  4.992016
  738    9    2    2  0.000073  0.950881  0.000001  1.000000  4.992017
  739    9    2    2  0.000070  0.959736  0.000000  0.333333  4.992018
  740    9    2    2  0.000069  0.990800  0.000001  2.000000  4.992017
  741   10    2    2  0.000074  1.063757  0.000002  2.000000  4.992015
  742    9    2    2  0.000071  0.969063  0.000001  0.500000  4.992016
  743    9    2    2  0.000070  0.977985  0.000001  1.000000  4.992017
  744    9    2    2  0.000068  0.977703  0.000000  0.500000  4.992017
  745   10    2    2  0.000069  1.007793  0.000000  1.000000  4.992018
  746    9    2    2  0.000064  0.936061  0.000001  2.000000  4.992017
  747   10    2    2  0.000067  1.047146  0.000001  1.500000  4.992015
  748    9    2    2  0.000067  0.992969  0.000000  0.333333  4.992016
  749    9    2    2  0.000064  0.960331  0.000001  3.000000  4.992017
  750    9    2    2  0.000064  0.998984  0.000000  0.000000  4.992017
  751    9    2    2  0.000061  0.954960  0.000000  0.000000  4.992018
  752    9    2    2  0.000060  0.976676  0.000002  4.000000  4.992016
  753   10    2    2  0.000064  1.073870  0.000000  0.000000  4.992016
  754    9    2    2  0.000060  0.935999  0.000000  0.000000  4.992016
  755   10    2    2  0.000063  1.053143  0.000001  2.000000  4.992015
  756   10    2    2  0.000065  1.030256  0.000002  2.000000  4.992017
  757   10    2    2  0.000062  0.956848  0.000001  0.500000  4.992018
  758    8    2    2  0.000053  0.848943  0.000000  0.000000  4.992018
  759    9    2    2  0.000055  1.041780  0.000002  0.000002  4.992016
  760   11    2    2  0.000061  1.110811  0.000001  0.500000  4.992017
  761    9    2    2  0.000056  0.915074  0.000002  2.500000  4.992015
  762   10    2    2  0.000059  1.056127  0.000002  0.800000  4.992017
  763    9    2    2  0.000055  0.920379  0.000000  0.250000  4.992017
  764    9    2    2  0.000055  1.010506  0.000000  1.000000  4.992018
  765    9    2    2  0.000054  0.986256  0.000000  1.000000  4.992017
  766   10    2    2  0.000057  1.042973  0.000001  2.000000  4.992016
  767   10    2    2  0.000056  0.996138  0.000003  3.000000  4.992019
  768    9    2    2  0.000050  0.894194  0.000000  0.166667  4.992020
  769    9    2    2  0.000048  0.948227  0.000004  8.000000  4.992016
  770   10    2    2  0.000056  1.163780  0.000000  0.125000  4.992016
  771    9    2    2  0.000051  0.910615  0.000003  6.000000  4.992019
  772    9    2    2  0.000049  0.971081  0.000001  0.333333  4.992018
  773    9    2    2  0.000047  0.960010  0.000002  2.500000  4.992016
  774   10    2    2  0.000051  1.086680  0.000000  0.000000  4.992016
  775    9    2    2  0.000050  0.982002  0.000001  0.000001  4.992017
  776    9    2    2  0.000049  0.968384  0.000001  1.500000  4.992018
  777    8    2    2  0.000045  0.912061  0.000001  0.666667  4.992019
  778   10    2    2  0.000046  1.042128  0.000002  2.000000  4.992017
  779   10    2    2  0.000048  1.038019  0.000001  0.500000  4.992018
  780    9    2    2  0.000044  0.921899  0.000000  0.500000  4.992018
  781    9    2    2  0.000045  1.010142  0.000002  4.000000  4.992016
  782    9    2    2  0.000047  1.044060  0.000001  0.500000  4.992017
  783    9    2    2  0.000045  0.953726  0.000000  0.500000  4.992017
  784    9    2    2  0.000044  0.978813  0.000001  2.000000  4.992016
  785    8    2    2  0.000041  0.938768  0.000000  0.500000  4.992017
  786    9    2    2  0.000044  1.064025  0.000001  2.000000  4.992018
  787    9    2    2  0.000041  0.941170  0.000001  1.500000  4.992019
  788   10    2    2  0.000041  1.007064  0.000000  0.000000  4.992019
  789    9    2    2  0.000041  0.994402  0.000002  0.000002  4.992017
  790    9    2    2  0.000042  1.023150  0.000000  0.000000  4.992017
  791    9    2    2  0.000040  0.954196  0.000001  0.000001  4.992016
  792   10    2    2  0.000042  1.051708  0.000001  1.000000  4.992017
  793    8    2    2  0.000040  0.942204  0.000001  1.500000  4.992016
  794   10    2    2  0.000043  1.087094  0.000001  0.666667  4.992017
  795   10    2    2  0.000042  0.972549  0.000002  2.500000  4.992019
  796    9    2    2  0.000039  0.923590  0.000000  0.000000  4.992019
  797    9    2    2  0.000037  0.943043  0.000001  0.000001  4.992018
  798    9    2    2  0.000037  1.006370  0.000000  0.500000  4.992018
  799    9    2    2  0.000035  0.960436  0.000001  3.000000  4.992019
  800    9    2    2  0.000036  1.009163  0.000001  0.666667  4.992018
  801   10    2    2  0.000038  1.069594  0.000001  1.500000  4.992017
  802   10    2    2  0.000039  1.024275  0.000000  0.000000  4.992017
  803    9    2    2  0.000039  0.984398  0.000001  0.000001  4.992016
  804    9    2    2  0.000038  0.984657  0.000002  2.000000  4.992018
  805    8    2    2  0.000034  0.906338  0.000001  0.500000  4.992019
  806    9    2    2  0.000033  0.959561  0.000001  1.500000  4.992017
  807    9    2    2  0.000034  1.040312  0.000001  1.000000  4.992019
  808    8    2    2  0.000031  0.903193  0.000001  1.000000  4.992017
  809   10    2    2  0.000036  1.142981  0.000000  0.000000  4.992017
  810    8    2    2  0.000031  0.868531  0.000001  0.000001  4.992018
  811    8    2    2  0.000029  0.946423  0.000001  1.500000  4.992017
  812   10    2    2  0.000036  1.218209  0.000002  1.666667  4.992019
  813    8    2    2  0.000030  0.843667  0.000000  0.000000  4.992019
  814    8    2    2  0.000028  0.944795  0.000001  0.000001  4.992018
  815   10    2    2  0.000032  1.130270  0.000000  0.333333  4.992017
  816    9    2    2  0.000032  0.986741  0.000000  1.000000  4.992018
  817    8    2    2  0.000028  0.879895  0.000000  1.000000  4.992017
  818   10    2    2  0.000033  1.171260  0.000000  0.000000  4.992017
  819    8    2    2  0.000029  0.877255  0.000000  0.000000  4.992017
  820    9    2    2  0.000029  1.015905  0.000002  0.000002  4.992020
  821    8    2    2  0.000029  1.006320  0.000000  0.000000  4.992020
  822    9    2    2  0.000027  0.941180  0.000001  0.000001  4.992019
  823    9    2    2  0.000028  1.028792  0.000001  1.500000  4.992017
  824   10    2    2  0.000030  1.078131  0.000000  0.000000  4.992017
  825    9    2    2  0.000033  1.086578  0.000001  0.000001  4.992018
  826    8    2    2  0.000026  0.795363  0.000000  0.000000  4.992018
  827    9    2    2  0.000025  0.936782  0.000000  0.000000  4.992018
  828   10    2    2  0.000028  1.142173  0.000000  0.000000  4.992019
  829    9    2    2  0.000027  0.950725  0.000001  3.000000  4.992017
  830    8    2    2  0.000027  1.002710  0.000000  0.000000  4.992017
  831   10    2    2  0.000030  1.103412  0.000000  0.000000  4.992017
  832    9    2    2  0.000028  0.933815  0.000000  0.000000  4.992018
  833    8    2    2  0.000025  0.899469  0.000000  1.000000  4.992018
  834   10    2    2  0.000028  1.132177  0.000001  2.000000  4.992019
  835    8    2    2  0.000023  0.801175  0.000001  1.000000  4.992020
  836    9    2    2  0.000023  1.011374  0.000001  1.000000  4.992019
  837   10    2    2  0.000025  1.085364  0.000001  1.500000  4.992018
  838    8    2    2  0.000024  0.983106  0.000001  0.666667  4.992019
  839    8    2    2  0.000024  0.964944  0.000000  0.000000  4.992019
  840    9    2    2  0.000024  0.999486  0.000001  0.000001  4.992018
  841    9    2    2  0.000023  0.986538  0.000000  0.000000  4.992018
  842    9    2    2  0.000023  0.998154  0.000001  0.000001  4.992019
  843    8    2    2  0.000021  0.914998  0.000001  1.000000  4.992018
  844   10    2    2  0.000025  1.183776  0.000000  0.500000  4.992017
  845    9    2    2  0.000025  0.984372  0.000002  4.000000  4.992019
  846    8    2    2  0.000021  0.851755  0.000000  0.000000  4.992019
  847    8    2    2  0.000019  0.899894  0.000002  0.000002  4.992017
  848   10    2    2  0.000023  1.233604  0.000000  0.000000  4.992017
  849   10    2    2  0.000026  1.125394  0.000000  0.000000  4.992018
  850    8    2    2  0.000020  0.768756  0.000000  0.000000  4.992018
  851   10    2    2  0.000023  1.147520  0.000001  0.000001  4.992019
  852    8    2    2  0.000021  0.915435  0.000000  0.500000  4.992019
  853    9    2    2  0.000020  0.963576  0.000000  1.000000  4.992020
  854    8    2    2  0.000017  0.814683  0.000001  3.000000  4.992018
  855    9    2    2  0.000020  1.184314  0.000001  0.666667  4.992019
  856    9    2    2  0.000020  0.993675  0.000001  1.500000  4.992018
  857   10    2    2  0.000023  1.185977  0.000000  0.333333  4.992017
  858    9    2    2  0.000021  0.886566  0.000000  0.000000  4.992017
  859    8    2    2  0.000017  0.847971  0.000001  0.000001  4.992018
  860    8    2    2  0.000020  1.122809  0.000000  0.500000  4.992018
  861    9    2    2  0.000020  1.004982  0.000000  1.000000  4.992018
  862    8    2    2  0.000019  0.979980  0.000000  1.000000  4.992019
  863   10    2    2  0.000019  0.966659  0.000001  2.000000  4.992018
  864    9    2    2  0.000019  1.000498  0.000000  0.500000  4.992017
  865    8    2    2  0.000018  0.956608  0.000003  6.000000  4.992020
  866   11    2    2  0.000022  1.254817  0.000000  0.166667  4.992020
  867    7    2    2  0.000016  0.703963  0.000002  5.000000  4.992017
  868   13    2    2  0.000025  1.568919  0.000000  0.200000  4.992018
  869    6    2    2  0.000015  0.612393  0.000000  1.000000  4.992018
  870    7    2    2  0.000014  0.902375  0.000000  1.000000  4.992019
  871    9    2    2  0.000012  0.866109  0.000000  1.000000  4.992018
  872    9    2    2  0.000015  1.263720  0.000001  2.000000  4.992019
  873    9    2    2  0.000017  1.129038  0.000000  0.000000  4.992019
  874    7    2    2  0.000014  0.820008  0.000002  0.000002  4.992017
  875   10    2    2  0.000018  1.320695  0.000000  0.250000  4.992017
  876   10    2    2  0.000022  1.189320  0.000001  3.000000  4.992018
  877    7    2    2  0.000018  0.829581  0.000000  0.000000  4.992018
  878    8    2    2  0.000017  0.959574  0.000001  0.000001  4.992017
  879    8    2    2  0.000016  0.942038  0.000002  2.000000  4.992019
  880    9    2    2  0.000017  1.070472  0.000000  0.250000  4.992020
  881    7    2    2  0.000013  0.717775  0.000000  1.000000  4.992019
  882    8    2    2  0.000013  1.045748  0.000001  2.000000  4.992018
  883    9    2    2  0.000015  1.137408  0.000000  0.500000  4.992018
  884   10    2    2  0.000016  1.049744  0.000001  2.000000  4.992019
  885    8    2    2  0.000013  0.843409  0.000000  0.000000  4.992019
  886   10    2    2  0.000016  1.189185  0.000000  0.000000  4.992018
  887    8    2    2  0.000014  0.907046  0.000001  2.000000  4.992019
  888   10    2    2  0.000014  1.007898  0.000001  1.000000  4.992018
  889    8    2    2  0.000014  0.970080  0.000000  0.000000  4.992018
  890    8    2    2  0.000013  0.899860  0.000000  0.000000  4.992018
  891    9    2    2  0.000012  0.990800  0.000000  0.000000  4.992018
  892   10    2    2  0.000013  1.010558  0.000001  0.000001  4.992019
  893   10    2    2  0.000015  1.183314  0.000000  0.500000  4.992019
  894    8    2    2  0.000013  0.855291  0.000000  1.000000  4.992019
  895    8    2    2  0.000012  0.956073  0.000000  0.000000  4.992019
  896    8    2    2  0.000011  0.944789  0.000001  0.000001  4.992018
  897   11    2    2  0.000015  1.346653  0.000000  0.500000  4.992019
  898    8    2    2  0.000013  0.818056  0.000000  0.000000  4.992019
  899    8    2    2  0.000013  1.016260  0.000000  0.000000  4.992019
  900    9    2    2  0.000013  0.978426  0.000001  2.000000  4.992018
  901    8    2    2  0.000014  1.076508  0.000001  1.000000  4.992019
  902    7    2    2  0.000013  0.963434  0.000001  1.500000  4.992021
  903    9    2    2  0.000014  1.094742  0.000001  1.000000  4.992019
  904    9    2    2  0.000015  1.046204  0.000001  1.000000  4.992018
  905    7    2    2  0.000011  0.766663  0.000002  1.333333  4.992020
  906   11    2    2  0.000016  1.398928  0.000000  0.000000  4.992020
  907    7    2    2  0.000016  0.971716  0.000001  0.000001  4.992019
  908    6    2    2  0.000008  0.539657  0.000000  0.500000  4.992019

       X       F1(X)       F2(X)       F3(X)       FS(X)
  0.1250   0.0359460   0.0000000   0.0000000   0.0359460
  0.3750   0.0503299   0.0000000   0.0000000   0.0503299
  0.6250   0.0628774   0.0000000   0.0000000   0.0628774
  0.8750   0.0753662   0.0000000   0.0000000   0.0753662
  1.1250   0.0875529   0.0000000   0.0000000   0.0875529
  1.3750   0.0996965   0.0000000   0.0000000   0.0996965
  1.6250   0.1117572   0.0000000   0.0000000   0.1117572
  1.8750   0.1237876   0.0000000   0.0000000   0.1237876
  2.1250   0.1357855   0.0000000   0.0000000   0.1357855
  2.3750   0.1477631   0.0000000   0.0000000   0.1477631
  2.6250   0.1597221   0.0000000   0.0000000   0.1597221
  2.8750   0.1716656   0.0000000   0.0000000   0.1716656
  3.1250   0.1835945   0.0000000   0.0000000   0.1835945
  3.3750   0.1955094   0.0000000   0.0000000   0.1955094
  3.6250   0.2074107   0.0000000   0.0000000   0.2074107
  3.8750   0.2192980   0.0000000   0.0000000   0.2192980
  4.1250   0.2311712   0.0000000   0.0000000   0.2311712
  4.3750   0.2430298   0.0000000   0.0000000   0.2430298
  4.6250   0.2548733   0.0000000   0.0000000   0.2548733
  4.8750   0.2667011   0.0000000   0.0000000   0.2667011
  5.1250   0.2785127   0.0000000   0.0000000   0.2785127
  5.3750   0.2903073   0.0000000   0.0000000   0.2903073
  5.6250   0.3020844   0.0000000   0.0000000   0.3020844
  5.8750   0.3138433   0.0000000   0.0000000   0.3138433
  6.1250   0.3255832   0.0000000   0.0000000   0.3255832
  6.3750   0.3373036   0.0000000   0.0000000   0.3373036
  6.6250   0.3490037   0.0000000   0.0000000   0.3490037
  6.8750   0.3606828   0.0000000   0.0000000   0.3606828
  7.1250   0.3723403   0.0000000   0.0000000   0.3723403
  7.3750   0.3839754   0.0000000   0.0000000   0.3839754
  7.6250   0.3955874   0.0000000   0.0000000   0.3955875
  7.8750   0.4071758   0.0000000   0.0000000   0.4071758
  8.1250   0.4187397   0.0000000   0.0000000   0.4187397
  8.3750   0.4302783   0.0000000   0.0000000   0.4302783
  8.6250   0.4417912   0.0000000   0.0000000   0.4417912
  8.8750   0.4532776   0.0000000   0.0000000   0.4532777
  9.1250   0.4647368   0.0000000   0.0000000   0.4647368
  9.3750   0.4761682   0.0000000   0.0000000   0.4761682
  9.6250   0.4875709   0.0000000   0.0000000   0.4875709
  9.8750   0.4989444   0.0000000   0.0000000   0.4989444
 10.1250   0.5102880   0.0000000   0.0000000   0.5102880
 10.3750   0.5216009   0.0000000   0.0000000   0.5216009
 10.6250   0.5328826   0.0000000   0.0000000   0.5328826
 10.8750   0.5441322   0.0000000   0.0000000   0.5441322
 11.1250   0.5553493   0.0000000   0.0000000   0.5553493
 11.3750   0.5665330   0.0000000   0.0000000   0.5665330
 11.6250   0.5776828   0.0000000   0.0000000   0.5776828
 11.8750   0.5887979   0.0000000   0.0000000   0.5887979
 12.1250   0.5998775   0.0000000   0.0000000   0.5998775
 12.3750   0.6109214   0.0000000   0.0000000   0.6109214
 12.6250   0.6219285   0.0000000   0.0000000   0.6219285
 12.8750   0.6328982   0.0000000   0.0000000   0.6328982
 13.1250   0.6438300   0.0000000   0.0000000   0.6438301
 13.3750   0.6547232   0.0000000   0.0000000   0.6547232
 13.6250   0.6655771   0.0000000   0.0000000   0.6655771
 13.8750   0.6763912   0.0000000   0.0000000   0.6763912
 14.1250   0.6871645   0.0000000   0.0000000   0.6871645
 14.3750   0.6978966   0.0000000   0.0000000   0.6978966
 14.6250   0.7085869   0.0000000   0.0000000   0.7085869
 14.8750   0.7192346   0.0000000   0.0000000   0.7192346
 15.1250   0.7298392   0.0000000   0.0000000   0.7298391
 15.3750   0.7404001   0.0000000   0.0000000   0.7404001
 15.6250   0.7509164   0.0000000   0.0000000   0.7509164
 15.8750   0.7613877   0.0000000   0.0000000   0.7613877
 16.1250   0.7718134   0.0000000   0.0000000   0.7718133
 16.3750   0.7821927   0.0000000   0.0000000   0.7821927
 16.6250   0.7925252   0.0000000   0.0000000   0.7925252
 16.8750   0.8028101   0.0000000   0.0000000   0.8028101
 17.1250   0.8130469   0.0000000   0.0000000   0.8130469
 17.3750   0.8232350   0.0000000   0.0000000   0.8232349
 17.6250   0.8333734   0.0000000   0.0000000   0.8333734
 17.8750   0.8434619   0.0000000   0.0000000   0.8434619
 18.1250   0.8534999   0.0000000   0.0000000   0.8535000
 18.3750   0.8634866   0.0000000   0.0000000   0.8634866
 18.6250   0.8734217   0.0000000   0.0000000   0.8734216
 18.8750   0.8833042   0.0000000   0.0000000   0.8833042
 19.1250   0.8931338   0.0000000   0.0000000   0.8931339
 19.3750   0.9029098   0.0000000   0.0000000   0.9029099
 19.6250   0.9126316   0.0000000   0.0000000   0.9126316
 19.8750   0.9222988   0.0000000   0.0000000   0.9222988
 20.1250   0.9319105   0.0000000   0.0000000   0.9319106
 20.3750   0.9414664   0.0000000   0.0000000   0.9414664
 20.6250   0.9509658   0.0000000   0.0000000   0.9509657
 20.8750   0.9604082   0.0000000   0.0000000   0.9604082
 21.1250   0.9697930   0.0000000   0.0000000   0.9697930
 21.3750   0.9791194   0.0000000   0.0000000   0.9791194
 21.6250   0.9883873   0.0000000   0.0000000   0.9883873
 21.8750   0.9975958   0.0000000   0.0000000   0.9975958
 22.1250   1.0067446   0.0000000   0.0000000   1.0067446
 22.3750   1.0158331   0.0000000   0.0000000   1.0158331
 22.6250   1.0248604   0.0000000   0.0000000   1.0248604
 22.8750   1.0338261   0.0000000   0.0000000   1.0338261
 23.1250   1.0427302   0.0000000   0.0000000   1.0427302
 23.3750   1.0515711   0.0000000   0.0000000   1.0515711
 23.6250   1.0603496   0.0000000   0.0000000   1.0603496
 23.8750   1.0690641   0.0000000   0.0000000   1.0690641
 24.1250   1.0777147   0.0000000   0.0000000   1.0777147
 24.3750   1.0863005   0.0000000   0.0000000   1.0863005
 24.6250   1.0948211   0.0000000   0.0000000   1.0948211
 24.8750   1.1032763   0.0000000   0.0000000   1.1032763
 25.1250   1.1116650   0.0000000   0.0000000   1.1116650
 25.3750   1.1199872   0.0000000   0.0000000   1.1199872
 25.6250   1.1282424   0.0000000   0.0000000   1.1282424
 25.8750   1.1364298   0.0000000   0.0000000   1.1364298
 26.1250   1.1445489   0.0000000   0.0000000   1.1445489
 26.3750   1.1525992   0.0000000   0.0000000   1.1525992
 26.6250   1.1605808   0.0000000   0.0000000   1.1605808
 26.8750   1.1684927   0.0000000   0.0000000   1.1684927
 27.1250   1.1763345   0.0000000   0.0000000   1.1763345
 27.3750   1.1841056   0.0000000   0.0000000   1.1841056
 27.6250   1.1918055   0.0000000   0.0000000   1.1918055
 27.8750   1.1994343   0.0000000   0.0000000   1.1994343
 28.1250   1.2069908   0.0000000   0.0000000   1.2069908
 28.3750   1.2144752   0.0000000   0.0000000   1.2144752
 28.6250   1.2218866   0.0000000   0.0000000   1.2218866
 28.8750   1.2292246   0.0000000   0.0000000   1.2292246
 29.1250   1.2364889   0.0000000   0.0000000   1.2364889
 29.3750   1.2436792   0.0000000   0.0000000   1.2436792
 29.6250   1.2507950   0.0000000   0.0000000   1.2507950
 29.8750   1.2578357   0.0000000   0.0000000   1.2578357
 30.1250   1.2648011   0.0000000   0.0000000   1.2648011
 30.3750   1.2716905   0.0000000   0.0000000   1.2716905
 30.6250   1.2785033   0.0000000   0.0000000   1.2785033
 30.8750   1.2852399   0.0000000   0.0000000   1.2852398
 31.1250   1.2918993   0.0000000   0.0000000   1.2918992
 31.3750   1.2984812   0.0000000   0.0000000   1.2984813
 31.6250   1.3049850   0.0000000   0.0000000   1.3049850
 31.8750   1.3114108   0.0000000   0.0000000   1.3114108
 32.1250   1.3177583   0.0000000   0.0000000   1.3177583
 32.3750   1.3240262   0.0000000   0.0000000   1.3240262
 32.6250   1.3302150   0.0000000   0.0000000   1.3302150
 32.8750   1.3363236   0.0000000   0.0000000   1.3363235
 33.1250   1.3423526   0.0000000   0.0000000   1.3423526
 33.3750   1.3483009   0.0000000   0.0000000   1.3483009
 33.6250   1.3541683   0.0000000   0.0000000   1.3541683
 33.8750   1.3599544   0.0000000   0.0000000   1.3599544
 34.1250   1.3656589   0.0000000   0.0000000   1.3656589
 34.3750   1.3712816   0.0000000   0.0000000   1.3712816
 34.6250   1.3768222   0.0000000   0.0000000   1.3768222
 34.8750   1.3822801   0.0000000   0.0000000   1.3822801
 35.1250   1.3876553   0.0000000   0.0000000   1.3876554
 35.3750   1.3929473   0.0000000   0.0000000   1.3929474
 35.6250   1.3981557   0.0000000   0.0000000   1.3981557
 35.8750   1.4032800   0.0000000   0.0000000   1.4032800
 36.1250   1.4083204   0.0000000   0.0000000   1.4083204
 36.3750   1.4132764   0.0000000   0.0000000   1.4132763
 36.6250   1.4181474   0.0000000   0.0000000   1.4181474
 36.8750   1.4229333   0.0000000   0.0000000   1.4229333
 37.1250   1.4276344   0.0000000   0.0000000   1.4276345
 37.3750   1.4322495   0.0000000   0.0000000   1.4322495
 37.6250   1.4367790   0.0000000   0.0000000   1.4367790
 37.8750   1.4412222   0.0000000   0.0000000   1.4412222
 38.1250   1.4455787   0.0000000   0.0000000   1.4455788
 38.3750   1.4498491   0.0000000   0.0000000   1.4498491
 38.6250   1.4540322   0.0000000   0.0000000   1.4540322
 38.8750   1.4581280   0.0000000   0.0000000   1.4581281
 39.1250   1.4621364   0.0000000   0.0000000   1.4621364
 39.3750   1.4660573   0.0000000   0.0000000   1.4660573
 39.6250   1.4698900   0.0000000   0.0000000   1.4698900
 39.8750   1.4736347   0.0000000   0.0000000   1.4736346
 40.1250   1.4772911   0.0000000   0.0000000   1.4772911
 40.3750   1.4808590   0.0000000   0.0000000   1.4808590
 40.6250   1.4843382   0.0000000   0.0000000   1.4843383
 40.8750   1.4877284   0.0000000   0.0000000   1.4877285
 41.1250   1.4910290   0.0000000   0.0000000   1.4910290
 41.3750   1.4942405   0.0000000   0.0000000   1.4942405
 41.6250   1.4973623   0.0000000   0.0000000   1.4973623
 41.8750   1.5003945   0.0000000   0.0000000   1.5003945
 42.1250   1.5033360   0.0000000   0.0000000   1.5033358
 42.3750   1.5061879   0.0000000   0.0000000   1.5061879
 42.6250   1.5089498   0.0000000   0.0000000   1.5089498
 42.8750   1.5116209   0.0000000   0.0000000   1.5116210
 43.1250   1.5142013   0.0000000   0.0000000   1.5142014
 43.3750   1.5166907   0.0000000   0.0000000   1.5166907
 43.6250   1.5190898   0.0000000   0.0000000   1.5190898
 43.8750   1.5213977   0.0000000   0.0000000   1.5213977
 44.1250   1.5236143   0.0000000   0.0000000   1.5236144
 44.3750   1.5257393   0.0000000   0.0000000   1.5257393
 44.6250   1.5277731   0.0000000   0.0000000   1.5277731
 44.8750   1.5297151   0.0000000   0.0000000   1.5297151
 45.1250   1.5315651   0.0000000   0.0000000   1.5315651
 45.3750   1.5333239   0.0000000   0.0000000   1.5333238
 45.6250   1.5349905   0.0000000   0.0000000   1.5349905
 45.8750   1.5365647   0.0000000   0.0000000   1.5365646
 46.1250   1.5380471   0.0000000   0.0000000   1.5380471
 46.3750   1.5394373   0.0000000   0.0000000   1.5394373
 46.6250   1.5407350   0.0000000   0.0000000   1.5407350
 46.8750   1.5419406   0.0000000   0.0000000   1.5419406
 47.1250   1.5430536   0.0000000   0.0000000   1.5430536
 47.3750   1.5440742   0.0000000   0.0000000   1.5440743
 47.6250   1.5450022   0.0000000   0.0000000   1.5450023
 47.8750   1.5458374   0.0000000   0.0000000   1.5458374
 48.1250   1.5465800   0.0000000   0.0000000   1.5465798
 48.3750   1.5472301   0.0000000   0.0000000   1.5472301
 48.6250   1.5477872   0.0000000   0.0000000   1.5477872
 48.8750   1.5482513   0.0000000   0.0000000   1.5482514
 49.1250   1.5486227   0.0000000   0.0000000   1.5486227
 49.3750   1.5489014   0.0000000   0.0000000   1.5489013
 49.6250   1.5490872   0.0000000   0.0000000   1.5490872
 49.8750   1.5491802   0.0000000   0.0000000   1.5491802

  REGION        F1AV        F2AV        F3AV
       1   0.9999993   0.0000000   0.0000000

        B1        B2        B3
  0.000001  0.000000  0.000000
