# This file is written with the intent of being used to plot the data with 
# Gnuplot.  It contains no information regarding how the plot should be 
# formatted.
# =========================================================================
# Research/ArnoldivsPower -f Power1-63.dat -t 100000 -A -c 100 -C 900 -w 20 -b 75 -r  seed = 2635709107
# filename = Power1-63.dat, run = true, power = true, Arnoldi = false, storevectors = 0, raw = false, evectors = 2, evalues = 2, residual = false, arnoldimethod = implicit, tol = 2.22045e-16, verbose = 1, seed = 0, width = 20, bins = 75, acycles = 900, incycles = 100, active = 20, inactive = 0, Iterations = 10, numValues = 2, relaxed = 0, tracks = 100000, ignore_rest = false, version = false, help = false, 

#  1            2            3             4            5             6            7             8            9            
# |-            Power values           -| |-   Power eValues SD   -| |-       FOM-Power      -| |-     Power vector     -| 
#  x-coord      y-coord      error         x-coord      y-coord       x-coord      y-coord       x-coord      y-coord       
   1E+05        0.95878      0             1E+05        0             1.01E+07     0             0.13333      0.017571      
   2E+05        0.9649       0             2E+05        0             1.02E+07     46906         0.4          0.024751      
   3E+05        0.96482      0             3E+05        0             1.03E+07     72868         0.66667      0.031125      
   4E+05        0.9753       0             4E+05        0             1.04E+07     74239         0.93333      0.037218      
   5E+05        0.97559      0             5E+05        0             1.05E+07     58434         1.2          0.043441      
   6E+05        0.97444      0             6E+05        0             1.06E+07     70512         1.4667       0.049382      
   7E+05        0.97748      0             7E+05        0             1.07E+07     64734         1.7333       0.055288      
   8E+05        0.98422      0             8E+05        0             1.08E+07     61720         2            0.061274      
   9E+05        0.98042      0             9E+05        0             1.09E+07     76210         2.2667       0.066805      
   1E+06        0.98353      0             1E+06        0             1.1E+07      72684         2.5333       0.072366      
   1.1E+06      0.98086      0             1.1E+06      0             1.11E+07     87076         2.8          0.077893      
   1.2E+06      0.98186      0             1.2E+06      0             1.12E+07     97140         3.0667       0.083088      
   1.3E+06      0.98022      0             1.3E+06      0             1.13E+07     92726         3.3333       0.088094      
   1.4E+06      0.9792       0             1.4E+06      0             1.14E+07     1.0205E+05    3.6          0.093199      
   1.5E+06      0.98232      0             1.5E+06      0             1.15E+07     1.1568E+05    3.8667       0.097951      
   1.6E+06      0.98583      0             1.6E+06      0             1.16E+07     95013         4.1333       0.10287       
   1.7E+06      0.98636      0             1.7E+06      0             1.17E+07     82760         4.4          0.10768       
   1.8E+06      0.98348      0             1.8E+06      0             1.18E+07     89471         4.6667       0.11217       
   1.9E+06      0.98416      0             1.9E+06      0             1.19E+07     98251         4.9333       0.11653       
   2E+06        0.98449      0             2E+06        0             1.2E+07      1.0346E+05    5.2          0.1205        
   2.1E+06      0.98442      0             2.1E+06      0             1.21E+07     1.0015E+05    5.4667       0.12429       
   2.2E+06      0.98516      0             2.2E+06      0             1.22E+07     1.0152E+05    5.7333       0.12853       
   2.3E+06      0.98241      0             2.3E+06      0             1.23E+07     1.014E+05     6            0.13164       
   2.4E+06      0.985        0             2.4E+06      0             1.24E+07     99964         6.2667       0.13538       
   2.5E+06      0.98662      0             2.5E+06      0             1.25E+07     62565         6.5333       0.13813       
   2.6E+06      0.98425      0             2.6E+06      0             1.26E+07     58792         6.8          0.14159       
   2.7E+06      0.98686      0             2.7E+06      0             1.27E+07     62815         7.0667       0.14382       
   2.8E+06      0.98704      0             2.8E+06      0             1.28E+07     65857         7.3333       0.14645       
   2.9E+06      0.9867       0             2.9E+06      0             1.29E+07     68786         7.6          0.14845       
   3E+06        0.98621      0             3E+06        0             1.3E+07      72476         7.8667       0.15087       
   3.1E+06      0.98282      0             3.1E+06      0             1.31E+07     76227         8.1333       0.15218       
   3.2E+06      0.98771      0             3.2E+06      0             1.32E+07     72284         8.4          0.15342       
   3.3E+06      0.98745      0             3.3E+06      0             1.33E+07     76272         8.6667       0.15518       
   3.4E+06      0.98291      0             3.4E+06      0             1.34E+07     79526         8.9333       0.1559        
   3.5E+06      0.98928      0             3.5E+06      0             1.35E+07     78144         9.2          0.15629       
   3.6E+06      0.98503      0             3.6E+06      0             1.36E+07     81404         9.4667       0.15689       
   3.7E+06      0.98319      0             3.7E+06      0             1.37E+07     85380         9.7333       0.15753       
   3.8E+06      0.98821      0             3.8E+06      0             1.38E+07     89210         10           0.15753       
   3.9E+06      0.98435      0             3.9E+06      0             1.39E+07     91730         10.267       0.15744       
   4E+06        0.98529      0             4E+06        0             1.4E+07      91702         10.533       0.15733       
   4.1E+06      0.98222      0             4.1E+06      0             1.41E+07     93405         10.8         0.15646       
   4.2E+06      0.984        0             4.2E+06      0             1.42E+07     92165         11.067       0.15533       
   4.3E+06      0.9896       0             4.3E+06      0             1.43E+07     95885         11.333       0.15432       
   4.4E+06      0.98061      0             4.4E+06      0             1.44E+07     98575         11.6         0.15321       
   4.5E+06      0.98654      0             4.5E+06      0             1.45E+07     1.0178E+05    11.867       0.15155       
   4.6E+06      0.98521      0             4.6E+06      0             1.46E+07     1.0476E+05    12.133       0.14968       
   4.7E+06      0.98862      0             4.7E+06      0             1.47E+07     1.0609E+05    12.4         0.14804       
   4.8E+06      0.99034      0             4.8E+06      0             1.48E+07     1.0868E+05    12.667       0.14565       
   4.9E+06      0.9829       0             4.9E+06      0             1.49E+07     1.1247E+05    12.933       0.14315       
   5E+06        0.98597      0             5E+06        0             1.5E+07      1.1362E+05    13.2         0.14068       
   5.1E+06      0.9853       0             5.1E+06      0             1.51E+07     1.1305E+05    13.467       0.13752       
   5.2E+06      0.98674      0             5.2E+06      0             1.52E+07     1.1079E+05    13.733       0.13495       
   5.3E+06      0.9907       0             5.3E+06      0             1.53E+07     1.0242E+05    14           0.1312        
   5.4E+06      0.98582      0             5.4E+06      0             1.54E+07     1.0372E+05    14.267       0.12795       
   5.5E+06      0.98707      0             5.5E+06      0             1.55E+07     1.0667E+05    14.533       0.12398       
   5.6E+06      0.98401      0             5.6E+06      0             1.56E+07     1.0875E+05    14.8         0.12005       
   5.7E+06      0.98976      0             5.7E+06      0             1.57E+07     1.1179E+05    15.067       0.11571       
   5.8E+06      0.98849      0             5.8E+06      0             1.58E+07     1.143E+05     15.333       0.11167       
   5.9E+06      0.98599      0             5.9E+06      0             1.59E+07     1.1753E+05    15.6         0.1075        
   6E+06        0.98412      0             6E+06        0             1.6E+07      1.1779E+05    15.867       0.10277       
   6.1E+06      0.98767      0             6.1E+06      0             1.61E+07     1.1909E+05    16.133       0.097897      
   6.2E+06      0.99093      0             6.2E+06      0             1.62E+07     1.2134E+05    16.4         0.092886      
   6.3E+06      0.9858       0             6.3E+06      0             1.63E+07     1.2442E+05    16.667       0.087999      
   6.4E+06      0.98515      0             6.4E+06      0             1.64E+07     1.2392E+05    16.933       0.082823      
   6.5E+06      0.98803      0             6.5E+06      0             1.65E+07     1.2595E+05    17.2         0.077438      
   6.6E+06      0.98419      0             6.6E+06      0             1.66E+07     1.2735E+05    17.467       0.072111      
   6.7E+06      0.98838      0             6.7E+06      0             1.67E+07     1.3029E+05    17.733       0.066293      
   6.8E+06      0.98676      0             6.8E+06      0             1.68E+07     1.3266E+05    18           0.060918      
   6.9E+06      0.98317      0             6.9E+06      0             1.69E+07     1.3486E+05    18.267       0.055228      
   7E+06        0.98397      0             7E+06        0             1.7E+07      1.378E+05     18.533       0.049297      
   7.1E+06      0.98378      0             7.1E+06      0             1.71E+07     1.4049E+05    18.8         0.043206      
   7.2E+06      0.98369      0             7.2E+06      0             1.72E+07     1.4316E+05    19.067       0.037087      
   7.3E+06      0.98595      0             7.3E+06      0             1.73E+07     1.4612E+05    19.333       0.031105      
   7.4E+06      0.9883       0             7.4E+06      0             1.74E+07     1.4931E+05    19.6         0.024753      
   7.5E+06      0.98876      0             7.5E+06      0             1.75E+07     1.4887E+05    19.867       0.017494      
   7.6E+06      0.98481      0             7.6E+06      0             1.76E+07     1.4399E+05    
   7.7E+06      0.98425      0             7.7E+06      0             1.77E+07     1.3727E+05    
   7.8E+06      0.98881      0             7.8E+06      0             1.78E+07     1.3824E+05    
   7.9E+06      0.98521      0             7.9E+06      0             1.79E+07     1.3926E+05    
   8E+06        0.98733      0             8E+06        0             1.8E+07      1.4197E+05    
   8.1E+06      0.98664      0             8.1E+06      0             1.81E+07     1.4123E+05    
   8.2E+06      0.98355      0             8.2E+06      0             1.82E+07     1.3795E+05    
   8.3E+06      0.98416      0             8.3E+06      0             1.83E+07     1.4031E+05    
   8.4E+06      0.98299      0             8.4E+06      0             1.84E+07     1.4212E+05    
   8.5E+06      0.98705      0             8.5E+06      0             1.85E+07     1.4475E+05    
   8.6E+06      0.98671      0             8.6E+06      0             1.86E+07     1.4714E+05    
   8.7E+06      0.98568      0             8.7E+06      0             1.87E+07     1.4884E+05    
   8.8E+06      0.98085      0             8.8E+06      0             1.88E+07     1.4752E+05    
   8.9E+06      0.98992      0             8.9E+06      0             1.89E+07     1.4722E+05    
   9E+06        0.98669      0             9E+06        0             1.9E+07      1.4798E+05    
   9.1E+06      0.98874      0             9.1E+06      0             1.91E+07     1.4791E+05    
   9.2E+06      0.98521      0             9.2E+06      0             1.92E+07     1.5041E+05    
   9.3E+06      0.98675      0             9.3E+06      0             1.93E+07     1.5016E+05    
   9.4E+06      0.98583      0             9.4E+06      0             1.94E+07     1.447E+05     
   9.5E+06      0.98682      0             9.5E+06      0             1.95E+07     1.4525E+05    
   9.6E+06      0.9883       0             9.6E+06      0             1.96E+07     1.4751E+05    
   9.7E+06      0.98491      0             9.7E+06      0             1.97E+07     1.485E+05     
   9.8E+06      0.98595      0             9.8E+06      0             1.98E+07     1.4812E+05    
   9.9E+06      0.9869       0             9.9E+06      0             1.99E+07     1.5037E+05    
   1E+07        0.98727      0             1E+07        0             2E+07        1.5216E+05    
   1.01E+07     0.98538      2.0038E-09    1.01E+07     2.0038E-09    2.01E+07     1.5443E+05    
   1.02E+07     0.98632      0.0006689     1.02E+07     0.0006689     2.02E+07     1.5648E+05    
   1.03E+07     0.98596      0.00053378    1.03E+07     0.00053378    2.03E+07     1.583E+05     
   1.04E+07     0.98636      0.00052616    1.04E+07     0.00052616    2.04E+07     1.6059E+05    
   1.05E+07     0.98589      0.00059025    1.05E+07     0.00059025    2.05E+07     1.6287E+05    
   1.06E+07     0.98566      0.00053471    1.06E+07     0.00053471    2.06E+07     1.6487E+05    
   1.07E+07     0.98533      0.00055521    1.07E+07     0.00055521    2.07E+07     1.6615E+05    
   1.08E+07     0.98564      0.00056592    1.08E+07     0.00056592    2.08E+07     1.652E+05     
   1.09E+07     0.98557      0.000507      1.09E+07     0.000507      2.09E+07     1.6534E+05    
   1.1E+07      0.98583      0.00051675    1.1E+07      0.00051675    2.1E+07      1.6749E+05    
   1.11E+07     0.98582      0.00046977    1.11E+07     0.00046977    2.11E+07     1.6976E+05    
   1.12E+07     0.98572      0.00044279    1.12E+07     0.00044279    2.12E+07     1.7041E+05    
   1.13E+07     0.98592      0.00045122    1.13E+07     0.00045122    2.13E+07     1.7077E+05    
   1.14E+07     0.98582      0.00042828    1.14E+07     0.00042828    2.14E+07     1.7303E+05    
   1.15E+07     0.98584      0.00040023    1.15E+07     0.00040023    2.15E+07     1.6891E+05    
   1.16E+07     0.98608      0.00043975    1.16E+07     0.00043975    2.16E+07     1.7075E+05    
   1.17E+07     0.98631      0.00046911    1.17E+07     0.00046911    2.17E+07     1.7281E+05    
   1.18E+07     0.98639      0.00044931    1.18E+07     0.00044931    2.18E+07     1.75E+05      
   1.19E+07     0.98635      0.00042673    1.19E+07     0.00042673    2.19E+07     1.7625E+05    
   1.2E+07      0.98644      0.00041416    1.2E+07      0.00041416    2.2E+07      1.7761E+05    
   1.21E+07     0.9863       0.00041915    1.21E+07     0.00041915    2.21E+07     1.7957E+05    
   1.22E+07     0.98641      0.00041467    1.22E+07     0.00041467    2.22E+07     1.8036E+05    
   1.23E+07     0.98629      0.00041328    1.23E+07     0.00041328    2.23E+07     1.8169E+05    
   1.24E+07     0.98641      0.00041436    1.24E+07     0.00041436    2.24E+07     1.8289E+05    
   1.25E+07     0.98607      0.00052174    1.25E+07     0.00052174    2.25E+07     1.7931E+05    
   1.26E+07     0.98626      0.00053606    1.26E+07     0.00053606    2.26E+07     1.8119E+05    
   1.27E+07     0.98628      0.00051661    1.27E+07     0.00051661    2.27E+07     1.8318E+05    
   1.28E+07     0.98622      0.00050217    1.28E+07     0.00050217    2.28E+07     1.8463E+05    
   1.29E+07     0.98615      0.0004895     1.29E+07     0.0004895     2.29E+07     1.8329E+05    
   1.3E+07      0.98619      0.00047496    1.3E+07      0.00047496    2.3E+07      1.8496E+05    
   1.31E+07     0.98623      0.0004614     1.31E+07     0.0004614     2.31E+07     1.8286E+05    
   1.32E+07     0.98608      0.00047175    1.32E+07     0.00047175    2.32E+07     1.7648E+05    
   1.33E+07     0.98609      0.00045757    1.33E+07     0.00045757    2.33E+07     1.7796E+05    
   1.34E+07     0.98604      0.00044638    1.34E+07     0.00044638    2.34E+07     1.7889E+05    
   1.35E+07     0.98593      0.00044871    1.35E+07     0.00044871    2.35E+07     1.8058E+05    
   1.36E+07     0.98589      0.00043782    1.36E+07     0.00043782    2.36E+07     1.7861E+05    
   1.37E+07     0.98589      0.000426      1.37E+07     0.000426      2.37E+07     1.8034E+05    
   1.38E+07     0.98587      0.00041529    1.38E+07     0.00041529    2.38E+07     1.8083E+05    
   1.39E+07     0.98592      0.00040804    1.39E+07     0.00040804    2.39E+07     1.8051E+05    
   1.4E+07      0.98601      0.00040642    1.4E+07      0.00040642    2.4E+07      1.8211E+05    
   1.41E+07     0.98595      0.00040129    1.41E+07     0.00040129    2.41E+07     1.8392E+05    
   1.42E+07     0.98585      0.0004026     1.42E+07     0.0004026     2.42E+07     1.8552E+05    
   1.43E+07     0.98586      0.00039329    1.43E+07     0.00039329    2.43E+07     1.8716E+05    
   1.44E+07     0.9859       0.00038641    1.44E+07     0.00038641    2.44E+07     1.8471E+05    
   1.45E+07     0.98593      0.00037901    1.45E+07     0.00037901    2.45E+07     1.857E+05     
   1.46E+07     0.98596      0.00037233    1.46E+07     0.00037233    2.46E+07     1.8659E+05    
   1.47E+07     0.98602      0.0003687     1.47E+07     0.0003687     2.47E+07     1.8099E+05    
   1.48E+07     0.98598      0.00036301    1.48E+07     0.00036301    2.48E+07     1.8134E+05    
   1.49E+07     0.98598      0.0003556     1.49E+07     0.0003556     2.49E+07     1.8305E+05    
   1.5E+07      0.98604      0.0003526     1.5E+07      0.0003526     2.5E+07      1.848E+05     
   1.51E+07     0.98597      0.00035235    1.51E+07     0.00035235    2.51E+07     1.8241E+05    
   1.52E+07     0.98589      0.00035471    1.52E+07     0.00035471    2.52E+07     1.8173E+05    
   1.53E+07     0.98577      0.00036763    1.53E+07     0.00036763    2.53E+07     1.7739E+05    
   1.54E+07     0.98572      0.0003641     1.54E+07     0.0003641     2.54E+07     1.7882E+05    
   1.55E+07     0.98573      0.00035789    1.55E+07     0.00035789    2.55E+07     1.7976E+05    
   1.56E+07     0.9857       0.00035332    1.56E+07     0.00035332    2.56E+07     1.8101E+05    
   1.57E+07     0.9857       0.00034716    1.57E+07     0.00034716    2.57E+07     1.8262E+05    
   1.58E+07     0.98573      0.00034223    1.58E+07     0.00034223    2.58E+07     1.8279E+05    
   1.59E+07     0.98574      0.00033646    1.59E+07     0.00033646    2.59E+07     1.8429E+05    
   1.6E+07      0.98568      0.00033486    1.6E+07      0.00033486    2.6E+07      1.8304E+05    
   1.61E+07     0.98572      0.00033179    1.61E+07     0.00033179    2.61E+07     1.8465E+05    
   1.62E+07     0.98575      0.00032767    1.62E+07     0.00032767    2.62E+07     1.8616E+05    
   1.63E+07     0.98576      0.00032263    1.63E+07     0.00032263    2.63E+07     1.8767E+05    
   1.64E+07     0.98582      0.0003223     1.64E+07     0.0003223     2.64E+07     1.8752E+05    
   1.65E+07     0.98585      0.00031857    1.65E+07     0.00031857    2.65E+07     1.8902E+05    
   1.66E+07     0.98581      0.00031591    1.66E+07     0.00031591    2.66E+07     1.8813E+05    
   1.67E+07     0.98582      0.00031138    1.67E+07     0.00031138    2.67E+07     1.8766E+05    
   1.68E+07     0.98584      0.0003077     1.68E+07     0.0003077     2.68E+07     1.8728E+05    
   1.69E+07     0.98582      0.00030418    1.69E+07     0.00030418    2.69E+07     1.8728E+05    
   1.7E+07      0.98583      0.00030007    1.7E+07      0.00030007    2.7E+07      1.8855E+05    
   1.71E+07     0.98582      0.00029629    1.71E+07     0.00029629    2.71E+07     1.9002E+05    
   1.72E+07     0.98583      0.00029269    1.72E+07     0.00029269    2.72E+07     1.9115E+05    
   1.73E+07     0.98584      0.00028877    1.73E+07     0.00028877    2.73E+07     1.9145E+05    
   1.74E+07     0.98584      0.00028487    1.74E+07     0.00028487    2.74E+07     1.9229E+05    
   1.75E+07     0.98579      0.00028444    1.75E+07     0.00028444    2.75E+07     1.9376E+05    
   1.76E+07     0.98586      0.00028842    1.76E+07     0.00028842    2.76E+07     1.9099E+05    
   1.77E+07     0.98578      0.00029446    1.77E+07     0.00029446    2.77E+07     1.9103E+05    
   1.78E+07     0.98582      0.00029262    1.78E+07     0.00029262    2.78E+07     1.9252E+05    
   1.79E+07     0.98585      0.00029076    1.79E+07     0.00029076    2.79E+07     1.9314E+05    
   1.8E+07      0.98586      0.00028716    1.8E+07      0.00028716    2.8E+07      1.9463E+05    
   1.81E+07     0.98581      0.00028713    1.81E+07     0.00028713    2.81E+07     1.939E+05     
   1.82E+07     0.98575      0.0002897     1.82E+07     0.0002897     2.82E+07     1.9473E+05    
   1.83E+07     0.98574      0.0002865     1.83E+07     0.0002865     2.83E+07     1.9619E+05    
   1.84E+07     0.98576      0.00028388    1.84E+07     0.00028388    2.84E+07     1.9537E+05    
   1.85E+07     0.98576      0.00028056    1.85E+07     0.00028056    2.85E+07     1.9673E+05    
   1.86E+07     0.98575      0.00027742    1.86E+07     0.00027742    2.86E+07     1.9747E+05    
   1.87E+07     0.98573      0.00027512    1.87E+07     0.00027512    2.87E+07     1.9744E+05    
   1.88E+07     0.98577      0.00027561    1.88E+07     0.00027561    2.88E+07     1.9882E+05    
   1.89E+07     0.98581      0.00027517    1.89E+07     0.00027517    2.89E+07     1.9938E+05    
   1.9E+07      0.98584      0.00027363    1.9E+07      0.00027363    2.9E+07      2.006E+05     
   1.91E+07     0.9858       0.00027297    1.91E+07     0.00027297    2.91E+07     1.9993E+05    
   1.92E+07     0.98581      0.00027001    1.92E+07     0.00027001    2.92E+07     2.0036E+05    
   1.93E+07     0.98584      0.00026952    1.93E+07     0.00026952    2.93E+07     2.0172E+05    
   1.94E+07     0.98578      0.0002738     1.94E+07     0.0002738     2.94E+07     2.0314E+05    
   1.95E+07     0.98575      0.00027257    1.95E+07     0.00027257    2.95E+07     2.0159E+05    
   1.96E+07     0.98574      0.00026982    1.96E+07     0.00026982    2.96E+07     2.0285E+05    
   1.97E+07     0.98577      0.00026818    1.97E+07     0.00026818    2.97E+07     2.0273E+05    
   1.98E+07     0.9858       0.00026778    1.98E+07     0.00026778    2.98E+07     2.035E+05     
   1.99E+07     0.9858       0.0002651     1.99E+07     0.0002651     2.99E+07     2.0313E+05    
   2E+07        0.98581      0.00026291    2E+07        0.00026291    3E+07        2.0309E+05    
   2.01E+07     0.98581      0.00026032    2.01E+07     0.00026032    3.01E+07     2.0438E+05    
   2.02E+07     0.9858       0.00025791    2.02E+07     0.00025791    3.02E+07     2.0351E+05    
   2.03E+07     0.98579      0.00025583    2.03E+07     0.00025583    3.03E+07     2.048E+05     
   2.04E+07     0.98579      0.00025337    2.04E+07     0.00025337    3.04E+07     2.0614E+05    
   2.05E+07     0.98579      0.000251      2.05E+07     0.000251      3.05E+07     2.0738E+05    
   2.06E+07     0.98578      0.00024879    2.06E+07     0.00024879    3.06E+07     2.0848E+05    
   2.07E+07     0.9858       0.00024725    2.07E+07     0.00024725    3.07E+07     2.0978E+05    
   2.08E+07     0.98576      0.00024736    2.08E+07     0.00024736    3.08E+07     2.1106E+05    
   2.09E+07     0.98573      0.00024669    2.09E+07     0.00024669    3.09E+07     2.1225E+05    
   2.1E+07      0.98573      0.00024445    2.1E+07      0.00024445    3.1E+07      2.1206E+05    
   2.11E+07     0.98573      0.00024226    2.11E+07     0.00024226    3.11E+07     2.1341E+05    
   2.12E+07     0.98571      0.00024123    2.12E+07     0.00024123    3.12E+07     2.0858E+05    
   2.13E+07     0.98573      0.00024043    2.13E+07     0.00024043    3.13E+07     2.0902E+05    
   2.14E+07     0.98573      0.00023832    2.14E+07     0.00023832    3.14E+07     2.0781E+05    
   2.15E+07     0.98578      0.00024057    2.15E+07     0.00024057    3.15E+07     2.0891E+05    
   2.16E+07     0.98579      0.00023874    2.16E+07     0.00023874    3.16E+07     2.0936E+05    
   2.17E+07     0.9858       0.00023676    2.17E+07     0.00023676    3.17E+07     2.0995E+05    
   2.18E+07     0.9858       0.00023476    2.18E+07     0.00023476    3.18E+07     2.0995E+05    
   2.19E+07     0.98581      0.00023333    2.19E+07     0.00023333    3.19E+07     2.1021E+05    
   2.2E+07      0.98583      0.00023193    2.2E+07      0.00023193    3.2E+07      2.0905E+05    
   2.21E+07     0.98582      0.00023012    2.21E+07     0.00023012    3.21E+07     2.1024E+05    
   2.22E+07     0.98584      0.0002291     2.22E+07     0.0002291     3.22E+07     2.1082E+05    
   2.23E+07     0.98586      0.00022769    2.23E+07     0.00022769    3.23E+07     2.1204E+05    
   2.24E+07     0.98587      0.00022645    2.24E+07     0.00022645    3.24E+07     2.1242E+05    
   2.25E+07     0.98591      0.00022817    2.25E+07     0.00022817    3.25E+07     2.1339E+05    
   2.26E+07     0.98592      0.0002265     2.26E+07     0.0002265     3.26E+07     2.1449E+05    
   2.27E+07     0.98592      0.00022474    2.27E+07     0.00022474    3.27E+07     2.1533E+05    
   2.28E+07     0.98593      0.00022335    2.28E+07     0.00022335    3.28E+07     2.165E+05     
   2.29E+07     0.9859       0.00022369    2.29E+07     0.00022369    3.29E+07     2.1698E+05    
   2.3E+07      0.98589      0.00022219    2.3E+07      0.00022219    3.3E+07      2.1749E+05    
   2.31E+07     0.98586      0.00022294    2.31E+07     0.00022294    3.31E+07     2.1834E+05    
   2.32E+07     0.98591      0.00022645    2.32E+07     0.00022645    3.32E+07     2.1573E+05    
   2.33E+07     0.98592      0.00022503    2.33E+07     0.00022503    3.33E+07     2.1674E+05    
   2.34E+07     0.98593      0.00022398    2.34E+07     0.00022398    3.34E+07     2.1413E+05    
   2.35E+07     0.98593      0.00022236    2.35E+07     0.00022236    3.35E+07     2.1426E+05    
   2.36E+07     0.9859       0.00022312    2.36E+07     0.00022312    3.36E+07     2.1465E+05    
   2.37E+07     0.9859       0.00022159    2.37E+07     0.00022159    3.37E+07     2.1584E+05    
   2.38E+07     0.98592      0.00022082    2.38E+07     0.00022082    3.38E+07     2.1669E+05    
   2.39E+07     0.9859       0.00022052    2.39E+07     0.00022052    3.39E+07     2.1725E+05    
   2.4E+07      0.98589      0.00021911    2.4E+07      0.00021911    3.4E+07      2.1841E+05    
   2.41E+07     0.98589      0.00021758    2.41E+07     0.00021758    3.41E+07     2.1911E+05    
   2.42E+07     0.9859       0.00021621    2.42E+07     0.00021621    3.42E+07     2.194E+05     
   2.43E+07     0.98589      0.00021481    2.43E+07     0.00021481    3.43E+07     2.194E+05     
   2.44E+07     0.98586      0.00021577    2.44E+07     0.00021577    3.44E+07     2.2051E+05    
   2.45E+07     0.98584      0.00021476    2.45E+07     0.00021476    3.45E+07     2.1965E+05    
   2.46E+07     0.98583      0.00021383    2.46E+07     0.00021383    3.46E+07     2.1905E+05    
   2.47E+07     0.98578      0.00021667    2.47E+07     0.00021667    3.47E+07     2.2003E+05    
   2.48E+07     0.98577      0.00021596    2.48E+07     0.00021596    3.48E+07     2.2106E+05    
   2.49E+07     0.98577      0.00021452    2.49E+07     0.00021452    3.49E+07     2.2212E+05    
   2.5E+07      0.98577      0.00021309    2.5E+07      0.00021309    3.5E+07      2.228E+05     
   2.51E+07     0.9858       0.00021407    2.51E+07     0.00021407    3.51E+07     2.234E+05     
   2.52E+07     0.98577      0.00021398    2.52E+07     0.00021398    3.52E+07     2.2284E+05    
   2.53E+07     0.98581      0.00021618    2.53E+07     0.00021618    3.53E+07     2.2344E+05    
   2.54E+07     0.98582      0.00021485    2.54E+07     0.00021485    3.54E+07     2.2453E+05    
   2.55E+07     0.98583      0.00021388    2.55E+07     0.00021388    3.55E+07     2.1945E+05    
   2.56E+07     0.98582      0.00021264    2.56E+07     0.00021264    3.56E+07     2.2021E+05    
   2.57E+07     0.98582      0.0002113     2.57E+07     0.0002113     3.57E+07     2.2125E+05    
   2.58E+07     0.9858       0.00021079    2.58E+07     0.00021079    3.58E+07     2.2159E+05    
   2.59E+07     0.98581      0.00020954    2.59E+07     0.00020954    3.59E+07     2.1856E+05    
   2.6E+07      0.98578      0.0002098     2.6E+07      0.0002098     3.6E+07      2.1816E+05    
   2.61E+07     0.98578      0.0002085     2.61E+07     0.0002085     3.61E+07     2.1918E+05    
   2.62E+07     0.98579      0.00020724    2.62E+07     0.00020724    3.62E+07     2.1895E+05    
   2.63E+07     0.98578      0.00020602    2.63E+07     0.00020602    3.63E+07     2.197E+05     
   2.64E+07     0.9858       0.00020565    2.64E+07     0.00020565    3.64E+07     2.2074E+05    
   2.65E+07     0.98581      0.00020446    2.65E+07     0.00020446    3.65E+07     2.2132E+05    
   2.66E+07     0.98583      0.00020457    2.66E+07     0.00020457    3.66E+07     2.2226E+05    
   2.67E+07     0.98581      0.00020444    2.67E+07     0.00020444    3.67E+07     2.213E+05     
   2.68E+07     0.98579      0.00020423    2.68E+07     0.00020423    3.68E+07     2.2174E+05    
   2.69E+07     0.98581      0.00020382    2.69E+07     0.00020382    3.69E+07     2.2072E+05    
   2.7E+07      0.9858       0.00020277    2.7E+07      0.00020277    3.7E+07      2.1934E+05    
   2.71E+07     0.98579      0.0002016     2.71E+07     0.0002016     3.71E+07     2.2012E+05    
   2.72E+07     0.98579      0.00020063    2.72E+07     0.00020063    3.72E+07     2.2063E+05    
   2.73E+07     0.98577      0.0002001     2.73E+07     0.0002001     3.73E+07     2.2031E+05    
   2.74E+07     0.98576      0.00019931    2.74E+07     0.00019931    3.74E+07     2.2092E+05    
   2.75E+07     0.98576      0.00019817    2.75E+07     0.00019817    3.75E+07     2.2139E+05    
   2.76E+07     0.98579      0.0001992     2.76E+07     0.0001992     3.76E+07     2.2217E+05    
   2.77E+07     0.9858       0.00019882    2.77E+07     0.00019882    3.77E+07     2.2322E+05    
   2.78E+07     0.9858       0.00019771    2.78E+07     0.00019771    3.78E+07     2.2407E+05    
   2.79E+07     0.98579      0.00019703    2.79E+07     0.00019703    3.79E+07     2.2353E+05    
   2.8E+07      0.98579      0.00019594    2.8E+07      0.00019594    3.8E+07      2.2389E+05    
   2.81E+07     0.98581      0.00019594    2.81E+07     0.00019594    3.81E+07     2.2489E+05    
   2.82E+07     0.98582      0.00019517    2.82E+07     0.00019517    3.82E+07     2.2554E+05    
   2.83E+07     0.98582      0.00019411    2.83E+07     0.00019411    3.83E+07     2.2545E+05    
   2.84E+07     0.98584      0.00019413    2.84E+07     0.00019413    3.84E+07     2.2157E+05    
   2.85E+07     0.98584      0.0001931     2.85E+07     0.0001931     3.85E+07     2.2045E+05    
   2.86E+07     0.98585      0.00019239    2.86E+07     0.00019239    3.86E+07     2.2145E+05    
   2.87E+07     0.98587      0.00019208    2.87E+07     0.00019208    3.87E+07     2.2225E+05    
   2.88E+07     0.98587      0.00019108    2.88E+07     0.00019108    3.88E+07     2.2321E+05    
   2.89E+07     0.98588      0.00019046    2.89E+07     0.00019046    3.89E+07     2.2062E+05    
   2.9E+07      0.98588      0.00018955    2.9E+07      0.00018955    3.9E+07      2.1919E+05    
   2.91E+07     0.9859       0.00018955    2.91E+07     0.00018955    3.91E+07     2.1996E+05    
   2.92E+07     0.98592      0.00018903    2.92E+07     0.00018903    3.92E+07     2.2093E+05    
   2.93E+07     0.98592      0.00018805    2.93E+07     0.00018805    3.93E+07     2.219E+05     
   2.94E+07     0.98592      0.00018709    2.94E+07     0.00018709    3.94E+07     2.2235E+05    
   2.95E+07     0.9859       0.00018748    2.95E+07     0.00018748    3.95E+07     2.2324E+05    
   2.96E+07     0.9859       0.0001866     2.96E+07     0.0001866     3.96E+07     2.2416E+05    
   2.97E+07     0.98589      0.0001863     2.97E+07     0.0001863     3.97E+07     2.2497E+05    
   2.98E+07     0.9859       0.00018565    2.98E+07     0.00018565    3.98E+07     2.2484E+05    
   2.99E+07     0.98588      0.0001855     2.99E+07     0.0001855     3.99E+07     2.2442E+05    
   3E+07        0.98586      0.00018522    3E+07        0.00018522    4E+07        2.2313E+05    
   3.01E+07     0.98586      0.0001843     3.01E+07     0.0001843     4.01E+07     2.2361E+05    
   3.02E+07     0.98585      0.0001844     3.02E+07     0.0001844     4.02E+07     2.2061E+05    
   3.03E+07     0.98585      0.0001835     3.03E+07     0.0001835     4.03E+07     2.2032E+05    
   3.04E+07     0.98585      0.00018261    3.04E+07     0.00018261    4.04E+07     2.2115E+05    
   3.05E+07     0.98585      0.00018172    3.05E+07     0.00018172    4.05E+07     2.2139E+05    
   3.06E+07     0.98584      0.00018096    3.06E+07     0.00018096    4.06E+07     2.2214E+05    
   3.07E+07     0.98584      0.00018011    3.07E+07     0.00018011    4.07E+07     2.2298E+05    
   3.08E+07     0.98584      0.00017927    3.08E+07     0.00017927    4.08E+07     2.2352E+05    
   3.09E+07     0.98584      0.00017844    3.09E+07     0.00017844    4.09E+07     2.2439E+05    
   3.1E+07      0.98582      0.00017823    3.1E+07      0.00017823    4.1E+07      2.2378E+05    
   3.11E+07     0.98582      0.00017739    3.11E+07     0.00017739    4.11E+07     2.242E+05     
   3.12E+07     0.98579      0.00017914    3.12E+07     0.00017914    4.12E+07     2.2437E+05    
   3.13E+07     0.98578      0.00017865    3.13E+07     0.00017865    4.13E+07     2.2439E+05    
   3.14E+07     0.98576      0.00017888    3.14E+07     0.00017888    4.14E+07     2.2299E+05    
   3.15E+07     0.98576      0.00017814    3.15E+07     0.00017814    4.15E+07     2.2365E+05    
   3.16E+07     0.98577      0.00017766    3.16E+07     0.00017766    4.16E+07     2.2437E+05    
   3.17E+07     0.98578      0.00017715    3.17E+07     0.00017715    4.17E+07     2.2452E+05    
   3.18E+07     0.98576      0.00017683    3.18E+07     0.00017683    4.18E+07     2.2432E+05    
   3.19E+07     0.98578      0.00017646    3.19E+07     0.00017646    4.19E+07     2.2362E+05    
   3.2E+07      0.98576      0.00017668    3.2E+07      0.00017668    4.2E+07      2.245E+05     
   3.21E+07     0.98576      0.00017589    3.21E+07     0.00017589    4.21E+07     2.2536E+05    
   3.22E+07     0.98576      0.00017534    3.22E+07     0.00017534    4.22E+07     2.2616E+05    
   3.23E+07     0.98577      0.00017456    3.23E+07     0.00017456    4.23E+07     2.2489E+05    
   3.24E+07     0.98578      0.00017415    3.24E+07     0.00017415    4.24E+07     2.2387E+05    
   3.25E+07     0.98577      0.00017349    3.25E+07     0.00017349    4.25E+07     2.2276E+05    
   3.26E+07     0.98577      0.00017275    3.26E+07     0.00017275    4.26E+07     2.2248E+05    
   3.27E+07     0.98576      0.00017215    3.27E+07     0.00017215    4.27E+07     2.2323E+05    
   3.28E+07     0.98576      0.00017143    3.28E+07     0.00017143    4.28E+07     2.2392E+05    
   3.29E+07     0.98577      0.00017097    3.29E+07     0.00017097    4.29E+07     2.2478E+05    
   3.3E+07      0.98576      0.0001705     3.3E+07      0.0001705     4.3E+07      2.2556E+05    
   3.31E+07     0.98576      0.0001699     3.31E+07     0.0001699     4.31E+07     2.2643E+05    
   3.32E+07     0.98573      0.00017068    3.32E+07     0.00017068    4.32E+07     2.2537E+05    
   3.33E+07     0.98573      0.00017002    3.33E+07     0.00017002    4.33E+07     2.2587E+05    
   3.34E+07     0.98575      0.00017078    3.34E+07     0.00017078    4.34E+07     2.2586E+05    
   3.35E+07     0.98576      0.00017047    3.35E+07     0.00017047    4.35E+07     2.2654E+05    
   3.36E+07     0.98575      0.00017007    3.36E+07     0.00017007    4.36E+07     2.2714E+05    
   3.37E+07     0.98575      0.00016936    3.37E+07     0.00016936    4.37E+07     2.2797E+05    
   3.38E+07     0.98575      0.00016875    3.38E+07     0.00016875    4.38E+07     2.2753E+05    
   3.39E+07     0.98576      0.00016829    3.39E+07     0.00016829    4.39E+07     2.2816E+05    
   3.4E+07      0.98576      0.0001676     3.4E+07      0.0001676     4.4E+07      2.2831E+05    
   3.41E+07     0.98575      0.0001671     3.41E+07     0.0001671     4.41E+07     2.2911E+05    
   3.42E+07     0.98576      0.00016671    3.42E+07     0.00016671    4.42E+07     2.2953E+05    
   3.43E+07     0.98575      0.00016647    3.43E+07     0.00016647    4.43E+07     2.3012E+05    
   3.44E+07     0.98575      0.00016581    3.44E+07     0.00016581    4.44E+07     2.307E+05     
   3.45E+07     0.98573      0.0001659     3.45E+07     0.0001659     4.45E+07     2.3041E+05    
   3.46E+07     0.98575      0.00016584    3.46E+07     0.00016584    4.46E+07     2.307E+05     
   3.47E+07     0.98574      0.00016524    3.47E+07     0.00016524    4.47E+07     2.3134E+05    
   3.48E+07     0.98575      0.00016461    3.48E+07     0.00016461    4.48E+07     2.314E+05     
   3.49E+07     0.98575      0.00016399    3.49E+07     0.00016399    4.49E+07     2.3218E+05    
   3.5E+07      0.98574      0.00016349    3.5E+07      0.00016349    4.5E+07      2.3242E+05    
   3.51E+07     0.98573      0.00016304    3.51E+07     0.00016304    4.51E+07     2.3252E+05    
   3.52E+07     0.98572      0.00016302    3.52E+07     0.00016302    4.52E+07     2.3307E+05    
   3.53E+07     0.98573      0.00016257    3.53E+07     0.00016257    4.53E+07     2.3188E+05    
   3.54E+07     0.98572      0.00016195    3.54E+07     0.00016195    4.54E+07     2.3239E+05    
   3.55E+07     0.98575      0.00016357    3.55E+07     0.00016357    4.55E+07     2.332E+05     
   3.56E+07     0.98576      0.00016306    3.56E+07     0.00016306    4.56E+07     2.3366E+05    
   3.57E+07     0.98576      0.00016245    3.57E+07     0.00016245    4.57E+07     2.3448E+05    
   3.58E+07     0.98577      0.00016211    3.58E+07     0.00016211    4.58E+07     2.3523E+05    
   3.59E+07     0.98579      0.00016296    3.59E+07     0.00016296    4.59E+07     2.3604E+05    
   3.6E+07      0.98577      0.00016289    3.6E+07      0.00016289    4.6E+07      2.3495E+05    
   3.61E+07     0.98578      0.00016228    3.61E+07     0.00016228    4.61E+07     2.3568E+05    
   3.62E+07     0.98579      0.00016215    3.62E+07     0.00016215    4.62E+07     2.3578E+05    
   3.63E+07     0.98579      0.00016162    3.63E+07     0.00016162    4.63E+07     2.3654E+05    
   3.64E+07     0.98579      0.00016102    3.64E+07     0.00016102    4.64E+07     2.3689E+05    
   3.65E+07     0.9858       0.0001606     3.65E+07     0.0001606     4.65E+07     2.3763E+05    
   3.66E+07     0.9858       0.00016004    3.66E+07     0.00016004    4.66E+07     2.3843E+05    
   3.67E+07     0.98578      0.00016015    3.67E+07     0.00016015    4.67E+07     2.3861E+05    
   3.68E+07     0.98577      0.00015978    3.68E+07     0.00015978    4.68E+07     2.3844E+05    
   3.69E+07     0.98579      0.00015994    3.69E+07     0.00015994    4.69E+07     2.3583E+05    
   3.7E+07      0.98577      0.00016022    3.7E+07      0.00016022    4.7E+07      2.3407E+05    
   3.71E+07     0.98578      0.0001597     3.71E+07     0.0001597     4.71E+07     2.3474E+05    
   3.72E+07     0.98578      0.0001593     3.72E+07     0.0001593     4.72E+07     2.3428E+05    
   3.73E+07     0.9858       0.00015921    3.73E+07     0.00015921    4.73E+07     2.3441E+05    
   3.74E+07     0.98579      0.00015878    3.74E+07     0.00015878    4.74E+07     2.3377E+05    
   3.75E+07     0.9858       0.00015837    3.75E+07     0.00015837    4.75E+07     2.3416E+05    
   3.76E+07     0.9858       0.00015788    3.76E+07     0.00015788    4.76E+07     2.3374E+05    
   3.77E+07     0.9858       0.00015731    3.77E+07     0.00015731    4.77E+07     2.3438E+05    
   3.78E+07     0.9858       0.00015681    3.78E+07     0.00015681    4.78E+07     2.3515E+05    
   3.79E+07     0.98581      0.00015676    3.79E+07     0.00015676    4.79E+07     2.3569E+05    
   3.8E+07      0.98582      0.00015643    3.8E+07      0.00015643    4.8E+07      2.3635E+05    
   3.81E+07     0.98582      0.00015587    3.81E+07     0.00015587    4.81E+07     2.3693E+05    
   3.82E+07     0.98583      0.00015546    3.82E+07     0.00015546    4.82E+07     2.3606E+05    
   3.83E+07     0.98582      0.00015525    3.83E+07     0.00015525    4.83E+07     2.3678E+05    
   3.84E+07     0.98579      0.00015641    3.84E+07     0.00015641    4.84E+07     2.3707E+05    
   3.85E+07     0.98578      0.00015659    3.85E+07     0.00015659    4.85E+07     2.3459E+05    
   3.86E+07     0.98578      0.00015605    3.86E+07     0.00015605    4.86E+07     2.3515E+05    
   3.87E+07     0.98577      0.00015554    3.87E+07     0.00015554    4.87E+07     2.3389E+05    
   3.88E+07     0.98578      0.00015501    3.88E+07     0.00015501    4.88E+07     2.336E+05     
   3.89E+07     0.9858       0.00015572    3.89E+07     0.00015572    4.89E+07     2.3381E+05    
   3.9E+07      0.98581      0.00015604    3.9E+07      0.00015604    4.9E+07      2.3432E+05    
   3.91E+07     0.98581      0.00015553    3.91E+07     0.00015553    4.91E+07     2.3351E+05    
   3.92E+07     0.98581      0.000155      3.92E+07     0.000155      4.92E+07     2.3394E+05    
   3.93E+07     0.98581      0.00015447    3.93E+07     0.00015447    4.93E+07     2.3433E+05    
   3.94E+07     0.98582      0.00015411    3.94E+07     0.00015411    4.94E+07     2.3468E+05    
   3.95E+07     0.98582      0.00015359    3.95E+07     0.00015359    4.95E+07     2.3492E+05    
   3.96E+07     0.98582      0.00015307    3.96E+07     0.00015307    4.96E+07     2.3449E+05    
   3.97E+07     0.98581      0.00015262    3.97E+07     0.00015262    4.97E+07     2.3354E+05    
   3.98E+07     0.98582      0.00015247    3.98E+07     0.00015247    4.98E+07     2.3399E+05    
   3.99E+07     0.98584      0.00015242    3.99E+07     0.00015242    4.99E+07     2.3461E+05    
   4E+07        0.98582      0.00015257    4E+07        0.00015257    5E+07        2.3488E+05    
   4.01E+07     0.98583      0.00015223    4.01E+07     0.00015223    5.01E+07     2.3551E+05    
   4.02E+07     0.98581      0.00015306    4.02E+07     0.00015306    5.02E+07     2.3616E+05    
   4.03E+07     0.9858       0.00015295    4.03E+07     0.00015295    5.03E+07     2.3645E+05    
   4.04E+07     0.9858       0.00015247    4.04E+07     0.00015247    5.04E+07     2.3665E+05    
   4.05E+07     0.98579      0.00015221    4.05E+07     0.00015221    5.05E+07     2.3732E+05    
   4.06E+07     0.98579      0.00015175    4.06E+07     0.00015175    5.06E+07     2.3564E+05    
   4.07E+07     0.98579      0.00015126    4.07E+07     0.00015126    5.07E+07     2.3615E+05    
   4.08E+07     0.98579      0.00015089    4.08E+07     0.00015089    5.08E+07     2.356E+05     
   4.09E+07     0.98579      0.00015042    4.09E+07     0.00015042    5.09E+07     2.3598E+05    
   4.1E+07      0.98578      0.00015044    4.1E+07      0.00015044    5.1E+07      2.364E+05     
   4.11E+07     0.98577      0.0001501     4.11E+07     0.0001501     5.11E+07     2.3707E+05    
   4.12E+07     0.98578      0.00014985    4.12E+07     0.00014985    5.12E+07     2.3709E+05    
   4.13E+07     0.98579      0.00014967    4.13E+07     0.00014967    5.13E+07     2.378E+05     
   4.14E+07     0.98577      0.00014997    4.14E+07     0.00014997    5.14E+07     2.3842E+05    
   4.15E+07     0.98578      0.00014954    4.15E+07     0.00014954    5.15E+07     2.3906E+05    
   4.16E+07     0.98578      0.00014913    4.16E+07     0.00014913    5.16E+07     2.3872E+05    
   4.17E+07     0.98579      0.0001489     4.17E+07     0.0001489     5.17E+07     2.393E+05     
   4.18E+07     0.98578      0.00014879    4.18E+07     0.00014879    5.18E+07     2.3919E+05    
   4.19E+07     0.98579      0.00014881    4.19E+07     0.00014881    5.19E+07     2.3978E+05    
   4.2E+07      0.98579      0.00014835    4.2E+07      0.00014835    5.2E+07      2.4023E+05    
   4.21E+07     0.98579      0.00014789    4.21E+07     0.00014789    5.21E+07     2.4017E+05    
   4.22E+07     0.98579      0.00014746    4.22E+07     0.00014746    5.22E+07     2.4018E+05    
   4.23E+07     0.98581      0.0001477     4.23E+07     0.0001477     5.23E+07     2.4073E+05    
   4.24E+07     0.9858       0.00014787    4.24E+07     0.00014787    5.24E+07     2.4094E+05    
   4.25E+07     0.98578      0.00014806    4.25E+07     0.00014806    5.25E+07     2.4018E+05    
   4.26E+07     0.98579      0.00014799    4.26E+07     0.00014799    5.26E+07     2.4081E+05    
   4.27E+07     0.98579      0.00014757    4.27E+07     0.00014757    5.27E+07     2.4149E+05    
   4.28E+07     0.98579      0.00014717    4.28E+07     0.00014717    5.28E+07     2.4099E+05    
   4.29E+07     0.98579      0.00014672    4.29E+07     0.00014672    5.29E+07     2.415E+05     
   4.3E+07      0.98579      0.00014629    4.3E+07      0.00014629    5.3E+07      2.4074E+05    
   4.31E+07     0.98579      0.00014585    4.31E+07     0.00014585    5.31E+07     2.4103E+05    
   4.32E+07     0.98581      0.000146      4.32E+07     0.000146      5.32E+07     2.4073E+05    
   4.33E+07     0.98581      0.00014568    4.33E+07     0.00014568    5.33E+07     2.4135E+05    
   4.34E+07     0.98582      0.00014551    4.34E+07     0.00014551    5.34E+07     2.4188E+05    
   4.35E+07     0.98583      0.00014513    4.35E+07     0.00014513    5.35E+07     2.4223E+05    
   4.36E+07     0.98583      0.00014476    4.36E+07     0.00014476    5.36E+07     2.4286E+05    
   4.37E+07     0.98583      0.00014433    4.37E+07     0.00014433    5.37E+07     2.4254E+05    
   4.38E+07     0.98584      0.00014431    4.38E+07     0.00014431    5.38E+07     2.4312E+05    
   4.39E+07     0.98584      0.00014395    4.39E+07     0.00014395    5.39E+07     2.4325E+05    
   4.4E+07      0.98584      0.00014373    4.4E+07      0.00014373    5.4E+07      2.4391E+05    
   4.41E+07     0.98584      0.00014332    4.41E+07     0.00014332    5.41E+07     2.4459E+05    
   4.42E+07     0.98585      0.00014303    4.42E+07     0.00014303    5.42E+07     2.4524E+05    
   4.43E+07     0.98585      0.00014269    4.43E+07     0.00014269    5.43E+07     2.4519E+05    
   4.44E+07     0.98585      0.00014232    4.44E+07     0.00014232    5.44E+07     2.4578E+05    
   4.45E+07     0.98584      0.00014224    4.45E+07     0.00014224    5.45E+07     2.4618E+05    
   4.46E+07     0.98583      0.000142      4.46E+07     0.000142      5.46E+07     2.4617E+05    
   4.47E+07     0.98584      0.00014164    4.47E+07     0.00014164    5.47E+07     2.4606E+05    
   4.48E+07     0.98583      0.00014146    4.48E+07     0.00014146    5.48E+07     2.454E+05     
   4.49E+07     0.98583      0.00014107    4.49E+07     0.00014107    5.49E+07     2.4605E+05    
   4.5E+07      0.98584      0.00014084    4.5E+07      0.00014084    5.5E+07      2.4495E+05    
   4.51E+07     0.98583      0.00014066    4.51E+07     0.00014066    5.51E+07     2.4541E+05    
   4.52E+07     0.98583      0.00014031    4.52E+07     0.00014031    5.52E+07     2.4601E+05    
   4.53E+07     0.98582      0.00014052    4.53E+07     0.00014052    5.53E+07     2.4666E+05    
   4.54E+07     0.98582      0.00014021    4.54E+07     0.00014021    5.54E+07     2.4724E+05    
   4.55E+07     0.98582      0.00013982    4.55E+07     0.00013982    5.55E+07     2.4685E+05    
   4.56E+07     0.98583      0.00013951    4.56E+07     0.00013951    5.56E+07     2.4739E+05    
   4.57E+07     0.98583      0.00013912    4.57E+07     0.00013912    5.57E+07     2.4794E+05    
   4.58E+07     0.98583      0.00013874    4.58E+07     0.00013874    5.58E+07     2.4823E+05    
   4.59E+07     0.98583      0.00013836    4.59E+07     0.00013836    5.59E+07     2.4844E+05    
   4.6E+07      0.98584      0.00013852    4.6E+07      0.00013852    5.6E+07      2.485E+05     
   4.61E+07     0.98584      0.00013815    4.61E+07     0.00013815    5.61E+07     2.4898E+05    
   4.62E+07     0.98585      0.00013797    4.62E+07     0.00013797    5.62E+07     2.4953E+05    
   4.63E+07     0.98585      0.00013761    4.63E+07     0.00013761    5.63E+07     2.4956E+05    
   4.64E+07     0.98585      0.00013736    4.64E+07     0.00013736    5.64E+07     2.4892E+05    
   4.65E+07     0.98585      0.00013698    4.65E+07     0.00013698    5.65E+07     2.4956E+05    
   4.66E+07     0.98585      0.00013661    4.66E+07     0.00013661    5.66E+07     2.4908E+05    
   4.67E+07     0.98585      0.00013642    4.67E+07     0.00013642    5.67E+07     2.4961E+05    
   4.68E+07     0.98586      0.00013632    4.68E+07     0.00013632    5.68E+07     2.5013E+05    
   4.69E+07     0.98587      0.00013691    4.69E+07     0.00013691    5.69E+07     2.5073E+05    
   4.7E+07      0.98586      0.00013728    4.7E+07      0.00013728    5.7E+07      2.5115E+05    
   4.71E+07     0.98586      0.00013694    4.71E+07     0.00013694    5.71E+07     2.5146E+05    
   4.72E+07     0.98587      0.00013693    4.72E+07     0.00013693    5.72E+07     2.516E+05     
   4.73E+07     0.98588      0.00013673    4.73E+07     0.00013673    5.73E+07     2.5218E+05    
   4.74E+07     0.98589      0.00013678    4.74E+07     0.00013678    5.74E+07     2.5283E+05    
   4.75E+07     0.98588      0.00013652    4.75E+07     0.00013652    5.75E+07     2.525E+05     
   4.76E+07     0.98587      0.00013651    4.76E+07     0.00013651    5.76E+07     2.5312E+05    
   4.77E+07     0.98587      0.00013616    4.77E+07     0.00013616    5.77E+07     2.5351E+05    
   4.78E+07     0.98587      0.0001358     4.78E+07     0.0001358     5.78E+07     2.516E+05     
   4.79E+07     0.98588      0.0001355     4.79E+07     0.0001355     5.79E+07     2.5122E+05    
   4.8E+07      0.98588      0.00013518    4.8E+07      0.00013518    5.8E+07      2.5158E+05    
   4.81E+07     0.98588      0.00013485    4.81E+07     0.00013485    5.81E+07     2.5151E+05    
   4.82E+07     0.98589      0.00013497    4.82E+07     0.00013497    5.82E+07     2.5183E+05    
   4.83E+07     0.98589      0.00013462    4.83E+07     0.00013462    5.83E+07     2.521E+05     
   4.84E+07     0.9859       0.0001344     4.84E+07     0.0001344     5.84E+07     2.524E+05     
   4.85E+07     0.98588      0.00013496    4.85E+07     0.00013496    5.85E+07     2.525E+05     
   4.86E+07     0.98588      0.00013466    4.86E+07     0.00013466    5.86E+07     2.5304E+05    
   4.87E+07     0.98589      0.00013488    4.87E+07     0.00013488    5.87E+07     2.5328E+05    
   4.88E+07     0.9859       0.00013483    4.88E+07     0.00013483    5.88E+07     2.5388E+05    
   4.89E+07     0.9859       0.00013462    4.89E+07     0.00013462    5.89E+07     2.5405E+05    
   4.9E+07      0.9859       0.00013434    4.9E+07      0.00013434    5.9E+07      2.508E+05     
   4.91E+07     0.98591      0.00013444    4.91E+07     0.00013444    5.91E+07     2.5121E+05    
   4.92E+07     0.98592      0.00013418    4.92E+07     0.00013418    5.92E+07     2.5159E+05    
   4.93E+07     0.98591      0.00013392    4.93E+07     0.00013392    5.93E+07     2.5209E+05    
   4.94E+07     0.98592      0.00013368    4.94E+07     0.00013368    5.94E+07     2.5267E+05    
   4.95E+07     0.98592      0.00013349    4.95E+07     0.00013349    5.95E+07     2.5301E+05    
   4.96E+07     0.98593      0.00013347    4.96E+07     0.00013347    5.96E+07     2.5338E+05    
   4.97E+07     0.98594      0.00013359    4.97E+07     0.00013359    5.97E+07     2.5395E+05    
   4.98E+07     0.98595      0.00013333    4.98E+07     0.00013333    5.98E+07     2.5443E+05    
   4.99E+07     0.98594      0.00013303    4.99E+07     0.00013303    5.99E+07     2.5484E+05    
   5E+07        0.98594      0.00013282    5E+07        0.00013282    6E+07        2.5545E+05    
   5.01E+07     0.98594      0.00013251    5.01E+07     0.00013251    6.01E+07     2.5578E+05    
   5.02E+07     0.98594      0.00013219    5.02E+07     0.00013219    6.02E+07     2.5622E+05    
   5.03E+07     0.98593      0.00013197    5.03E+07     0.00013197    6.03E+07     2.5678E+05    
   5.04E+07     0.98594      0.00013179    5.04E+07     0.00013179    6.04E+07     2.57E+05      
   5.05E+07     0.98594      0.00013147    5.05E+07     0.00013147    6.05E+07     2.5742E+05    
   5.06E+07     0.98593      0.00013181    5.06E+07     0.00013181    6.06E+07     2.5732E+05    
   5.07E+07     0.98592      0.00013153    5.07E+07     0.00013153    6.07E+07     2.5752E+05    
   5.08E+07     0.98591      0.00013156    5.08E+07     0.00013156    6.08E+07     2.5806E+05    
   5.09E+07     0.98592      0.00013132    5.09E+07     0.00013132    6.09E+07     2.5819E+05    
   5.1E+07      0.98592      0.00013107    5.1E+07      0.00013107    6.1E+07      2.5841E+05    
   5.11E+07     0.98592      0.00013076    5.11E+07     0.00013076    6.11E+07     2.5882E+05    
   5.12E+07     0.98593      0.00013063    5.12E+07     0.00013063    6.12E+07     2.56E+05      
   5.13E+07     0.98593      0.00013032    5.13E+07     0.00013032    6.13E+07     2.5526E+05    
   5.14E+07     0.98593      0.00013001    5.14E+07     0.00013001    6.14E+07     2.5416E+05    
   5.15E+07     0.98593      0.00012971    5.15E+07     0.00012971    6.15E+07     2.5475E+05    
   5.16E+07     0.98594      0.00012968    5.16E+07     0.00012968    6.16E+07     2.5509E+05    
   5.17E+07     0.98594      0.0001294     5.17E+07     0.0001294     6.17E+07     2.5519E+05    
   5.18E+07     0.98594      0.00012929    5.18E+07     0.00012929    6.18E+07     2.5424E+05    
   5.19E+07     0.98594      0.00012901    5.19E+07     0.00012901    6.19E+07     2.5416E+05    
   5.2E+07      0.98594      0.00012877    5.2E+07      0.00012877    6.2E+07      2.5464E+05    
   5.21E+07     0.98594      0.00012867    5.21E+07     0.00012867    6.21E+07     2.5261E+05    
   5.22E+07     0.98595      0.00012852    5.22E+07     0.00012852    6.22E+07     2.5313E+05    
   5.23E+07     0.98595      0.00012826    5.23E+07     0.00012826    6.23E+07     2.512E+05     
   5.24E+07     0.98595      0.00012808    5.24E+07     0.00012808    6.24E+07     2.5172E+05    
   5.25E+07     0.98594      0.00012816    5.25E+07     0.00012816    6.25E+07     2.5146E+05    
   5.26E+07     0.98594      0.00012787    5.26E+07     0.00012787    6.26E+07     2.5127E+05    
   5.27E+07     0.98594      0.00012757    5.27E+07     0.00012757    6.27E+07     2.5156E+05    
   5.28E+07     0.98595      0.00012758    5.28E+07     0.00012758    6.28E+07     2.5116E+05    
   5.29E+07     0.98595      0.00012733    5.29E+07     0.00012733    6.29E+07     2.5153E+05    
   5.3E+07      0.98594      0.00012739    5.3E+07      0.00012739    6.3E+07      2.5166E+05    
   5.31E+07     0.98594      0.00012719    5.31E+07     0.00012719    6.31E+07     2.522E+05     
   5.32E+07     0.98595      0.00012716    5.32E+07     0.00012716    6.32E+07     2.5249E+05    
   5.33E+07     0.98595      0.00012687    5.33E+07     0.00012687    6.33E+07     2.5207E+05    
   5.34E+07     0.98595      0.00012661    5.34E+07     0.00012661    6.34E+07     2.5241E+05    
   5.35E+07     0.98596      0.00012639    5.35E+07     0.00012639    6.35E+07     2.5294E+05    
   5.36E+07     0.98596      0.00012611    5.36E+07     0.00012611    6.36E+07     2.5291E+05    
   5.37E+07     0.98596      0.00012608    5.37E+07     0.00012608    6.37E+07     2.5338E+05    
   5.38E+07     0.98596      0.0001258     5.38E+07     0.0001258     6.38E+07     2.524E+05     
   5.39E+07     0.98597      0.00012565    5.39E+07     0.00012565    6.39E+07     2.5219E+05    
   5.4E+07      0.98597      0.00012537    5.4E+07      0.00012537    6.4E+07      2.5132E+05    
   5.41E+07     0.98597      0.00012509    5.41E+07     0.00012509    6.41E+07     2.5165E+05    
   5.42E+07     0.98597      0.00012481    5.42E+07     0.00012481    6.42E+07     2.5189E+05    
   5.43E+07     0.98597      0.00012469    5.43E+07     0.00012469    6.43E+07     2.5244E+05    
   5.44E+07     0.98598      0.00012443    5.44E+07     0.00012443    6.44E+07     2.5284E+05    
   5.45E+07     0.98597      0.00012422    5.45E+07     0.00012422    6.45E+07     2.5186E+05    
   5.46E+07     0.98596      0.0001241     5.46E+07     0.0001241     6.46E+07     2.5218E+05    
   5.47E+07     0.98597      0.00012401    5.47E+07     0.00012401    6.47E+07     2.5248E+05    
   5.48E+07     0.98598      0.00012406    5.48E+07     0.00012406    6.48E+07     2.5258E+05    
   5.49E+07     0.98598      0.00012379    5.49E+07     0.00012379    6.49E+07     2.529E+05     
   5.5E+07      0.98599      0.00012395    5.5E+07      0.00012395    6.5E+07      2.5324E+05    
   5.51E+07     0.98599      0.00012372    5.51E+07     0.00012372    6.51E+07     2.529E+05     
   5.52E+07     0.98599      0.00012346    5.52E+07     0.00012346    6.52E+07     2.5338E+05    
   5.53E+07     0.98599      0.00012319    5.53E+07     0.00012319    6.53E+07     2.5378E+05    
   5.54E+07     0.98599      0.00012294    5.54E+07     0.00012294    6.54E+07     2.5431E+05    
   5.55E+07     0.986        0.00012291    5.55E+07     0.00012291    6.55E+07     2.5484E+05    
   5.56E+07     0.986        0.00012267    5.56E+07     0.00012267    6.56E+07     2.5539E+05    
   5.57E+07     0.986        0.00012242    5.57E+07     0.00012242    6.57E+07     2.5585E+05    
   5.58E+07     0.986        0.00012225    5.58E+07     0.00012225    6.58E+07     2.563E+05     
   5.59E+07     0.98601      0.00012207    5.59E+07     0.00012207    6.59E+07     2.568E+05     
   5.6E+07      0.986        0.00012195    5.6E+07      0.00012195    6.6E+07      2.5688E+05    
   5.61E+07     0.986        0.0001217     5.61E+07     0.0001217     6.61E+07     2.5565E+05    
   5.62E+07     0.986        0.00012146    5.62E+07     0.00012146    6.62E+07     2.5535E+05    
   5.63E+07     0.98599      0.00012134    5.63E+07     0.00012134    6.63E+07     2.5587E+05    
   5.64E+07     0.98599      0.00012135    5.64E+07     0.00012135    6.64E+07     2.5637E+05    
   5.65E+07     0.98599      0.00012109    5.65E+07     0.00012109    6.65E+07     2.5683E+05    
   5.66E+07     0.98598      0.0001211     5.66E+07     0.0001211     6.66E+07     2.5736E+05    
   5.67E+07     0.98598      0.00012085    5.67E+07     0.00012085    6.67E+07     2.5788E+05    
   5.68E+07     0.98598      0.00012062    5.68E+07     0.00012062    6.68E+07     2.5839E+05    
   5.69E+07     0.98598      0.00012037    5.69E+07     0.00012037    6.69E+07     2.5886E+05    
   5.7E+07      0.98598      0.00012016    5.7E+07      0.00012016    6.7E+07      2.5734E+05    
   5.71E+07     0.98598      0.00011997    5.71E+07     0.00011997    6.71E+07     2.5742E+05    
   5.72E+07     0.98599      0.00011984    5.72E+07     0.00011984    6.72E+07     2.5699E+05    
   5.73E+07     0.98599      0.00011959    5.73E+07     0.00011959    6.73E+07     2.5721E+05    
   5.74E+07     0.98599      0.00011934    5.74E+07     0.00011934    6.74E+07     2.5766E+05    
   5.75E+07     0.98598      0.0001193     5.75E+07     0.0001193     6.75E+07     2.5801E+05    
   5.76E+07     0.98598      0.00011905    5.76E+07     0.00011905    6.76E+07     2.5822E+05    
   5.77E+07     0.98598      0.00011886    5.77E+07     0.00011886    6.77E+07     2.5852E+05    
   5.78E+07     0.98597      0.00011921    5.78E+07     0.00011921    6.78E+07     2.5895E+05    
   5.79E+07     0.98596      0.00011918    5.79E+07     0.00011918    6.79E+07     2.5948E+05    
   5.8E+07      0.98596      0.00011899    5.8E+07      0.00011899    6.8E+07      2.5991E+05    
   5.81E+07     0.98596      0.00011891    5.81E+07     0.00011891    6.81E+07     2.6011E+05    
   5.82E+07     0.98597      0.00011874    5.82E+07     0.00011874    6.82E+07     2.6055E+05    
   5.83E+07     0.98597      0.00011856    5.83E+07     0.00011856    6.83E+07     2.6106E+05    
   5.84E+07     0.98597      0.00011839    5.84E+07     0.00011839    6.84E+07     2.6143E+05    
   5.85E+07     0.98596      0.00011827    5.85E+07     0.00011827    6.85E+07     2.6143E+05    
   5.86E+07     0.98596      0.00011804    5.86E+07     0.00011804    6.86E+07     2.6164E+05    
   5.87E+07     0.98595      0.00011788    5.87E+07     0.00011788    6.87E+07     2.6153E+05    
   5.88E+07     0.98595      0.00011763    5.88E+07     0.00011763    6.88E+07     2.6172E+05    
   5.89E+07     0.98596      0.0001175     5.89E+07     0.0001175     6.89E+07     2.621E+05     
   5.9E+07      0.98594      0.00011816    5.9E+07      0.00011816    6.9E+07      2.617E+05     
   5.91E+07     0.98595      0.00011794    5.91E+07     0.00011794    6.91E+07     2.6201E+05    
   5.92E+07     0.98595      0.00011776    5.92E+07     0.00011776    6.92E+07     2.6124E+05    
   5.93E+07     0.98595      0.00011754    5.93E+07     0.00011754    6.93E+07     2.6176E+05    
   5.94E+07     0.98595      0.00011731    5.94E+07     0.00011731    6.94E+07     2.6195E+05    
   5.95E+07     0.98595      0.00011713    5.95E+07     0.00011713    6.95E+07     2.6214E+05    
   5.96E+07     0.98595      0.00011695    5.96E+07     0.00011695    6.96E+07     2.6265E+05    
   5.97E+07     0.98595      0.00011672    5.97E+07     0.00011672    6.97E+07     2.6242E+05    
   5.98E+07     0.98595      0.00011652    5.98E+07     0.00011652    6.98E+07     2.6255E+05    
   5.99E+07     0.98595      0.00011632    5.99E+07     0.00011632    6.99E+07     2.6307E+05    
   6E+07        0.98595      0.00011608    6E+07        0.00011608    7E+07        2.6348E+05    
   6.01E+07     0.98595      0.00011592    6.01E+07     0.00011592    7.01E+07     2.6304E+05    
   6.02E+07     0.98594      0.00011572    6.02E+07     0.00011572    7.02E+07     2.6207E+05    
   6.03E+07     0.98595      0.00011549    6.03E+07     0.00011549    7.03E+07     2.6257E+05    
   6.04E+07     0.98594      0.00011535    6.04E+07     0.00011535    7.04E+07     2.6303E+05    
   6.05E+07     0.98594      0.00011516    6.05E+07     0.00011516    7.05E+07     2.6323E+05    
   6.06E+07     0.98593      0.0001151     6.06E+07     0.0001151     7.06E+07     2.6359E+05    
   6.07E+07     0.98594      0.00011495    6.07E+07     0.00011495    7.07E+07     2.6321E+05    
   6.08E+07     0.98594      0.00011474    6.08E+07     0.00011474    7.08E+07     2.6237E+05    
   6.09E+07     0.98594      0.00011462    6.09E+07     0.00011462    7.09E+07     2.619E+05     
   6.1E+07      0.98594      0.00011447    6.1E+07      0.00011447    7.1E+07      2.6174E+05    
   6.11E+07     0.98594      0.00011429    6.11E+07     0.00011429    7.11E+07     2.6151E+05    
   6.12E+07     0.98593      0.00011481    6.12E+07     0.00011481    7.12E+07     2.6031E+05    
   6.13E+07     0.98592      0.00011489    6.13E+07     0.00011489    7.13E+07     2.6078E+05    
   6.14E+07     0.98593      0.00011505    6.14E+07     0.00011505    7.14E+07     2.6123E+05    
   6.15E+07     0.98593      0.00011482    6.15E+07     0.00011482    7.15E+07     2.6127E+05    
   6.16E+07     0.98593      0.00011464    6.16E+07     0.00011464    7.16E+07     2.6107E+05    
   6.17E+07     0.98593      0.00011453    6.17E+07     0.00011453    7.17E+07     2.5946E+05    
   6.18E+07     0.98592      0.00011465    6.18E+07     0.00011465    7.18E+07     2.5935E+05    
   6.19E+07     0.98593      0.00011458    6.19E+07     0.00011458    7.19E+07     2.5975E+05    
   6.2E+07      0.98593      0.00011437    6.2E+07      0.00011437    7.2E+07      2.5954E+05    
   6.21E+07     0.98594      0.00011474    6.21E+07     0.00011474    7.21E+07     2.5996E+05    
   6.22E+07     0.98594      0.00011453    6.22E+07     0.00011453    7.22E+07     2.5881E+05    
   6.23E+07     0.98595      0.00011488    6.23E+07     0.00011488    7.23E+07     2.593E+05     
   6.24E+07     0.98595      0.00011466    6.24E+07     0.00011466    7.24E+07     2.5974E+05    
   6.25E+07     0.98596      0.00011463    6.25E+07     0.00011463    7.25E+07     2.6017E+05    
   6.26E+07     0.98596      0.00011459    6.26E+07     0.00011459    7.26E+07     2.6009E+05    
   6.27E+07     0.98597      0.00011443    6.27E+07     0.00011443    7.27E+07     2.6056E+05    
   6.28E+07     0.98596      0.00011442    6.28E+07     0.00011442    7.28E+07     2.6102E+05    
   6.29E+07     0.98596      0.00011425    6.29E+07     0.00011425    7.29E+07     2.6114E+05    
   6.3E+07      0.98596      0.00011413    6.3E+07      0.00011413    7.3E+07      2.6141E+05    
   6.31E+07     0.98596      0.00011392    6.31E+07     0.00011392    7.31E+07     2.6112E+05    
   6.32E+07     0.98596      0.00011376    6.32E+07     0.00011376    7.32E+07     2.6019E+05    
   6.33E+07     0.98597      0.00011376    6.33E+07     0.00011376    7.33E+07     2.604E+05     
   6.34E+07     0.98597      0.0001136     6.34E+07     0.0001136     7.34E+07     2.6088E+05    
   6.35E+07     0.98597      0.0001134     6.35E+07     0.0001134     7.35E+07     2.6129E+05    
   6.36E+07     0.98596      0.00011329    6.36E+07     0.00011329    7.36E+07     2.6172E+05    
   6.37E+07     0.98596      0.0001131     6.37E+07     0.0001131     7.37E+07     2.621E+05     
   6.38E+07     0.98595      0.00011323    6.38E+07     0.00011323    7.38E+07     2.6255E+05    
   6.39E+07     0.98596      0.0001132     6.39E+07     0.0001132     7.39E+07     2.6269E+05    
   6.4E+07      0.98597      0.0001133     6.4E+07      0.0001133     7.4E+07      2.6317E+05    
   6.41E+07     0.98596      0.00011313    6.41E+07     0.00011313    7.41E+07     2.6259E+05    
   6.42E+07     0.98596      0.00011299    6.42E+07     0.00011299    7.42E+07     2.6301E+05    
   6.43E+07     0.98596      0.00011278    6.43E+07     0.00011278    7.43E+07     2.6288E+05    
   6.44E+07     0.98596      0.0001126     6.44E+07     0.0001126     7.44E+07     2.63E+05      
   6.45E+07     0.98595      0.00011273    6.45E+07     0.00011273    7.45E+07     2.6308E+05    
   6.46E+07     0.98595      0.00011258    6.46E+07     0.00011258    7.46E+07     2.6326E+05    
   6.47E+07     0.98595      0.00011243    6.47E+07     0.00011243    7.47E+07     2.6353E+05    
   6.48E+07     0.98594      0.0001123     6.48E+07     0.0001123     7.48E+07     2.6301E+05    
   6.49E+07     0.98595      0.00011215    6.49E+07     0.00011215    7.49E+07     2.6269E+05    
   6.5E+07      0.98595      0.00011199    6.5E+07      0.00011199    7.5E+07      2.6314E+05    
   6.51E+07     0.98596      0.00011198    6.51E+07     0.00011198    7.51E+07     2.633E+05     
   6.52E+07     0.98595      0.0001118     6.52E+07     0.0001118     7.52E+07     2.6355E+05    
   6.53E+07     0.98595      0.00011161    6.53E+07     0.00011161    7.53E+07     2.623E+05     
   6.54E+07     0.98595      0.00011141    6.54E+07     0.00011141    7.54E+07     2.6262E+05    
   6.55E+07     0.98595      0.00011121    6.55E+07     0.00011121    7.55E+07     2.6246E+05    
   6.56E+07     0.98595      0.00011101    6.56E+07     0.00011101    7.56E+07     2.6218E+05    
   6.57E+07     0.98595      0.00011081    6.57E+07     0.00011081    7.57E+07     2.6262E+05    
   6.58E+07     0.98596      0.00011063    6.58E+07     0.00011063    7.58E+07     2.6203E+05    
   6.59E+07     0.98596      0.00011044    6.59E+07     0.00011044    7.59E+07     2.6246E+05    
   6.6E+07      0.98596      0.00011035    6.6E+07      0.00011035    7.6E+07      2.6288E+05    
   6.61E+07     0.98597      0.00011052    6.61E+07     0.00011052    7.61E+07     2.6166E+05    
   6.62E+07     0.98597      0.0001105     6.62E+07     0.0001105     7.62E+07     2.6191E+05    
   6.63E+07     0.98597      0.00011031    6.63E+07     0.00011031    7.63E+07     2.6213E+05    
   6.64E+07     0.98597      0.00011012    6.64E+07     0.00011012    7.64E+07     2.6246E+05    
   6.65E+07     0.98597      0.00010993    6.65E+07     0.00010993    7.65E+07     2.6272E+05    
   6.66E+07     0.98597      0.00010973    6.66E+07     0.00010973    7.66E+07     2.6142E+05    
   6.67E+07     0.98597      0.00010954    6.67E+07     0.00010954    7.67E+07     2.6183E+05    
   6.68E+07     0.98597      0.00010935    6.68E+07     0.00010935    7.68E+07     2.6221E+05    
   6.69E+07     0.98597      0.00010916    6.69E+07     0.00010916    7.69E+07     2.6263E+05    
   6.7E+07      0.98596      0.0001094     6.7E+07      0.0001094     7.7E+07      2.6259E+05    
   6.71E+07     0.98596      0.00010931    6.71E+07     0.00010931    7.71E+07     2.6192E+05    
   6.72E+07     0.98595      0.00010931    6.72E+07     0.00010931    7.72E+07     2.6183E+05    
   6.73E+07     0.98596      0.00010918    6.73E+07     0.00010918    7.73E+07     2.6223E+05    
   6.74E+07     0.98596      0.00010901    6.74E+07     0.00010901    7.74E+07     2.6268E+05    
   6.75E+07     0.98596      0.00010885    6.75E+07     0.00010885    7.75E+07     2.6259E+05    
   6.76E+07     0.98596      0.00010873    6.76E+07     0.00010873    7.76E+07     2.6243E+05    
   6.77E+07     0.98596      0.00010858    6.77E+07     0.00010858    7.77E+07     2.6285E+05    
   6.78E+07     0.98596      0.00010841    6.78E+07     0.00010841    7.78E+07     2.6329E+05    
   6.79E+07     0.98596      0.00010822    6.79E+07     0.00010822    7.79E+07     2.6371E+05    
   6.8E+07      0.98596      0.00010806    6.8E+07      0.00010806    7.8E+07      2.6373E+05    
   6.81E+07     0.98596      0.00010793    6.81E+07     0.00010793    7.81E+07     2.6415E+05    
   6.82E+07     0.98597      0.00010777    6.82E+07     0.00010777    7.82E+07     2.6451E+05    
   6.83E+07     0.98597      0.00010758    6.83E+07     0.00010758    7.83E+07     2.6487E+05    
   6.84E+07     0.98596      0.00010743    6.84E+07     0.00010743    7.84E+07     2.6521E+05    
   6.85E+07     0.98596      0.00010734    6.85E+07     0.00010734    7.85E+07     2.6527E+05    
   6.86E+07     0.98596      0.00010722    6.86E+07     0.00010722    7.86E+07     2.657E+05     
   6.87E+07     0.98597      0.00010716    6.87E+07     0.00010716    7.87E+07     2.661E+05     
   6.88E+07     0.98597      0.00010705    6.88E+07     0.00010705    7.88E+07     2.6644E+05    
   6.89E+07     0.98597      0.00010689    6.89E+07     0.00010689    7.89E+07     2.6689E+05    
   6.9E+07      0.98596      0.00010689    6.9E+07      0.00010689    7.9E+07      2.6611E+05    
   6.91E+07     0.98597      0.00010675    6.91E+07     0.00010675    7.91E+07     2.6638E+05    
   6.92E+07     0.98596      0.00010684    6.92E+07     0.00010684    7.92E+07     2.6675E+05    
   6.93E+07     0.98596      0.00010666    6.93E+07     0.00010666    7.93E+07     2.6717E+05    
   6.94E+07     0.98595      0.00010653    6.94E+07     0.00010653    7.94E+07     2.6761E+05    
   6.95E+07     0.98595      0.00010642    6.95E+07     0.00010642    7.95E+07     2.672E+05     
   6.96E+07     0.98595      0.00010625    6.96E+07     0.00010625    7.96E+07     2.6756E+05    
   6.97E+07     0.98596      0.00010622    6.97E+07     0.00010622    7.97E+07     2.6544E+05    
   6.98E+07     0.98595      0.00010611    6.98E+07     0.00010611    7.98E+07     2.6537E+05    
   6.99E+07     0.98595      0.00010593    6.99E+07     0.00010593    7.99E+07     2.6554E+05    
   7E+07        0.98595      0.00010577    7E+07        0.00010577    8E+07        2.6495E+05    
   7.01E+07     0.98595      0.00010579    7.01E+07     0.00010579    8.01E+07     2.6536E+05    
   7.02E+07     0.98594      0.0001059     7.02E+07     0.0001059     8.02E+07     2.6514E+05    
   7.03E+07     0.98594      0.00010573    7.03E+07     0.00010573    8.03E+07     2.6554E+05    
   7.04E+07     0.98594      0.00010556    7.04E+07     0.00010556    8.04E+07     2.6547E+05    
   7.05E+07     0.98594      0.00010545    7.05E+07     0.00010545    8.05E+07     2.658E+05     
   7.06E+07     0.98594      0.00010529    7.06E+07     0.00010529    8.06E+07     2.6552E+05    
   7.07E+07     0.98595      0.0001053     7.07E+07     0.0001053     8.07E+07     2.6594E+05    
   7.08E+07     0.98595      0.00010539    7.08E+07     0.00010539    8.08E+07     2.6621E+05    
   7.09E+07     0.98595      0.00010541    7.09E+07     0.00010541    8.09E+07     2.6575E+05    
   7.1E+07      0.98595      0.00010537    7.1E+07      0.00010537    8.1E+07      2.6586E+05    
   7.11E+07     0.98595      0.00010534    7.11E+07     0.00010534    8.11E+07     2.6621E+05    
   7.12E+07     0.98596      0.00010551    7.12E+07     0.00010551    8.12E+07     2.6597E+05    
   7.13E+07     0.98596      0.00010534    7.13E+07     0.00010534    8.13E+07     2.6592E+05    
   7.14E+07     0.98596      0.00010517    7.14E+07     0.00010517    8.14E+07     2.6564E+05    
   7.15E+07     0.98595      0.00010509    7.15E+07     0.00010509    8.15E+07     2.6601E+05    
   7.16E+07     0.98595      0.00010506    7.16E+07     0.00010506    8.16E+07     2.6643E+05    
   7.17E+07     0.98594      0.00010531    7.17E+07     0.00010531    8.17E+07     2.6678E+05    
   7.18E+07     0.98593      0.00010525    7.18E+07     0.00010525    8.18E+07     2.6694E+05    
   7.19E+07     0.98593      0.0001051     7.19E+07     0.0001051     8.19E+07     2.6716E+05    
   7.2E+07      0.98594      0.00010507    7.2E+07      0.00010507    8.2E+07      2.6756E+05    
   7.21E+07     0.98594      0.00010492    7.21E+07     0.00010492    8.21E+07     2.6759E+05    
   7.22E+07     0.98595      0.00010507    7.22E+07     0.00010507    8.22E+07     2.6789E+05    
   7.23E+07     0.98595      0.0001049     7.23E+07     0.0001049     8.23E+07     2.6832E+05    
   7.24E+07     0.98594      0.00010474    7.24E+07     0.00010474    8.24E+07     2.6873E+05    
   7.25E+07     0.98595      0.00010458    7.25E+07     0.00010458    8.25E+07     2.691E+05     
   7.26E+07     0.98595      0.00010452    7.26E+07     0.00010452    8.26E+07     2.694E+05     
   7.27E+07     0.98595      0.00010436    7.27E+07     0.00010436    8.27E+07     2.6925E+05    
   7.28E+07     0.98595      0.00010419    7.28E+07     0.00010419    8.28E+07     2.6967E+05    
   7.29E+07     0.98595      0.0001041     7.29E+07     0.0001041     8.29E+07     2.6957E+05    
   7.3E+07      0.98596      0.00010397    7.3E+07      0.00010397    8.3E+07      2.6886E+05    
   7.31E+07     0.98596      0.00010396    7.31E+07     0.00010396    8.31E+07     2.6877E+05    
   7.32E+07     0.98597      0.00010407    7.32E+07     0.00010407    8.32E+07     2.6919E+05    
   7.33E+07     0.98597      0.00010396    7.33E+07     0.00010396    8.33E+07     2.6751E+05    
   7.34E+07     0.98597      0.0001038     7.34E+07     0.0001038     8.34E+07     2.679E+05     
   7.35E+07     0.98597      0.00010364    7.35E+07     0.00010364    8.35E+07     2.6798E+05    
   7.36E+07     0.98597      0.00010348    7.36E+07     0.00010348    8.36E+07     2.6839E+05    
   7.37E+07     0.98598      0.00010334    7.37E+07     0.00010334    8.37E+07     2.6825E+05    
   7.38E+07     0.98598      0.00010318    7.38E+07     0.00010318    8.38E+07     2.6849E+05    
   7.39E+07     0.98598      0.00010308    7.39E+07     0.00010308    8.39E+07     2.684E+05     
   7.4E+07      0.98598      0.00010292    7.4E+07      0.00010292    8.4E+07      2.6879E+05    
   7.41E+07     0.98598      0.00010296    7.41E+07     0.00010296    8.41E+07     2.6805E+05    
   7.42E+07     0.98598      0.00010281    7.42E+07     0.00010281    8.42E+07     2.6835E+05    
   7.43E+07     0.98597      0.00010276    7.43E+07     0.00010276    8.43E+07     2.6703E+05    
   7.44E+07     0.98597      0.00010267    7.44E+07     0.00010267    8.44E+07     2.6742E+05    
   7.45E+07     0.98597      0.00010258    7.45E+07     0.00010258    8.45E+07     2.6766E+05    
   7.46E+07     0.98598      0.00010248    7.46E+07     0.00010248    8.46E+07     2.6631E+05    
   7.47E+07     0.98597      0.00010235    7.47E+07     0.00010235    8.47E+07     2.6672E+05    
   7.48E+07     0.98597      0.00010239    7.48E+07     0.00010239    8.48E+07     2.6668E+05    
   7.49E+07     0.98597      0.00010239    7.49E+07     0.00010239    8.49E+07     2.6664E+05    
   7.5E+07      0.98597      0.00010223    7.5E+07      0.00010223    8.5E+07      2.666E+05     
   7.51E+07     0.98597      0.00010213    7.51E+07     0.00010213    8.51E+07     2.6669E+05    
   7.52E+07     0.98597      0.00010201    7.52E+07     0.00010201    8.52E+07     2.6702E+05    
   7.53E+07     0.98598      0.00010219    7.53E+07     0.00010219    8.53E+07     2.6482E+05    
   7.54E+07     0.98598      0.00010206    7.54E+07     0.00010206    8.54E+07     2.6305E+05    
   7.55E+07     0.98597      0.00010202    7.55E+07     0.00010202    8.55E+07     2.6294E+05    
   7.56E+07     0.98598      0.000102      7.56E+07     0.000102      8.56E+07     2.6231E+05    
   7.57E+07     0.98598      0.00010186    7.57E+07     0.00010186    8.57E+07     2.6245E+05    
   7.58E+07     0.98597      0.0001019     7.58E+07     0.0001019     8.58E+07     2.6281E+05    
   7.59E+07     0.98597      0.00010175    7.59E+07     0.00010175    8.59E+07     2.6305E+05    
   7.6E+07      0.98597      0.0001016     7.6E+07      0.0001016     8.6E+07      2.6255E+05    
   7.61E+07     0.98597      0.00010177    7.61E+07     0.00010177    8.61E+07     2.6169E+05    
   7.62E+07     0.98596      0.00010166    7.62E+07     0.00010166    8.62E+07     2.6192E+05    
   7.63E+07     0.98597      0.00010155    7.63E+07     0.00010155    8.63E+07     2.6229E+05    
   7.64E+07     0.98596      0.00010142    7.64E+07     0.00010142    8.64E+07     2.6104E+05    
   7.65E+07     0.98597      0.00010131    7.65E+07     0.00010131    8.65E+07     2.6136E+05    
   7.66E+07     0.98597      0.0001015     7.66E+07     0.0001015     8.66E+07     2.6102E+05    
   7.67E+07     0.98597      0.00010135    7.67E+07     0.00010135    8.67E+07     2.613E+05     
   7.68E+07     0.98598      0.00010121    7.68E+07     0.00010121    8.68E+07     2.6165E+05    
   7.69E+07     0.98597      0.00010106    7.69E+07     0.00010106    8.69E+07     2.6176E+05    
   7.7E+07      0.98597      0.000101      7.7E+07      0.000101      8.7E+07      2.6196E+05    
   7.71E+07     0.98598      0.00010107    7.71E+07     0.00010107    8.71E+07     2.6141E+05    
   7.72E+07     0.98598      0.00010101    7.72E+07     0.00010101    8.72E+07     2.6136E+05    
   7.73E+07     0.98598      0.00010087    7.73E+07     0.00010087    8.73E+07     2.6173E+05    
   7.74E+07     0.98598      0.00010072    7.74E+07     0.00010072    8.74E+07     2.6124E+05    
   7.75E+07     0.98598      0.00010068    7.75E+07     0.00010068    8.75E+07     2.6163E+05    
   7.76E+07     0.98598      0.00010064    7.76E+07     0.00010064    8.76E+07     2.6196E+05    
   7.77E+07     0.98598      0.00010049    7.77E+07     0.00010049    8.77E+07     2.6209E+05    
   7.78E+07     0.98598      0.00010035    7.78E+07     0.00010035    8.78E+07     2.6245E+05    
   7.79E+07     0.98598      0.00010021    7.79E+07     0.00010021    8.79E+07     2.6283E+05    
   7.8E+07      0.98598      0.00010013    7.8E+07      0.00010013    8.8E+07      2.6319E+05    
   7.81E+07     0.98598      9.999E-05     7.81E+07     9.999E-05     8.81E+07     2.635E+05     
   7.82E+07     0.98598      9.9858E-05    7.82E+07     9.9858E-05    8.82E+07     2.6305E+05    
   7.83E+07     0.98599      9.9729E-05    7.83E+07     9.9729E-05    8.83E+07     2.6341E+05    
   7.84E+07     0.98599      9.9592E-05    7.84E+07     9.9592E-05    8.84E+07     2.6378E+05    
   7.85E+07     0.98599      9.9521E-05    7.85E+07     9.9521E-05    8.85E+07     2.6414E+05    
   7.86E+07     0.98599      9.9377E-05    7.86E+07     9.9377E-05    8.86E+07     2.6432E+05    
   7.87E+07     0.98599      9.9242E-05    7.87E+07     9.9242E-05    8.87E+07     2.6343E+05    
   7.88E+07     0.98599      9.9107E-05    7.88E+07     9.9107E-05    8.88E+07     2.6351E+05    
   7.89E+07     0.98599      9.8964E-05    7.89E+07     9.8964E-05    8.89E+07     2.6294E+05    
   7.9E+07      0.986        9.905E-05     7.9E+07      9.905E-05     8.9E+07      2.6296E+05    
   7.91E+07     0.986        9.8937E-05    7.91E+07     9.8937E-05    8.91E+07     2.6327E+05    
   7.92E+07     0.986        9.88E-05      7.92E+07     9.88E-05      8.92E+07     2.6141E+05    
   7.93E+07     0.986        9.8658E-05    7.93E+07     9.8658E-05    8.93E+07     2.6177E+05    
   7.94E+07     0.986        9.8518E-05    7.94E+07     9.8518E-05    8.94E+07     2.6212E+05    
   7.95E+07     0.98599      9.8532E-05    7.95E+07     9.8532E-05    8.95E+07     2.6225E+05    
   7.96E+07     0.98599      9.8397E-05    7.96E+07     9.8397E-05    8.96E+07     2.6229E+05    
   7.97E+07     0.986        9.8726E-05    7.97E+07     9.8726E-05    8.97E+07     2.6262E+05    
   7.98E+07     0.986        9.8681E-05    7.98E+07     9.8681E-05    8.98E+07     2.6161E+05    
   7.99E+07     0.986        9.8588E-05    7.99E+07     9.8588E-05    8.99E+07     2.6194E+05    
   8E+07        0.986        9.8633E-05    8E+07        9.8633E-05    9E+07        2.6218E+05    
   8.01E+07     0.986        9.8496E-05    8.01E+07     9.8496E-05    9.01E+07     2.6141E+05    
   8.02E+07     0.98601      9.8478E-05    8.02E+07     9.8478E-05    9.02E+07     2.6177E+05    
   8.03E+07     0.98601      9.8347E-05    8.03E+07     9.8347E-05    9.03E+07     2.6196E+05    
   8.04E+07     0.986        9.8287E-05    8.04E+07     9.8287E-05    9.04E+07     2.6229E+05    
   8.05E+07     0.986        9.8167E-05    8.05E+07     9.8167E-05    9.05E+07     2.625E+05     
   8.06E+07     0.98601      9.8157E-05    8.06E+07     9.8157E-05    9.06E+07     2.6253E+05    
   8.07E+07     0.98601      9.8022E-05    8.07E+07     9.8022E-05    9.07E+07     2.6279E+05    
   8.08E+07     0.98601      9.7899E-05    8.08E+07     9.7899E-05    9.08E+07     2.6295E+05    
   8.09E+07     0.98601      9.7926E-05    8.09E+07     9.7926E-05    9.09E+07     2.6313E+05    
   8.1E+07      0.98601      9.7845E-05    8.1E+07      9.7845E-05    9.1E+07      2.628E+05     
   8.11E+07     0.98601      9.7724E-05    8.11E+07     9.7724E-05    9.11E+07     2.6294E+05    
   8.12E+07     0.98601      9.7697E-05    8.12E+07     9.7697E-05    9.12E+07     2.6325E+05    
   8.13E+07     0.98602      9.7648E-05    8.13E+07     9.7648E-05    9.13E+07     2.6352E+05    
   8.14E+07     0.98602      9.7643E-05    8.14E+07     9.7643E-05    9.14E+07     2.639E+05     
   8.15E+07     0.98603      9.7517E-05    8.15E+07     9.7517E-05    9.15E+07     2.6363E+05    
   8.16E+07     0.98603      9.7381E-05    8.16E+07     9.7381E-05    9.16E+07     2.6399E+05    
   8.17E+07     0.98603      9.7252E-05    8.17E+07     9.7252E-05    9.17E+07     2.6433E+05    
   8.18E+07     0.98603      9.7166E-05    8.18E+07     9.7166E-05    9.18E+07     2.6466E+05    
   8.19E+07     0.98603      9.7071E-05    8.19E+07     9.7071E-05    9.19E+07     2.6498E+05    
   8.2E+07      0.98603      9.6941E-05    8.2E+07      9.6941E-05    9.2E+07      2.6535E+05    
   8.21E+07     0.98603      9.687E-05     8.21E+07     9.687E-05     9.21E+07     2.6566E+05    
   8.22E+07     0.98604      9.676E-05     8.22E+07     9.676E-05     9.22E+07     2.6589E+05    
   8.23E+07     0.98604      9.6626E-05    8.23E+07     9.6626E-05    9.23E+07     2.6617E+05    
   8.24E+07     0.98604      9.6496E-05    8.24E+07     9.6496E-05    9.24E+07     2.6626E+05    
   8.25E+07     0.98604      9.6364E-05    8.25E+07     9.6364E-05    9.25E+07     2.6605E+05    
   8.26E+07     0.98603      9.6255E-05    8.26E+07     9.6255E-05    9.26E+07     2.6552E+05    
   8.27E+07     0.98603      9.6223E-05    8.27E+07     9.6223E-05    9.27E+07     2.6552E+05    
   8.28E+07     0.98603      9.6093E-05    8.28E+07     9.6093E-05    9.28E+07     2.6554E+05    
   8.29E+07     0.98603      9.6049E-05    8.29E+07     9.6049E-05    9.29E+07     2.648E+05     
   8.3E+07      0.98602      9.6119E-05    8.3E+07      9.6119E-05    9.3E+07      2.6515E+05    
   8.31E+07     0.98602      9.6077E-05    8.31E+07     9.6077E-05    9.31E+07     2.6548E+05    
   8.32E+07     0.98602      9.5947E-05    8.32E+07     9.5947E-05    9.32E+07     2.6555E+05    
   8.33E+07     0.98601      9.6186E-05    8.33E+07     9.6186E-05    9.33E+07     2.6532E+05    
   8.34E+07     0.98601      9.6055E-05    8.34E+07     9.6055E-05    9.34E+07     2.6562E+05    
   8.35E+07     0.98601      9.5985E-05    8.35E+07     9.5985E-05    9.35E+07     2.659E+05     
   8.36E+07     0.98601      9.5855E-05    8.36E+07     9.5855E-05    9.36E+07     2.6622E+05    
   8.37E+07     0.98602      9.5818E-05    8.37E+07     9.5818E-05    9.37E+07     2.6546E+05    
   8.38E+07     0.98601      9.5713E-05    8.38E+07     9.5713E-05    9.38E+07     2.6559E+05    
   8.39E+07     0.98602      9.5676E-05    8.39E+07     9.5676E-05    9.39E+07     2.6555E+05    
   8.4E+07      0.98602      9.5549E-05    8.4E+07      9.5549E-05    9.4E+07      2.657E+05     
   8.41E+07     0.98601      9.5615E-05    8.41E+07     9.5615E-05    9.41E+07     2.6591E+05    
   8.42E+07     0.98601      9.5505E-05    8.42E+07     9.5505E-05    9.42E+07     2.6627E+05    
   8.43E+07     0.98602      9.5688E-05    8.43E+07     9.5688E-05    9.43E+07     2.6615E+05    
   8.44E+07     0.98602      9.5562E-05    8.44E+07     9.5562E-05    9.44E+07     2.6645E+05    
   8.45E+07     0.98602      9.5457E-05    8.45E+07     9.5457E-05    9.45E+07     2.6524E+05    
   8.46E+07     0.98603      9.564E-05     8.46E+07     9.564E-05     9.46E+07     2.6449E+05    
   8.47E+07     0.98603      9.5512E-05    8.47E+07     9.5512E-05    9.47E+07     2.6455E+05    
   8.48E+07     0.98603      9.5463E-05    8.48E+07     9.5463E-05    9.48E+07     2.634E+05     
   8.49E+07     0.98603      9.5412E-05    8.49E+07     9.5412E-05    9.49E+07     2.6197E+05    
   8.5E+07      0.98603      9.5365E-05    8.5E+07      9.5365E-05    9.5E+07      2.6224E+05    
   8.51E+07     0.98603      9.5293E-05    8.51E+07     9.5293E-05    9.51E+07     2.6256E+05    
   8.52E+07     0.98604      9.5181E-05    8.52E+07     9.5181E-05    9.52E+07     2.6275E+05    
   8.53E+07     0.98603      9.5518E-05    8.53E+07     9.5518E-05    9.53E+07     2.6278E+05    
   8.54E+07     0.98602      9.5785E-05    8.54E+07     9.5785E-05    9.54E+07     2.629E+05     
   8.55E+07     0.98602      9.5751E-05    8.55E+07     9.5751E-05    9.55E+07     2.6323E+05    
   8.56E+07     0.98603      9.5811E-05    8.56E+07     9.5811E-05    9.56E+07     2.6354E+05    
   8.57E+07     0.98603      9.572E-05     8.57E+07     9.572E-05     9.57E+07     2.6347E+05    
   8.58E+07     0.98603      9.5601E-05    8.58E+07     9.5601E-05    9.58E+07     2.6379E+05    
   8.59E+07     0.98603      9.5502E-05    8.59E+07     9.5502E-05    9.59E+07     2.6374E+05    
   8.6E+07      0.98604      9.5539E-05    8.6E+07      9.5539E-05    9.6E+07      2.6324E+05    
   8.61E+07     0.98604      9.5643E-05    8.61E+07     9.5643E-05    9.61E+07     2.6297E+05    
   8.62E+07     0.98605      9.5538E-05    8.62E+07     9.5538E-05    9.62E+07     2.6244E+05    
   8.63E+07     0.98605      9.5419E-05    8.63E+07     9.5419E-05    9.63E+07     2.6224E+05    
   8.64E+07     0.98605      9.559E-05     8.64E+07     9.559E-05     9.64E+07     2.6251E+05    
   8.65E+07     0.98606      9.548E-05     8.65E+07     9.548E-05     9.65E+07     2.6271E+05    
   8.66E+07     0.98606      9.548E-05     8.66E+07     9.548E-05     9.66E+07     2.6275E+05    
   8.67E+07     0.98606      9.5376E-05    8.67E+07     9.5376E-05    9.67E+07     2.6299E+05    
   8.68E+07     0.98606      9.5259E-05    8.68E+07     9.5259E-05    9.68E+07     2.6329E+05    
   8.69E+07     0.98606      9.5186E-05    8.69E+07     9.5186E-05    9.69E+07     2.6238E+05    
   8.7E+07      0.98606      9.5092E-05    8.7E+07      9.5092E-05    9.7E+07      2.6272E+05    
   8.71E+07     0.98606      9.514E-05     8.71E+07     9.514E-05     9.71E+07     2.6292E+05    
   8.72E+07     0.98606      9.5094E-05    8.72E+07     9.5094E-05    9.72E+07     2.6318E+05    
   8.73E+07     0.98606      9.4975E-05    8.73E+07     9.4975E-05    9.73E+07     2.6342E+05    
   8.74E+07     0.98605      9.5006E-05    8.74E+07     9.5006E-05    9.74E+07     2.6373E+05    
   8.75E+07     0.98605      9.4883E-05    8.75E+07     9.4883E-05    9.75E+07     2.6396E+05    
   8.76E+07     0.98605      9.4771E-05    8.76E+07     9.4771E-05    9.76E+07     2.6264E+05    
   8.77E+07     0.98606      9.4693E-05    8.77E+07     9.4693E-05    9.77E+07     2.6289E+05    
   8.78E+07     0.98606      9.4574E-05    8.78E+07     9.4574E-05    9.78E+07     2.624E+05     
   8.79E+07     0.98606      9.4452E-05    8.79E+07     9.4452E-05    9.79E+07     2.6261E+05    
   8.8E+07      0.98606      9.4336E-05    8.8E+07      9.4336E-05    9.8E+07      2.6256E+05    
   8.81E+07     0.98606      9.4226E-05    8.81E+07     9.4226E-05    9.81E+07     2.6208E+05    
   8.82E+07     0.98605      9.4247E-05    8.82E+07     9.4247E-05    9.82E+07     2.6152E+05    
   8.83E+07     0.98605      9.4129E-05    8.83E+07     9.4129E-05    9.83E+07     2.6185E+05    
   8.84E+07     0.98605      9.4012E-05    8.84E+07     9.4012E-05    9.84E+07     2.6209E+05    
   8.85E+07     0.98605      9.3896E-05    8.85E+07     9.3896E-05    9.85E+07     2.6205E+05    
   8.86E+07     0.98605      9.3807E-05    8.86E+07     9.3807E-05    9.86E+07     2.6237E+05    
   8.87E+07     0.98606      9.3911E-05    8.87E+07     9.3911E-05    9.87E+07     2.6193E+05    
   8.88E+07     0.98606      9.3847E-05    8.88E+07     9.3847E-05    9.88E+07     2.617E+05     
   8.89E+07     0.98606      9.3898E-05    8.89E+07     9.3898E-05    9.89E+07     2.6155E+05    
   8.9E+07      0.98606      9.3829E-05    8.9E+07      9.3829E-05    9.9E+07      2.6181E+05    
   8.91E+07     0.98606      9.3724E-05    8.91E+07     9.3724E-05    9.91E+07     2.6211E+05    
   8.92E+07     0.98607      9.4004E-05    8.92E+07     9.4004E-05    9.92E+07     2.6242E+05    
   8.93E+07     0.98607      9.389E-05     8.93E+07     9.389E-05     9.93E+07     2.6269E+05    
   8.94E+07     0.98607      9.3774E-05    8.94E+07     9.3774E-05    9.94E+07     2.6303E+05    
   8.95E+07     0.98607      9.3698E-05    8.95E+07     9.3698E-05    9.95E+07     2.6334E+05    
   8.96E+07     0.98607      9.3637E-05    8.96E+07     9.3637E-05    9.96E+07     2.6364E+05    
   8.97E+07     0.98607      9.353E-05     8.97E+07     9.353E-05     9.97E+07     2.6307E+05    
   8.98E+07     0.98607      9.3658E-05    8.98E+07     9.3658E-05    9.98E+07     2.6312E+05    
   8.99E+07     0.98607      9.3542E-05    8.99E+07     9.3542E-05    9.99E+07     2.6196E+05    
   9E+07        0.98607      9.3442E-05    9E+07        9.3442E-05    1E+08        2.6218E+05    
   9.01E+07     0.98606      9.353E-05     9.01E+07     9.353E-05     
   9.02E+07     0.98606      9.3415E-05    9.02E+07     9.3415E-05    
   9.03E+07     0.98606      9.3327E-05    9.03E+07     9.3327E-05    
   9.04E+07     0.98606      9.3213E-05    9.04E+07     9.3213E-05    
   9.05E+07     0.98607      9.3126E-05    9.05E+07     9.3126E-05    
   9.06E+07     0.98607      9.3072E-05    9.06E+07     9.3072E-05    
   9.07E+07     0.98607      9.2968E-05    9.07E+07     9.2968E-05    
   9.08E+07     0.98607      9.2891E-05    9.08E+07     9.2891E-05    
   9.09E+07     0.98607      9.2809E-05    9.09E+07     9.2809E-05    
   9.1E+07      0.98606      9.2818E-05    9.1E+07      9.2818E-05    
   9.11E+07     0.98606      9.2738E-05    9.11E+07     9.2738E-05    
   9.12E+07     0.98606      9.2636E-05    9.12E+07     9.2636E-05    
   9.13E+07     0.98606      9.2536E-05    9.13E+07     9.2536E-05    
   9.14E+07     0.98606      9.2423E-05    9.14E+07     9.2423E-05    
   9.15E+07     0.98606      9.2412E-05    9.15E+07     9.2412E-05    
   9.16E+07     0.98606      9.2302E-05    9.16E+07     9.2302E-05    
   9.17E+07     0.98606      9.219E-05     9.17E+07     9.219E-05     
   9.18E+07     0.98606      9.2085E-05    9.18E+07     9.2085E-05    
   9.19E+07     0.98606      9.1974E-05    9.19E+07     9.1974E-05    
   9.2E+07      0.98606      9.1864E-05    9.2E+07      9.1864E-05    
   9.21E+07     0.98606      9.1762E-05    9.21E+07     9.1762E-05    
   9.22E+07     0.98607      9.1675E-05    9.22E+07     9.1675E-05    
   9.23E+07     0.98606      9.1572E-05    9.23E+07     9.1572E-05    
   9.24E+07     0.98606      9.1506E-05    9.24E+07     9.1506E-05    
   9.25E+07     0.98607      9.1495E-05    9.25E+07     9.1495E-05    
   9.26E+07     0.98606      9.1538E-05    9.26E+07     9.1538E-05    
   9.27E+07     0.98606      9.1485E-05    9.27E+07     9.1485E-05    
   9.28E+07     0.98605      9.143E-05     9.28E+07     9.143E-05     
   9.29E+07     0.98606      9.1511E-05    9.29E+07     9.1511E-05    
   9.3E+07      0.98606      9.14E-05      9.3E+07      9.14E-05      
   9.31E+07     0.98606      9.1291E-05    9.31E+07     9.1291E-05    
   9.32E+07     0.98606      9.123E-05     9.32E+07     9.123E-05     
   9.33E+07     0.98605      9.1224E-05    9.33E+07     9.1224E-05    
   9.34E+07     0.98605      9.1127E-05    9.34E+07     9.1127E-05    
   9.35E+07     0.98605      9.1025E-05    9.35E+07     9.1025E-05    
   9.36E+07     0.98605      9.0921E-05    9.36E+07     9.0921E-05    
   9.37E+07     0.98604      9.1002E-05    9.37E+07     9.1002E-05    
   9.38E+07     0.98605      9.0933E-05    9.38E+07     9.0933E-05    
   9.39E+07     0.98605      9.0887E-05    9.39E+07     9.0887E-05    
   9.4E+07      0.98605      9.0815E-05    9.4E+07      9.0815E-05    
   9.41E+07     0.98606      9.0731E-05    9.41E+07     9.0731E-05    
   9.42E+07     0.98606      9.0623E-05    9.42E+07     9.0623E-05    
   9.43E+07     0.98606      9.0593E-05    9.43E+07     9.0593E-05    
   9.44E+07     0.98606      9.0491E-05    9.44E+07     9.0491E-05    
   9.45E+07     0.98607      9.0649E-05    9.45E+07     9.0649E-05    
   9.46E+07     0.98607      9.0732E-05    9.46E+07     9.0732E-05    
   9.47E+07     0.98607      9.0672E-05    9.47E+07     9.0672E-05    
   9.48E+07     0.98607      9.0816E-05    9.48E+07     9.0816E-05    
   9.49E+07     0.98606      9.1016E-05    9.49E+07     9.1016E-05    
   9.5E+07      0.98606      9.0925E-05    9.5E+07      9.0925E-05    
   9.51E+07     0.98606      9.0824E-05    9.51E+07     9.0824E-05    
   9.52E+07     0.98606      9.0737E-05    9.52E+07     9.0737E-05    
   9.53E+07     0.98605      9.0686E-05    9.53E+07     9.0686E-05    
   9.54E+07     0.98606      9.0618E-05    9.54E+07     9.0618E-05    
   9.55E+07     0.98606      9.0516E-05    9.55E+07     9.0516E-05    
   9.56E+07     0.98606      9.0411E-05    9.56E+07     9.0411E-05    
   9.57E+07     0.98605      9.0378E-05    9.57E+07     9.0378E-05    
   9.58E+07     0.98605      9.0276E-05    9.58E+07     9.0276E-05    
   9.59E+07     0.98606      9.0241E-05    9.59E+07     9.0241E-05    
   9.6E+07      0.98605      9.0271E-05    9.6E+07      9.0271E-05    
   9.61E+07     0.98605      9.027E-05     9.61E+07     9.027E-05     
   9.62E+07     0.98604      9.0312E-05    9.62E+07     9.0312E-05    
   9.63E+07     0.98604      9.0302E-05    9.63E+07     9.0302E-05    
   9.64E+07     0.98604      9.0202E-05    9.64E+07     9.0202E-05    
   9.65E+07     0.98604      9.0125E-05    9.65E+07     9.0125E-05    
   9.66E+07     0.98604      9.0072E-05    9.66E+07     9.0072E-05    
   9.67E+07     0.98604      8.9986E-05    9.67E+07     8.9986E-05    
   9.68E+07     0.98604      8.9885E-05    9.68E+07     8.9885E-05    
   9.69E+07     0.98603      8.9994E-05    9.69E+07     8.9994E-05    
   9.7E+07      0.98603      8.9892E-05    9.7E+07      8.9892E-05    
   9.71E+07     0.98603      8.9811E-05    9.71E+07     8.9811E-05    
   9.72E+07     0.98604      8.9719E-05    9.72E+07     8.9719E-05    
   9.73E+07     0.98604      8.9632E-05    9.73E+07     8.9632E-05    
   9.74E+07     0.98604      8.9535E-05    9.74E+07     8.9535E-05    
   9.75E+07     0.98604      8.9451E-05    9.75E+07     8.9451E-05    
   9.76E+07     0.98603      8.9628E-05    9.76E+07     8.9628E-05    
   9.77E+07     0.98603      8.9539E-05    9.77E+07     8.9539E-05    
   9.78E+07     0.98602      8.9578E-05    9.78E+07     8.9578E-05    
   9.79E+07     0.98602      8.95E-05      9.79E+07     8.95E-05      
   9.8E+07      0.98602      8.9457E-05    9.8E+07      8.9457E-05    
   9.81E+07     0.98602      8.9496E-05    9.81E+07     8.9496E-05    
   9.82E+07     0.98602      8.9547E-05    9.82E+07     8.9547E-05    
   9.83E+07     0.98602      8.9446E-05    9.83E+07     8.9446E-05    
   9.84E+07     0.98602      8.9355E-05    9.84E+07     8.9355E-05    
   9.85E+07     0.98602      8.9319E-05    9.85E+07     8.9319E-05    
   9.86E+07     0.98602      8.9218E-05    9.86E+07     8.9218E-05    
   9.87E+07     0.98602      8.925E-05     9.87E+07     8.925E-05     
   9.88E+07     0.98602      8.9244E-05    9.88E+07     8.9244E-05    
   9.89E+07     0.98602      8.9221E-05    9.89E+07     8.9221E-05    
   9.9E+07      0.98603      8.9133E-05    9.9E+07      8.9133E-05    
   9.91E+07     0.98603      8.904E-05     9.91E+07     8.904E-05     
   9.92E+07     0.98603      8.8944E-05    9.92E+07     8.8944E-05    
   9.93E+07     0.98603      8.8847E-05    9.93E+07     8.8847E-05    
   9.94E+07     0.98603      8.8748E-05    9.94E+07     8.8748E-05    
   9.95E+07     0.98603      8.8649E-05    9.95E+07     8.8649E-05    
   9.96E+07     0.98603      8.8556E-05    9.96E+07     8.8556E-05    
   9.97E+07     0.98603      8.8604E-05    9.97E+07     8.8604E-05    
   9.98E+07     0.98603      8.8553E-05    9.98E+07     8.8553E-05    
   9.99E+07     0.98602      8.8703E-05    9.99E+07     8.8703E-05    
   1E+08        0.98602      8.8624E-05    1E+08        8.8624E-05    
