# This file is written with the intent of being used to plot the data with 
# Gnuplot.  It contains no information regarding how the plot should be 
# formatted.
# =========================================================================
# Research/ArnoldivsPower -f Power1-45.dat -t 100000 -A -c 100 -C 900 -w 20 -b 75 -r  seed = 1719871036
# filename = Power1-45.dat, run = true, power = true, Arnoldi = false, storevectors = 0, raw = false, evectors = 2, evalues = 2, residual = false, arnoldimethod = implicit, tol = 2.22045e-16, verbose = 1, seed = 0, width = 20, bins = 75, acycles = 900, incycles = 100, active = 20, inactive = 0, Iterations = 10, numValues = 2, relaxed = 0, tracks = 100000, ignore_rest = false, version = false, help = false, 

#  1            2            3             4            5             6            7             8            9            
# |-            Power values           -| |-   Power eValues SD   -| |-       FOM-Power      -| |-     Power vector     -| 
#  x-coord      y-coord      error         x-coord      y-coord       x-coord      y-coord       x-coord      y-coord       
   1E+05        0.95916      0             1E+05        0             1.01E+07     0             0.13333      0.017486      
   2E+05        0.96572      0             2E+05        0             1.02E+07     10267         0.4          0.024743      
   3E+05        0.97183      0             3E+05        0             1.03E+07     20486         0.66667      0.031023      
   4E+05        0.97179      0             4E+05        0             1.04E+07     22706         0.93333      0.037071      
   5E+05        0.97257      0             5E+05        0             1.05E+07     35142         1.2          0.043487      
   6E+05        0.98284      0             6E+05        0             1.06E+07     48606         1.4667       0.049437      
   7E+05        0.98474      0             7E+05        0             1.07E+07     34372         1.7333       0.055087      
   8E+05        0.98127      0             8E+05        0             1.08E+07     43374         2            0.060955      
   9E+05        0.98133      0             9E+05        0             1.09E+07     52513         2.2667       0.066829      
   1E+06        0.98357      0             1E+06        0             1.1E+07      64006         2.5333       0.072087      
   1.1E+06      0.98371      0             1.1E+06      0             1.11E+07     58967         2.8          0.077524      
   1.2E+06      0.98287      0             1.2E+06      0             1.12E+07     69314         3.0667       0.082914      
   1.3E+06      0.98588      0             1.3E+06      0             1.13E+07     65520         3.3333       0.087911      
   1.4E+06      0.98727      0             1.4E+06      0             1.14E+07     71697         3.6          0.093337      
   1.5E+06      0.98398      0             1.5E+06      0             1.15E+07     80066         3.8667       0.097961      
   1.6E+06      0.9813       0             1.6E+06      0             1.16E+07     85363         4.1333       0.10279       
   1.7E+06      0.98743      0             1.7E+06      0             1.17E+07     92129         4.4          0.10702       
   1.8E+06      0.98336      0             1.8E+06      0             1.18E+07     95767         4.6667       0.11167       
   1.9E+06      0.98654      0             1.9E+06      0             1.19E+07     1.0567E+05    4.9333       0.11607       
   2E+06        0.98799      0             2E+06        0             1.2E+07      1.0724E+05    5.2          0.1204        
   2.1E+06      0.98703      0             2.1E+06      0             1.21E+07     1.1678E+05    5.4667       0.12458       
   2.2E+06      0.98495      0             2.2E+06      0             1.22E+07     1.0942E+05    5.7333       0.12794       
   2.3E+06      0.98808      0             2.3E+06      0             1.23E+07     1.1803E+05    6            0.13158       
   2.4E+06      0.98303      0             2.4E+06      0             1.24E+07     1.2563E+05    6.2667       0.1349        
   2.5E+06      0.98142      0             2.5E+06      0             1.25E+07     1.3395E+05    6.5333       0.13826       
   2.6E+06      0.98535      0             2.6E+06      0             1.26E+07     1.3484E+05    6.8          0.14101       
   2.7E+06      0.9838       0             2.7E+06      0             1.27E+07     1.3422E+05    7.0667       0.14367       
   2.8E+06      0.98738      0             2.8E+06      0             1.28E+07     1.4213E+05    7.3333       0.14581       
   2.9E+06      0.99202      0             2.9E+06      0             1.29E+07     1.4606E+05    7.6          0.14816       
   3E+06        0.98936      0             3E+06        0             1.3E+07      1.5288E+05    7.8667       0.15033       
   3.1E+06      0.98366      0             3.1E+06      0             1.31E+07     1.6173E+05    8.1333       0.15208       
   3.2E+06      0.98112      0             3.2E+06      0             1.32E+07     1.7095E+05    8.4          0.15356       
   3.3E+06      0.98432      0             3.3E+06      0             1.33E+07     1.7956E+05    8.6667       0.15472       
   3.4E+06      0.986        0             3.4E+06      0             1.34E+07     1.7984E+05    8.9333       0.15555       
   3.5E+06      0.98816      0             3.5E+06      0             1.35E+07     1.7516E+05    9.2          0.15672       
   3.6E+06      0.98655      0             3.6E+06      0             1.36E+07     1.6702E+05    9.4667       0.15726       
   3.7E+06      0.98093      0             3.7E+06      0             1.37E+07     1.2429E+05    9.7333       0.1576        
   3.8E+06      0.98426      0             3.8E+06      0             1.38E+07     1.2495E+05    10           0.15801       
   3.9E+06      0.98454      0             3.9E+06      0             1.39E+07     1.2861E+05    10.267       0.1576        
   4E+06        0.98239      0             4E+06        0             1.4E+07      1.3052E+05    10.533       0.15721       
   4.1E+06      0.98565      0             4.1E+06      0             1.41E+07     1.308E+05     10.8         0.15705       
   4.2E+06      0.98756      0             4.2E+06      0             1.42E+07     1.3624E+05    11.067       0.15604       
   4.3E+06      0.99321      0             4.3E+06      0             1.43E+07     1.3086E+05    11.333       0.15486       
   4.4E+06      0.98832      0             4.4E+06      0             1.44E+07     1.3568E+05    11.6         0.15347       
   4.5E+06      0.98551      0             4.5E+06      0             1.45E+07     1.3952E+05    11.867       0.15216       
   4.6E+06      0.98799      0             4.6E+06      0             1.46E+07     1.448E+05     12.133       0.1505        
   4.7E+06      0.9806       0             4.7E+06      0             1.47E+07     1.4706E+05    12.4         0.14832       
   4.8E+06      0.98788      0             4.8E+06      0             1.48E+07     1.5189E+05    12.667       0.14601       
   4.9E+06      0.98798      0             4.9E+06      0             1.49E+07     1.5571E+05    12.933       0.14322       
   5E+06        0.98182      0             5E+06        0             1.5E+07      1.6037E+05    13.2         0.1406        
   5.1E+06      0.98146      0             5.1E+06      0             1.51E+07     1.3772E+05    13.467       0.13819       
   5.2E+06      0.98794      0             5.2E+06      0             1.52E+07     1.4195E+05    13.733       0.13459       
   5.3E+06      0.98817      0             5.3E+06      0             1.53E+07     1.4652E+05    14           0.13112       
   5.4E+06      0.98374      0             5.4E+06      0             1.54E+07     1.5082E+05    14.267       0.12764       
   5.5E+06      0.98639      0             5.5E+06      0             1.55E+07     1.5183E+05    14.533       0.12396       
   5.6E+06      0.98558      0             5.6E+06      0             1.56E+07     1.5492E+05    14.8         0.1199        
   5.7E+06      0.98385      0             5.7E+06      0             1.57E+07     1.5938E+05    15.067       0.11574       
   5.8E+06      0.98663      0             5.8E+06      0             1.58E+07     1.6398E+05    15.333       0.11184       
   5.9E+06      0.98232      0             5.9E+06      0             1.59E+07     1.6787E+05    15.6         0.1069        
   6E+06        0.99186      0             6E+06        0             1.6E+07      1.7144E+05    15.867       0.10244       
   6.1E+06      0.98762      0             6.1E+06      0             1.61E+07     1.7428E+05    16.133       0.097678      
   6.2E+06      0.98658      0             6.2E+06      0             1.62E+07     1.7544E+05    16.4         0.092728      
   6.3E+06      0.98929      0             6.3E+06      0             1.63E+07     1.7963E+05    16.667       0.088049      
   6.4E+06      0.9883       0             6.4E+06      0             1.64E+07     1.8311E+05    16.933       0.082764      
   6.5E+06      0.98528      0             6.5E+06      0             1.65E+07     1.8536E+05    17.2         0.077848      
   6.6E+06      0.9855       0             6.6E+06      0             1.66E+07     1.8997E+05    17.467       0.07236       
   6.7E+06      0.98716      0             6.7E+06      0             1.67E+07     1.869E+05     17.733       0.066895      
   6.8E+06      0.98643      0             6.8E+06      0             1.68E+07     1.9067E+05    18           0.061294      
   6.9E+06      0.98703      0             6.9E+06      0             1.69E+07     1.8928E+05    18.267       0.055234      
   7E+06        0.98377      0             7E+06        0             1.7E+07      1.8702E+05    18.533       0.049447      
   7.1E+06      0.98542      0             7.1E+06      0             1.71E+07     1.9112E+05    18.8         0.043416      
   7.2E+06      0.98778      0             7.2E+06      0             1.72E+07     1.9219E+05    19.067       0.037451      
   7.3E+06      0.98917      0             7.3E+06      0             1.73E+07     1.9631E+05    19.333       0.031139      
   7.4E+06      0.98503      0             7.4E+06      0             1.74E+07     1.9196E+05    19.6         0.024662      
   7.5E+06      0.98406      0             7.5E+06      0             1.75E+07     1.96E+05      19.867       0.017663      
   7.6E+06      0.99102      0             7.6E+06      0             1.76E+07     1.966E+05     
   7.7E+06      0.98662      0             7.7E+06      0             1.77E+07     1.6699E+05    
   7.8E+06      0.98782      0             7.8E+06      0             1.78E+07     1.6606E+05    
   7.9E+06      0.98793      0             7.9E+06      0             1.79E+07     1.6754E+05    
   8E+06        0.98825      0             8E+06        0             1.8E+07      1.7059E+05    
   8.1E+06      0.98836      0             8.1E+06      0             1.81E+07     1.7278E+05    
   8.2E+06      0.98674      0             8.2E+06      0             1.82E+07     1.7591E+05    
   8.3E+06      0.98642      0             8.3E+06      0             1.83E+07     1.7914E+05    
   8.4E+06      0.98734      0             8.4E+06      0             1.84E+07     1.7871E+05    
   8.5E+06      0.98492      0             8.5E+06      0             1.85E+07     1.7765E+05    
   8.6E+06      0.98735      0             8.6E+06      0             1.86E+07     1.7827E+05    
   8.7E+06      0.98196      0             8.7E+06      0             1.87E+07     1.8141E+05    
   8.8E+06      0.98571      0             8.8E+06      0             1.88E+07     1.8241E+05    
   8.9E+06      0.98938      0             8.9E+06      0             1.89E+07     1.8549E+05    
   9E+06        0.98401      0             9E+06        0             1.9E+07      1.8314E+05    
   9.1E+06      0.98605      0             9.1E+06      0             1.91E+07     1.8156E+05    
   9.2E+06      0.9894       0             9.2E+06      0             1.92E+07     1.8145E+05    
   9.3E+06      0.98232      0             9.3E+06      0             1.93E+07     1.814E+05     
   9.4E+06      0.98264      0             9.4E+06      0             1.94E+07     1.8297E+05    
   9.5E+06      0.98374      0             9.5E+06      0             1.95E+07     1.7696E+05    
   9.6E+06      0.98382      0             9.6E+06      0             1.96E+07     1.78E+05      
   9.7E+06      0.98347      0             9.7E+06      0             1.97E+07     1.8011E+05    
   9.8E+06      0.98555      0             9.8E+06      0             1.98E+07     1.788E+05     
   9.9E+06      0.9854       0             9.9E+06      0             1.99E+07     1.7855E+05    
   1E+07        0.98992      0             1E+07        0             2E+07        1.7803E+05    
   1.01E+07     0.987        3.7834E-09    1.01E+07     3.7834E-09    2.01E+07     1.8074E+05    
   1.02E+07     0.98498      0.0014272     1.02E+07     0.0014272     2.02E+07     1.8327E+05    
   1.03E+07     0.98538      0.0010056     1.03E+07     0.0010056     2.03E+07     1.8368E+05    
   1.04E+07     0.98604      0.00095039    1.04E+07     0.00095039    2.04E+07     1.8512E+05    
   1.05E+07     0.98603      0.00076037    1.05E+07     0.00076037    2.05E+07     1.8589E+05    
   1.06E+07     0.98591      0.00064283    1.06E+07     0.00064283    2.06E+07     1.8722E+05    
   1.07E+07     0.98648      0.000761      1.07E+07     0.000761      2.07E+07     1.8606E+05    
   1.08E+07     0.98637      0.0006744     1.08E+07     0.0006744     2.08E+07     1.8696E+05    
   1.09E+07     0.98649      0.0006101     1.09E+07     0.0006101     2.09E+07     1.8456E+05    
   1.1E+07      0.98652      0.00054993    1.1E+07      0.00054993    2.1E+07      1.859E+05     
   1.11E+07     0.98623      0.00057028    1.11E+07     0.00057028    2.11E+07     1.8274E+05    
   1.12E+07     0.98627      0.00052371    1.12E+07     0.00052371    2.12E+07     1.8426E+05    
   1.13E+07     0.98602      0.0005362     1.13E+07     0.0005362     2.13E+07     1.8625E+05    
   1.14E+07     0.98591      0.00051022    1.14E+07     0.00051022    2.14E+07     1.8857E+05    
   1.15E+07     0.98598      0.00048069    1.15E+07     0.00048069    2.15E+07     1.9071E+05    
   1.16E+07     0.98609      0.00046359    1.16E+07     0.00046359    2.16E+07     1.8884E+05    
   1.17E+07     0.986        0.00044426    1.17E+07     0.00044426    2.17E+07     1.874E+05     
   1.18E+07     0.98589      0.00043379    1.18E+07     0.00043379    2.18E+07     1.8909E+05    
   1.19E+07     0.98587      0.00041127    1.19E+07     0.00041127    2.19E+07     1.9138E+05    
   1.2E+07      0.98576      0.00040642    1.2E+07      0.00040642    2.2E+07      1.9012E+05    
   1.21E+07     0.98573      0.00038788    1.21E+07     0.00038788    2.21E+07     1.8918E+05    
   1.22E+07     0.98558      0.00039903    1.22E+07     0.00039903    2.22E+07     1.9129E+05    
   1.23E+07     0.98555      0.00038264    1.23E+07     0.00038264    2.23E+07     1.9353E+05    
   1.24E+07     0.98551      0.00036933    1.24E+07     0.00036933    2.24E+07     1.9341E+05    
   1.25E+07     0.98554      0.00035629    1.25E+07     0.00035629    2.25E+07     1.9484E+05    
   1.26E+07     0.98563      0.00035366    1.26E+07     0.00035366    2.26E+07     1.9678E+05    
   1.27E+07     0.98554      0.00035306    1.27E+07     0.00035306    2.27E+07     1.9845E+05    
   1.28E+07     0.98551      0.00034171    1.28E+07     0.00034171    2.28E+07     2.0069E+05    
   1.29E+07     0.98544      0.00033582    1.29E+07     0.00033582    2.29E+07     2.0082E+05    
   1.3E+07      0.9854       0.00032702    1.3E+07      0.00032702    2.3E+07      2.0151E+05    
   1.31E+07     0.9854       0.00031656    1.31E+07     0.00031656    2.31E+07     2.0308E+05    
   1.32E+07     0.9854       0.00030678    1.32E+07     0.00030678    2.32E+07     2.0468E+05    
   1.33E+07     0.98542      0.00029816    1.33E+07     0.00029816    2.33E+07     2.0544E+05    
   1.34E+07     0.98536      0.00029686    1.34E+07     0.00029686    2.34E+07     2.0746E+05    
   1.35E+07     0.98544      0.00029947    1.35E+07     0.00029947    2.35E+07     2.0946E+05    
   1.36E+07     0.98553      0.00030558    1.36E+07     0.00030558    2.36E+07     2.095E+05     
   1.37E+07     0.98573      0.0003529     1.37E+07     0.0003529     2.37E+07     2.1167E+05    
   1.38E+07     0.9858       0.00035074    1.38E+07     0.00035074    2.38E+07     2.1357E+05    
   1.39E+07     0.98584      0.00034432    1.39E+07     0.00034432    2.39E+07     2.1041E+05    
   1.4E+07      0.98578      0.00034061    1.4E+07      0.00034061    2.4E+07      2.1E+05       
   1.41E+07     0.98585      0.00033899    1.41E+07     0.00033899    2.41E+07     2.1157E+05    
   1.42E+07     0.98586      0.00033102    1.42E+07     0.00033102    2.42E+07     2.1355E+05    
   1.43E+07     0.98576      0.00033649    1.43E+07     0.00033649    2.43E+07     2.1461E+05    
   1.44E+07     0.98578      0.00032932    1.44E+07     0.00032932    2.44E+07     2.1579E+05    
   1.45E+07     0.98575      0.00032368    1.45E+07     0.00032368    2.45E+07     2.1265E+05    
   1.46E+07     0.98575      0.00031666    1.46E+07     0.00031666    2.46E+07     2.1455E+05    
   1.47E+07     0.9858       0.00031317    1.47E+07     0.00031317    2.47E+07     2.1553E+05    
   1.48E+07     0.98581      0.00030694    1.48E+07     0.00030694    2.48E+07     2.172E+05     
   1.49E+07     0.98584      0.00030217    1.49E+07     0.00030217    2.49E+07     2.191E+05     
   1.5E+07      0.98586      0.00029674    1.5E+07      0.00029674    2.5E+07      2.2041E+05    
   1.51E+07     0.98599      0.00031919    1.51E+07     0.00031919    2.51E+07     2.2216E+05    
   1.52E+07     0.98598      0.00031322    1.52E+07     0.00031322    2.52E+07     2.2417E+05    
   1.53E+07     0.98598      0.00030733    1.53E+07     0.00030733    2.53E+07     2.2625E+05    
   1.54E+07     0.98596      0.00030194    1.54E+07     0.00030194    2.54E+07     2.2588E+05    
   1.55E+07     0.98601      0.00029993    1.55E+07     0.00029993    2.55E+07     2.2712E+05    
   1.56E+07     0.98604      0.00029592    1.56E+07     0.00029592    2.56E+07     2.2587E+05    
   1.57E+07     0.98603      0.00029081    1.57E+07     0.00029081    2.57E+07     2.2774E+05    
   1.58E+07     0.98603      0.00028582    1.58E+07     0.00028582    2.58E+07     2.2935E+05    
   1.59E+07     0.98601      0.0002816     1.59E+07     0.0002816     2.59E+07     2.2886E+05    
   1.6E+07      0.98603      0.00027771    1.6E+07      0.00027771    2.6E+07      2.2977E+05    
   1.61E+07     0.98606      0.00027456    1.61E+07     0.00027456    2.61E+07     2.3118E+05    
   1.62E+07     0.98602      0.00027284    1.62E+07     0.00027284    2.62E+07     2.332E+05     
   1.63E+07     0.98601      0.00026879    1.63E+07     0.00026879    2.63E+07     2.3494E+05    
   1.64E+07     0.98599      0.00026531    1.64E+07     0.00026531    2.64E+07     2.354E+05     
   1.65E+07     0.98602      0.00026286    1.65E+07     0.00026286    2.65E+07     2.3698E+05    
   1.66E+07     0.98601      0.0002589     1.66E+07     0.0002589     2.66E+07     2.3899E+05    
   1.67E+07     0.98607      0.00026021    1.67E+07     0.00026021    2.67E+07     2.4047E+05    
   1.68E+07     0.98608      0.00025675    1.68E+07     0.00025675    2.68E+07     2.4227E+05    
   1.69E+07     0.98604      0.00025695    1.69E+07     0.00025695    2.69E+07     2.4184E+05    
   1.7E+07      0.98599      0.00025773    1.7E+07      0.00025773    2.7E+07      2.3165E+05    
   1.71E+07     0.986        0.00025424    1.71E+07     0.00025424    2.71E+07     2.3185E+05    
   1.72E+07     0.98603      0.00025268    1.72E+07     0.00025268    2.72E+07     2.3371E+05    
   1.73E+07     0.98602      0.00024929    1.73E+07     0.00024929    2.73E+07     2.2866E+05    
   1.74E+07     0.98597      0.00025137    1.74E+07     0.00025137    2.74E+07     2.2888E+05    
   1.75E+07     0.98596      0.00024807    1.75E+07     0.00024807    2.75E+07     2.3012E+05    
   1.76E+07     0.98593      0.000247      1.76E+07     0.000247      2.76E+07     2.3191E+05    
   1.77E+07     0.98582      0.00026719    1.77E+07     0.00026719    2.77E+07     2.3356E+05    
   1.78E+07     0.98586      0.00026716    1.78E+07     0.00026716    2.78E+07     2.3375E+05    
   1.79E+07     0.98589      0.00026526    1.79E+07     0.00026526    2.79E+07     2.2473E+05    
   1.8E+07      0.98588      0.00026217    1.8E+07      0.00026217    2.8E+07      2.2617E+05    
   1.81E+07     0.98586      0.00025969    1.81E+07     0.00025969    2.81E+07     2.2668E+05    
   1.82E+07     0.98585      0.00025669    1.82E+07     0.00025669    2.82E+07     2.2799E+05    
   1.83E+07     0.98586      0.00025365    1.83E+07     0.00025365    2.83E+07     2.2649E+05    
   1.84E+07     0.98589      0.00025329    1.84E+07     0.00025329    2.84E+07     2.2812E+05    
   1.85E+07     0.98593      0.00025327    1.85E+07     0.00025327    2.85E+07     2.2794E+05    
   1.86E+07     0.9859       0.00025217    1.86E+07     0.00025217    2.86E+07     2.2905E+05    
   1.87E+07     0.9859       0.00024928    1.87E+07     0.00024928    2.87E+07     2.2747E+05    
   1.88E+07     0.98593      0.00024796    1.88E+07     0.00024796    2.88E+07     2.2475E+05    
   1.89E+07     0.98593      0.00024517    1.89E+07     0.00024517    2.89E+07     2.2593E+05    
   1.9E+07      0.98589      0.00024611    1.9E+07      0.00024611    2.9E+07      2.1849E+05    
   1.91E+07     0.98585      0.00024651    1.91E+07     0.00024651    2.91E+07     2.1878E+05    
   1.92E+07     0.98582      0.00024597    1.92E+07     0.00024597    2.92E+07     2.2028E+05    
   1.93E+07     0.98579      0.00024532    1.93E+07     0.00024532    2.93E+07     2.1866E+05    
   1.94E+07     0.98576      0.00024363    1.94E+07     0.00024363    2.94E+07     2.2013E+05    
   1.95E+07     0.98571      0.00024711    1.95E+07     0.00024711    2.95E+07     2.2098E+05    
   1.96E+07     0.98573      0.00024576    1.96E+07     0.00024576    2.96E+07     2.2094E+05    
   1.97E+07     0.98572      0.00024365    1.97E+07     0.00024365    2.97E+07     2.2209E+05    
   1.98E+07     0.98576      0.00024392    1.98E+07     0.00024392    2.98E+07     2.2288E+05    
   1.99E+07     0.98579      0.0002435     1.99E+07     0.0002435     2.99E+07     2.2434E+05    
   2E+07        0.98576      0.00024322    2E+07        0.00024322    3E+07        2.2563E+05    
   2.01E+07     0.98576      0.00024081    2.01E+07     0.00024081    3.01E+07     2.2695E+05    
   2.02E+07     0.98576      0.00023848    2.02E+07     0.00023848    3.02E+07     2.2723E+05    
   2.03E+07     0.98573      0.00023766    2.03E+07     0.00023766    3.03E+07     2.2869E+05    
   2.04E+07     0.98575      0.00023616    2.04E+07     0.00023616    3.04E+07     2.2994E+05    
   2.05E+07     0.98578      0.00023507    2.05E+07     0.00023507    3.05E+07     2.3141E+05    
   2.06E+07     0.9858       0.00023362    2.06E+07     0.00023362    3.06E+07     2.3249E+05    
   2.07E+07     0.98583      0.00023376    2.07E+07     0.00023376    3.07E+07     2.3269E+05    
   2.08E+07     0.98585      0.00023265    2.08E+07     0.00023265    3.08E+07     2.3311E+05    
   2.09E+07     0.98589      0.00023359    2.09E+07     0.00023359    3.09E+07     2.3418E+05    
   2.1E+07      0.98591      0.00023214    2.1E+07      0.00023214    3.1E+07      2.3548E+05    
   2.11E+07     0.98587      0.00023357    2.11E+07     0.00023357    3.11E+07     2.3575E+05    
   2.12E+07     0.98588      0.00023206    2.12E+07     0.00023206    3.12E+07     2.3686E+05    
   2.13E+07     0.98587      0.00023027    2.13E+07     0.00023027    3.13E+07     2.355E+05     
   2.14E+07     0.98587      0.00022826    2.14E+07     0.00022826    3.14E+07     2.3694E+05    
   2.15E+07     0.98588      0.00022644    2.15E+07     0.00022644    3.15E+07     2.3797E+05    
   2.16E+07     0.98591      0.00022699    2.16E+07     0.00022699    3.16E+07     2.3802E+05    
   2.17E+07     0.98594      0.00022733    2.17E+07     0.00022733    3.17E+07     2.3433E+05    
   2.18E+07     0.98593      0.00022573    2.18E+07     0.00022573    3.18E+07     2.3147E+05    
   2.19E+07     0.98594      0.00022385    2.19E+07     0.00022385    3.19E+07     2.3225E+05    
   2.2E+07      0.9859       0.00022409    2.2E+07      0.00022409    3.2E+07      2.332E+05     
   2.21E+07     0.98593      0.00022416    2.21E+07     0.00022416    3.21E+07     2.3408E+05    
   2.22E+07     0.98593      0.00022235    2.22E+07     0.00022235    3.22E+07     2.3546E+05    
   2.23E+07     0.98593      0.00022058    2.23E+07     0.00022058    3.23E+07     2.3653E+05    
   2.24E+07     0.98596      0.00022014    2.24E+07     0.00022014    3.24E+07     2.3782E+05    
   2.25E+07     0.98597      0.00021886    2.25E+07     0.00021886    3.25E+07     2.385E+05     
   2.26E+07     0.98597      0.00021722    2.26E+07     0.00021722    3.26E+07     2.3871E+05    
   2.27E+07     0.98596      0.00021585    2.27E+07     0.00021585    3.27E+07     2.3967E+05    
   2.28E+07     0.98596      0.00021416    2.28E+07     0.00021416    3.28E+07     2.4107E+05    
   2.29E+07     0.98598      0.00021364    2.29E+07     0.00021364    3.29E+07     2.4022E+05    
   2.3E+07      0.98596      0.00021273    2.3E+07      0.00021273    3.3E+07      2.368E+05     
   2.31E+07     0.98597      0.00021146    2.31E+07     0.00021146    3.31E+07     2.3727E+05    
   2.32E+07     0.98598      0.00021017    2.32E+07     0.00021017    3.32E+07     2.3862E+05    
   2.33E+07     0.986        0.00020935    2.33E+07     0.00020935    3.33E+07     2.3819E+05    
   2.34E+07     0.986        0.0002078     2.34E+07     0.0002078     3.34E+07     2.3923E+05    
   2.35E+07     0.986        0.00020638    2.35E+07     0.00020638    3.35E+07     2.3856E+05    
   2.36E+07     0.98602      0.00020593    2.36E+07     0.00020593    3.36E+07     2.3906E+05    
   2.37E+07     0.98602      0.00020444    2.37E+07     0.00020444    3.37E+07     2.3846E+05    
   2.38E+07     0.98601      0.00020307    2.38E+07     0.00020307    3.38E+07     2.3959E+05    
   2.39E+07     0.98598      0.00020413    2.39E+07     0.00020413    3.39E+07     2.3925E+05    
   2.4E+07      0.986        0.00020391    2.4E+07      0.00020391    3.4E+07      2.3913E+05    
   2.41E+07     0.98599      0.00020273    2.41E+07     0.00020273    3.41E+07     2.3892E+05    
   2.42E+07     0.98599      0.00020132    2.42E+07     0.00020132    3.42E+07     2.3958E+05    
   2.43E+07     0.986        0.0002004     2.43E+07     0.0002004     3.43E+07     2.4085E+05    
   2.44E+07     0.98599      0.00019946    2.44E+07     0.00019946    3.44E+07     2.3928E+05    
   2.45E+07     0.98596      0.00020048    2.45E+07     0.00020048    3.45E+07     2.3749E+05    
   2.46E+07     0.98597      0.00019918    2.46E+07     0.00019918    3.46E+07     2.3759E+05    
   2.47E+07     0.98595      0.0001983     2.47E+07     0.0001983     3.47E+07     2.387E+05     
   2.48E+07     0.98596      0.00019715    2.48E+07     0.00019715    3.48E+07     2.3986E+05    
   2.49E+07     0.98595      0.00019591    2.49E+07     0.00019591    3.49E+07     2.4061E+05    
   2.5E+07      0.98597      0.00019493    2.5E+07      0.00019493    3.5E+07      2.3933E+05    
   2.51E+07     0.98596      0.00019375    2.51E+07     0.00019375    3.51E+07     2.3925E+05    
   2.52E+07     0.98596      0.00019249    2.52E+07     0.00019249    3.52E+07     2.389E+05     
   2.53E+07     0.98596      0.00019123    2.53E+07     0.00019123    3.53E+07     2.3915E+05    
   2.54E+07     0.98598      0.00019101    2.54E+07     0.00019101    3.54E+07     2.3955E+05    
   2.55E+07     0.98597      0.00019007    2.55E+07     0.00019007    3.55E+07     2.4061E+05    
   2.56E+07     0.98594      0.00019021    2.56E+07     0.00019021    3.56E+07     2.4059E+05    
   2.57E+07     0.98595      0.00018908    2.57E+07     0.00018908    3.57E+07     2.4141E+05    
   2.58E+07     0.98596      0.00018805    2.58E+07     0.00018805    3.58E+07     2.4138E+05    
   2.59E+07     0.98594      0.00018787    2.59E+07     0.00018787    3.59E+07     2.4255E+05    
   2.6E+07      0.98592      0.00018713    2.6E+07      0.00018713    3.6E+07      2.4174E+05    
   2.61E+07     0.98591      0.00018621    2.61E+07     0.00018621    3.61E+07     2.4217E+05    
   2.62E+07     0.98591      0.00018506    2.62E+07     0.00018506    3.62E+07     2.4255E+05    
   2.63E+07     0.98592      0.00018395    2.63E+07     0.00018395    3.63E+07     2.4217E+05    
   2.64E+07     0.9859       0.00018343    2.64E+07     0.00018343    3.64E+07     2.4311E+05    
   2.65E+07     0.98589      0.00018247    2.65E+07     0.00018247    3.65E+07     2.44E+05      
   2.66E+07     0.98589      0.00018137    2.66E+07     0.00018137    3.66E+07     2.4471E+05    
   2.67E+07     0.9859       0.00018042    2.67E+07     0.00018042    3.67E+07     2.4588E+05    
   2.68E+07     0.9859       0.00017943    2.68E+07     0.00017943    3.68E+07     2.4685E+05    
   2.69E+07     0.98588      0.00017925    2.69E+07     0.00017925    3.69E+07     2.4723E+05    
   2.7E+07      0.98584      0.00018282    2.7E+07      0.00018282    3.7E+07      2.4822E+05    
   2.71E+07     0.98582      0.00018236    2.71E+07     0.00018236    3.71E+07     2.4859E+05    
   2.72E+07     0.98582      0.00018131    2.72E+07     0.00018131    3.72E+07     2.4887E+05    
   2.73E+07     0.98585      0.00018296    2.73E+07     0.00018296    3.73E+07     2.4988E+05    
   2.74E+07     0.98584      0.00018255    2.74E+07     0.00018255    3.74E+07     2.5059E+05    
   2.75E+07     0.98583      0.00018168    2.75E+07     0.00018168    3.75E+07     2.5177E+05    
   2.76E+07     0.98583      0.00018067    2.76E+07     0.00018067    3.76E+07     2.5266E+05    
   2.77E+07     0.98583      0.0001797     2.77E+07     0.0001797     3.77E+07     2.5323E+05    
   2.78E+07     0.98582      0.00017932    2.78E+07     0.00017932    3.78E+07     2.5356E+05    
   2.79E+07     0.98586      0.00018252    2.79E+07     0.00018252    3.79E+07     2.5201E+05    
   2.8E+07      0.98586      0.0001816     2.8E+07      0.0001816     3.8E+07      2.4871E+05    
   2.81E+07     0.98588      0.00018109    2.81E+07     0.00018109    3.81E+07     2.4983E+05    
   2.82E+07     0.98589      0.00018024    2.82E+07     0.00018024    3.82E+07     2.4932E+05    
   2.83E+07     0.98586      0.00018049    2.83E+07     0.00018049    3.83E+07     2.4754E+05    
   2.84E+07     0.98587      0.00017953    2.84E+07     0.00017953    3.84E+07     2.4826E+05    
   2.85E+07     0.98585      0.0001793     2.85E+07     0.0001793     3.85E+07     2.4937E+05    
   2.86E+07     0.98586      0.00017854    2.86E+07     0.00017854    3.86E+07     2.503E+05     
   2.87E+07     0.98584      0.00017884    2.87E+07     0.00017884    3.87E+07     2.5143E+05    
   2.88E+07     0.98581      0.00017958    2.88E+07     0.00017958    3.88E+07     2.5213E+05    
   2.89E+07     0.98581      0.00017882    2.89E+07     0.00017882    3.89E+07     2.5045E+05    
   2.9E+07      0.98577      0.0001815     2.9E+07      0.0001815     3.9E+07      2.5146E+05    
   2.91E+07     0.98578      0.00018107    2.91E+07     0.00018107    3.91E+07     2.5204E+05    
   2.92E+07     0.98578      0.00018013    2.92E+07     0.00018013    3.92E+07     2.5311E+05    
   2.93E+07     0.98581      0.00018048    2.93E+07     0.00018048    3.93E+07     2.5114E+05    
   2.94E+07     0.9858       0.00017959    2.94E+07     0.00017959    3.94E+07     2.5116E+05    
   2.95E+07     0.98581      0.00017894    2.95E+07     0.00017894    3.95E+07     2.5207E+05    
   2.96E+07     0.98583      0.00017862    2.96E+07     0.00017862    3.96E+07     2.5312E+05    
   2.97E+07     0.98583      0.00017785    2.97E+07     0.00017785    3.97E+07     2.5421E+05    
   2.98E+07     0.98582      0.00017724    2.98E+07     0.00017724    3.98E+07     2.5523E+05    
   2.99E+07     0.98583      0.00017637    2.99E+07     0.00017637    3.99E+07     2.5618E+05    
   3E+07        0.98583      0.00017555    3E+07        0.00017555    4E+07        2.5728E+05    
   3.01E+07     0.98584      0.00017474    3.01E+07     0.00017474    4.01E+07     2.5827E+05    
   3.02E+07     0.98585      0.00017436    3.02E+07     0.00017436    4.02E+07     2.5547E+05    
   3.03E+07     0.98585      0.00017351    3.03E+07     0.00017351    4.03E+07     2.5642E+05    
   3.04E+07     0.98584      0.00017271    3.04E+07     0.00017271    4.04E+07     2.5521E+05    
   3.05E+07     0.98584      0.00017188    3.05E+07     0.00017188    4.05E+07     2.556E+05     
   3.06E+07     0.98585      0.00017121    3.06E+07     0.00017121    4.06E+07     2.5632E+05    
   3.07E+07     0.98584      0.00017087    3.07E+07     0.00017087    4.07E+07     2.5592E+05    
   3.08E+07     0.98585      0.00017038    3.08E+07     0.00017038    4.08E+07     2.5652E+05    
   3.09E+07     0.98585      0.00016972    3.09E+07     0.00016972    4.09E+07     2.5594E+05    
   3.1E+07      0.98586      0.00016897    3.1E+07      0.00016897    4.1E+07      2.5577E+05    
   3.11E+07     0.98587      0.00016862    3.11E+07     0.00016862    4.11E+07     2.5671E+05    
   3.12E+07     0.98586      0.00016792    3.12E+07     0.00016792    4.12E+07     2.5289E+05    
   3.13E+07     0.98588      0.00016814    3.13E+07     0.00016814    4.13E+07     2.5378E+05    
   3.14E+07     0.98588      0.00016736    3.14E+07     0.00016736    4.14E+07     2.5471E+05    
   3.15E+07     0.98589      0.00016674    3.15E+07     0.00016674    4.15E+07     2.5157E+05    
   3.16E+07     0.9859       0.00016641    3.16E+07     0.00016641    4.16E+07     2.508E+05     
   3.17E+07     0.98588      0.00016747    3.17E+07     0.00016747    4.17E+07     2.5167E+05    
   3.18E+07     0.98586      0.00016823    3.18E+07     0.00016823    4.18E+07     2.5173E+05    
   3.19E+07     0.98586      0.0001677     3.19E+07     0.0001677     4.19E+07     2.5256E+05    
   3.2E+07      0.98587      0.00016706    3.2E+07      0.00016706    4.2E+07      2.5159E+05    
   3.21E+07     0.98588      0.0001665     3.21E+07     0.0001665     4.21E+07     2.5225E+05    
   3.22E+07     0.98588      0.00016576    3.22E+07     0.00016576    4.22E+07     2.5298E+05    
   3.23E+07     0.98587      0.00016512    3.23E+07     0.00016512    4.23E+07     2.5233E+05    
   3.24E+07     0.98587      0.00016441    3.24E+07     0.00016441    4.24E+07     2.5323E+05    
   3.25E+07     0.98588      0.00016392    3.25E+07     0.00016392    4.25E+07     2.5355E+05    
   3.26E+07     0.98589      0.00016361    3.26E+07     0.00016361    4.26E+07     2.5424E+05    
   3.27E+07     0.9859       0.00016303    3.27E+07     0.00016303    4.27E+07     2.5441E+05    
   3.28E+07     0.98589      0.00016232    3.28E+07     0.00016232    4.28E+07     2.5427E+05    
   3.29E+07     0.98591      0.00016234    3.29E+07     0.00016234    4.29E+07     2.5519E+05    
   3.3E+07      0.98593      0.00016327    3.3E+07      0.00016327    4.3E+07      2.5155E+05    
   3.31E+07     0.98592      0.00016286    3.31E+07     0.00016286    4.31E+07     2.5204E+05    
   3.32E+07     0.98592      0.00016216    3.32E+07     0.00016216    4.32E+07     2.53E+05      
   3.33E+07     0.98593      0.00016203    3.33E+07     0.00016203    4.33E+07     2.539E+05     
   3.34E+07     0.98593      0.00016145    3.34E+07     0.00016145    4.34E+07     2.5453E+05    
   3.35E+07     0.98594      0.00016144    3.35E+07     0.00016144    4.35E+07     2.5501E+05    
   3.36E+07     0.98593      0.00016103    3.36E+07     0.00016103    4.36E+07     2.5489E+05    
   3.37E+07     0.98595      0.00016097    3.37E+07     0.00016097    4.37E+07     2.5556E+05    
   3.38E+07     0.98594      0.00016035    3.38E+07     0.00016035    4.38E+07     2.5546E+05    
   3.39E+07     0.98596      0.00016022    3.39E+07     0.00016022    4.39E+07     2.5603E+05    
   3.4E+07      0.98597      0.00016002    3.4E+07      0.00016002    4.4E+07      2.5459E+05    
   3.41E+07     0.98598      0.00015984    3.41E+07     0.00015984    4.41E+07     2.5549E+05    
   3.42E+07     0.98599      0.00015938    3.42E+07     0.00015938    4.42E+07     2.5486E+05    
   3.43E+07     0.98599      0.00015874    3.43E+07     0.00015874    4.43E+07     2.5308E+05    
   3.44E+07     0.98598      0.00015903    3.44E+07     0.00015903    4.44E+07     2.5295E+05    
   3.45E+07     0.98596      0.00015939    3.45E+07     0.00015939    4.45E+07     2.5274E+05    
   3.46E+07     0.98597      0.00015911    3.46E+07     0.00015911    4.46E+07     2.5328E+05    
   3.47E+07     0.98596      0.00015852    3.47E+07     0.00015852    4.47E+07     2.5377E+05    
   3.48E+07     0.98596      0.00015792    3.48E+07     0.00015792    4.48E+07     2.5454E+05    
   3.49E+07     0.98595      0.00015742    3.49E+07     0.00015742    4.49E+07     2.5525E+05    
   3.5E+07      0.98594      0.00015763    3.5E+07      0.00015763    4.5E+07      2.513E+05     
   3.51E+07     0.98595      0.00015743    3.51E+07     0.00015743    4.51E+07     2.516E+05     
   3.52E+07     0.98594      0.00015733    3.52E+07     0.00015733    4.52E+07     2.5141E+05    
   3.53E+07     0.98593      0.00015699    3.53E+07     0.00015699    4.53E+07     2.5206E+05    
   3.54E+07     0.98594      0.00015665    3.54E+07     0.00015665    4.54E+07     2.5277E+05    
   3.55E+07     0.98593      0.00015608    3.55E+07     0.00015608    4.55E+07     2.5316E+05    
   3.56E+07     0.98592      0.00015588    3.56E+07     0.00015588    4.56E+07     2.5165E+05    
   3.57E+07     0.98592      0.00015537    3.57E+07     0.00015537    4.57E+07     2.5182E+05    
   3.58E+07     0.98593      0.00015517    3.58E+07     0.00015517    4.58E+07     2.5253E+05    
   3.59E+07     0.98593      0.00015457    3.59E+07     0.00015457    4.59E+07     2.5334E+05    
   3.6E+07      0.98591      0.00015463    3.6E+07      0.00015463    4.6E+07      2.5292E+05    
   3.61E+07     0.9859       0.00015426    3.61E+07     0.00015426    4.61E+07     2.5373E+05    
   3.62E+07     0.98591      0.00015394    3.62E+07     0.00015394    4.62E+07     2.5397E+05    
   3.63E+07     0.98593      0.00015385    3.63E+07     0.00015385    4.63E+07     2.5479E+05    
   3.64E+07     0.98593      0.00015334    3.64E+07     0.00015334    4.64E+07     2.5527E+05    
   3.65E+07     0.98594      0.00015284    3.65E+07     0.00015284    4.65E+07     2.5613E+05    
   3.66E+07     0.98594      0.0001524     3.66E+07     0.0001524     4.66E+07     2.563E+05     
   3.67E+07     0.98594      0.00015184    3.67E+07     0.00015184    4.67E+07     2.5715E+05    
   3.68E+07     0.98594      0.00015133    3.68E+07     0.00015133    4.68E+07     2.5756E+05    
   3.69E+07     0.98593      0.00015102    3.69E+07     0.00015102    4.69E+07     2.5647E+05    
   3.7E+07      0.98593      0.00015048    3.7E+07      0.00015048    4.7E+07      2.5482E+05    
   3.71E+07     0.98592      0.00015018    3.71E+07     0.00015018    4.71E+07     2.5566E+05    
   3.72E+07     0.98593      0.00014989    3.72E+07     0.00014989    4.72E+07     2.5504E+05    
   3.73E+07     0.98592      0.00014939    3.73E+07     0.00014939    4.73E+07     2.5552E+05    
   3.74E+07     0.98593      0.00014896    3.74E+07     0.00014896    4.74E+07     2.5626E+05    
   3.75E+07     0.98593      0.00014842    3.75E+07     0.00014842    4.75E+07     2.5525E+05    
   3.76E+07     0.98594      0.00014797    3.76E+07     0.00014797    4.76E+07     2.56E+05      
   3.77E+07     0.98593      0.00014761    3.77E+07     0.00014761    4.77E+07     2.5679E+05    
   3.78E+07     0.98594      0.00014732    3.78E+07     0.00014732    4.78E+07     2.5611E+05    
   3.79E+07     0.98595      0.00014757    3.79E+07     0.00014757    4.79E+07     2.5532E+05    
   3.8E+07      0.98597      0.00014836    3.8E+07      0.00014836    4.8E+07      2.5299E+05    
   3.81E+07     0.98597      0.00014783    3.81E+07     0.00014783    4.81E+07     2.5365E+05    
   3.82E+07     0.98598      0.00014778    3.82E+07     0.00014778    4.82E+07     2.5438E+05    
   3.83E+07     0.986        0.00014812    3.83E+07     0.00014812    4.83E+07     2.5515E+05    
   3.84E+07     0.98599      0.00014772    3.84E+07     0.00014772    4.84E+07     2.5581E+05    
   3.85E+07     0.98599      0.0001472     3.85E+07     0.0001472     4.85E+07     2.5653E+05    
   3.86E+07     0.98599      0.00014671    3.86E+07     0.00014671    4.86E+07     2.5735E+05    
   3.87E+07     0.98599      0.0001462     3.87E+07     0.0001462     4.87E+07     2.5809E+05    
   3.88E+07     0.98598      0.00014581    3.88E+07     0.00014581    4.88E+07     2.5842E+05    
   3.89E+07     0.98597      0.00014612    3.89E+07     0.00014612    4.89E+07     2.5879E+05    
   3.9E+07      0.98597      0.00014563    3.9E+07      0.00014563    4.9E+07      2.5891E+05    
   3.91E+07     0.98596      0.00014528    3.91E+07     0.00014528    4.91E+07     2.5941E+05    
   3.92E+07     0.98596      0.00014479    3.92E+07     0.00014479    4.92E+07     2.6021E+05    
   3.93E+07     0.98598      0.00014518    3.93E+07     0.00014518    4.93E+07     2.5877E+05    
   3.94E+07     0.98599      0.00014497    3.94E+07     0.00014497    4.94E+07     2.5551E+05    
   3.95E+07     0.98599      0.00014453    3.95E+07     0.00014453    4.95E+07     2.559E+05     
   3.96E+07     0.98599      0.00014404    3.96E+07     0.00014404    4.96E+07     2.5609E+05    
   3.97E+07     0.98599      0.00014356    3.97E+07     0.00014356    4.97E+07     2.5487E+05    
   3.98E+07     0.98599      0.00014309    3.98E+07     0.00014309    4.98E+07     2.5541E+05    
   3.99E+07     0.98599      0.00014264    3.99E+07     0.00014264    4.99E+07     2.562E+05     
   4E+07        0.98599      0.00014216    4E+07        0.00014216    5E+07        2.5534E+05    
   4.01E+07     0.98599      0.00014169    4.01E+07     0.00014169    5.01E+07     2.5612E+05    
   4.02E+07     0.98601      0.00014229    4.02E+07     0.00014229    5.02E+07     2.5648E+05    
   4.03E+07     0.98601      0.00014183    4.03E+07     0.00014183    5.03E+07     2.566E+05     
   4.04E+07     0.986        0.000142      4.04E+07     0.000142      5.04E+07     2.5665E+05    
   4.05E+07     0.986        0.00014171    4.05E+07     0.00014171    5.05E+07     2.5684E+05    
   4.06E+07     0.986        0.00014134    4.06E+07     0.00014134    5.06E+07     2.5679E+05    
   4.07E+07     0.98599      0.00014126    4.07E+07     0.00014126    5.07E+07     2.5644E+05    
   4.08E+07     0.98599      0.00014093    4.08E+07     0.00014093    5.08E+07     2.5717E+05    
   4.09E+07     0.98598      0.00014092    4.09E+07     0.00014092    5.09E+07     2.5737E+05    
   4.1E+07      0.98599      0.0001408     4.1E+07      0.0001408     5.1E+07      2.5799E+05    
   4.11E+07     0.98599      0.00014035    4.11E+07     0.00014035    5.11E+07     2.5836E+05    
   4.12E+07     0.98601      0.00014125    4.12E+07     0.00014125    5.12E+07     2.582E+05     
   4.13E+07     0.98601      0.00014083    4.13E+07     0.00014083    5.13E+07     2.5883E+05    
   4.14E+07     0.98601      0.00014039    4.14E+07     0.00014039    5.14E+07     2.5952E+05    
   4.15E+07     0.98602      0.00014107    4.15E+07     0.00014107    5.15E+07     2.6021E+05    
   4.16E+07     0.98601      0.00014112    4.16E+07     0.00014112    5.16E+07     2.6096E+05    
   4.17E+07     0.98602      0.00014072    4.17E+07     0.00014072    5.17E+07     2.6145E+05    
   4.18E+07     0.98601      0.00014053    4.18E+07     0.00014053    5.18E+07     2.6215E+05    
   4.19E+07     0.986        0.00014012    4.19E+07     0.00014012    5.19E+07     2.6173E+05    
   4.2E+07      0.98602      0.00014022    4.2E+07      0.00014022    5.2E+07      2.6245E+05    
   4.21E+07     0.98601      0.00013988    4.21E+07     0.00013988    5.21E+07     2.623E+05     
   4.22E+07     0.98601      0.00013951    4.22E+07     0.00013951    5.22E+07     2.6163E+05    
   4.23E+07     0.98602      0.00013951    4.23E+07     0.00013951    5.23E+07     2.6235E+05    
   4.24E+07     0.98602      0.00013909    4.24E+07     0.00013909    5.24E+07     2.6179E+05    
   4.25E+07     0.98601      0.00013885    4.25E+07     0.00013885    5.25E+07     2.6244E+05    
   4.26E+07     0.98601      0.0001385     4.26E+07     0.0001385     5.26E+07     2.6309E+05    
   4.27E+07     0.98602      0.00013827    4.27E+07     0.00013827    5.27E+07     2.6345E+05    
   4.28E+07     0.98602      0.00013816    4.28E+07     0.00013816    5.28E+07     2.6417E+05    
   4.29E+07     0.98603      0.00013775    4.29E+07     0.00013775    5.29E+07     2.6474E+05    
   4.3E+07      0.98605      0.00013859    4.3E+07      0.00013859    5.3E+07      2.6484E+05    
   4.31E+07     0.98604      0.00013827    4.31E+07     0.00013827    5.31E+07     2.6557E+05    
   4.32E+07     0.98604      0.00013786    4.32E+07     0.00013786    5.32E+07     2.6621E+05    
   4.33E+07     0.98604      0.00013745    4.33E+07     0.00013745    5.33E+07     2.669E+05     
   4.34E+07     0.98604      0.00013713    4.34E+07     0.00013713    5.34E+07     2.6757E+05    
   4.35E+07     0.98604      0.00013683    4.35E+07     0.00013683    5.35E+07     2.6796E+05    
   4.36E+07     0.98603      0.0001367     4.36E+07     0.0001367     5.36E+07     2.6785E+05    
   4.37E+07     0.98602      0.00013636    4.37E+07     0.00013636    5.37E+07     2.6691E+05    
   4.38E+07     0.98602      0.00013624    4.38E+07     0.00013624    5.38E+07     2.672E+05     
   4.39E+07     0.98602      0.00013593    4.39E+07     0.00013593    5.39E+07     2.6719E+05    
   4.4E+07      0.98603      0.00013616    4.4E+07      0.00013616    5.4E+07      2.6784E+05    
   4.41E+07     0.98604      0.00013576    4.41E+07     0.00013576    5.41E+07     2.6661E+05    
   4.42E+07     0.98605      0.00013578    4.42E+07     0.00013578    5.42E+07     2.6728E+05    
   4.43E+07     0.98606      0.00013611    4.43E+07     0.00013611    5.43E+07     2.6741E+05    
   4.44E+07     0.98605      0.00013597    4.44E+07     0.00013597    5.44E+07     2.6789E+05    
   4.45E+07     0.98604      0.00013588    4.45E+07     0.00013588    5.45E+07     2.686E+05     
   4.46E+07     0.98605      0.00013558    4.46E+07     0.00013558    5.46E+07     2.6856E+05    
   4.47E+07     0.98605      0.0001353     4.47E+07     0.0001353     5.47E+07     2.6725E+05    
   4.48E+07     0.98605      0.00013493    4.48E+07     0.00013493    5.48E+07     2.6775E+05    
   4.49E+07     0.98606      0.0001346     4.49E+07     0.0001346     5.49E+07     2.6537E+05    
   4.5E+07      0.98604      0.0001355     4.5E+07      0.0001355     5.5E+07      2.6607E+05    
   4.51E+07     0.98603      0.00013527    4.51E+07     0.00013527    5.51E+07     2.6571E+05    
   4.52E+07     0.98604      0.00013516    4.52E+07     0.00013516    5.52E+07     2.6639E+05    
   4.53E+07     0.98604      0.00013485    4.53E+07     0.00013485    5.53E+07     2.6709E+05    
   4.54E+07     0.98605      0.00013451    4.54E+07     0.00013451    5.54E+07     2.677E+05     
   4.55E+07     0.98604      0.00013427    4.55E+07     0.00013427    5.55E+07     2.6833E+05    
   4.56E+07     0.98603      0.00013451    4.56E+07     0.00013451    5.56E+07     2.6885E+05    
   4.57E+07     0.98603      0.00013433    4.57E+07     0.00013433    5.57E+07     2.6952E+05    
   4.58E+07     0.98604      0.000134      4.58E+07     0.000134      5.58E+07     2.6952E+05    
   4.59E+07     0.98604      0.00013364    4.59E+07     0.00013364    5.59E+07     2.6965E+05    
   4.6E+07      0.98605      0.0001336     4.6E+07      0.0001336     5.6E+07      2.6703E+05    
   4.61E+07     0.98605      0.00013324    4.61E+07     0.00013324    5.61E+07     2.6634E+05    
   4.62E+07     0.98604      0.00013303    4.62E+07     0.00013303    5.62E+07     2.6668E+05    
   4.63E+07     0.98604      0.00013267    4.63E+07     0.00013267    5.63E+07     2.6714E+05    
   4.64E+07     0.98604      0.00013239    4.64E+07     0.00013239    5.64E+07     2.6776E+05    
   4.65E+07     0.98604      0.00013203    4.65E+07     0.00013203    5.65E+07     2.6752E+05    
   4.66E+07     0.98605      0.00013185    4.66E+07     0.00013185    5.66E+07     2.6821E+05    
   4.67E+07     0.98605      0.0001315     4.67E+07     0.0001315     5.67E+07     2.6828E+05    
   4.68E+07     0.98605      0.00013125    4.68E+07     0.00013125    5.68E+07     2.6898E+05    
   4.69E+07     0.98604      0.00013138    4.69E+07     0.00013138    5.69E+07     2.6961E+05    
   4.7E+07      0.98602      0.00013166    4.7E+07      0.00013166    5.7E+07      2.6698E+05    
   4.71E+07     0.98602      0.00013131    4.71E+07     0.00013131    5.71E+07     2.6595E+05    
   4.72E+07     0.98601      0.00013133    4.72E+07     0.00013133    5.72E+07     2.6663E+05    
   4.73E+07     0.98601      0.00013106    4.73E+07     0.00013106    5.73E+07     2.6702E+05    
   4.74E+07     0.98601      0.00013073    4.74E+07     0.00013073    5.74E+07     2.6759E+05    
   4.75E+07     0.986        0.00013086    4.75E+07     0.00013086    5.75E+07     2.6815E+05    
   4.76E+07     0.986        0.00013053    4.76E+07     0.00013053    5.76E+07     2.6687E+05    
   4.77E+07     0.986        0.00013019    4.77E+07     0.00013019    5.77E+07     2.6744E+05    
   4.78E+07     0.98599      0.00013024    4.78E+07     0.00013024    5.78E+07     2.6764E+05    
   4.79E+07     0.986        0.00013031    4.79E+07     0.00013031    5.79E+07     2.6646E+05    
   4.8E+07      0.98602      0.00013078    4.8E+07      0.00013078    5.8E+07      2.6683E+05    
   4.81E+07     0.98602      0.00013045    4.81E+07     0.00013045    5.81E+07     2.675E+05     
   4.82E+07     0.98602      0.00013013    4.82E+07     0.00013013    5.82E+07     2.6813E+05    
   4.83E+07     0.98602      0.0001298     4.83E+07     0.0001298     5.83E+07     2.6855E+05    
   4.84E+07     0.98601      0.00012951    4.84E+07     0.00012951    5.84E+07     2.6894E+05    
   4.85E+07     0.98601      0.00012917    4.85E+07     0.00012917    5.85E+07     2.6913E+05    
   4.86E+07     0.98601      0.00012884    4.86E+07     0.00012884    5.86E+07     2.6977E+05    
   4.87E+07     0.98602      0.00012852    4.87E+07     0.00012852    5.87E+07     2.6978E+05    
   4.88E+07     0.98602      0.00012831    4.88E+07     0.00012831    5.88E+07     2.7026E+05    
   4.89E+07     0.98602      0.00012807    4.89E+07     0.00012807    5.89E+07     2.6963E+05    
   4.9E+07      0.98602      0.00012792    4.9E+07      0.00012792    5.9E+07      2.7028E+05    
   4.91E+07     0.98603      0.00012766    4.91E+07     0.00012766    5.91E+07     2.7008E+05    
   4.92E+07     0.98603      0.00012734    4.92E+07     0.00012734    5.92E+07     2.7022E+05    
   4.93E+07     0.98602      0.00012756    4.93E+07     0.00012756    5.93E+07     2.692E+05     
   4.94E+07     0.986        0.00012824    4.94E+07     0.00012824    5.94E+07     2.6902E+05    
   4.95E+07     0.986        0.00012802    4.95E+07     0.00012802    5.95E+07     2.693E+05     
   4.96E+07     0.98599      0.00012784    4.96E+07     0.00012784    5.96E+07     2.6978E+05    
   4.97E+07     0.986        0.00012802    4.97E+07     0.00012802    5.97E+07     2.6947E+05    
   4.98E+07     0.986        0.00012774    4.98E+07     0.00012774    5.98E+07     2.6968E+05    
   4.99E+07     0.986        0.00012742    4.99E+07     0.00012742    5.99E+07     2.702E+05     
   5E+07        0.98599      0.0001275     5E+07        0.0001275     6E+07        2.7081E+05    
   5.01E+07     0.98599      0.00012719    5.01E+07     0.00012719    6.01E+07     2.7058E+05    
   5.02E+07     0.98598      0.00012695    5.02E+07     0.00012695    6.02E+07     2.7124E+05    
   5.03E+07     0.98599      0.0001268     5.03E+07     0.0001268     6.03E+07     2.7181E+05    
   5.04E+07     0.986        0.00012666    5.04E+07     0.00012666    6.04E+07     2.7103E+05    
   5.05E+07     0.98599      0.0001265     5.05E+07     0.0001265     6.05E+07     2.7164E+05    
   5.06E+07     0.98598      0.00012636    5.06E+07     0.00012636    6.06E+07     2.7228E+05    
   5.07E+07     0.98599      0.00012633    5.07E+07     0.00012633    6.07E+07     2.6967E+05    
   5.08E+07     0.98599      0.00012603    5.08E+07     0.00012603    6.08E+07     2.6888E+05    
   5.09E+07     0.986        0.00012586    5.09E+07     0.00012586    6.09E+07     2.6939E+05    
   5.1E+07      0.98599      0.00012558    5.1E+07      0.00012558    6.1E+07      2.6995E+05    
   5.11E+07     0.986        0.00012537    5.11E+07     0.00012537    6.11E+07     2.7016E+05    
   5.12E+07     0.98599      0.00012529    5.12E+07     0.00012529    6.12E+07     2.6954E+05    
   5.13E+07     0.98599      0.00012501    5.13E+07     0.00012501    6.13E+07     2.6835E+05    
   5.14E+07     0.98599      0.00012471    5.14E+07     0.00012471    6.14E+07     2.6817E+05    
   5.15E+07     0.98599      0.00012442    5.15E+07     0.00012442    6.15E+07     2.688E+05     
   5.16E+07     0.98599      0.00012413    5.16E+07     0.00012413    6.16E+07     2.6825E+05    
   5.17E+07     0.986        0.00012389    5.17E+07     0.00012389    6.17E+07     2.6817E+05    
   5.18E+07     0.986        0.0001236     5.18E+07     0.0001236     6.18E+07     2.6828E+05    
   5.19E+07     0.98599      0.00012358    5.19E+07     0.00012358    6.19E+07     2.689E+05     
   5.2E+07      0.98599      0.00012329    5.2E+07      0.00012329    6.2E+07      2.6912E+05    
   5.21E+07     0.98598      0.00012322    5.21E+07     0.00012322    6.21E+07     2.6893E+05    
   5.22E+07     0.98597      0.00012324    5.22E+07     0.00012324    6.22E+07     2.6839E+05    
   5.23E+07     0.98597      0.00012296    5.23E+07     0.00012296    6.23E+07     2.6874E+05    
   5.24E+07     0.98597      0.00012297    5.24E+07     0.00012297    6.24E+07     2.6931E+05    
   5.25E+07     0.98597      0.0001227     5.25E+07     0.0001227     6.25E+07     2.6875E+05    
   5.26E+07     0.98597      0.00012241    5.26E+07     0.00012241    6.26E+07     2.6862E+05    
   5.27E+07     0.98597      0.00012222    5.27E+07     0.00012222    6.27E+07     2.6909E+05    
   5.28E+07     0.98597      0.00012194    5.28E+07     0.00012194    6.28E+07     2.697E+05     
   5.29E+07     0.98598      0.0001217     5.29E+07     0.0001217     6.29E+07     2.6746E+05    
   5.3E+07      0.98598      0.00012155    5.3E+07      0.00012155    6.3E+07      2.6755E+05    
   5.31E+07     0.98598      0.00012127    5.31E+07     0.00012127    6.31E+07     2.6812E+05    
   5.32E+07     0.98598      0.00012101    5.32E+07     0.00012101    6.32E+07     2.6873E+05    
   5.33E+07     0.98599      0.00012075    5.33E+07     0.00012075    6.33E+07     2.6852E+05    
   5.34E+07     0.98598      0.00012047    5.34E+07     0.00012047    6.34E+07     2.6912E+05    
   5.35E+07     0.98599      0.00012028    5.35E+07     0.00012028    6.35E+07     2.6951E+05    
   5.36E+07     0.98598      0.00012019    5.36E+07     0.00012019    6.36E+07     2.6961E+05    
   5.37E+07     0.98599      0.0001203     5.37E+07     0.0001203     6.37E+07     2.6994E+05    
   5.38E+07     0.986        0.00012009    5.38E+07     0.00012009    6.38E+07     2.673E+05     
   5.39E+07     0.986        0.00011998    5.39E+07     0.00011998    6.39E+07     2.678E+05     
   5.4E+07      0.986        0.00011973    5.4E+07      0.00011973    6.4E+07      2.6837E+05    
   5.41E+07     0.98599      0.00011989    5.41E+07     0.00011989    6.41E+07     2.6876E+05    
   5.42E+07     0.986        0.00011963    5.42E+07     0.00011963    6.42E+07     2.6821E+05    
   5.43E+07     0.98599      0.00011948    5.43E+07     0.00011948    6.43E+07     2.6875E+05    
   5.44E+07     0.98599      0.00011927    5.44E+07     0.00011927    6.44E+07     2.6902E+05    
   5.45E+07     0.98599      0.000119      5.45E+07     0.000119      6.45E+07     2.6928E+05    
   5.46E+07     0.986        0.00011891    5.46E+07     0.00011891    6.46E+07     2.6983E+05    
   5.47E+07     0.98599      0.00011908    5.47E+07     0.00011908    6.47E+07     2.6837E+05    
   5.48E+07     0.98599      0.00011886    5.48E+07     0.00011886    6.48E+07     2.6865E+05    
   5.49E+07     0.98597      0.00011928    5.49E+07     0.00011928    6.49E+07     2.683E+05     
   5.5E+07      0.98597      0.00011902    5.5E+07      0.00011902    6.5E+07      2.6888E+05    
   5.51E+07     0.98597      0.00011899    5.51E+07     0.00011899    6.51E+07     2.6919E+05    
   5.52E+07     0.98597      0.00011873    5.52E+07     0.00011873    6.52E+07     2.696E+05     
   5.53E+07     0.98597      0.00011848    5.53E+07     0.00011848    6.53E+07     2.6952E+05    
   5.54E+07     0.98597      0.00011823    5.54E+07     0.00011823    6.54E+07     2.7004E+05    
   5.55E+07     0.98597      0.00011798    5.55E+07     0.00011798    6.55E+07     2.704E+05     
   5.56E+07     0.98597      0.00011776    5.56E+07     0.00011776    6.56E+07     2.7081E+05    
   5.57E+07     0.98597      0.00011751    5.57E+07     0.00011751    6.57E+07     2.7102E+05    
   5.58E+07     0.98598      0.0001174     5.58E+07     0.0001174     6.58E+07     2.7084E+05    
   5.59E+07     0.98598      0.00011726    5.59E+07     0.00011726    6.59E+07     2.6951E+05    
   5.6E+07      0.98597      0.00011773    5.6E+07      0.00011773    6.6E+07      2.7008E+05    
   5.61E+07     0.98596      0.00011778    5.61E+07     0.00011778    6.61E+07     2.7053E+05    
   5.62E+07     0.98597      0.0001176     5.62E+07     0.0001176     6.62E+07     2.711E+05     
   5.63E+07     0.98597      0.00011739    5.63E+07     0.00011739    6.63E+07     2.7146E+05    
   5.64E+07     0.98597      0.00011715    5.64E+07     0.00011715    6.64E+07     2.7175E+05    
   5.65E+07     0.98598      0.0001171     5.65E+07     0.0001171     6.65E+07     2.7146E+05    
   5.66E+07     0.98598      0.00011685    5.66E+07     0.00011685    6.66E+07     2.7198E+05    
   5.67E+07     0.98597      0.00011672    5.67E+07     0.00011672    6.67E+07     2.7124E+05    
   5.68E+07     0.98597      0.00011647    5.68E+07     0.00011647    6.68E+07     2.7175E+05    
   5.69E+07     0.98597      0.00011623    5.69E+07     0.00011623    6.69E+07     2.7218E+05    
   5.7E+07      0.98596      0.0001167     5.7E+07      0.0001167     6.7E+07      2.7262E+05    
   5.71E+07     0.98595      0.00011682    5.71E+07     0.00011682    6.71E+07     2.7213E+05    
   5.72E+07     0.98595      0.00011657    5.72E+07     0.00011657    6.72E+07     2.7194E+05    
   5.73E+07     0.98595      0.00011638    5.73E+07     0.00011638    6.73E+07     2.7014E+05    
   5.74E+07     0.98596      0.00011616    5.74E+07     0.00011616    6.74E+07     2.7021E+05    
   5.75E+07     0.98596      0.00011592    5.75E+07     0.00011592    6.75E+07     2.7069E+05    
   5.76E+07     0.98595      0.00011611    5.76E+07     0.00011611    6.76E+07     2.7067E+05    
   5.77E+07     0.98595      0.00011589    5.77E+07     0.00011589    6.77E+07     2.7008E+05    
   5.78E+07     0.98596      0.00011574    5.78E+07     0.00011574    6.78E+07     2.704E+05     
   5.79E+07     0.98595      0.0001159     5.79E+07     0.0001159     6.79E+07     2.7079E+05    
   5.8E+07      0.98595      0.00011571    5.8E+07      0.00011571    6.8E+07      2.7096E+05    
   5.81E+07     0.98595      0.00011547    5.81E+07     0.00011547    6.81E+07     2.6957E+05    
   5.82E+07     0.98595      0.00011524    5.82E+07     0.00011524    6.82E+07     2.6884E+05    
   5.83E+07     0.98594      0.00011505    5.83E+07     0.00011505    6.83E+07     2.6909E+05    
   5.84E+07     0.98595      0.00011486    5.84E+07     0.00011486    6.84E+07     2.6943E+05    
   5.85E+07     0.98594      0.00011472    5.85E+07     0.00011472    6.85E+07     2.6947E+05    
   5.86E+07     0.98594      0.00011449    5.86E+07     0.00011449    6.86E+07     2.6996E+05    
   5.87E+07     0.98594      0.00011439    5.87E+07     0.00011439    6.87E+07     2.6875E+05    
   5.88E+07     0.98593      0.00011417    5.88E+07     0.00011417    6.88E+07     2.6927E+05    
   5.89E+07     0.98594      0.00011421    5.89E+07     0.00011421    6.89E+07     2.6795E+05    
   5.9E+07      0.98594      0.00011398    5.9E+07      0.00011398    6.9E+07      2.6762E+05    
   5.91E+07     0.98595      0.00011393    5.91E+07     0.00011393    6.91E+07     2.6718E+05    
   5.92E+07     0.98595      0.00011379    5.92E+07     0.00011379    6.92E+07     2.6741E+05    
   5.93E+07     0.98595      0.00011391    5.93E+07     0.00011391    6.93E+07     2.6795E+05    
   5.94E+07     0.98596      0.00011386    5.94E+07     0.00011386    6.94E+07     2.6818E+05    
   5.95E+07     0.98596      0.0001137     5.95E+07     0.0001137     6.95E+07     2.6867E+05    
   5.96E+07     0.98595      0.00011349    5.96E+07     0.00011349    6.96E+07     2.6871E+05    
   5.97E+07     0.98596      0.00011346    5.97E+07     0.00011346    6.97E+07     2.692E+05     
   5.98E+07     0.98597      0.00011333    5.98E+07     0.00011333    6.98E+07     2.6902E+05    
   5.99E+07     0.98596      0.00011313    5.99E+07     0.00011313    6.99E+07     2.695E+05     
   6E+07        0.98596      0.00011291    6E+07        0.00011291    7E+07        2.6991E+05    
   6.01E+07     0.98597      0.00011286    6.01E+07     0.00011286    7.01E+07     2.6909E+05    
   6.02E+07     0.98597      0.00011263    6.02E+07     0.00011263    7.02E+07     2.6892E+05    
   6.03E+07     0.98597      0.00011242    6.03E+07     0.00011242    7.03E+07     2.6942E+05    
   6.04E+07     0.98598      0.00011248    6.04E+07     0.00011248    7.04E+07     2.6971E+05    
   6.05E+07     0.98597      0.00011226    6.05E+07     0.00011226    7.05E+07     2.6904E+05    
   6.06E+07     0.98598      0.00011204    6.06E+07     0.00011204    7.06E+07     2.693E+05     
   6.07E+07     0.98599      0.00011249    6.07E+07     0.00011249    7.07E+07     2.6949E+05    
   6.08E+07     0.986        0.00011254    6.08E+07     0.00011254    7.08E+07     2.7002E+05    
   6.09E+07     0.986        0.00011235    6.09E+07     0.00011235    7.09E+07     2.6988E+05    
   6.1E+07      0.986        0.00011214    6.1E+07      0.00011214    7.1E+07      2.6937E+05    
   6.11E+07     0.98599      0.00011201    6.11E+07     0.00011201    7.11E+07     2.6967E+05    
   6.12E+07     0.98598      0.00011204    6.12E+07     0.00011204    7.12E+07     2.7018E+05    
   6.13E+07     0.98599      0.0001122     6.13E+07     0.0001122     7.13E+07     2.7057E+05    
   6.14E+07     0.986        0.00011214    6.14E+07     0.00011214    7.14E+07     2.7102E+05    
   6.15E+07     0.986        0.00011193    6.15E+07     0.00011193    7.15E+07     2.7143E+05    
   6.16E+07     0.98601      0.00011194    6.16E+07     0.00011194    7.16E+07     2.7151E+05    
   6.17E+07     0.986        0.00011187    6.17E+07     0.00011187    7.17E+07     2.7188E+05    
   6.18E+07     0.986        0.00011175    6.18E+07     0.00011175    7.18E+07     2.7233E+05    
   6.19E+07     0.986        0.00011154    6.19E+07     0.00011154    7.19E+07     2.7277E+05    
   6.2E+07      0.986        0.0001114     6.2E+07      0.0001114     7.2E+07      2.73E+05      
   6.21E+07     0.98601      0.00011134    6.21E+07     0.00011134    7.21E+07     2.7325E+05    
   6.22E+07     0.986        0.00011137    6.22E+07     0.00011137    7.22E+07     2.732E+05     
   6.23E+07     0.98599      0.00011121    6.23E+07     0.00011121    7.23E+07     2.7326E+05    
   6.24E+07     0.98599      0.00011101    6.24E+07     0.00011101    7.24E+07     2.7321E+05    
   6.25E+07     0.986        0.00011102    6.25E+07     0.00011102    7.25E+07     2.7317E+05    
   6.26E+07     0.98601      0.00011096    6.26E+07     0.00011096    7.26E+07     2.7258E+05    
   6.27E+07     0.986        0.00011077    6.27E+07     0.00011077    7.27E+07     2.7184E+05    
   6.28E+07     0.986        0.00011056    6.28E+07     0.00011056    7.28E+07     2.7228E+05    
   6.29E+07     0.98599      0.00011092    6.29E+07     0.00011092    7.29E+07     2.7246E+05    
   6.3E+07      0.98599      0.00011082    6.3E+07      0.00011082    7.3E+07      2.7278E+05    
   6.31E+07     0.98599      0.00011061    6.31E+07     0.00011061    7.31E+07     2.7323E+05    
   6.32E+07     0.98599      0.00011041    6.32E+07     0.00011041    7.32E+07     2.7372E+05    
   6.33E+07     0.98598      0.00011034    6.33E+07     0.00011034    7.33E+07     2.742E+05     
   6.34E+07     0.98598      0.00011014    6.34E+07     0.00011014    7.34E+07     2.7471E+05    
   6.35E+07     0.98598      0.00010997    6.35E+07     0.00010997    7.35E+07     2.7494E+05    
   6.36E+07     0.98598      0.00010987    6.36E+07     0.00010987    7.36E+07     2.7528E+05    
   6.37E+07     0.98599      0.00010971    6.37E+07     0.00010971    7.37E+07     2.757E+05     
   6.38E+07     0.98597      0.00011016    6.38E+07     0.00011016    7.38E+07     2.7452E+05    
   6.39E+07     0.98597      0.00010998    6.39E+07     0.00010998    7.39E+07     2.7494E+05    
   6.4E+07      0.98597      0.00010977    6.4E+07      0.00010977    7.4E+07      2.7483E+05    
   6.41E+07     0.98597      0.0001096     6.41E+07     0.0001096     7.41E+07     2.753E+05     
   6.42E+07     0.98598      0.00010963    6.42E+07     0.00010963    7.42E+07     2.7564E+05    
   6.43E+07     0.98597      0.00010944    6.43E+07     0.00010944    7.43E+07     2.7566E+05    
   6.44E+07     0.98597      0.00010929    6.44E+07     0.00010929    7.44E+07     2.7583E+05    
   6.45E+07     0.98597      0.00010915    6.45E+07     0.00010915    7.45E+07     2.7607E+05    
   6.46E+07     0.98598      0.00010896    6.46E+07     0.00010896    7.46E+07     2.764E+05     
   6.47E+07     0.98597      0.00010917    6.47E+07     0.00010917    7.47E+07     2.7656E+05    
   6.48E+07     0.98597      0.00010903    6.48E+07     0.00010903    7.48E+07     2.7684E+05    
   6.49E+07     0.98596      0.00010901    6.49E+07     0.00010901    7.49E+07     2.7728E+05    
   6.5E+07      0.98596      0.00010881    6.5E+07      0.00010881    7.5E+07      2.7552E+05    
   6.51E+07     0.98597      0.00010866    6.51E+07     0.00010866    7.51E+07     2.7589E+05    
   6.52E+07     0.98597      0.0001085     6.52E+07     0.0001085     7.52E+07     2.7629E+05    
   6.53E+07     0.98596      0.00010843    6.53E+07     0.00010843    7.53E+07     2.7567E+05    
   6.54E+07     0.98596      0.00010824    6.54E+07     0.00010824    7.54E+07     2.7514E+05    
   6.55E+07     0.98596      0.00010809    6.55E+07     0.00010809    7.55E+07     2.7514E+05    
   6.56E+07     0.98596      0.00010793    6.56E+07     0.00010793    7.56E+07     2.7487E+05    
   6.57E+07     0.98596      0.00010779    6.57E+07     0.00010779    7.57E+07     2.7524E+05    
   6.58E+07     0.98596      0.00010775    6.58E+07     0.00010775    7.58E+07     2.753E+05     
   6.59E+07     0.98597      0.00010793    6.59E+07     0.00010793    7.59E+07     2.7558E+05    
   6.6E+07      0.98597      0.00010774    6.6E+07      0.00010774    7.6E+07      2.7528E+05    
   6.61E+07     0.98597      0.00010755    6.61E+07     0.00010755    7.61E+07     2.7423E+05    
   6.62E+07     0.98598      0.00010736    6.62E+07     0.00010736    7.62E+07     2.7307E+05    
   6.63E+07     0.98598      0.00010721    6.63E+07     0.00010721    7.63E+07     2.7234E+05    
   6.64E+07     0.98597      0.00010708    6.64E+07     0.00010708    7.64E+07     2.7175E+05    
   6.65E+07     0.98598      0.00010706    6.65E+07     0.00010706    7.65E+07     2.7206E+05    
   6.66E+07     0.98598      0.00010687    6.66E+07     0.00010687    7.66E+07     2.7253E+05    
   6.67E+07     0.98599      0.00010694    6.67E+07     0.00010694    7.67E+07     2.7146E+05    
   6.68E+07     0.98599      0.00010675    6.68E+07     0.00010675    7.68E+07     2.7187E+05    
   6.69E+07     0.98599      0.0001066     6.69E+07     0.0001066     7.69E+07     2.7176E+05    
   6.7E+07      0.98599      0.00010642    6.7E+07      0.00010642    7.7E+07      2.7196E+05    
   6.71E+07     0.98599      0.00010644    6.71E+07     0.00010644    7.71E+07     2.7238E+05    
   6.72E+07     0.98599      0.0001064     6.72E+07     0.0001064     7.72E+07     2.7273E+05    
   6.73E+07     0.98598      0.00010668    6.73E+07     0.00010668    7.73E+07     2.7194E+05    
   6.74E+07     0.98597      0.00010657    6.74E+07     0.00010657    7.74E+07     2.7205E+05    
   6.75E+07     0.98597      0.0001064     6.75E+07     0.0001064     7.75E+07     2.7223E+05    
   6.76E+07     0.98597      0.00010633    6.76E+07     0.00010633    7.76E+07     2.7182E+05    
   6.77E+07     0.98596      0.00010637    6.77E+07     0.00010637    7.77E+07     2.7088E+05    
   6.78E+07     0.98596      0.00010622    6.78E+07     0.00010622    7.78E+07     2.7114E+05    
   6.79E+07     0.98596      0.00010607    6.79E+07     0.00010607    7.79E+07     2.7159E+05    
   6.8E+07      0.98596      0.00010596    6.8E+07      0.00010596    7.8E+07      2.7198E+05    
   6.81E+07     0.98597      0.00010615    6.81E+07     0.00010615    7.81E+07     2.714E+05     
   6.82E+07     0.98596      0.00010622    6.82E+07     0.00010622    7.82E+07     2.7165E+05    
   6.83E+07     0.98596      0.00010609    6.83E+07     0.00010609    7.83E+07     2.7205E+05    
   6.84E+07     0.98596      0.00010595    6.84E+07     0.00010595    7.84E+07     2.7092E+05    
   6.85E+07     0.98596      0.00010586    6.85E+07     0.00010586    7.85E+07     2.7067E+05    
   6.86E+07     0.98596      0.00010568    6.86E+07     0.00010568    7.86E+07     2.7108E+05    
   6.87E+07     0.98595      0.00010584    6.87E+07     0.00010584    7.87E+07     2.7146E+05    
   6.88E+07     0.98596      0.00010567    6.88E+07     0.00010567    7.88E+07     2.7124E+05    
   6.89E+07     0.98595      0.00010585    6.89E+07     0.00010585    7.89E+07     2.6951E+05    
   6.9E+07      0.98594      0.00010583    6.9E+07      0.00010583    7.9E+07      2.6922E+05    
   6.91E+07     0.98593      0.00010584    6.91E+07     0.00010584    7.91E+07     2.695E+05     
   6.92E+07     0.98594      0.00010573    6.92E+07     0.00010573    7.92E+07     2.6967E+05    
   6.93E+07     0.98594      0.00010555    6.93E+07     0.00010555    7.93E+07     2.6999E+05    
   6.94E+07     0.98594      0.00010541    6.94E+07     0.00010541    7.94E+07     2.6761E+05    
   6.95E+07     0.98594      0.00010524    6.95E+07     0.00010524    7.95E+07     2.673E+05     
   6.96E+07     0.98594      0.00010516    6.96E+07     0.00010516    7.96E+07     2.6756E+05    
   6.97E+07     0.98594      0.00010499    6.97E+07     0.00010499    7.97E+07     2.6795E+05    
   6.98E+07     0.98594      0.00010493    6.98E+07     0.00010493    7.98E+07     2.683E+05     
   6.99E+07     0.98594      0.00010477    6.99E+07     0.00010477    7.99E+07     2.6834E+05    
   7E+07        0.98594      0.00010461    7E+07        0.00010461    8E+07        2.6746E+05    
   7.01E+07     0.98595      0.0001047     7.01E+07     0.0001047     8.01E+07     2.6767E+05    
   7.02E+07     0.98595      0.00010465    7.02E+07     0.00010465    8.02E+07     2.681E+05     
   7.03E+07     0.98595      0.00010448    7.03E+07     0.00010448    8.03E+07     2.6783E+05    
   7.04E+07     0.98595      0.00010435    7.04E+07     0.00010435    8.04E+07     2.6821E+05    
   7.05E+07     0.98595      0.00010441    7.05E+07     0.00010441    8.05E+07     2.6751E+05    
   7.06E+07     0.98596      0.00010428    7.06E+07     0.00010428    8.06E+07     2.6795E+05    
   7.07E+07     0.98596      0.00010417    7.07E+07     0.00010417    8.07E+07     2.6836E+05    
   7.08E+07     0.98596      0.000104      7.08E+07     0.000104      8.08E+07     2.6879E+05    
   7.09E+07     0.98596      0.00010395    7.09E+07     0.00010395    8.09E+07     2.6898E+05    
   7.1E+07      0.98596      0.00010398    7.1E+07      0.00010398    8.1E+07      2.6936E+05    
   7.11E+07     0.98596      0.00010384    7.11E+07     0.00010384    8.11E+07     2.6918E+05    
   7.12E+07     0.98596      0.00010367    7.12E+07     0.00010367    8.12E+07     2.6959E+05    
   7.13E+07     0.98597      0.00010352    7.13E+07     0.00010352    8.13E+07     2.6998E+05    
   7.14E+07     0.98597      0.00010336    7.14E+07     0.00010336    8.14E+07     2.6922E+05    
   7.15E+07     0.98597      0.0001032     7.15E+07     0.0001032     8.15E+07     2.6961E+05    
   7.16E+07     0.98596      0.00010312    7.16E+07     0.00010312    8.16E+07     2.6992E+05    
   7.17E+07     0.98596      0.00010298    7.17E+07     0.00010298    8.17E+07     2.7007E+05    
   7.18E+07     0.98596      0.00010282    7.18E+07     0.00010282    8.18E+07     2.7039E+05    
   7.19E+07     0.98596      0.00010266    7.19E+07     0.00010266    8.19E+07     2.7073E+05    
   7.2E+07      0.98596      0.00010255    7.2E+07      0.00010255    8.2E+07      2.7098E+05    
   7.21E+07     0.98596      0.00010243    7.21E+07     0.00010243    8.21E+07     2.7137E+05    
   7.22E+07     0.98596      0.00010237    7.22E+07     0.00010237    8.22E+07     2.7153E+05    
   7.23E+07     0.98596      0.00010229    7.23E+07     0.00010229    8.23E+07     2.7186E+05    
   7.24E+07     0.98596      0.00010222    7.24E+07     0.00010222    8.24E+07     2.7218E+05    
   7.25E+07     0.98595      0.00010216    7.25E+07     0.00010216    8.25E+07     2.7203E+05    
   7.26E+07     0.98594      0.0001022     7.26E+07     0.0001022     8.26E+07     2.7223E+05    
   7.27E+07     0.98594      0.00010227    7.27E+07     0.00010227    8.27E+07     2.7251E+05    
   7.28E+07     0.98594      0.00010212    7.28E+07     0.00010212    8.28E+07     2.7264E+05    
   7.29E+07     0.98594      0.00010202    7.29E+07     0.00010202    8.29E+07     2.729E+05     
   7.3E+07      0.98594      0.00010189    7.3E+07      0.00010189    8.3E+07      2.7327E+05    
   7.31E+07     0.98594      0.00010173    7.31E+07     0.00010173    8.31E+07     2.7366E+05    
   7.32E+07     0.98594      0.00010157    7.32E+07     0.00010157    8.32E+07     2.741E+05     
   7.33E+07     0.98594      0.00010142    7.33E+07     0.00010142    8.33E+07     2.7449E+05    
   7.34E+07     0.98594      0.00010126    7.34E+07     0.00010126    8.34E+07     2.7474E+05    
   7.35E+07     0.98594      0.00010114    7.35E+07     0.00010114    8.35E+07     2.7477E+05    
   7.36E+07     0.98594      0.00010101    7.36E+07     0.00010101    8.36E+07     2.7415E+05    
   7.37E+07     0.98594      0.00010087    7.37E+07     0.00010087    8.37E+07     2.7427E+05    
   7.38E+07     0.98593      0.00010102    7.38E+07     0.00010102    8.38E+07     2.7454E+05    
   7.39E+07     0.98593      0.00010086    7.39E+07     0.00010086    8.39E+07     2.7497E+05    
   7.4E+07      0.98593      0.00010082    7.4E+07      0.00010082    8.4E+07      2.7433E+05    
   7.41E+07     0.98593      0.00010066    7.41E+07     0.00010066    8.41E+07     2.747E+05     
   7.42E+07     0.98592      0.00010053    7.42E+07     0.00010053    8.42E+07     2.7498E+05    
   7.43E+07     0.98592      0.00010046    7.43E+07     0.00010046    8.43E+07     2.754E+05     
   7.44E+07     0.98592      0.00010036    7.44E+07     0.00010036    8.44E+07     2.7577E+05    
   7.45E+07     0.98592      0.00010025    7.45E+07     0.00010025    8.45E+07     2.7607E+05    
   7.46E+07     0.98592      0.00010013    7.46E+07     0.00010013    8.46E+07     2.7635E+05    
   7.47E+07     0.98591      0.00010003    7.47E+07     0.00010003    8.47E+07     2.7675E+05    
   7.48E+07     0.98592      9.9908E-05    7.48E+07     9.9908E-05    8.48E+07     2.7699E+05    
   7.49E+07     0.98592      9.9764E-05    7.49E+07     9.9764E-05    8.49E+07     2.774E+05     
   7.5E+07      0.98593      0.00010002    7.5E+07      0.00010002    8.5E+07      2.7746E+05    
   7.51E+07     0.98592      9.9885E-05    7.51E+07     9.9885E-05    8.51E+07     2.7786E+05    
   7.52E+07     0.98592      9.9738E-05    7.52E+07     9.9738E-05    8.52E+07     2.7799E+05    
   7.53E+07     0.98592      9.9788E-05    7.53E+07     9.9788E-05    8.53E+07     2.7824E+05    
   7.54E+07     0.98592      9.9816E-05    7.54E+07     9.9816E-05    8.54E+07     2.7862E+05    
   7.55E+07     0.98592      9.9753E-05    7.55E+07     9.9753E-05    8.55E+07     2.7847E+05    
   7.56E+07     0.98591      9.9729E-05    7.56E+07     9.9729E-05    8.56E+07     2.7767E+05    
   7.57E+07     0.98591      9.9599E-05    7.57E+07     9.9599E-05    8.57E+07     2.7787E+05    
   7.58E+07     0.98591      9.9523E-05    7.58E+07     9.9523E-05    8.58E+07     2.7827E+05    
   7.59E+07     0.98591      9.9409E-05    7.59E+07     9.9409E-05    8.59E+07     2.7839E+05    
   7.6E+07      0.98591      9.9396E-05    7.6E+07      9.9396E-05    8.6E+07      2.7671E+05    
   7.61E+07     0.98592      9.9522E-05    7.61E+07     9.9522E-05    8.61E+07     2.7693E+05    
   7.62E+07     0.98591      9.9673E-05    7.62E+07     9.9673E-05    8.62E+07     2.7728E+05    
   7.63E+07     0.98592      9.974E-05     7.63E+07     9.974E-05     8.63E+07     2.7765E+05    
   7.64E+07     0.98591      9.9777E-05    7.64E+07     9.9777E-05    8.64E+07     2.7704E+05    
   7.65E+07     0.98592      9.9657E-05    7.65E+07     9.9657E-05    8.65E+07     2.7737E+05    
   7.66E+07     0.98592      9.951E-05     7.66E+07     9.951E-05     8.66E+07     2.7777E+05    
   7.67E+07     0.98593      9.9639E-05    7.67E+07     9.9639E-05    8.67E+07     2.7812E+05    
   7.68E+07     0.98592      9.9493E-05    7.68E+07     9.9493E-05    8.68E+07     2.7797E+05    
   7.69E+07     0.98593      9.9448E-05    7.69E+07     9.9448E-05    8.69E+07     2.7839E+05    
   7.7E+07      0.98593      9.9348E-05    7.7E+07      9.9348E-05    8.7E+07      2.7822E+05    
   7.71E+07     0.98593      9.9208E-05    7.71E+07     9.9208E-05    8.71E+07     2.7856E+05    
   7.72E+07     0.98593      9.9064E-05    7.72E+07     9.9064E-05    8.72E+07     2.7898E+05    
   7.73E+07     0.98593      9.9145E-05    7.73E+07     9.9145E-05    8.73E+07     2.7883E+05    
   7.74E+07     0.98592      9.9064E-05    7.74E+07     9.9064E-05    8.74E+07     2.7906E+05    
   7.75E+07     0.98592      9.8967E-05    7.75E+07     9.8967E-05    8.75E+07     2.7938E+05    
   7.76E+07     0.98592      9.8971E-05    7.76E+07     9.8971E-05    8.76E+07     2.798E+05     
   7.77E+07     0.98592      9.9082E-05    7.77E+07     9.9082E-05    8.77E+07     2.7966E+05    
   7.78E+07     0.98593      9.897E-05     7.78E+07     9.897E-05     8.78E+07     2.8005E+05    
   7.79E+07     0.98593      9.8829E-05    7.79E+07     9.8829E-05    8.79E+07     2.8024E+05    
   7.8E+07      0.98593      9.8684E-05    7.8E+07      9.8684E-05    8.8E+07      2.8054E+05    
   7.81E+07     0.98593      9.873E-05     7.81E+07     9.873E-05     8.81E+07     2.8012E+05    
   7.82E+07     0.98593      9.8622E-05    7.82E+07     9.8622E-05    8.82E+07     2.7806E+05    
   7.83E+07     0.98593      9.8489E-05    7.83E+07     9.8489E-05    8.83E+07     2.7834E+05    
   7.84E+07     0.98593      9.8616E-05    7.84E+07     9.8616E-05    8.84E+07     2.7775E+05    
   7.85E+07     0.98592      9.8602E-05    7.85E+07     9.8602E-05    8.85E+07     2.7763E+05    
   7.86E+07     0.98592      9.8464E-05    7.86E+07     9.8464E-05    8.86E+07     2.7797E+05    
   7.87E+07     0.98592      9.8336E-05    7.87E+07     9.8336E-05    8.87E+07     2.7828E+05    
   7.88E+07     0.98592      9.8306E-05    7.88E+07     9.8306E-05    8.88E+07     2.7825E+05    
   7.89E+07     0.98593      9.8561E-05    7.89E+07     9.8561E-05    8.89E+07     2.7863E+05    
   7.9E+07      0.98594      9.8551E-05    7.9E+07      9.8551E-05    8.9E+07      2.7902E+05    
   7.91E+07     0.98594      9.8441E-05    7.91E+07     9.8441E-05    8.91E+07     2.7858E+05    
   7.92E+07     0.98594      9.835E-05     7.92E+07     9.835E-05     8.92E+07     2.7897E+05    
   7.93E+07     0.98594      9.822E-05     7.93E+07     9.822E-05     8.93E+07     2.7925E+05    
   7.94E+07     0.98595      9.8597E-05    7.94E+07     9.8597E-05    8.94E+07     2.7932E+05    
   7.95E+07     0.98594      9.8593E-05    7.95E+07     9.8593E-05    8.95E+07     2.796E+05     
   7.96E+07     0.98594      9.8485E-05    7.96E+07     9.8485E-05    8.96E+07     2.7979E+05    
   7.97E+07     0.98594      9.8346E-05    7.97E+07     9.8346E-05    8.97E+07     2.7888E+05    
   7.98E+07     0.98594      9.8224E-05    7.98E+07     9.8224E-05    8.98E+07     2.7894E+05    
   7.99E+07     0.98594      9.8154E-05    7.99E+07     9.8154E-05    8.99E+07     2.7894E+05    
   8E+07        0.98593      9.8256E-05    8E+07        9.8256E-05    9E+07        2.7898E+05    
   8.01E+07     0.98593      9.8146E-05    8.01E+07     9.8146E-05    9.01E+07     2.7879E+05    
   8.02E+07     0.98593      9.8009E-05    8.02E+07     9.8009E-05    9.02E+07     2.7873E+05    
   8.03E+07     0.98594      9.7997E-05    8.03E+07     9.7997E-05    9.03E+07     2.7765E+05    
   8.04E+07     0.98594      9.7869E-05    8.04E+07     9.7869E-05    9.04E+07     2.7768E+05    
   8.05E+07     0.98594      9.7934E-05    8.05E+07     9.7934E-05    9.05E+07     2.7737E+05    
   8.06E+07     0.98594      9.7796E-05    8.06E+07     9.7796E-05    9.06E+07     2.7745E+05    
   8.07E+07     0.98594      9.7664E-05    8.07E+07     9.7664E-05    9.07E+07     2.7774E+05    
   8.08E+07     0.98594      9.7526E-05    8.08E+07     9.7526E-05    9.08E+07     2.7804E+05    
   8.09E+07     0.98595      9.7427E-05    8.09E+07     9.7427E-05    9.09E+07     2.7831E+05    
   8.1E+07      0.98595      9.7298E-05    8.1E+07      9.7298E-05    9.1E+07      2.784E+05     
   8.11E+07     0.98595      9.7273E-05    8.11E+07     9.7273E-05    9.11E+07     2.7855E+05    
   8.12E+07     0.98595      9.7139E-05    8.12E+07     9.7139E-05    9.12E+07     2.7882E+05    
   8.13E+07     0.98595      9.7003E-05    8.13E+07     9.7003E-05    9.13E+07     2.792E+05     
   8.14E+07     0.98596      9.7081E-05    8.14E+07     9.7081E-05    9.14E+07     2.7888E+05    
   8.15E+07     0.98596      9.6954E-05    8.15E+07     9.6954E-05    9.15E+07     2.7926E+05    
   8.16E+07     0.98596      9.6838E-05    8.16E+07     9.6838E-05    9.16E+07     2.79E+05      
   8.17E+07     0.98597      9.675E-05     8.17E+07     9.675E-05     9.17E+07     2.7899E+05    
   8.18E+07     0.98597      9.6632E-05    8.18E+07     9.6632E-05    9.18E+07     2.793E+05     
   8.19E+07     0.98597      9.6515E-05    8.19E+07     9.6515E-05    9.19E+07     2.7904E+05    
   8.2E+07      0.98597      9.6414E-05    8.2E+07      9.6414E-05    9.2E+07      2.7936E+05    
   8.21E+07     0.98597      9.6281E-05    8.21E+07     9.6281E-05    9.21E+07     2.7968E+05    
   8.22E+07     0.98596      9.6197E-05    8.22E+07     9.6197E-05    9.22E+07     2.8002E+05    
   8.23E+07     0.98596      9.6081E-05    8.23E+07     9.6081E-05    9.23E+07     2.8041E+05    
   8.24E+07     0.98596      9.5968E-05    8.24E+07     9.5968E-05    9.24E+07     2.8065E+05    
   8.25E+07     0.98597      9.5933E-05    8.25E+07     9.5933E-05    9.25E+07     2.8092E+05    
   8.26E+07     0.98597      9.5836E-05    8.26E+07     9.5836E-05    9.26E+07     2.8098E+05    
   8.27E+07     0.98597      9.5729E-05    8.27E+07     9.5729E-05    9.27E+07     2.8109E+05    
   8.28E+07     0.98597      9.5651E-05    8.28E+07     9.5651E-05    9.28E+07     2.8136E+05    
   8.29E+07     0.98597      9.5547E-05    8.29E+07     9.5547E-05    9.29E+07     2.8163E+05    
   8.3E+07      0.98597      9.5427E-05    8.3E+07      9.5427E-05    9.3E+07      2.8199E+05    
   8.31E+07     0.98597      9.5297E-05    8.31E+07     9.5297E-05    9.31E+07     2.8208E+05    
   8.32E+07     0.98597      9.5168E-05    8.32E+07     9.5168E-05    9.32E+07     2.8218E+05    
   8.33E+07     0.98597      9.5046E-05    8.33E+07     9.5046E-05    9.33E+07     2.8257E+05    
   8.34E+07     0.98597      9.4935E-05    8.34E+07     9.4935E-05    9.34E+07     2.8295E+05    
   8.35E+07     0.98597      9.4875E-05    8.35E+07     9.4875E-05    9.35E+07     2.8246E+05    
   8.36E+07     0.98596      9.4926E-05    8.36E+07     9.4926E-05    9.36E+07     2.8277E+05    
   8.37E+07     0.98596      9.4851E-05    8.37E+07     9.4851E-05    9.37E+07     2.8295E+05    
   8.38E+07     0.98596      9.4743E-05    8.38E+07     9.4743E-05    9.38E+07     2.8334E+05    
   8.39E+07     0.98597      9.4615E-05    8.39E+07     9.4615E-05    9.39E+07     2.8298E+05    
   8.4E+07      0.98596      9.4667E-05    8.4E+07      9.4667E-05    9.4E+07      2.8225E+05    
   8.41E+07     0.98596      9.455E-05     8.41E+07     9.455E-05     9.41E+07     2.822E+05     
   8.42E+07     0.98596      9.444E-05     8.42E+07     9.444E-05     9.42E+07     2.8224E+05    
   8.43E+07     0.98596      9.4315E-05    8.43E+07     9.4315E-05    9.43E+07     2.8193E+05    
   8.44E+07     0.98596      9.4195E-05    8.44E+07     9.4195E-05    9.44E+07     2.8168E+05    
   8.45E+07     0.98596      9.4091E-05    8.45E+07     9.4091E-05    9.45E+07     2.8146E+05    
   8.46E+07     0.98596      9.3985E-05    8.46E+07     9.3985E-05    9.46E+07     2.8184E+05    
   8.47E+07     0.98596      9.3863E-05    8.47E+07     9.3863E-05    9.47E+07     2.8222E+05    
   8.48E+07     0.98596      9.377E-05     8.48E+07     9.377E-05     9.48E+07     2.8157E+05    
   8.49E+07     0.98596      9.3645E-05    8.49E+07     9.3645E-05    9.49E+07     2.8189E+05    
   8.5E+07      0.98596      9.3579E-05    8.5E+07      9.3579E-05    9.5E+07      2.8225E+05    
   8.51E+07     0.98596      9.3456E-05    8.51E+07     9.3456E-05    9.51E+07     2.8262E+05    
   8.52E+07     0.98596      9.3382E-05    8.52E+07     9.3382E-05    9.52E+07     2.8236E+05    
   8.53E+07     0.98596      9.3285E-05    8.53E+07     9.3285E-05    9.53E+07     2.8264E+05    
   8.54E+07     0.98596      9.3163E-05    8.54E+07     9.3163E-05    9.54E+07     2.8209E+05    
   8.55E+07     0.98596      9.3134E-05    8.55E+07     9.3134E-05    9.55E+07     2.8241E+05    
   8.56E+07     0.98596      9.3216E-05    8.56E+07     9.3216E-05    9.56E+07     2.8278E+05    
   8.57E+07     0.98596      9.3128E-05    8.57E+07     9.3128E-05    9.57E+07     2.821E+05     
   8.58E+07     0.98596      9.3008E-05    8.58E+07     9.3008E-05    9.58E+07     2.8222E+05    
   8.59E+07     0.98596      9.2931E-05    8.59E+07     9.2931E-05    9.59E+07     2.8079E+05    
   8.6E+07      0.98597      9.316E-05     8.6E+07      9.316E-05     9.6E+07      2.8042E+05    
   8.61E+07     0.98597      9.307E-05     8.61E+07     9.307E-05     9.61E+07     2.7983E+05    
   8.62E+07     0.98597      9.2958E-05    8.62E+07     9.2958E-05    9.62E+07     2.8021E+05    
   8.63E+07     0.98597      9.2837E-05    8.63E+07     9.2837E-05    9.63E+07     2.8053E+05    
   8.64E+07     0.98597      9.2886E-05    8.64E+07     9.2886E-05    9.64E+07     2.8087E+05    
   8.65E+07     0.98597      9.278E-05     8.65E+07     9.278E-05     9.65E+07     2.8097E+05    
   8.66E+07     0.98597      9.2659E-05    8.66E+07     9.2659E-05    9.66E+07     2.8099E+05    
   8.67E+07     0.98597      9.2544E-05    8.67E+07     9.2544E-05    9.67E+07     2.8127E+05    
   8.68E+07     0.98597      9.2515E-05    8.68E+07     9.2515E-05    9.68E+07     2.8165E+05    
   8.69E+07     0.98597      9.2395E-05    8.69E+07     9.2395E-05    9.69E+07     2.8097E+05    
   8.7E+07      0.98597      9.237E-05     8.7E+07      9.237E-05     9.7E+07      2.8122E+05    
   8.71E+07     0.98597      9.2257E-05    8.71E+07     9.2257E-05    9.71E+07     2.8064E+05    
   8.72E+07     0.98597      9.2138E-05    8.72E+07     9.2138E-05    9.72E+07     2.8099E+05    
   8.73E+07     0.98596      9.2108E-05    8.73E+07     9.2108E-05    9.73E+07     2.8111E+05    
   8.74E+07     0.98596      9.2021E-05    8.74E+07     9.2021E-05    9.74E+07     2.8077E+05    
   8.75E+07     0.98596      9.1906E-05    8.75E+07     9.1906E-05    9.75E+07     2.8055E+05    
   8.76E+07     0.98596      9.1788E-05    8.76E+07     9.1788E-05    9.76E+07     2.809E+05     
   8.77E+07     0.98596      9.1758E-05    8.77E+07     9.1758E-05    9.77E+07     2.8089E+05    
   8.78E+07     0.98596      9.1645E-05    8.78E+07     9.1645E-05    9.78E+07     2.8031E+05    
   8.79E+07     0.98596      9.1554E-05    8.79E+07     9.1554E-05    9.79E+07     2.8066E+05    
   8.8E+07      0.98596      9.1455E-05    8.8E+07      9.1455E-05    9.8E+07      2.81E+05      
   8.81E+07     0.98595      9.1471E-05    8.81E+07     9.1471E-05    9.81E+07     2.8049E+05    
   8.82E+07     0.98596      9.1759E-05    8.82E+07     9.1759E-05    9.82E+07     2.8034E+05    
   8.83E+07     0.98596      9.1652E-05    8.83E+07     9.1652E-05    9.83E+07     2.8066E+05    
   8.84E+07     0.98595      9.1699E-05    8.84E+07     9.1699E-05    9.84E+07     2.8089E+05    
   8.85E+07     0.98596      9.1665E-05    8.85E+07     9.1665E-05    9.85E+07     2.8124E+05    
   8.86E+07     0.98596      9.1561E-05    8.86E+07     9.1561E-05    9.86E+07     2.8022E+05    
   8.87E+07     0.98596      9.1451E-05    8.87E+07     9.1451E-05    9.87E+07     2.7977E+05    
   8.88E+07     0.98595      9.1407E-05    8.88E+07     9.1407E-05    9.88E+07     2.7997E+05    
   8.89E+07     0.98595      9.1296E-05    8.89E+07     9.1296E-05    9.89E+07     2.8031E+05    
   8.9E+07      0.98595      9.118E-05     8.9E+07      9.118E-05     9.9E+07      2.8055E+05    
   8.91E+07     0.98595      9.1199E-05    8.91E+07     9.1199E-05    9.91E+07     2.7927E+05    
   8.92E+07     0.98595      9.1086E-05    8.92E+07     9.1086E-05    9.92E+07     2.7945E+05    
   8.93E+07     0.98595      9.0991E-05    8.93E+07     9.0991E-05    9.93E+07     2.7976E+05    
   8.94E+07     0.98595      9.0928E-05    8.94E+07     9.0928E-05    9.94E+07     2.8005E+05    
   8.95E+07     0.98595      9.0827E-05    8.95E+07     9.0827E-05    9.95E+07     2.7949E+05    
   8.96E+07     0.98595      9.0744E-05    8.96E+07     9.0744E-05    9.96E+07     2.7914E+05    
   8.97E+07     0.98596      9.0842E-05    8.97E+07     9.0842E-05    9.97E+07     2.7911E+05    
   8.98E+07     0.98595      9.0783E-05    8.98E+07     9.0783E-05    9.98E+07     2.7942E+05    
   8.99E+07     0.98596      9.0729E-05    8.99E+07     9.0729E-05    9.99E+07     2.7977E+05    
   9E+07        0.98595      9.0671E-05    9E+07        9.0671E-05    1E+08        2.8001E+05    
   9.01E+07     0.98595      9.0654E-05    9.01E+07     9.0654E-05    
   9.02E+07     0.98594      9.0616E-05    9.02E+07     9.0616E-05    
   9.03E+07     0.98595      9.074E-05     9.03E+07     9.074E-05     
   9.04E+07     0.98595      9.0682E-05    9.04E+07     9.0682E-05    
   9.05E+07     0.98595      9.0683E-05    9.05E+07     9.0683E-05    
   9.06E+07     0.98595      9.0623E-05    9.06E+07     9.0623E-05    
   9.07E+07     0.98595      9.0523E-05    9.07E+07     9.0523E-05    
   9.08E+07     0.98595      9.0422E-05    9.08E+07     9.0422E-05    
   9.09E+07     0.98594      9.0328E-05    9.09E+07     9.0328E-05    
   9.1E+07      0.98595      9.0266E-05    9.1E+07      9.0266E-05    
   9.11E+07     0.98595      9.0192E-05    9.11E+07     9.0192E-05    
   9.12E+07     0.98595      9.0091E-05    9.12E+07     9.0091E-05    
   9.13E+07     0.98595      8.9981E-05    9.13E+07     8.9981E-05    
   9.14E+07     0.98594      8.9985E-05    9.14E+07     8.9985E-05    
   9.15E+07     0.98594      8.9876E-05    9.15E+07     8.9876E-05    
   9.16E+07     0.98595      8.9865E-05    9.16E+07     8.9865E-05    
   9.17E+07     0.98595      8.9817E-05    9.17E+07     8.9817E-05    
   9.18E+07     0.98595      8.9721E-05    9.18E+07     8.9721E-05    
   9.19E+07     0.98595      8.9716E-05    9.19E+07     8.9716E-05    
   9.2E+07      0.98595      8.961E-05     9.2E+07      8.961E-05     
   9.21E+07     0.98596      8.9512E-05    9.21E+07     8.9512E-05    
   9.22E+07     0.98596      8.9409E-05    9.22E+07     8.9409E-05    
   9.23E+07     0.98596      8.9302E-05    9.23E+07     8.9302E-05    
   9.24E+07     0.98596      8.9208E-05    9.24E+07     8.9208E-05    
   9.25E+07     0.98596      8.9119E-05    9.25E+07     8.9119E-05    
   9.26E+07     0.98596      8.9062E-05    9.26E+07     8.9062E-05    
   9.27E+07     0.98596      8.9E-05       9.27E+07     8.9E-05       
   9.28E+07     0.98596      8.8902E-05    9.28E+07     8.8902E-05    
   9.29E+07     0.98596      8.8813E-05    9.29E+07     8.8813E-05    
   9.3E+07      0.98596      8.8708E-05    9.3E+07      8.8708E-05    
   9.31E+07     0.98597      8.8649E-05    9.31E+07     8.8649E-05    
   9.32E+07     0.98596      8.8578E-05    9.32E+07     8.8578E-05    
   9.33E+07     0.98596      8.8472E-05    9.33E+07     8.8472E-05    
   9.34E+07     0.98596      8.8368E-05    9.34E+07     8.8368E-05    
   9.35E+07     0.98597      8.8398E-05    9.35E+07     8.8398E-05    
   9.36E+07     0.98597      8.8302E-05    9.36E+07     8.8302E-05    
   9.37E+07     0.98596      8.8227E-05    9.37E+07     8.8227E-05    
   9.38E+07     0.98596      8.8122E-05    9.38E+07     8.8122E-05    
   9.39E+07     0.98597      8.813E-05     9.39E+07     8.813E-05     
   9.4E+07      0.98596      8.8195E-05    9.4E+07      8.8195E-05    
   9.41E+07     0.98596      8.8154E-05    9.41E+07     8.8154E-05    
   9.42E+07     0.98596      8.8103E-05    9.42E+07     8.8103E-05    
   9.43E+07     0.98596      8.8105E-05    9.43E+07     8.8105E-05    
   9.44E+07     0.98596      8.8098E-05    9.44E+07     8.8098E-05    
   9.45E+07     0.98596      8.808E-05     9.45E+07     8.808E-05     
   9.46E+07     0.98596      8.7978E-05    9.46E+07     8.7978E-05    
   9.47E+07     0.98596      8.7874E-05    9.47E+07     8.7874E-05    
   9.48E+07     0.98597      8.7929E-05    9.48E+07     8.7929E-05    
   9.49E+07     0.98597      8.7829E-05    9.49E+07     8.7829E-05    
   9.5E+07      0.98597      8.7726E-05    9.5E+07      8.7726E-05    
   9.51E+07     0.98597      8.7624E-05    9.51E+07     8.7624E-05    
   9.52E+07     0.98597      8.7619E-05    9.52E+07     8.7619E-05    
   9.53E+07     0.98597      8.7527E-05    9.53E+07     8.7527E-05    
   9.54E+07     0.98597      8.7567E-05    9.54E+07     8.7567E-05    
   9.55E+07     0.98597      8.7474E-05    9.55E+07     8.7474E-05    
   9.56E+07     0.98597      8.7372E-05    9.56E+07     8.7372E-05    
   9.57E+07     0.98598      8.7424E-05    9.57E+07     8.7424E-05    
   9.58E+07     0.98598      8.7361E-05    9.58E+07     8.7361E-05    
   9.59E+07     0.98597      8.7539E-05    9.59E+07     8.7539E-05    
   9.6E+07      0.98597      8.7553E-05    9.6E+07      8.7553E-05    
   9.61E+07     0.98597      8.7598E-05    9.61E+07     8.7598E-05    
   9.62E+07     0.98597      8.7496E-05    9.62E+07     8.7496E-05    
   9.63E+07     0.98597      8.7401E-05    9.63E+07     8.7401E-05    
   9.64E+07     0.98597      8.7306E-05    9.64E+07     8.7306E-05    
   9.65E+07     0.98597      8.7237E-05    9.65E+07     8.7237E-05    
   9.66E+07     0.98597      8.7192E-05    9.66E+07     8.7192E-05    
   9.67E+07     0.98597      8.71E-05      9.67E+07     8.71E-05      
   9.68E+07     0.98597      8.6999E-05    9.68E+07     8.6999E-05    
   9.69E+07     0.98597      8.7053E-05    9.69E+07     8.7053E-05    
   9.7E+07      0.98597      8.6972E-05    9.7E+07      8.6972E-05    
   9.71E+07     0.98596      8.7016E-05    9.71E+07     8.7016E-05    
   9.72E+07     0.98596      8.6921E-05    9.72E+07     8.6921E-05    
   9.73E+07     0.98596      8.6851E-05    9.73E+07     8.6851E-05    
   9.74E+07     0.98595      8.6861E-05    9.74E+07     8.6861E-05    
   9.75E+07     0.98596      8.6852E-05    9.75E+07     8.6852E-05    
   9.76E+07     0.98596      8.6753E-05    9.76E+07     8.6753E-05    
   9.77E+07     0.98596      8.6708E-05    9.77E+07     8.6708E-05    
   9.78E+07     0.98597      8.6752E-05    9.78E+07     8.6752E-05    
   9.79E+07     0.98597      8.6656E-05    9.79E+07     8.6656E-05    
   9.8E+07      0.98597      8.6559E-05    9.8E+07      8.6559E-05    
   9.81E+07     0.98596      8.6592E-05    9.81E+07     8.6592E-05    
   9.82E+07     0.98597      8.657E-05     9.82E+07     8.657E-05     
   9.83E+07     0.98597      8.6479E-05    9.83E+07     8.6479E-05    
   9.84E+07     0.98597      8.6403E-05    9.84E+07     8.6403E-05    
   9.85E+07     0.98597      8.6306E-05    9.85E+07     8.6306E-05    
   9.86E+07     0.98596      8.6415E-05    9.86E+07     8.6415E-05    
   9.87E+07     0.98597      8.6443E-05    9.87E+07     8.6443E-05    
   9.88E+07     0.98596      8.637E-05     9.88E+07     8.637E-05     
   9.89E+07     0.98597      8.6274E-05    9.89E+07     8.6274E-05    
   9.9E+07      0.98596      8.6192E-05    9.9E+07      8.6192E-05    
   9.91E+07     0.98597      8.6346E-05    9.91E+07     8.6346E-05    
   9.92E+07     0.98597      8.6277E-05    9.92E+07     8.6277E-05    
   9.93E+07     0.98597      8.6186E-05    9.93E+07     8.6186E-05    
   9.94E+07     0.98597      8.6096E-05    9.94E+07     8.6096E-05    
   9.95E+07     0.98598      8.6138E-05    9.95E+07     8.6138E-05    
   9.96E+07     0.98597      8.6151E-05    9.96E+07     8.6151E-05    
   9.97E+07     0.98597      8.6113E-05    9.97E+07     8.6113E-05    
   9.98E+07     0.98597      8.602E-05     9.98E+07     8.602E-05     
   9.99E+07     0.98597      8.5924E-05    9.99E+07     8.5924E-05    
   1E+08        0.98597      8.5844E-05    1E+08        8.5844E-05    
