# This file is written with the intent of being used to plot the data with 
# Gnuplot.  It contains no information regarding how the plot should be 
# formatted.
# =========================================================================
# Research/ArnoldivsPower -f Power1-49.dat -t 100000 -A -c 100 -C 900 -w 20 -b 75 -r  seed = 2170532386
# filename = Power1-49.dat, run = true, power = true, Arnoldi = false, storevectors = 0, raw = false, evectors = 2, evalues = 2, residual = false, arnoldimethod = implicit, tol = 2.22045e-16, verbose = 1, seed = 0, width = 20, bins = 75, acycles = 900, incycles = 100, active = 20, inactive = 0, Iterations = 10, numValues = 2, relaxed = 0, tracks = 100000, ignore_rest = false, version = false, help = false, 

#  1            2            3             4            5             6            7             8            9            
# |-            Power values           -| |-   Power eValues SD   -| |-       FOM-Power      -| |-     Power vector     -| 
#  x-coord      y-coord      error         x-coord      y-coord       x-coord      y-coord       x-coord      y-coord       
   1E+05        0.96362      0             1E+05        0             1.01E+07     0             0.13333      0.017475      
   2E+05        0.96546      0             2E+05        0             1.02E+07     34409         0.4          0.024674      
   3E+05        0.97134      0             3E+05        0             1.03E+07     65514         0.66667      0.031014      
   4E+05        0.97338      0             4E+05        0             1.04E+07     48562         0.93333      0.037236      
   5E+05        0.9732       0             5E+05        0             1.05E+07     73865         1.2          0.043365      
   6E+05        0.9781       0             6E+05        0             1.06E+07     93959         1.4667       0.049138      
   7E+05        0.97835      0             7E+05        0             1.07E+07     1.1633E+05    1.7333       0.055238      
   8E+05        0.9753       0             8E+05        0             1.08E+07     70967         2            0.061048      
   9E+05        0.9747       0             9E+05        0             1.09E+07     82741         2.2667       0.066454      
   1E+06        0.98254      0             1E+06        0             1.1E+07      88995         2.5333       0.072091      
   1.1E+06      0.98103      0             1.1E+06      0             1.11E+07     1.0651E+05    2.8          0.077368      
   1.2E+06      0.98906      0             1.2E+06      0             1.12E+07     93472         3.0667       0.082664      
   1.3E+06      0.98322      0             1.3E+06      0             1.13E+07     1.0558E+05    3.3333       0.087695      
   1.4E+06      0.98339      0             1.4E+06      0             1.14E+07     1.2138E+05    3.6          0.092751      
   1.5E+06      0.98147      0             1.5E+06      0             1.15E+07     96344         3.8667       0.097634      
   1.6E+06      0.98519      0             1.6E+06      0             1.16E+07     1.0446E+05    4.1333       0.10247       
   1.7E+06      0.98337      0             1.7E+06      0             1.17E+07     99555         4.4          0.10694       
   1.8E+06      0.9865       0             1.8E+06      0             1.18E+07     97154         4.6667       0.11134       
   1.9E+06      0.98783      0             1.9E+06      0             1.19E+07     1.0307E+05    4.9333       0.11567       
   2E+06        0.98153      0             2E+06        0             1.2E+07      1.1291E+05    5.2          0.11996       
   2.1E+06      0.98294      0             2.1E+06      0             1.21E+07     95007         5.4667       0.1238        
   2.2E+06      0.98775      0             2.2E+06      0             1.22E+07     1.0279E+05    5.7333       0.12753       
   2.3E+06      0.98848      0             2.3E+06      0             1.23E+07     1.0887E+05    6            0.13112       
   2.4E+06      0.98113      0             2.4E+06      0             1.24E+07     1.1651E+05    6.2667       0.13458       
   2.5E+06      0.97999      0             2.5E+06      0             1.25E+07     1.2495E+05    6.5333       0.13737       
   2.6E+06      0.98952      0             2.6E+06      0             1.26E+07     1.2404E+05    6.8          0.1402        
   2.7E+06      0.98799      0             2.7E+06      0             1.27E+07     1.2572E+05    7.0667       0.1428        
   2.8E+06      0.98155      0             2.8E+06      0             1.28E+07     1.309E+05     7.3333       0.14545       
   2.9E+06      0.98395      0             2.9E+06      0             1.29E+07     1.375E+05     7.6          0.14782       
   3E+06        0.98356      0             3E+06        0             1.3E+07      1.4474E+05    7.8667       0.14982       
   3.1E+06      0.9883       0             3.1E+06      0             1.31E+07     1.5264E+05    8.1333       0.15169       
   3.2E+06      0.98541      0             3.2E+06      0             1.32E+07     1.5775E+05    8.4          0.15307       
   3.3E+06      0.98249      0             3.3E+06      0             1.33E+07     1.5959E+05    8.6667       0.15443       
   3.4E+06      0.9859       0             3.4E+06      0             1.34E+07     1.6486E+05    8.9333       0.15567       
   3.5E+06      0.98511      0             3.5E+06      0             1.35E+07     1.6937E+05    9.2          0.15627       
   3.6E+06      0.98709      0             3.6E+06      0             1.36E+07     1.7408E+05    9.4667       0.15715       
   3.7E+06      0.98701      0             3.7E+06      0             1.37E+07     1.6963E+05    9.7333       0.15719       
   3.8E+06      0.9871       0             3.8E+06      0             1.38E+07     1.736E+05     10           0.15747       
   3.9E+06      0.98921      0             3.9E+06      0             1.39E+07     1.722E+05     10.267       0.15751       
   4E+06        0.98454      0             4E+06        0             1.4E+07      1.7974E+05    10.533       0.15724       
   4.1E+06      0.98251      0             4.1E+06      0             1.41E+07     1.8426E+05    10.8         0.15654       
   4.2E+06      0.98399      0             4.2E+06      0             1.42E+07     1.6392E+05    11.067       0.1557        
   4.3E+06      0.98531      0             4.3E+06      0             1.43E+07     1.7051E+05    11.333       0.15477       
   4.4E+06      0.98837      0             4.4E+06      0             1.44E+07     1.6978E+05    11.6         0.15358       
   4.5E+06      0.99094      0             4.5E+06      0             1.45E+07     1.4785E+05    11.867       0.15215       
   4.6E+06      0.98312      0             4.6E+06      0             1.46E+07     1.5331E+05    12.133       0.15042       
   4.7E+06      0.98285      0             4.7E+06      0             1.47E+07     1.5447E+05    12.4         0.14843       
   4.8E+06      0.98309      0             4.8E+06      0             1.48E+07     1.5032E+05    12.667       0.14633       
   4.9E+06      0.98509      0             4.9E+06      0             1.49E+07     1.556E+05     12.933       0.14395       
   5E+06        0.98286      0             5E+06        0             1.5E+07      1.602E+05     13.2         0.14115       
   5.1E+06      0.98529      0             5.1E+06      0             1.51E+07     1.5611E+05    13.467       0.13859       
   5.2E+06      0.99085      0             5.2E+06      0             1.52E+07     1.6028E+05    13.733       0.13534       
   5.3E+06      0.98612      0             5.3E+06      0             1.53E+07     1.5801E+05    14           0.13188       
   5.4E+06      0.98627      0             5.4E+06      0             1.54E+07     1.6295E+05    14.267       0.1285        
   5.5E+06      0.98333      0             5.5E+06      0             1.55E+07     1.6779E+05    14.533       0.12484       
   5.6E+06      0.98536      0             5.6E+06      0             1.56E+07     1.7246E+05    14.8         0.12093       
   5.7E+06      0.98678      0             5.7E+06      0             1.57E+07     1.7698E+05    15.067       0.11671       
   5.8E+06      0.98407      0             5.8E+06      0             1.58E+07     1.8111E+05    15.333       0.11232       
   5.9E+06      0.98531      0             5.9E+06      0             1.59E+07     1.7369E+05    15.6         0.10818       
   6E+06        0.98879      0             6E+06        0             1.6E+07      1.7803E+05    15.867       0.10362       
   6.1E+06      0.98562      0             6.1E+06      0             1.61E+07     1.8179E+05    16.133       0.098782      
   6.2E+06      0.987        0             6.2E+06      0             1.62E+07     1.8416E+05    16.4         0.093802      
   6.3E+06      0.9872       0             6.3E+06      0             1.63E+07     1.7433E+05    16.667       0.088799      
   6.4E+06      0.98306      0             6.4E+06      0             1.64E+07     1.7881E+05    16.933       0.083474      
   6.5E+06      0.98145      0             6.5E+06      0             1.65E+07     1.8126E+05    17.2         0.078155      
   6.6E+06      0.98639      0             6.6E+06      0             1.66E+07     1.7173E+05    17.467       0.072434      
   6.7E+06      0.98406      0             6.7E+06      0             1.67E+07     1.7399E+05    17.733       0.06704       
   6.8E+06      0.98397      0             6.8E+06      0             1.68E+07     1.7277E+05    18           0.061328      
   6.9E+06      0.98421      0             6.9E+06      0             1.69E+07     1.7667E+05    18.267       0.055405      
   7E+06        0.98445      0             7E+06        0             1.7E+07      1.8066E+05    18.533       0.049549      
   7.1E+06      0.98395      0             7.1E+06      0             1.71E+07     1.8455E+05    18.8         0.043572      
   7.2E+06      0.98759      0             7.2E+06      0             1.72E+07     1.8306E+05    19.067       0.037451      
   7.3E+06      0.98783      0             7.3E+06      0             1.73E+07     1.8499E+05    19.333       0.031099      
   7.4E+06      0.9828       0             7.4E+06      0             1.74E+07     1.8799E+05    19.6         0.02472       
   7.5E+06      0.98844      0             7.5E+06      0             1.75E+07     1.8873E+05    19.867       0.017616      
   7.6E+06      0.98383      0             7.6E+06      0             1.76E+07     1.8866E+05    
   7.7E+06      0.98733      0             7.7E+06      0             1.77E+07     1.9254E+05    
   7.8E+06      0.98805      0             7.8E+06      0             1.78E+07     1.9055E+05    
   7.9E+06      0.98982      0             7.9E+06      0             1.79E+07     1.811E+05     
   8E+06        0.98939      0             8E+06        0             1.8E+07      1.8436E+05    
   8.1E+06      0.99077      0             8.1E+06      0             1.81E+07     1.8605E+05    
   8.2E+06      0.98819      0             8.2E+06      0             1.82E+07     1.8957E+05    
   8.3E+06      0.9923       0             8.3E+06      0             1.83E+07     1.9293E+05    
   8.4E+06      0.9876       0             8.4E+06      0             1.84E+07     1.963E+05     
   8.5E+06      0.98509      0             8.5E+06      0             1.85E+07     1.9585E+05    
   8.6E+06      0.98434      0             8.6E+06      0             1.86E+07     1.9885E+05    
   8.7E+06      0.98733      0             8.7E+06      0             1.87E+07     2.0179E+05    
   8.8E+06      0.9878       0             8.8E+06      0             1.88E+07     2.0014E+05    
   8.9E+06      0.98624      0             8.9E+06      0             1.89E+07     2.0276E+05    
   9E+06        0.98368      0             9E+06        0             1.9E+07      2.0594E+05    
   9.1E+06      0.9844       0             9.1E+06      0             1.91E+07     2.0395E+05    
   9.2E+06      0.9845       0             9.2E+06      0             1.92E+07     2.0626E+05    
   9.3E+06      0.98377      0             9.3E+06      0             1.93E+07     2.0961E+05    
   9.4E+06      0.98843      0             9.4E+06      0             1.94E+07     2.11E+05      
   9.5E+06      0.98068      0             9.5E+06      0             1.95E+07     2.1255E+05    
   9.6E+06      0.99003      0             9.6E+06      0             1.96E+07     2.0975E+05    
   9.7E+06      0.98621      0             9.7E+06      0             1.97E+07     2.1291E+05    
   9.8E+06      0.98229      0             9.8E+06      0             1.98E+07     2.0334E+05    
   9.9E+06      0.98626      0             9.9E+06      0             1.99E+07     2.0638E+05    
   1E+07        0.98142      0             1E+07        0             2E+07        2.0619E+05    
   1.01E+07     0.98772      3.2253E-09    1.01E+07     3.2253E-09    2.01E+07     2.0797E+05    
   1.02E+07     0.98662      0.00078224    1.02E+07     0.00078224    2.02E+07     2.1092E+05    
   1.03E+07     0.98688      0.00056366    1.03E+07     0.00056366    2.03E+07     2.1324E+05    
   1.04E+07     0.98631      0.00065158    1.04E+07     0.00065158    2.04E+07     2.1503E+05    
   1.05E+07     0.98638      0.00052567    1.05E+07     0.00052567    2.05E+07     2.1612E+05    
   1.06E+07     0.98655      0.00046394    1.06E+07     0.00046394    2.06E+07     2.1892E+05    
   1.07E+07     0.98642      0.00041476    1.07E+07     0.00041476    2.07E+07     2.157E+05     
   1.08E+07     0.98683      0.00052863    1.08E+07     0.00052863    2.08E+07     2.1559E+05    
   1.09E+07     0.9867       0.00048726    1.09E+07     0.00048726    2.09E+07     2.1296E+05    
   1.1E+07      0.98653      0.00046775    1.1E+07      0.00046775    2.1E+07      2.1324E+05    
   1.11E+07     0.98653      0.0004253     1.11E+07     0.0004253     2.11E+07     2.1467E+05    
   1.12E+07     0.9863       0.000452      1.12E+07     0.000452      2.12E+07     2.1615E+05    
   1.13E+07     0.98637      0.00042338    1.13E+07     0.00042338    2.13E+07     2.1883E+05    
   1.14E+07     0.98637      0.00039316    1.14E+07     0.00039316    2.14E+07     2.2093E+05    
   1.15E+07     0.98612      0.00043907    1.15E+07     0.00043907    2.15E+07     2.0467E+05    
   1.16E+07     0.98621      0.00041989    1.16E+07     0.00041989    2.16E+07     2.0722E+05    
   1.17E+07     0.98638      0.00042832    1.17E+07     0.00042832    2.17E+07     2.0981E+05    
   1.18E+07     0.98623      0.00043157    1.18E+07     0.00043157    2.18E+07     2.1118E+05    
   1.19E+07     0.98631      0.00041728    1.19E+07     0.00041728    2.19E+07     2.0942E+05    
   1.2E+07      0.98633      0.00039684    1.2E+07      0.00039684    2.2E+07      2.091E+05     
   1.21E+07     0.98654      0.00043088    1.21E+07     0.00043088    2.21E+07     2.0442E+05    
   1.22E+07     0.98657      0.00041248    1.22E+07     0.00041248    2.22E+07     2.0441E+05    
   1.23E+07     0.98651      0.00039921    1.23E+07     0.00039921    2.23E+07     2.0199E+05    
   1.24E+07     0.98648      0.00038403    1.24E+07     0.00038403    2.24E+07     2.019E+05     
   1.25E+07     0.98645      0.00036938    1.25E+07     0.00036938    2.25E+07     1.9721E+05    
   1.26E+07     0.98635      0.0003692     1.26E+07     0.0003692     2.26E+07     1.979E+05     
   1.27E+07     0.98644      0.0003653     1.27E+07     0.0003653     2.27E+07     1.9897E+05    
   1.28E+07     0.98638      0.00035639    1.28E+07     0.00035639    2.28E+07     1.8972E+05    
   1.29E+07     0.98634      0.00034642    1.29E+07     0.00034642    2.29E+07     1.9181E+05    
   1.3E+07      0.98637      0.00033637    1.3E+07      0.00033637    2.3E+07      1.939E+05     
   1.31E+07     0.9864       0.00032627    1.31E+07     0.00032627    2.31E+07     1.8811E+05    
   1.32E+07     0.98635      0.00031959    1.32E+07     0.00031959    2.32E+07     1.8986E+05    
   1.33E+07     0.98628      0.00031652    1.33E+07     0.00031652    2.33E+07     1.9122E+05    
   1.34E+07     0.98624      0.00031027    1.34E+07     0.00031027    2.34E+07     1.8992E+05    
   1.35E+07     0.98629      0.00030495    1.35E+07     0.00030495    2.35E+07     1.9182E+05    
   1.36E+07     0.98624      0.00029959    1.36E+07     0.00029959    2.36E+07     1.9198E+05    
   1.37E+07     0.98632      0.00030234    1.37E+07     0.00030234    2.37E+07     1.9374E+05    
   1.38E+07     0.98628      0.00029779    1.38E+07     0.00029779    2.38E+07     1.9574E+05    
   1.39E+07     0.98635      0.0002979     1.39E+07     0.0002979     2.39E+07     1.976E+05     
   1.4E+07      0.98634      0.00029048    1.4E+07      0.00029048    2.4E+07      1.9752E+05    
   1.41E+07     0.98638      0.00028584    1.41E+07     0.00028584    2.41E+07     1.9859E+05    
   1.42E+07     0.98626      0.000302      1.42E+07     0.000302      2.42E+07     1.9915E+05    
   1.43E+07     0.98626      0.00029509    1.43E+07     0.00029509    2.43E+07     2.0034E+05    
   1.44E+07     0.98632      0.0002945     1.44E+07     0.0002945     2.44E+07     2.0074E+05    
   1.45E+07     0.98619      0.00031453    1.45E+07     0.00031453    2.45E+07     2.0226E+05    
   1.46E+07     0.98619      0.00030777    1.46E+07     0.00030777    2.46E+07     2.0419E+05    
   1.47E+07     0.98614      0.00030559    1.47E+07     0.00030559    2.47E+07     2.0599E+05    
   1.48E+07     0.98622      0.00030871    1.48E+07     0.00030871    2.48E+07     2.0534E+05    
   1.49E+07     0.98622      0.00030245    1.49E+07     0.00030245    2.49E+07     2.0541E+05    
   1.5E+07      0.9862       0.00029704    1.5E+07      0.00029704    2.5E+07      2.0693E+05    
   1.51E+07     0.98613      0.00029992    1.51E+07     0.00029992    2.51E+07     2.0803E+05    
   1.52E+07     0.98611      0.00029501    1.52E+07     0.00029501    2.52E+07     2.0995E+05    
   1.53E+07     0.98605      0.00029602    1.53E+07     0.00029602    2.53E+07     2.0999E+05    
   1.54E+07     0.98605      0.00029054    1.54E+07     0.00029054    2.54E+07     2.1164E+05    
   1.55E+07     0.98606      0.00028541    1.55E+07     0.00028541    2.55E+07     2.1297E+05    
   1.56E+07     0.98607      0.00028064    1.56E+07     0.00028064    2.56E+07     2.1411E+05    
   1.57E+07     0.98606      0.00027603    1.57E+07     0.00027603    2.57E+07     2.1586E+05    
   1.58E+07     0.98604      0.00027201    1.58E+07     0.00027201    2.58E+07     2.1745E+05    
   1.59E+07     0.98596      0.00027687    1.59E+07     0.00027687    2.59E+07     2.1848E+05    
   1.6E+07      0.98598      0.00027264    1.6E+07      0.00027264    2.6E+07      2.1984E+05    
   1.61E+07     0.986        0.00026883    1.61E+07     0.00026883    2.61E+07     2.202E+05     
   1.62E+07     0.98597      0.00026629    1.62E+07     0.00026629    2.62E+07     2.2202E+05    
   1.63E+07     0.98604      0.00027284    1.63E+07     0.00027284    2.63E+07     2.2235E+05    
   1.64E+07     0.98605      0.00026859    1.64E+07     0.00026859    2.64E+07     2.1996E+05    
   1.65E+07     0.98607      0.00026583    1.65E+07     0.00026583    2.65E+07     2.1009E+05    
   1.66E+07     0.986        0.0002723     1.66E+07     0.0002723     2.66E+07     2.089E+05     
   1.67E+07     0.98597      0.0002697     1.67E+07     0.0002697     2.67E+07     2.1059E+05    
   1.68E+07     0.98602      0.00026987    1.68E+07     0.00026987    2.68E+07     2.1169E+05    
   1.69E+07     0.98602      0.00026602    1.69E+07     0.00026602    2.69E+07     2.1339E+05    
   1.7E+07      0.98602      0.00026223    1.7E+07      0.00026223    2.7E+07      2.1508E+05    
   1.71E+07     0.98601      0.00025871    1.71E+07     0.00025871    2.71E+07     2.1664E+05    
   1.72E+07     0.98597      0.00025899    1.72E+07     0.00025899    2.72E+07     2.141E+05     
   1.73E+07     0.98599      0.00025681    1.73E+07     0.00025681    2.73E+07     2.1568E+05    
   1.74E+07     0.98597      0.00025401    1.74E+07     0.00025401    2.74E+07     2.1652E+05    
   1.75E+07     0.98594      0.0002528     1.75E+07     0.0002528     2.75E+07     2.1603E+05    
   1.76E+07     0.98598      0.00025211    1.76E+07     0.00025211    2.76E+07     2.1726E+05    
   1.77E+07     0.98597      0.00024886    1.77E+07     0.00024886    2.77E+07     2.1836E+05    
   1.78E+07     0.98602      0.00024944    1.78E+07     0.00024944    2.78E+07     2.1802E+05    
   1.79E+07     0.98595      0.00025517    1.79E+07     0.00025517    2.79E+07     2.1916E+05    
   1.8E+07      0.98596      0.00025212    1.8E+07      0.00025212    2.8E+07      2.2061E+05    
   1.81E+07     0.98593      0.00025022    1.81E+07     0.00025022    2.81E+07     2.2143E+05    
   1.82E+07     0.98594      0.00024719    1.82E+07     0.00024719    2.82E+07     2.2301E+05    
   1.83E+07     0.98595      0.00024437    1.83E+07     0.00024437    2.83E+07     2.2428E+05    
   1.84E+07     0.98596      0.00024162    1.84E+07     0.00024162    2.84E+07     2.2536E+05    
   1.85E+07     0.98592      0.00024119    1.85E+07     0.00024119    2.85E+07     2.2522E+05    
   1.86E+07     0.98593      0.0002387     1.86E+07     0.0002387     2.86E+07     2.2516E+05    
   1.87E+07     0.98592      0.0002363     1.87E+07     0.0002363     2.87E+07     2.2669E+05    
   1.88E+07     0.98588      0.00023667    1.88E+07     0.00023667    2.88E+07     2.2558E+05    
   1.89E+07     0.9859       0.0002345     1.89E+07     0.0002345     2.89E+07     2.2704E+05    
   1.9E+07      0.98589      0.00023204    1.9E+07      0.00023204    2.9E+07      2.2794E+05    
   1.91E+07     0.98585      0.00023254    1.91E+07     0.00023254    2.91E+07     2.2859E+05    
   1.92E+07     0.98587      0.00023065    1.92E+07     0.00023065    2.92E+07     2.2966E+05    
   1.93E+07     0.98587      0.00022819    1.93E+07     0.00022819    2.93E+07     2.3129E+05    
   1.94E+07     0.98584      0.00022682    1.94E+07     0.00022682    2.94E+07     2.2375E+05    
   1.95E+07     0.98582      0.00022543    1.95E+07     0.00022543    2.95E+07     2.2312E+05    
   1.96E+07     0.98586      0.00022633    1.96E+07     0.00022633    2.96E+07     2.2168E+05    
   1.97E+07     0.98587      0.0002241     1.97E+07     0.0002241     2.97E+07     2.2315E+05    
   1.98E+07     0.98592      0.00022865    1.98E+07     0.00022865    2.98E+07     2.2447E+05    
   1.99E+07     0.98593      0.00022641    1.99E+07     0.00022641    2.99E+07     2.2594E+05    
   2E+07        0.98596      0.00022592    2E+07        0.00022592    3E+07        2.2486E+05    
   2.01E+07     0.98594      0.00022442    2.01E+07     0.00022442    3.01E+07     2.2376E+05    
   2.02E+07     0.98594      0.00022223    2.02E+07     0.00022223    3.02E+07     2.251E+05     
   2.03E+07     0.98596      0.00022049    2.03E+07     0.00022049    3.03E+07     2.2603E+05    
   2.04E+07     0.98594      0.000219      2.04E+07     0.000219      3.04E+07     2.2746E+05    
   2.05E+07     0.98592      0.00021793    2.05E+07     0.00021793    3.05E+07     2.2472E+05    
   2.06E+07     0.98592      0.00021594    2.06E+07     0.00021594    3.06E+07     2.262E+05     
   2.07E+07     0.98589      0.00021704    2.07E+07     0.00021704    3.07E+07     2.2361E+05    
   2.08E+07     0.98586      0.00021658    2.08E+07     0.00021658    3.08E+07     2.2403E+05    
   2.09E+07     0.9859       0.00021739    2.09E+07     0.00021739    3.09E+07     2.2518E+05    
   2.1E+07      0.98592      0.0002167     2.1E+07      0.0002167     3.1E+07      2.2481E+05    
   2.11E+07     0.98594      0.00021543    2.11E+07     0.00021543    3.11E+07     2.2624E+05    
   2.12E+07     0.98592      0.00021419    2.12E+07     0.00021419    3.12E+07     2.2608E+05    
   2.13E+07     0.98593      0.00021238    2.13E+07     0.00021238    3.13E+07     2.2535E+05    
   2.14E+07     0.98594      0.00021083    2.14E+07     0.00021083    3.14E+07     2.2653E+05    
   2.15E+07     0.98587      0.00021854    2.15E+07     0.00021854    3.15E+07     2.276E+05     
   2.16E+07     0.98588      0.0002167     2.16E+07     0.0002167     3.16E+07     2.2745E+05    
   2.17E+07     0.98588      0.00021485    2.17E+07     0.00021485    3.17E+07     2.2612E+05    
   2.18E+07     0.98586      0.00021366    2.18E+07     0.00021366    3.18E+07     2.2557E+05    
   2.19E+07     0.98583      0.00021402    2.19E+07     0.00021402    3.19E+07     2.2694E+05    
   2.2E+07      0.98581      0.00021371    2.2E+07      0.00021371    3.2E+07      2.2583E+05    
   2.21E+07     0.98585      0.00021567    2.21E+07     0.00021567    3.21E+07     2.2707E+05    
   2.22E+07     0.98587      0.00021518    2.22E+07     0.00021518    3.22E+07     2.2658E+05    
   2.23E+07     0.98584      0.00021595    2.23E+07     0.00021595    3.23E+07     2.2709E+05    
   2.24E+07     0.98586      0.00021551    2.24E+07     0.00021551    3.24E+07     2.2747E+05    
   2.25E+07     0.9859       0.00021759    2.25E+07     0.00021759    3.25E+07     2.2875E+05    
   2.26E+07     0.98592      0.00021672    2.26E+07     0.00021672    3.26E+07     2.3009E+05    
   2.27E+07     0.9859       0.00021563    2.27E+07     0.00021563    3.27E+07     2.3018E+05    
   2.28E+07     0.98585      0.00022033    2.28E+07     0.00022033    3.28E+07     2.3097E+05    
   2.29E+07     0.98586      0.00021865    2.29E+07     0.00021865    3.29E+07     2.3206E+05    
   2.3E+07      0.98586      0.00021699    2.3E+07      0.00021699    3.3E+07      2.3318E+05    
   2.31E+07     0.98581      0.00021979    2.31E+07     0.00021979    3.31E+07     2.3358E+05    
   2.32E+07     0.98581      0.00021828    2.32E+07     0.00021828    3.32E+07     2.3481E+05    
   2.33E+07     0.98582      0.00021705    2.33E+07     0.00021705    3.33E+07     2.3471E+05    
   2.34E+07     0.98585      0.00021734    2.34E+07     0.00021734    3.34E+07     2.3598E+05    
   2.35E+07     0.98585      0.00021573    2.35E+07     0.00021573    3.35E+07     2.373E+05     
   2.36E+07     0.98583      0.0002152     2.36E+07     0.0002152     3.36E+07     2.3575E+05    
   2.37E+07     0.98582      0.00021375    2.37E+07     0.00021375    3.37E+07     2.3693E+05    
   2.38E+07     0.98582      0.00021223    2.38E+07     0.00021223    3.38E+07     2.3811E+05    
   2.39E+07     0.98582      0.00021071    2.39E+07     0.00021071    3.39E+07     2.375E+05     
   2.4E+07      0.9858       0.00021033    2.4E+07      0.00021033    3.4E+07      2.3852E+05    
   2.41E+07     0.98578      0.00020932    2.41E+07     0.00020932    3.41E+07     2.3977E+05    
   2.42E+07     0.9858       0.00020857    2.42E+07     0.00020857    3.42E+07     2.4026E+05    
   2.43E+07     0.98581      0.00020746    2.43E+07     0.00020746    3.43E+07     2.4148E+05    
   2.44E+07     0.98583      0.00020684    2.44E+07     0.00020684    3.44E+07     2.4069E+05    
   2.45E+07     0.98582      0.00020563    2.45E+07     0.00020563    3.45E+07     2.4199E+05    
   2.46E+07     0.98582      0.00020423    2.46E+07     0.00020423    3.46E+07     2.4068E+05    
   2.47E+07     0.98582      0.00020288    2.47E+07     0.00020288    3.47E+07     2.3913E+05    
   2.48E+07     0.9858       0.0002028     2.48E+07     0.0002028     3.48E+07     2.4036E+05    
   2.49E+07     0.98581      0.00020235    2.49E+07     0.00020235    3.49E+07     2.4148E+05    
   2.5E+07      0.98581      0.00020122    2.5E+07      0.00020122    3.5E+07      2.3832E+05    
   2.51E+07     0.98579      0.00020025    2.51E+07     0.00020025    3.51E+07     2.3948E+05    
   2.52E+07     0.98579      0.00019893    2.52E+07     0.00019893    3.52E+07     2.4043E+05    
   2.53E+07     0.98581      0.00019853    2.53E+07     0.00019853    3.53E+07     2.4082E+05    
   2.54E+07     0.9858       0.00019736    2.54E+07     0.00019736    3.54E+07     2.4191E+05    
   2.55E+07     0.98579      0.0001963     2.55E+07     0.0001963     3.55E+07     2.4178E+05    
   2.56E+07     0.98581      0.00019541    2.56E+07     0.00019541    3.56E+07     2.4301E+05    
   2.57E+07     0.98581      0.00019425    2.57E+07     0.00019425    3.57E+07     2.4422E+05    
   2.58E+07     0.98581      0.00019316    2.58E+07     0.00019316    3.58E+07     2.4473E+05    
   2.59E+07     0.98582      0.0001923     2.59E+07     0.0001923     3.59E+07     2.4585E+05    
   2.6E+07      0.98583      0.00019132    2.6E+07      0.00019132    3.6E+07      2.4385E+05    
   2.61E+07     0.98581      0.00019081    2.61E+07     0.00019081    3.61E+07     2.4326E+05    
   2.62E+07     0.98581      0.00018966    2.62E+07     0.00018966    3.62E+07     2.4436E+05    
   2.63E+07     0.98582      0.00018917    2.63E+07     0.00018917    3.63E+07     2.4518E+05    
   2.64E+07     0.98585      0.00018978    2.64E+07     0.00018978    3.64E+07     2.4597E+05    
   2.65E+07     0.9858       0.00019383    2.65E+07     0.00019383    3.65E+07     2.4716E+05    
   2.66E+07     0.98578      0.00019403    2.66E+07     0.00019403    3.66E+07     2.477E+05     
   2.67E+07     0.98578      0.00019289    2.67E+07     0.00019289    3.67E+07     2.4444E+05    
   2.68E+07     0.98577      0.000192      2.68E+07     0.000192      3.68E+07     2.4444E+05    
   2.69E+07     0.98578      0.00019087    2.69E+07     0.00019087    3.69E+07     2.4254E+05    
   2.7E+07      0.98577      0.00018978    2.7E+07      0.00018978    3.7E+07      2.4342E+05    
   2.71E+07     0.98578      0.00018874    2.71E+07     0.00018874    3.71E+07     2.4426E+05    
   2.72E+07     0.9858       0.00018946    2.72E+07     0.00018946    3.72E+07     2.4499E+05    
   2.73E+07     0.9858       0.00018841    2.73E+07     0.00018841    3.73E+07     2.4128E+05    
   2.74E+07     0.98579      0.00018771    2.74E+07     0.00018771    3.74E+07     2.423E+05     
   2.75E+07     0.98581      0.00018758    2.75E+07     0.00018758    3.75E+07     2.4318E+05    
   2.76E+07     0.9858       0.00018667    2.76E+07     0.00018667    3.76E+07     2.4264E+05    
   2.77E+07     0.98579      0.00018585    2.77E+07     0.00018585    3.77E+07     2.432E+05     
   2.78E+07     0.98577      0.00018568    2.78E+07     0.00018568    3.78E+07     2.4424E+05    
   2.79E+07     0.98578      0.00018487    2.79E+07     0.00018487    3.79E+07     2.453E+05     
   2.8E+07      0.98577      0.00018392    2.8E+07      0.00018392    3.8E+07      2.4639E+05    
   2.81E+07     0.98579      0.00018327    2.81E+07     0.00018327    3.81E+07     2.4653E+05    
   2.82E+07     0.98578      0.00018229    2.82E+07     0.00018229    3.82E+07     2.4751E+05    
   2.83E+07     0.98579      0.00018147    2.83E+07     0.00018147    3.83E+07     2.4836E+05    
   2.84E+07     0.9858       0.00018065    2.84E+07     0.00018065    3.84E+07     2.4943E+05    
   2.85E+07     0.98578      0.00018041    2.85E+07     0.00018041    3.85E+07     2.5056E+05    
   2.86E+07     0.98577      0.00018011    2.86E+07     0.00018011    3.86E+07     2.4998E+05    
   2.87E+07     0.98577      0.0001792     2.87E+07     0.0001792     3.87E+07     2.51E+05      
   2.88E+07     0.98575      0.00017927    2.88E+07     0.00017927    3.88E+07     2.516E+05     
   2.89E+07     0.98575      0.0001784     2.89E+07     0.0001784     3.89E+07     2.5253E+05    
   2.9E+07      0.98574      0.00017772    2.9E+07      0.00017772    3.9E+07      2.5335E+05    
   2.91E+07     0.98573      0.00017718    2.91E+07     0.00017718    3.91E+07     2.5385E+05    
   2.92E+07     0.98572      0.00017642    2.92E+07     0.00017642    3.92E+07     2.5474E+05    
   2.93E+07     0.98572      0.00017551    2.93E+07     0.00017551    3.93E+07     2.5568E+05    
   2.94E+07     0.98575      0.00017815    2.94E+07     0.00017815    3.94E+07     2.5643E+05    
   2.95E+07     0.98577      0.0001781     2.95E+07     0.0001781     3.95E+07     2.5051E+05    
   2.96E+07     0.98579      0.00017834    2.96E+07     0.00017834    3.96E+07     2.5105E+05    
   2.97E+07     0.98579      0.00017745    2.97E+07     0.00017745    3.97E+07     2.5087E+05    
   2.98E+07     0.98579      0.00017664    2.98E+07     0.00017664    3.98E+07     2.5193E+05    
   2.99E+07     0.98579      0.00017578    2.99E+07     0.00017578    3.99E+07     2.4844E+05    
   3E+07        0.98581      0.00017592    3E+07        0.00017592    4E+07        2.4817E+05    
   3.01E+07     0.98579      0.00017602    3.01E+07     0.00017602    4.01E+07     2.4914E+05    
   3.02E+07     0.98579      0.00017522    3.02E+07     0.00017522    4.02E+07     2.4896E+05    
   3.03E+07     0.9858       0.00017456    3.03E+07     0.00017456    4.03E+07     2.4995E+05    
   3.04E+07     0.9858       0.00017373    3.04E+07     0.00017373    4.04E+07     2.5097E+05    
   3.05E+07     0.98578      0.00017447    3.05E+07     0.00017447    4.05E+07     2.517E+05     
   3.06E+07     0.98578      0.00017362    3.06E+07     0.00017362    4.06E+07     2.4863E+05    
   3.07E+07     0.9858       0.00017435    3.07E+07     0.00017435    4.07E+07     2.4888E+05    
   3.08E+07     0.98579      0.0001739     3.08E+07     0.0001739     4.08E+07     2.4987E+05    
   3.09E+07     0.98578      0.00017313    3.09E+07     0.00017313    4.09E+07     2.5E+05       
   3.1E+07      0.98577      0.00017299    3.1E+07      0.00017299    4.1E+07      2.5065E+05    
   3.11E+07     0.98577      0.00017217    3.11E+07     0.00017217    4.11E+07     2.5058E+05    
   3.12E+07     0.98578      0.00017196    3.12E+07     0.00017196    4.12E+07     2.5136E+05    
   3.13E+07     0.98577      0.00017193    3.13E+07     0.00017193    4.13E+07     2.5052E+05    
   3.14E+07     0.98577      0.00017121    3.14E+07     0.00017121    4.14E+07     2.5121E+05    
   3.15E+07     0.98578      0.00017054    3.15E+07     0.00017054    4.15E+07     2.5124E+05    
   3.16E+07     0.98576      0.00017033    3.16E+07     0.00017033    4.16E+07     2.5212E+05    
   3.17E+07     0.98578      0.00017054    3.17E+07     0.00017054    4.17E+07     2.5294E+05    
   3.18E+07     0.9858       0.00017047    3.18E+07     0.00017047    4.18E+07     2.5278E+05    
   3.19E+07     0.9858       0.0001697     3.19E+07     0.0001697     4.19E+07     2.5365E+05    
   3.2E+07      0.98581      0.00016984    3.2E+07      0.00016984    4.2E+07      2.5452E+05    
   3.21E+07     0.98582      0.00016908    3.21E+07     0.00016908    4.21E+07     2.5472E+05    
   3.22E+07     0.9858       0.00016901    3.22E+07     0.00016901    4.22E+07     2.5298E+05    
   3.23E+07     0.98581      0.00016856    3.23E+07     0.00016856    4.23E+07     2.5217E+05    
   3.24E+07     0.98582      0.00016817    3.24E+07     0.00016817    4.24E+07     2.5304E+05    
   3.25E+07     0.98582      0.00016742    3.25E+07     0.00016742    4.25E+07     2.5393E+05    
   3.26E+07     0.98583      0.00016669    3.26E+07     0.00016669    4.26E+07     2.5386E+05    
   3.27E+07     0.98581      0.0001664     3.27E+07     0.0001664     4.27E+07     2.5453E+05    
   3.28E+07     0.98581      0.00016587    3.28E+07     0.00016587    4.28E+07     2.5532E+05    
   3.29E+07     0.9858       0.00016519    3.29E+07     0.00016519    4.29E+07     2.5324E+05    
   3.3E+07      0.9858       0.00016456    3.3E+07      0.00016456    4.3E+07      2.5253E+05    
   3.31E+07     0.98579      0.00016416    3.31E+07     0.00016416    4.31E+07     2.5349E+05    
   3.32E+07     0.98579      0.00016349    3.32E+07     0.00016349    4.32E+07     2.5363E+05    
   3.33E+07     0.9858       0.00016326    3.33E+07     0.00016326    4.33E+07     2.52E+05      
   3.34E+07     0.9858       0.00016258    3.34E+07     0.00016258    4.34E+07     2.5292E+05    
   3.35E+07     0.98581      0.0001619     3.35E+07     0.0001619     4.35E+07     2.5337E+05    
   3.36E+07     0.98579      0.00016218    3.36E+07     0.00016218    4.36E+07     2.5353E+05    
   3.37E+07     0.98579      0.00016155    3.37E+07     0.00016155    4.37E+07     2.5419E+05    
   3.38E+07     0.98579      0.00016088    3.38E+07     0.00016088    4.38E+07     2.5335E+05    
   3.39E+07     0.98581      0.00016086    3.39E+07     0.00016086    4.39E+07     2.5425E+05    
   3.4E+07      0.9858       0.00016028    3.4E+07      0.00016028    4.4E+07      2.5515E+05    
   3.41E+07     0.9858       0.00015963    3.41E+07     0.00015963    4.41E+07     2.5165E+05    
   3.42E+07     0.98579      0.0001592     3.42E+07     0.0001592     4.42E+07     2.519E+05     
   3.43E+07     0.9858       0.00015857    3.43E+07     0.00015857    4.43E+07     2.5282E+05    
   3.44E+07     0.98581      0.0001586     3.44E+07     0.0001586     4.44E+07     2.5349E+05    
   3.45E+07     0.98581      0.00015795    3.45E+07     0.00015795    4.45E+07     2.5411E+05    
   3.46E+07     0.9858       0.00015813    3.46E+07     0.00015813    4.46E+07     2.5493E+05    
   3.47E+07     0.98578      0.00015842    3.47E+07     0.00015842    4.47E+07     2.5336E+05    
   3.48E+07     0.98578      0.00015779    3.48E+07     0.00015779    4.48E+07     2.5342E+05    
   3.49E+07     0.98577      0.0001572     3.49E+07     0.0001572     4.49E+07     2.5433E+05    
   3.5E+07      0.98579      0.000158      3.5E+07      0.000158      4.5E+07      2.5519E+05    
   3.51E+07     0.98579      0.00015738    3.51E+07     0.00015738    4.51E+07     2.5581E+05    
   3.52E+07     0.98579      0.00015685    3.52E+07     0.00015685    4.52E+07     2.5621E+05    
   3.53E+07     0.98578      0.0001565     3.53E+07     0.0001565     4.53E+07     2.5664E+05    
   3.54E+07     0.98578      0.0001559     3.54E+07     0.0001559     4.54E+07     2.5743E+05    
   3.55E+07     0.98579      0.00015572    3.55E+07     0.00015572    4.55E+07     2.562E+05     
   3.56E+07     0.98579      0.00015512    3.56E+07     0.00015512    4.56E+07     2.568E+05     
   3.57E+07     0.98579      0.00015452    3.57E+07     0.00015452    4.57E+07     2.5771E+05    
   3.58E+07     0.98578      0.00015413    3.58E+07     0.00015413    4.58E+07     2.5762E+05    
   3.59E+07     0.98578      0.00015356    3.59E+07     0.00015356    4.59E+07     2.5719E+05    
   3.6E+07      0.9858       0.00015398    3.6E+07      0.00015398    4.6E+07      2.5689E+05    
   3.61E+07     0.98578      0.00015395    3.61E+07     0.00015395    4.61E+07     2.5766E+05    
   3.62E+07     0.98578      0.00015337    3.62E+07     0.00015337    4.62E+07     2.5801E+05    
   3.63E+07     0.98579      0.00015291    3.63E+07     0.00015291    4.63E+07     2.5802E+05    
   3.64E+07     0.9858       0.00015246    3.64E+07     0.00015246    4.64E+07     2.5887E+05    
   3.65E+07     0.98579      0.00015189    3.65E+07     0.00015189    4.65E+07     2.5965E+05    
   3.66E+07     0.9858       0.00015148    3.66E+07     0.00015148    4.66E+07     2.5968E+05    
   3.67E+07     0.98582      0.00015229    3.67E+07     0.00015229    4.67E+07     2.6021E+05    
   3.68E+07     0.98583      0.00015208    3.68E+07     0.00015208    4.68E+07     2.6088E+05    
   3.69E+07     0.98582      0.00015246    3.69E+07     0.00015246    4.69E+07     2.608E+05     
   3.7E+07      0.98582      0.00015195    3.7E+07      0.00015195    4.7E+07      2.6121E+05    
   3.71E+07     0.98583      0.0001515     3.71E+07     0.0001515     4.71E+07     2.6172E+05    
   3.72E+07     0.98583      0.00015106    3.72E+07     0.00015106    4.72E+07     2.6096E+05    
   3.73E+07     0.98585      0.00015202    3.73E+07     0.00015202    4.73E+07     2.6053E+05    
   3.74E+07     0.98585      0.00015147    3.74E+07     0.00015147    4.74E+07     2.6139E+05    
   3.75E+07     0.98586      0.000151      3.75E+07     0.000151      4.75E+07     2.6171E+05    
   3.76E+07     0.98587      0.00015097    3.76E+07     0.00015097    4.76E+07     2.6061E+05    
   3.77E+07     0.98588      0.0001506     3.77E+07     0.0001506     4.77E+07     2.6138E+05    
   3.78E+07     0.98588      0.00015006    3.78E+07     0.00015006    4.78E+07     2.616E+05     
   3.79E+07     0.98588      0.00014955    3.79E+07     0.00014955    4.79E+07     2.6244E+05    
   3.8E+07      0.98587      0.00014903    3.8E+07      0.00014903    4.8E+07      2.6327E+05    
   3.81E+07     0.98588      0.00014879    3.81E+07     0.00014879    4.81E+07     2.6395E+05    
   3.82E+07     0.98589      0.00014831    3.82E+07     0.00014831    4.82E+07     2.6438E+05    
   3.83E+07     0.98589      0.00014779    3.83E+07     0.00014779    4.83E+07     2.6512E+05    
   3.84E+07     0.98589      0.00014729    3.84E+07     0.00014729    4.84E+07     2.6593E+05    
   3.85E+07     0.98589      0.00014678    3.85E+07     0.00014678    4.85E+07     2.6644E+05    
   3.86E+07     0.98588      0.00014667    3.86E+07     0.00014667    4.86E+07     2.6715E+05    
   3.87E+07     0.98588      0.00014618    3.87E+07     0.00014618    4.87E+07     2.6471E+05    
   3.88E+07     0.98587      0.00014582    3.88E+07     0.00014582    4.88E+07     2.6247E+05    
   3.89E+07     0.98587      0.00014536    3.89E+07     0.00014536    4.89E+07     2.6202E+05    
   3.9E+07      0.98587      0.00014495    3.9E+07      0.00014495    4.9E+07      2.6284E+05    
   3.91E+07     0.98588      0.00014461    3.91E+07     0.00014461    4.91E+07     2.6161E+05    
   3.92E+07     0.98587      0.00014418    3.92E+07     0.00014418    4.92E+07     2.6232E+05    
   3.93E+07     0.98587      0.00014373    3.93E+07     0.00014373    4.93E+07     2.615E+05     
   3.94E+07     0.98586      0.00014332    3.94E+07     0.00014332    4.94E+07     2.6117E+05    
   3.95E+07     0.98584      0.00014483    3.95E+07     0.00014483    4.95E+07     2.6175E+05    
   3.96E+07     0.98585      0.00014449    3.96E+07     0.00014449    4.96E+07     2.6251E+05    
   3.97E+07     0.98586      0.00014436    3.97E+07     0.00014436    4.97E+07     2.6302E+05    
   3.98E+07     0.98586      0.00014388    3.98E+07     0.00014388    4.98E+07     2.6379E+05    
   3.99E+07     0.98588      0.0001447     3.99E+07     0.0001447     4.99E+07     2.6413E+05    
   4E+07        0.98589      0.0001446     4E+07        0.0001446     5E+07        2.6314E+05    
   4.01E+07     0.98588      0.00014414    4.01E+07     0.00014414    5.01E+07     2.6387E+05    
   4.02E+07     0.98587      0.00014401    4.02E+07     0.00014401    5.02E+07     2.6467E+05    
   4.03E+07     0.98587      0.00014354    4.03E+07     0.00014354    5.03E+07     2.6517E+05    
   4.04E+07     0.98587      0.00014307    4.04E+07     0.00014307    5.04E+07     2.6581E+05    
   4.05E+07     0.98587      0.00014269    4.05E+07     0.00014269    5.05E+07     2.6606E+05    
   4.06E+07     0.98589      0.0001434     4.06E+07     0.0001434     5.06E+07     2.6568E+05    
   4.07E+07     0.98589      0.00014314    4.07E+07     0.00014314    5.07E+07     2.6624E+05    
   4.08E+07     0.9859       0.00014268    4.08E+07     0.00014268    5.08E+07     2.6699E+05    
   4.09E+07     0.98589      0.00014248    4.09E+07     0.00014248    5.09E+07     2.6775E+05    
   4.1E+07      0.98588      0.00014213    4.1E+07      0.00014213    5.1E+07      2.6766E+05    
   4.11E+07     0.98589      0.00014195    4.11E+07     0.00014195    5.11E+07     2.6768E+05    
   4.12E+07     0.98589      0.00014157    4.12E+07     0.00014157    5.12E+07     2.6768E+05    
   4.13E+07     0.98587      0.00014163    4.13E+07     0.00014163    5.13E+07     2.6847E+05    
   4.14E+07     0.98587      0.00014128    4.14E+07     0.00014128    5.14E+07     2.6909E+05    
   4.15E+07     0.98588      0.00014108    4.15E+07     0.00014108    5.15E+07     2.6989E+05    
   4.16E+07     0.98587      0.00014068    4.16E+07     0.00014068    5.16E+07     2.6928E+05    
   4.17E+07     0.98587      0.00014028    4.17E+07     0.00014028    5.17E+07     2.6954E+05    
   4.18E+07     0.98586      0.00014016    4.18E+07     0.00014016    5.18E+07     2.6993E+05    
   4.19E+07     0.98586      0.00013973    4.19E+07     0.00013973    5.19E+07     2.7068E+05    
   4.2E+07      0.98586      0.00013933    4.2E+07      0.00013933    5.2E+07      2.7147E+05    
   4.21E+07     0.98587      0.00013911    4.21E+07     0.00013911    5.21E+07     2.7152E+05    
   4.22E+07     0.98585      0.00013943    4.22E+07     0.00013943    5.22E+07     2.7227E+05    
   4.23E+07     0.98586      0.00013947    4.23E+07     0.00013947    5.23E+07     2.7285E+05    
   4.24E+07     0.98586      0.00013907    4.24E+07     0.00013907    5.24E+07     2.7363E+05    
   4.25E+07     0.98586      0.00013867    4.25E+07     0.00013867    5.25E+07     2.7381E+05    
   4.26E+07     0.98585      0.00013853    4.26E+07     0.00013853    5.26E+07     2.7383E+05    
   4.27E+07     0.98585      0.00013819    4.27E+07     0.00013819    5.27E+07     2.7446E+05    
   4.28E+07     0.98586      0.00013781    4.28E+07     0.00013781    5.28E+07     2.7426E+05    
   4.29E+07     0.98587      0.00013822    4.29E+07     0.00013822    5.29E+07     2.7504E+05    
   4.3E+07      0.98588      0.00013825    4.3E+07      0.00013825    5.3E+07      2.7561E+05    
   4.31E+07     0.98588      0.00013783    4.31E+07     0.00013783    5.31E+07     2.7635E+05    
   4.32E+07     0.98589      0.00013761    4.32E+07     0.00013761    5.32E+07     2.7687E+05    
   4.33E+07     0.98588      0.0001379     4.33E+07     0.0001379     5.33E+07     2.7763E+05    
   4.34E+07     0.98588      0.00013749    4.34E+07     0.00013749    5.34E+07     2.782E+05     
   4.35E+07     0.98587      0.00013722    4.35E+07     0.00013722    5.35E+07     2.7757E+05    
   4.36E+07     0.98588      0.000137      4.36E+07     0.000137      5.36E+07     2.7827E+05    
   4.37E+07     0.98587      0.00013667    4.37E+07     0.00013667    5.37E+07     2.7904E+05    
   4.38E+07     0.98588      0.00013674    4.38E+07     0.00013674    5.38E+07     2.7815E+05    
   4.39E+07     0.98589      0.00013635    4.39E+07     0.00013635    5.39E+07     2.777E+05     
   4.4E+07      0.98589      0.00013595    4.4E+07      0.00013595    5.4E+07      2.7813E+05    
   4.41E+07     0.9859       0.00013673    4.41E+07     0.00013673    5.41E+07     2.7881E+05    
   4.42E+07     0.98591      0.00013651    4.42E+07     0.00013651    5.42E+07     2.7943E+05    
   4.43E+07     0.98591      0.00013611    4.43E+07     0.00013611    5.43E+07     2.7999E+05    
   4.44E+07     0.98591      0.00013577    4.44E+07     0.00013577    5.44E+07     2.8044E+05    
   4.45E+07     0.98591      0.00013545    4.45E+07     0.00013545    5.45E+07     2.8117E+05    
   4.46E+07     0.98591      0.00013509    4.46E+07     0.00013509    5.46E+07     2.8163E+05    
   4.47E+07     0.9859       0.00013536    4.47E+07     0.00013536    5.47E+07     2.8198E+05    
   4.48E+07     0.9859       0.00013517    4.48E+07     0.00013517    5.48E+07     2.8275E+05    
   4.49E+07     0.9859       0.00013478    4.49E+07     0.00013478    5.49E+07     2.8095E+05    
   4.5E+07      0.9859       0.00013441    4.5E+07      0.00013441    5.5E+07      2.8171E+05    
   4.51E+07     0.98591      0.0001341     4.51E+07     0.0001341     5.51E+07     2.8234E+05    
   4.52E+07     0.98591      0.00013383    4.52E+07     0.00013383    5.52E+07     2.8084E+05    
   4.53E+07     0.98592      0.00013358    4.53E+07     0.00013358    5.53E+07     2.8159E+05    
   4.54E+07     0.98592      0.00013323    4.54E+07     0.00013323    5.54E+07     2.8141E+05    
   4.55E+07     0.9859       0.00013341    4.55E+07     0.00013341    5.55E+07     2.8073E+05    
   4.56E+07     0.98591      0.00013308    4.56E+07     0.00013308    5.56E+07     2.8131E+05    
   4.57E+07     0.98591      0.00013271    4.57E+07     0.00013271    5.57E+07     2.82E+05      
   4.58E+07     0.9859       0.00013259    4.58E+07     0.00013259    5.58E+07     2.8143E+05    
   4.59E+07     0.98589      0.00013256    4.59E+07     0.00013256    5.59E+07     2.8204E+05    
   4.6E+07      0.98588      0.00013248    4.6E+07      0.00013248    5.6E+07      2.824E+05     
   4.61E+07     0.98588      0.00013214    4.61E+07     0.00013214    5.61E+07     2.8081E+05    
   4.62E+07     0.98588      0.00013192    4.62E+07     0.00013192    5.62E+07     2.8093E+05    
   4.63E+07     0.98589      0.00013177    4.63E+07     0.00013177    5.63E+07     2.8149E+05    
   4.64E+07     0.98589      0.00013141    4.64E+07     0.00013141    5.64E+07     2.8008E+05    
   4.65E+07     0.98589      0.00013106    4.65E+07     0.00013106    5.65E+07     2.8075E+05    
   4.66E+07     0.98589      0.00013092    4.66E+07     0.00013092    5.66E+07     2.808E+05     
   4.67E+07     0.98588      0.00013064    4.67E+07     0.00013064    5.67E+07     2.769E+05     
   4.68E+07     0.98588      0.00013034    4.68E+07     0.00013034    5.68E+07     2.7706E+05    
   4.69E+07     0.98587      0.00013019    4.69E+07     0.00013019    5.69E+07     2.7772E+05    
   4.7E+07      0.98588      0.00012996    4.7E+07      0.00012996    5.7E+07      2.7785E+05    
   4.71E+07     0.98588      0.00012969    4.71E+07     0.00012969    5.71E+07     2.7505E+05    
   4.72E+07     0.98587      0.00012975    4.72E+07     0.00012975    5.72E+07     2.7565E+05    
   4.73E+07     0.98586      0.00012971    4.73E+07     0.00012971    5.73E+07     2.7584E+05    
   4.74E+07     0.98586      0.00012937    4.74E+07     0.00012937    5.74E+07     2.7642E+05    
   4.75E+07     0.98585      0.00012916    4.75E+07     0.00012916    5.75E+07     2.7608E+05    
   4.76E+07     0.98586      0.00012929    4.76E+07     0.00012929    5.76E+07     2.7548E+05    
   4.77E+07     0.98586      0.00012895    4.77E+07     0.00012895    5.77E+07     2.7497E+05    
   4.78E+07     0.98587      0.00012876    4.78E+07     0.00012876    5.78E+07     2.7554E+05    
   4.79E+07     0.98587      0.00012842    4.79E+07     0.00012842    5.79E+07     2.7299E+05    
   4.8E+07      0.98587      0.00012809    4.8E+07      0.00012809    5.8E+07      2.7292E+05    
   4.81E+07     0.98587      0.00012779    4.81E+07     0.00012779    5.81E+07     2.7073E+05    
   4.82E+07     0.98586      0.00012755    4.82E+07     0.00012755    5.82E+07     2.7098E+05    
   4.83E+07     0.98586      0.00012725    4.83E+07     0.00012725    5.83E+07     2.7156E+05    
   4.84E+07     0.98586      0.00012693    4.84E+07     0.00012693    5.84E+07     2.7169E+05    
   4.85E+07     0.98586      0.00012666    4.85E+07     0.00012666    5.85E+07     2.7105E+05    
   4.86E+07     0.98585      0.00012636    4.86E+07     0.00012636    5.86E+07     2.7084E+05    
   4.87E+07     0.98587      0.00012682    4.87E+07     0.00012682    5.87E+07     2.7021E+05    
   4.88E+07     0.98585      0.00012724    4.88E+07     0.00012724    5.88E+07     2.6595E+05    
   4.89E+07     0.98586      0.00012719    4.89E+07     0.00012719    5.89E+07     2.6654E+05    
   4.9E+07      0.98586      0.00012686    4.9E+07      0.00012686    5.9E+07      2.6717E+05    
   4.91E+07     0.98585      0.00012703    4.91E+07     0.00012703    5.91E+07     2.6765E+05    
   4.92E+07     0.98585      0.00012673    4.92E+07     0.00012673    5.92E+07     2.6816E+05    
   4.93E+07     0.98584      0.00012678    4.93E+07     0.00012678    5.93E+07     2.6807E+05    
   4.94E+07     0.98583      0.00012674    4.94E+07     0.00012674    5.94E+07     2.6764E+05    
   4.95E+07     0.98583      0.00012647    4.95E+07     0.00012647    5.95E+07     2.6827E+05    
   4.96E+07     0.98583      0.00012616    4.96E+07     0.00012616    5.96E+07     2.6864E+05    
   4.97E+07     0.98584      0.0001259     4.97E+07     0.0001259     5.97E+07     2.6911E+05    
   4.98E+07     0.98584      0.00012559    4.98E+07     0.00012559    5.98E+07     2.6976E+05    
   4.99E+07     0.98584      0.00012538    4.99E+07     0.00012538    5.99E+07     2.7028E+05    
   5E+07        0.98585      0.0001255     5E+07        0.0001255     6E+07        2.7084E+05    
   5.01E+07     0.98585      0.00012519    5.01E+07     0.00012519    6.01E+07     2.7072E+05    
   5.02E+07     0.98585      0.00012488    5.02E+07     0.00012488    6.02E+07     2.7137E+05    
   5.03E+07     0.98585      0.00012464    5.03E+07     0.00012464    6.03E+07     2.7124E+05    
   5.04E+07     0.98585      0.00012437    5.04E+07     0.00012437    6.04E+07     2.7087E+05    
   5.05E+07     0.98586      0.00012419    5.05E+07     0.00012419    6.05E+07     2.7113E+05    
   5.06E+07     0.98586      0.00012415    5.06E+07     0.00012415    6.06E+07     2.7149E+05    
   5.07E+07     0.98586      0.0001239     5.07E+07     0.0001239     6.07E+07     2.7176E+05    
   5.08E+07     0.98586      0.0001236     5.08E+07     0.0001236     6.08E+07     2.7212E+05    
   5.09E+07     0.98586      0.00012331    5.09E+07     0.00012331    6.09E+07     2.7263E+05    
   5.1E+07      0.98587      0.00012319    5.1E+07      0.00012319    6.1E+07      2.7239E+05    
   5.11E+07     0.98586      0.00012307    5.11E+07     0.00012307    6.11E+07     2.7301E+05    
   5.12E+07     0.98587      0.00012296    5.12E+07     0.00012296    6.12E+07     2.7343E+05    
   5.13E+07     0.98587      0.00012266    5.13E+07     0.00012266    6.13E+07     2.7397E+05    
   5.14E+07     0.98587      0.00012239    5.14E+07     0.00012239    6.14E+07     2.7457E+05    
   5.15E+07     0.98587      0.0001221     5.15E+07     0.0001221     6.15E+07     2.7515E+05    
   5.16E+07     0.98586      0.00012212    5.16E+07     0.00012212    6.16E+07     2.7515E+05    
   5.17E+07     0.98587      0.00012195    5.17E+07     0.00012195    6.17E+07     2.7569E+05    
   5.18E+07     0.98587      0.00012173    5.18E+07     0.00012173    6.18E+07     2.763E+05     
   5.19E+07     0.98587      0.00012145    5.19E+07     0.00012145    6.19E+07     2.7611E+05    
   5.2E+07      0.98587      0.00012116    5.2E+07      0.00012116    6.2E+07      2.7664E+05    
   5.21E+07     0.98586      0.00012103    5.21E+07     0.00012103    6.21E+07     2.7702E+05    
   5.22E+07     0.98587      0.00012074    5.22E+07     0.00012074    6.22E+07     2.7682E+05    
   5.23E+07     0.98587      0.0001205     5.23E+07     0.0001205     6.23E+07     2.7706E+05    
   5.24E+07     0.98587      0.00012022    5.24E+07     0.00012022    6.24E+07     2.7736E+05    
   5.25E+07     0.98587      0.00012006    5.25E+07     0.00012006    6.25E+07     2.7754E+05    
   5.26E+07     0.98587      0.00011994    5.26E+07     0.00011994    6.26E+07     2.7816E+05    
   5.27E+07     0.98587      0.00011969    5.27E+07     0.00011969    6.27E+07     2.7867E+05    
   5.28E+07     0.98588      0.00011962    5.28E+07     0.00011962    6.28E+07     2.7926E+05    
   5.29E+07     0.98588      0.00011935    5.29E+07     0.00011935    6.29E+07     2.7983E+05    
   5.3E+07      0.98587      0.00011911    5.3E+07      0.00011911    6.3E+07      2.8046E+05    
   5.31E+07     0.98587      0.00011884    5.31E+07     0.00011884    6.31E+07     2.8058E+05    
   5.32E+07     0.98587      0.00011861    5.32E+07     0.00011861    6.32E+07     2.811E+05     
   5.33E+07     0.98587      0.00011835    5.33E+07     0.00011835    6.33E+07     2.8128E+05    
   5.34E+07     0.98587      0.00011811    5.34E+07     0.00011811    6.34E+07     2.8186E+05    
   5.35E+07     0.98586      0.00011813    5.35E+07     0.00011813    6.35E+07     2.8212E+05    
   5.36E+07     0.98587      0.00011787    5.36E+07     0.00011787    6.36E+07     2.8275E+05    
   5.37E+07     0.98587      0.0001176     5.37E+07     0.0001176     6.37E+07     2.827E+05     
   5.38E+07     0.98586      0.00011768    5.38E+07     0.00011768    6.38E+07     2.831E+05     
   5.39E+07     0.98585      0.00011767    5.39E+07     0.00011767    6.39E+07     2.8289E+05    
   5.4E+07      0.98585      0.00011748    5.4E+07      0.00011748    6.4E+07      2.8081E+05    
   5.41E+07     0.98585      0.00011722    5.41E+07     0.00011722    6.41E+07     2.8133E+05    
   5.42E+07     0.98586      0.00011699    5.42E+07     0.00011699    6.42E+07     2.7861E+05    
   5.43E+07     0.98585      0.00011675    5.43E+07     0.00011675    6.43E+07     2.7836E+05    
   5.44E+07     0.98586      0.00011656    5.44E+07     0.00011656    6.44E+07     2.7466E+05    
   5.45E+07     0.98586      0.0001163     5.45E+07     0.0001163     6.45E+07     2.7515E+05    
   5.46E+07     0.98586      0.0001161     5.46E+07     0.0001161     6.46E+07     2.7485E+05    
   5.47E+07     0.98586      0.00011591    5.47E+07     0.00011591    6.47E+07     2.7495E+05    
   5.48E+07     0.98586      0.00011565    5.48E+07     0.00011565    6.48E+07     2.7522E+05    
   5.49E+07     0.98585      0.00011592    5.49E+07     0.00011592    6.49E+07     2.7576E+05    
   5.5E+07      0.98585      0.00011566    5.5E+07      0.00011566    6.5E+07      2.7632E+05    
   5.51E+07     0.98585      0.0001154     5.51E+07     0.0001154     6.51E+07     2.766E+05     
   5.52E+07     0.98586      0.00011561    5.52E+07     0.00011561    6.52E+07     2.7487E+05    
   5.53E+07     0.98586      0.00011536    5.53E+07     0.00011536    6.53E+07     2.7388E+05    
   5.54E+07     0.98586      0.00011529    5.54E+07     0.00011529    6.54E+07     2.7275E+05    
   5.55E+07     0.98587      0.00011531    5.55E+07     0.00011531    6.55E+07     2.7332E+05    
   5.56E+07     0.98587      0.00011509    5.56E+07     0.00011509    6.56E+07     2.7391E+05    
   5.57E+07     0.98587      0.00011484    5.57E+07     0.00011484    6.57E+07     2.7001E+05    
   5.58E+07     0.98588      0.00011486    5.58E+07     0.00011486    6.58E+07     2.7047E+05    
   5.59E+07     0.98588      0.00011462    5.59E+07     0.00011462    6.59E+07     2.7053E+05    
   5.6E+07      0.98589      0.00011444    5.6E+07      0.00011444    6.6E+07      2.7067E+05    
   5.61E+07     0.98588      0.00011466    5.61E+07     0.00011466    6.61E+07     2.7123E+05    
   5.62E+07     0.98587      0.00011454    5.62E+07     0.00011454    6.62E+07     2.7168E+05    
   5.63E+07     0.98587      0.00011432    5.63E+07     0.00011432    6.63E+07     2.7108E+05    
   5.64E+07     0.98586      0.00011451    5.64E+07     0.00011451    6.64E+07     2.7165E+05    
   5.65E+07     0.98587      0.00011427    5.65E+07     0.00011427    6.65E+07     2.721E+05     
   5.66E+07     0.98587      0.00011416    5.66E+07     0.00011416    6.66E+07     2.7246E+05    
   5.67E+07     0.98589      0.00011487    5.67E+07     0.00011487    6.67E+07     2.7301E+05    
   5.68E+07     0.98588      0.00011473    5.68E+07     0.00011473    6.68E+07     2.7357E+05    
   5.69E+07     0.98588      0.0001145     5.69E+07     0.0001145     6.69E+07     2.7413E+05    
   5.7E+07      0.98589      0.00011437    5.7E+07      0.00011437    6.7E+07      2.736E+05     
   5.71E+07     0.98587      0.00011485    5.71E+07     0.00011485    6.71E+07     2.7412E+05    
   5.72E+07     0.98587      0.00011462    5.72E+07     0.00011462    6.72E+07     2.7271E+05    
   5.73E+07     0.98588      0.00011448    5.73E+07     0.00011448    6.73E+07     2.7316E+05    
   5.74E+07     0.98588      0.00011426    5.74E+07     0.00011426    6.74E+07     2.7314E+05    
   5.75E+07     0.98587      0.00011424    5.75E+07     0.00011424    6.75E+07     2.7239E+05    
   5.76E+07     0.98588      0.00011425    5.76E+07     0.00011425    6.76E+07     2.7293E+05    
   5.77E+07     0.98587      0.00011426    5.77E+07     0.00011426    6.77E+07     2.7332E+05    
   5.78E+07     0.98587      0.00011404    5.78E+07     0.00011404    6.78E+07     2.723E+05     
   5.79E+07     0.98586      0.00011448    5.79E+07     0.00011448    6.79E+07     2.7275E+05    
   5.8E+07      0.98587      0.00011438    5.8E+07      0.00011438    6.8E+07      2.7248E+05    
   5.81E+07     0.98588      0.00011475    5.81E+07     0.00011475    6.81E+07     2.7239E+05    
   5.82E+07     0.98587      0.0001146     5.82E+07     0.0001146     6.82E+07     2.7264E+05    
   5.83E+07     0.98588      0.00011438    5.83E+07     0.00011438    6.83E+07     2.7311E+05    
   5.84E+07     0.98587      0.00011425    5.84E+07     0.00011425    6.84E+07     2.718E+05     
   5.85E+07     0.98588      0.00011429    5.85E+07     0.00011429    6.85E+07     2.7215E+05    
   5.86E+07     0.98589      0.00011424    5.86E+07     0.00011424    6.86E+07     2.7257E+05    
   5.87E+07     0.98588      0.00011428    5.87E+07     0.00011428    6.87E+07     2.7306E+05    
   5.88E+07     0.98589      0.00011507    5.88E+07     0.00011507    6.88E+07     2.708E+05     
   5.89E+07     0.9859       0.00011485    5.89E+07     0.00011485    6.89E+07     2.7038E+05    
   5.9E+07      0.9859       0.00011462    5.9E+07      0.00011462    6.9E+07      2.7087E+05    
   5.91E+07     0.9859       0.00011443    5.91E+07     0.00011443    6.91E+07     2.6976E+05    
   5.92E+07     0.9859       0.0001142     5.92E+07     0.0001142     6.92E+07     2.7016E+05    
   5.93E+07     0.98591      0.00011413    5.93E+07     0.00011413    6.93E+07     2.702E+05     
   5.94E+07     0.98591      0.00011413    5.94E+07     0.00011413    6.94E+07     2.7043E+05    
   5.95E+07     0.98591      0.0001139     5.95E+07     0.0001139     6.95E+07     2.7091E+05    
   5.96E+07     0.98591      0.00011372    5.96E+07     0.00011372    6.96E+07     2.7109E+05    
   5.97E+07     0.98591      0.00011352    5.97E+07     0.00011352    6.97E+07     2.7158E+05    
   5.98E+07     0.98591      0.00011329    5.98E+07     0.00011329    6.98E+07     2.721E+05     
   5.99E+07     0.98591      0.00011309    5.99E+07     0.00011309    6.99E+07     2.7227E+05    
   6E+07        0.98592      0.00011287    6E+07        0.00011287    7E+07        2.724E+05     
   6.01E+07     0.98591      0.0001128     6.01E+07     0.0001128     7.01E+07     2.7239E+05    
   6.02E+07     0.98591      0.00011257    6.02E+07     0.00011257    7.02E+07     2.7276E+05    
   6.03E+07     0.9859       0.00011251    6.03E+07     0.00011251    7.03E+07     2.7319E+05    
   6.04E+07     0.9859       0.00011248    6.04E+07     0.00011248    7.04E+07     2.7357E+05    
   6.05E+07     0.9859       0.00011233    6.05E+07     0.00011233    7.05E+07     2.7405E+05    
   6.06E+07     0.9859       0.00011217    6.06E+07     0.00011217    7.06E+07     2.7396E+05    
   6.07E+07     0.98591      0.00011202    6.07E+07     0.00011202    7.07E+07     2.7418E+05    
   6.08E+07     0.98591      0.00011186    6.08E+07     0.00011186    7.08E+07     2.7447E+05    
   6.09E+07     0.98591      0.00011165    6.09E+07     0.00011165    7.09E+07     2.7491E+05    
   6.1E+07      0.98592      0.00011161    6.1E+07      0.00011161    7.1E+07      2.7541E+05    
   6.11E+07     0.98592      0.0001114     6.11E+07     0.0001114     7.11E+07     2.7587E+05    
   6.12E+07     0.98592      0.00011122    6.12E+07     0.00011122    7.12E+07     2.75E+05      
   6.13E+07     0.98592      0.00011101    6.13E+07     0.00011101    7.13E+07     2.7418E+05    
   6.14E+07     0.98592      0.00011079    6.14E+07     0.00011079    7.14E+07     2.7455E+05    
   6.15E+07     0.98592      0.00011059    6.15E+07     0.00011059    7.15E+07     2.7498E+05    
   6.16E+07     0.98592      0.0001105     6.16E+07     0.0001105     7.16E+07     2.755E+05     
   6.17E+07     0.98593      0.00011028    6.17E+07     0.00011028    7.17E+07     2.7597E+05    
   6.18E+07     0.98593      0.00011007    6.18E+07     0.00011007    7.18E+07     2.765E+05     
   6.19E+07     0.98593      0.00011002    6.19E+07     0.00011002    7.19E+07     2.7585E+05    
   6.2E+07      0.98593      0.00010983    6.2E+07      0.00010983    7.2E+07      2.7539E+05    
   6.21E+07     0.98594      0.00010966    6.21E+07     0.00010966    7.21E+07     2.7502E+05    
   6.22E+07     0.98593      0.00010961    6.22E+07     0.00010961    7.22E+07     2.7553E+05    
   6.23E+07     0.98593      0.00010948    6.23E+07     0.00010948    7.23E+07     2.7518E+05    
   6.24E+07     0.98594      0.00010933    6.24E+07     0.00010933    7.24E+07     2.7494E+05    
   6.25E+07     0.98593      0.0001092     6.25E+07     0.0001092     7.25E+07     2.7537E+05    
   6.26E+07     0.98593      0.000109      6.26E+07     0.000109      7.26E+07     2.7577E+05    
   6.27E+07     0.98594      0.00010881    6.27E+07     0.00010881    7.27E+07     2.7618E+05    
   6.28E+07     0.98594      0.00010862    6.28E+07     0.00010862    7.28E+07     2.7578E+05    
   6.29E+07     0.98594      0.00010841    6.29E+07     0.00010841    7.29E+07     2.7582E+05    
   6.3E+07      0.98594      0.00010821    6.3E+07      0.00010821    7.3E+07      2.7551E+05    
   6.31E+07     0.98593      0.0001081     6.31E+07     0.0001081     7.31E+07     2.7527E+05    
   6.32E+07     0.98594      0.00010792    6.32E+07     0.00010792    7.32E+07     2.7568E+05    
   6.33E+07     0.98594      0.00010779    6.33E+07     0.00010779    7.33E+07     2.7611E+05    
   6.34E+07     0.98594      0.00010759    6.34E+07     0.00010759    7.34E+07     2.7617E+05    
   6.35E+07     0.98594      0.00010746    6.35E+07     0.00010746    7.35E+07     2.763E+05     
   6.36E+07     0.98594      0.00010726    6.36E+07     0.00010726    7.36E+07     2.7623E+05    
   6.37E+07     0.98595      0.00010717    6.37E+07     0.00010717    7.37E+07     2.7669E+05    
   6.38E+07     0.98595      0.00010702    6.38E+07     0.00010702    7.38E+07     2.7685E+05    
   6.39E+07     0.98596      0.00010697    6.39E+07     0.00010697    7.39E+07     2.7464E+05    
   6.4E+07      0.98594      0.00010729    6.4E+07      0.00010729    7.4E+07      2.7453E+05    
   6.41E+07     0.98595      0.0001071     6.41E+07     0.0001071     7.41E+07     2.7452E+05    
   6.42E+07     0.98596      0.00010754    6.42E+07     0.00010754    7.42E+07     2.7488E+05    
   6.43E+07     0.98595      0.00010751    6.43E+07     0.00010751    7.43E+07     2.7484E+05    
   6.44E+07     0.98594      0.00010814    6.44E+07     0.00010814    7.44E+07     2.7527E+05    
   6.45E+07     0.98594      0.00010796    6.45E+07     0.00010796    7.45E+07     2.7552E+05    
   6.46E+07     0.98595      0.00010793    6.46E+07     0.00010793    7.46E+07     2.7539E+05    
   6.47E+07     0.98594      0.00010783    6.47E+07     0.00010783    7.47E+07     2.7586E+05    
   6.48E+07     0.98595      0.00010769    6.48E+07     0.00010769    7.48E+07     2.753E+05     
   6.49E+07     0.98595      0.0001075     6.49E+07     0.0001075     7.49E+07     2.7556E+05    
   6.5E+07      0.98595      0.0001073     6.5E+07      0.0001073     7.5E+07      2.7605E+05    
   6.51E+07     0.98594      0.00010717    6.51E+07     0.00010717    7.51E+07     2.7444E+05    
   6.52E+07     0.98593      0.00010742    6.52E+07     0.00010742    7.52E+07     2.7485E+05    
   6.53E+07     0.98592      0.00010753    6.53E+07     0.00010753    7.53E+07     2.7531E+05    
   6.54E+07     0.98593      0.00010766    6.54E+07     0.00010766    7.54E+07     2.7558E+05    
   6.55E+07     0.98593      0.00010747    6.55E+07     0.00010747    7.55E+07     2.7602E+05    
   6.56E+07     0.98593      0.00010728    6.56E+07     0.00010728    7.56E+07     2.7547E+05    
   6.57E+07     0.98595      0.00010797    6.57E+07     0.00010797    7.57E+07     2.7594E+05    
   6.58E+07     0.98595      0.00010779    6.58E+07     0.00010779    7.58E+07     2.7642E+05    
   6.59E+07     0.98594      0.00010769    6.59E+07     0.00010769    7.59E+07     2.7571E+05    
   6.6E+07      0.98595      0.00010759    6.6E+07      0.00010759    7.6E+07      2.7614E+05    
   6.61E+07     0.98595      0.0001074     6.61E+07     0.0001074     7.61E+07     2.7618E+05    
   6.62E+07     0.98595      0.00010722    6.62E+07     0.00010722    7.62E+07     2.7629E+05    
   6.63E+07     0.98596      0.00010726    6.63E+07     0.00010726    7.63E+07     2.7659E+05    
   6.64E+07     0.98596      0.00010707    6.64E+07     0.00010707    7.64E+07     2.751E+05     
   6.65E+07     0.98595      0.0001069     6.65E+07     0.0001069     7.65E+07     2.7558E+05    
   6.66E+07     0.98595      0.00010674    6.66E+07     0.00010674    7.66E+07     2.7602E+05    
   6.67E+07     0.98595      0.00010655    6.67E+07     0.00010655    7.67E+07     2.7649E+05    
   6.68E+07     0.98595      0.00010637    6.68E+07     0.00010637    7.68E+07     2.7622E+05    
   6.69E+07     0.98595      0.00010618    6.69E+07     0.00010618    7.69E+07     2.7649E+05    
   6.7E+07      0.98596      0.00010619    6.7E+07      0.00010619    7.7E+07      2.7563E+05    
   6.71E+07     0.98596      0.00010602    6.71E+07     0.00010602    7.71E+07     2.76E+05      
   6.72E+07     0.98595      0.00010621    6.72E+07     0.00010621    7.72E+07     2.7639E+05    
   6.73E+07     0.98595      0.00010605    6.73E+07     0.00010605    7.73E+07     2.7514E+05    
   6.74E+07     0.98594      0.00010596    6.74E+07     0.00010596    7.74E+07     2.755E+05     
   6.75E+07     0.98594      0.00010603    6.75E+07     0.00010603    7.75E+07     2.7563E+05    
   6.76E+07     0.98594      0.00010585    6.76E+07     0.00010585    7.76E+07     2.7577E+05    
   6.77E+07     0.98594      0.0001057     6.77E+07     0.0001057     7.77E+07     2.7616E+05    
   6.78E+07     0.98593      0.00010581    6.78E+07     0.00010581    7.78E+07     2.7548E+05    
   6.79E+07     0.98593      0.00010565    6.79E+07     0.00010565    7.79E+07     2.7447E+05    
   6.8E+07      0.98593      0.00010562    6.8E+07      0.00010562    7.8E+07      2.7492E+05    
   6.81E+07     0.98592      0.00010557    6.81E+07     0.00010557    7.81E+07     2.7534E+05    
   6.82E+07     0.98593      0.00010543    6.82E+07     0.00010543    7.82E+07     2.7307E+05    
   6.83E+07     0.98593      0.00010527    6.83E+07     0.00010527    7.83E+07     2.721E+05     
   6.84E+07     0.98592      0.00010545    6.84E+07     0.00010545    7.84E+07     2.6992E+05    
   6.85E+07     0.98592      0.0001053     6.85E+07     0.0001053     7.85E+07     2.6973E+05    
   6.86E+07     0.98592      0.00010514    6.86E+07     0.00010514    7.86E+07     2.699E+05     
   6.87E+07     0.98592      0.00010497    6.87E+07     0.00010497    7.87E+07     2.7028E+05    
   6.88E+07     0.98591      0.00010533    6.88E+07     0.00010533    7.88E+07     2.7033E+05    
   6.89E+07     0.98591      0.00010533    6.89E+07     0.00010533    7.89E+07     2.7073E+05    
   6.9E+07      0.98591      0.00010516    6.9E+07      0.00010516    7.9E+07      2.7103E+05    
   6.91E+07     0.98592      0.0001053     6.91E+07     0.0001053     7.91E+07     2.7146E+05    
   6.92E+07     0.98592      0.00010515    6.92E+07     0.00010515    7.92E+07     2.707E+05     
   6.93E+07     0.98592      0.00010506    6.93E+07     0.00010506    7.93E+07     2.7108E+05    
   6.94E+07     0.98592      0.00010494    6.94E+07     0.00010494    7.94E+07     2.7091E+05    
   6.95E+07     0.98592      0.00010477    6.95E+07     0.00010477    7.95E+07     2.7107E+05    
   6.96E+07     0.98592      0.00010466    6.96E+07     0.00010466    7.96E+07     2.6882E+05    
   6.97E+07     0.98592      0.0001045     6.97E+07     0.0001045     7.97E+07     2.6915E+05    
   6.98E+07     0.98592      0.00010432    6.98E+07     0.00010432    7.98E+07     2.6843E+05    
   6.99E+07     0.98593      0.00010421    6.99E+07     0.00010421    7.99E+07     2.687E+05     
   7E+07        0.98592      0.00010411    7E+07        0.00010411    8E+07        2.6912E+05    
   7.01E+07     0.98593      0.00010404    7.01E+07     0.00010404    8.01E+07     2.6947E+05    
   7.02E+07     0.98592      0.0001039     7.02E+07     0.0001039     8.02E+07     2.6965E+05    
   7.03E+07     0.98592      0.00010374    7.03E+07     0.00010374    8.03E+07     2.6987E+05    
   7.04E+07     0.98592      0.00010359    7.04E+07     0.00010359    8.04E+07     2.7021E+05    
   7.05E+07     0.98592      0.00010343    7.05E+07     0.00010343    8.05E+07     2.6974E+05    
   7.06E+07     0.98593      0.00010337    7.06E+07     0.00010337    8.06E+07     2.6976E+05    
   7.07E+07     0.98592      0.00010325    7.07E+07     0.00010325    8.07E+07     2.6999E+05    
   7.08E+07     0.98593      0.00010312    7.08E+07     0.00010312    8.08E+07     2.7044E+05    
   7.09E+07     0.98592      0.00010297    7.09E+07     0.00010297    8.09E+07     2.6999E+05    
   7.1E+07      0.98592      0.00010281    7.1E+07      0.00010281    8.1E+07      2.7029E+05    
   7.11E+07     0.98592      0.00010264    7.11E+07     0.00010264    8.11E+07     2.7062E+05    
   7.12E+07     0.98592      0.00010274    7.12E+07     0.00010274    8.12E+07     2.6991E+05    
   7.13E+07     0.98591      0.00010282    7.13E+07     0.00010282    8.13E+07     2.7018E+05    
   7.14E+07     0.98591      0.00010268    7.14E+07     0.00010268    8.14E+07     2.7056E+05    
   7.15E+07     0.98591      0.00010253    7.15E+07     0.00010253    8.15E+07     2.7089E+05    
   7.16E+07     0.98591      0.00010236    7.16E+07     0.00010236    8.16E+07     2.7014E+05    
   7.17E+07     0.98591      0.0001022     7.17E+07     0.0001022     8.17E+07     2.7054E+05    
   7.18E+07     0.98591      0.00010203    7.18E+07     0.00010203    8.18E+07     2.7075E+05    
   7.19E+07     0.98592      0.00010208    7.19E+07     0.00010208    8.19E+07     2.7079E+05    
   7.2E+07      0.98592      0.00010209    7.2E+07      0.00010209    8.2E+07      2.7116E+05    
   7.21E+07     0.98592      0.00010209    7.21E+07     0.00010209    8.21E+07     2.7146E+05    
   7.22E+07     0.98592      0.00010193    7.22E+07     0.00010193    8.22E+07     2.7181E+05    
   7.23E+07     0.98592      0.00010191    7.23E+07     0.00010191    8.23E+07     2.7225E+05    
   7.24E+07     0.98593      0.00010189    7.24E+07     0.00010189    8.24E+07     2.7084E+05    
   7.25E+07     0.98592      0.00010174    7.25E+07     0.00010174    8.25E+07     2.6982E+05    
   7.26E+07     0.98592      0.0001016     7.26E+07     0.0001016     8.26E+07     2.6923E+05    
   7.27E+07     0.98592      0.00010146    7.27E+07     0.00010146    8.27E+07     2.6965E+05    
   7.28E+07     0.98592      0.00010146    7.28E+07     0.00010146    8.28E+07     2.7007E+05    
   7.29E+07     0.98591      0.00010138    7.29E+07     0.00010138    8.29E+07     2.7041E+05    
   7.3E+07      0.98592      0.00010137    7.3E+07      0.00010137    8.3E+07      2.707E+05     
   7.31E+07     0.98591      0.00010135    7.31E+07     0.00010135    8.31E+07     2.7112E+05    
   7.32E+07     0.98591      0.0001012     7.32E+07     0.0001012     8.32E+07     2.7155E+05    
   7.33E+07     0.98591      0.00010105    7.33E+07     0.00010105    8.33E+07     2.7141E+05    
   7.34E+07     0.98592      0.00010097    7.34E+07     0.00010097    8.34E+07     2.7153E+05    
   7.35E+07     0.98592      0.00010088    7.35E+07     0.00010088    8.35E+07     2.7175E+05    
   7.36E+07     0.98591      0.00010082    7.36E+07     0.00010082    8.36E+07     2.7211E+05    
   7.37E+07     0.98592      0.00010067    7.37E+07     0.00010067    8.37E+07     2.7206E+05    
   7.38E+07     0.98592      0.00010057    7.38E+07     0.00010057    8.38E+07     2.7243E+05    
   7.39E+07     0.98593      0.00010091    7.39E+07     0.00010091    8.39E+07     2.7286E+05    
   7.4E+07      0.98592      0.00010086    7.4E+07      0.00010086    8.4E+07      2.7322E+05    
   7.41E+07     0.98593      0.00010079    7.41E+07     0.00010079    8.41E+07     2.7191E+05    
   7.42E+07     0.98593      0.00010066    7.42E+07     0.00010066    8.42E+07     2.7222E+05    
   7.43E+07     0.98593      0.0001006     7.43E+07     0.0001006     8.43E+07     2.7215E+05    
   7.44E+07     0.98593      0.00010044    7.44E+07     0.00010044    8.44E+07     2.7253E+05    
   7.45E+07     0.98593      0.00010033    7.45E+07     0.00010033    8.45E+07     2.723E+05     
   7.46E+07     0.98593      0.00010029    7.46E+07     0.00010029    8.46E+07     2.7267E+05    
   7.47E+07     0.98593      0.00010014    7.47E+07     0.00010014    8.47E+07     2.7306E+05    
   7.48E+07     0.98594      0.00010017    7.48E+07     0.00010017    8.48E+07     2.732E+05     
   7.49E+07     0.98594      0.00010006    7.49E+07     0.00010006    8.49E+07     2.7349E+05    
   7.5E+07      0.98594      9.9903E-05    7.5E+07      9.9903E-05    8.5E+07      2.738E+05     
   7.51E+07     0.98594      0.00010013    7.51E+07     0.00010013    8.51E+07     2.7391E+05    
   7.52E+07     0.98595      9.9981E-05    7.52E+07     9.9981E-05    8.52E+07     2.7261E+05    
   7.53E+07     0.98594      9.9836E-05    7.53E+07     9.9836E-05    8.53E+07     2.7295E+05    
   7.54E+07     0.98595      9.972E-05     7.54E+07     9.972E-05     8.54E+07     2.7319E+05    
   7.55E+07     0.98595      9.9578E-05    7.55E+07     9.9578E-05    8.55E+07     2.7355E+05    
   7.56E+07     0.98595      9.9597E-05    7.56E+07     9.9597E-05    8.56E+07     2.7334E+05    
   7.57E+07     0.98595      9.945E-05     7.57E+07     9.945E-05     8.57E+07     2.7288E+05    
   7.58E+07     0.98595      9.9299E-05    7.58E+07     9.9299E-05    8.58E+07     2.7182E+05    
   7.59E+07     0.98596      9.9364E-05    7.59E+07     9.9364E-05    8.59E+07     2.7218E+05    
   7.6E+07      0.98596      9.9214E-05    7.6E+07      9.9214E-05    8.6E+07      2.7251E+05    
   7.61E+07     0.98595      9.9145E-05    7.61E+07     9.9145E-05    8.61E+07     2.7283E+05    
   7.62E+07     0.98596      9.9059E-05    7.62E+07     9.9059E-05    8.62E+07     2.7321E+05    
   7.63E+07     0.98595      9.8944E-05    7.63E+07     9.8944E-05    8.63E+07     2.734E+05     
   7.64E+07     0.98596      9.914E-05     7.64E+07     9.914E-05     8.64E+07     2.7367E+05    
   7.65E+07     0.98596      9.8991E-05    7.65E+07     9.8991E-05    8.65E+07     2.7146E+05    
   7.66E+07     0.98596      9.8852E-05    7.66E+07     9.8852E-05    8.66E+07     2.7109E+05    
   7.67E+07     0.98596      9.8704E-05    7.67E+07     9.8704E-05    8.67E+07     2.7144E+05    
   7.68E+07     0.98596      9.8689E-05    7.68E+07     9.8689E-05    8.68E+07     2.7181E+05    
   7.69E+07     0.98596      9.857E-05     7.69E+07     9.857E-05     8.69E+07     2.7218E+05    
   7.7E+07      0.98595      9.8663E-05    7.7E+07      9.8663E-05    8.7E+07      2.7251E+05    
   7.71E+07     0.98595      9.8532E-05    7.71E+07     9.8532E-05    8.71E+07     2.7202E+05    
   7.72E+07     0.98595      9.8403E-05    7.72E+07     9.8403E-05    8.72E+07     2.7215E+05    
   7.73E+07     0.98596      9.8555E-05    7.73E+07     9.8555E-05    8.73E+07     2.7211E+05    
   7.74E+07     0.98595      9.8432E-05    7.74E+07     9.8432E-05    8.74E+07     2.7248E+05    
   7.75E+07     0.98595      9.8344E-05    7.75E+07     9.8344E-05    8.75E+07     2.7271E+05    
   7.76E+07     0.98595      9.8259E-05    7.76E+07     9.8259E-05    8.76E+07     2.731E+05     
   7.77E+07     0.98596      9.8116E-05    7.77E+07     9.8116E-05    8.77E+07     2.732E+05     
   7.78E+07     0.98595      9.8178E-05    7.78E+07     9.8178E-05    8.78E+07     2.7305E+05    
   7.79E+07     0.98594      9.8298E-05    7.79E+07     9.8298E-05    8.79E+07     2.725E+05     
   7.8E+07      0.98594      9.8154E-05    7.8E+07      9.8154E-05    8.8E+07      2.7252E+05    
   7.81E+07     0.98594      9.801E-05     7.81E+07     9.801E-05     8.81E+07     2.7269E+05    
   7.82E+07     0.98595      9.8355E-05    7.82E+07     9.8355E-05    8.82E+07     2.7281E+05    
   7.83E+07     0.98596      9.8469E-05    7.83E+07     9.8469E-05    8.83E+07     2.7294E+05    
   7.84E+07     0.98597      9.8805E-05    7.84E+07     9.8805E-05    8.84E+07     2.7332E+05    
   7.85E+07     0.98596      9.8766E-05    7.85E+07     9.8766E-05    8.85E+07     2.737E+05     
   7.86E+07     0.98596      9.8672E-05    7.86E+07     9.8672E-05    8.86E+07     2.7406E+05    
   7.87E+07     0.98596      9.8543E-05    7.87E+07     9.8543E-05    8.87E+07     2.7421E+05    
   7.88E+07     0.98597      9.847E-05     7.88E+07     9.847E-05     8.88E+07     2.7461E+05    
   7.89E+07     0.98597      9.8329E-05    7.89E+07     9.8329E-05    8.89E+07     2.7421E+05    
   7.9E+07      0.98597      9.8212E-05    7.9E+07      9.8212E-05    8.9E+07      2.7422E+05    
   7.91E+07     0.98597      9.8073E-05    7.91E+07     9.8073E-05    8.91E+07     2.7168E+05    
   7.92E+07     0.98596      9.8149E-05    7.92E+07     9.8149E-05    8.92E+07     2.7204E+05    
   7.93E+07     0.98596      9.8012E-05    7.93E+07     9.8012E-05    8.93E+07     2.7192E+05    
   7.94E+07     0.98597      9.7982E-05    7.94E+07     9.7982E-05    8.94E+07     2.71E+05      
   7.95E+07     0.98597      9.7894E-05    7.95E+07     9.7894E-05    8.95E+07     2.7136E+05    
   7.96E+07     0.98598      9.8244E-05    7.96E+07     9.8244E-05    8.96E+07     2.7166E+05    
   7.97E+07     0.98598      9.8113E-05    7.97E+07     9.8113E-05    8.97E+07     2.7203E+05    
   7.98E+07     0.98597      9.8185E-05    7.98E+07     9.8185E-05    8.98E+07     2.7225E+05    
   7.99E+07     0.98597      9.8075E-05    7.99E+07     9.8075E-05    8.99E+07     2.7262E+05    
   8E+07        0.98597      9.794E-05     8E+07        9.794E-05     9E+07        2.7295E+05    
   8.01E+07     0.98597      9.7809E-05    8.01E+07     9.7809E-05    9.01E+07     2.7319E+05    
   8.02E+07     0.98597      9.7717E-05    8.02E+07     9.7717E-05    9.02E+07     2.7256E+05    
   8.03E+07     0.98597      9.7613E-05    8.03E+07     9.7613E-05    9.03E+07     2.7221E+05    
   8.04E+07     0.98597      9.7494E-05    8.04E+07     9.7494E-05    9.04E+07     2.7248E+05    
   8.05E+07     0.98597      9.7513E-05    8.05E+07     9.7513E-05    9.05E+07     2.7271E+05    
   8.06E+07     0.98598      9.7451E-05    8.06E+07     9.7451E-05    9.06E+07     2.7291E+05    
   8.07E+07     0.98598      9.7349E-05    8.07E+07     9.7349E-05    9.07E+07     2.7203E+05    
   8.08E+07     0.98598      9.7211E-05    8.08E+07     9.7211E-05    9.08E+07     2.7234E+05    
   8.09E+07     0.98598      9.7224E-05    8.09E+07     9.7224E-05    9.09E+07     2.7133E+05    
   8.1E+07      0.98598      9.7112E-05    8.1E+07      9.7112E-05    9.1E+07      2.7102E+05    
   8.11E+07     0.98598      9.6996E-05    8.11E+07     9.6996E-05    9.11E+07     2.712E+05     
   8.12E+07     0.98599      9.7065E-05    8.12E+07     9.7065E-05    9.12E+07     2.7084E+05    
   8.13E+07     0.98599      9.6959E-05    8.13E+07     9.6959E-05    9.13E+07     2.7121E+05    
   8.14E+07     0.98599      9.6825E-05    8.14E+07     9.6825E-05    9.14E+07     2.7032E+05    
   8.15E+07     0.98599      9.671E-05     8.15E+07     9.671E-05     9.15E+07     2.7065E+05    
   8.16E+07     0.986        9.6784E-05    8.16E+07     9.6784E-05    9.16E+07     2.7098E+05    
   8.17E+07     0.986        9.6657E-05    8.17E+07     9.6657E-05    9.17E+07     2.7089E+05    
   8.18E+07     0.986        9.6549E-05    8.18E+07     9.6549E-05    9.18E+07     2.7092E+05    
   8.19E+07     0.98599      9.6486E-05    8.19E+07     9.6486E-05    9.19E+07     2.7091E+05    
   8.2E+07      0.98599      9.6361E-05    8.2E+07      9.6361E-05    9.2E+07      2.7109E+05    
   8.21E+07     0.98599      9.6253E-05    8.21E+07     9.6253E-05    9.21E+07     2.7119E+05    
   8.22E+07     0.98599      9.6123E-05    8.22E+07     9.6123E-05    9.22E+07     2.7138E+05    
   8.23E+07     0.98599      9.599E-05     8.23E+07     9.599E-05     9.23E+07     2.717E+05     
   8.24E+07     0.986        9.6185E-05    8.24E+07     9.6185E-05    9.24E+07     2.7202E+05    
   8.25E+07     0.98599      9.6309E-05    8.25E+07     9.6309E-05    9.25E+07     2.7212E+05    
   8.26E+07     0.98599      9.6352E-05    8.26E+07     9.6352E-05    9.26E+07     2.7235E+05    
   8.27E+07     0.98598      9.6222E-05    8.27E+07     9.6222E-05    9.27E+07     2.727E+05     
   8.28E+07     0.98599      9.6092E-05    8.28E+07     9.6092E-05    9.28E+07     2.7107E+05    
   8.29E+07     0.98598      9.5973E-05    8.29E+07     9.5973E-05    9.29E+07     2.7101E+05    
   8.3E+07      0.98599      9.5863E-05    8.3E+07      9.5863E-05    9.3E+07      2.7137E+05    
   8.31E+07     0.98599      9.5732E-05    8.31E+07     9.5732E-05    9.31E+07     2.7043E+05    
   8.32E+07     0.98599      9.5602E-05    8.32E+07     9.5602E-05    9.32E+07     2.6919E+05    
   8.33E+07     0.98598      9.5569E-05    8.33E+07     9.5569E-05    9.33E+07     2.6948E+05    
   8.34E+07     0.98598      9.5492E-05    8.34E+07     9.5492E-05    9.34E+07     2.6872E+05    
   8.35E+07     0.98598      9.5395E-05    8.35E+07     9.5395E-05    9.35E+07     2.6808E+05    
   8.36E+07     0.98598      9.5276E-05    8.36E+07     9.5276E-05    9.36E+07     2.6812E+05    
   8.37E+07     0.98599      9.523E-05     8.37E+07     9.523E-05     9.37E+07     2.6781E+05    
   8.38E+07     0.98599      9.5103E-05    8.38E+07     9.5103E-05    9.38E+07     2.6807E+05    
   8.39E+07     0.98599      9.4974E-05    8.39E+07     9.4974E-05    9.39E+07     2.6833E+05    
   8.4E+07      0.98599      9.4855E-05    8.4E+07      9.4855E-05    9.4E+07      2.6869E+05    
   8.41E+07     0.98599      9.5028E-05    8.41E+07     9.5028E-05    9.41E+07     2.6883E+05    
   8.42E+07     0.98599      9.4908E-05    8.42E+07     9.4908E-05    9.42E+07     2.6806E+05    
   8.43E+07     0.98599      9.4867E-05    8.43E+07     9.4867E-05    9.43E+07     2.6812E+05    
   8.44E+07     0.98599      9.4745E-05    8.44E+07     9.4745E-05    9.44E+07     2.6815E+05    
   8.45E+07     0.98599      9.4732E-05    8.45E+07     9.4732E-05    9.45E+07     2.6831E+05    
   8.46E+07     0.986        9.4609E-05    8.46E+07     9.4609E-05    9.46E+07     2.6797E+05    
   8.47E+07     0.986        9.4482E-05    8.47E+07     9.4482E-05    9.47E+07     2.683E+05     
   8.48E+07     0.986        9.4405E-05    8.48E+07     9.4405E-05    9.48E+07     2.6866E+05    
   8.49E+07     0.986        9.4302E-05    8.49E+07     9.4302E-05    9.49E+07     2.6825E+05    
   8.5E+07      0.98599      9.4195E-05    8.5E+07      9.4195E-05    9.5E+07      2.6857E+05    
   8.51E+07     0.98599      9.4116E-05    8.51E+07     9.4116E-05    9.51E+07     2.6893E+05    
   8.52E+07     0.98598      9.4287E-05    8.52E+07     9.4287E-05    9.52E+07     2.6882E+05    
   8.53E+07     0.98599      9.4171E-05    8.53E+07     9.4171E-05    9.53E+07     2.6911E+05    
   8.54E+07     0.98598      9.4077E-05    8.54E+07     9.4077E-05    9.54E+07     2.6947E+05    
   8.55E+07     0.98598      9.3953E-05    8.55E+07     9.3953E-05    9.55E+07     2.6906E+05    
   8.56E+07     0.98599      9.3936E-05    8.56E+07     9.3936E-05    9.56E+07     2.6933E+05    
   8.57E+07     0.98599      9.3959E-05    8.57E+07     9.3959E-05    9.57E+07     2.6955E+05    
   8.58E+07     0.986        9.409E-05     8.58E+07     9.409E-05     9.58E+07     2.699E+05     
   8.59E+07     0.986        9.3966E-05    8.59E+07     9.3966E-05    9.59E+07     2.6997E+05    
   8.6E+07      0.986        9.3854E-05    8.6E+07      9.3854E-05    9.6E+07      2.7028E+05    
   8.61E+07     0.986        9.3744E-05    8.61E+07     9.3744E-05    9.61E+07     2.7032E+05    
   8.62E+07     0.986        9.3626E-05    8.62E+07     9.3626E-05    9.62E+07     2.7065E+05    
   8.63E+07     0.986        9.3532E-05    8.63E+07     9.3532E-05    9.63E+07     2.6987E+05    
   8.64E+07     0.986        9.3433E-05    8.64E+07     9.3433E-05    9.64E+07     2.7009E+05    
   8.65E+07     0.98601      9.3762E-05    8.65E+07     9.3762E-05    9.65E+07     2.6973E+05    
   8.66E+07     0.98601      9.3772E-05    8.66E+07     9.3772E-05    9.66E+07     2.6844E+05    
   8.67E+07     0.98601      9.3654E-05    8.67E+07     9.3654E-05    9.67E+07     2.6863E+05    
   8.68E+07     0.98601      9.3535E-05    8.68E+07     9.3535E-05    9.68E+07     2.6892E+05    
   8.69E+07     0.98601      9.342E-05     8.69E+07     9.342E-05     9.69E+07     2.6927E+05    
   8.7E+07      0.98601      9.3309E-05    8.7E+07      9.3309E-05    9.7E+07      2.6735E+05    
   8.71E+07     0.98601      9.3336E-05    8.71E+07     9.3336E-05    9.71E+07     2.6736E+05    
   8.72E+07     0.98602      9.3261E-05    8.72E+07     9.3261E-05    9.72E+07     2.674E+05     
   8.73E+07     0.98602      9.3216E-05    8.73E+07     9.3216E-05    9.73E+07     2.672E+05     
   8.74E+07     0.98602      9.31E-05      8.74E+07     9.31E-05      9.74E+07     2.6749E+05    
   8.75E+07     0.98602      9.3003E-05    8.75E+07     9.3003E-05    9.75E+07     2.6714E+05    
   8.76E+07     0.98602      9.2883E-05    8.76E+07     9.2883E-05    9.76E+07     2.6744E+05    
   8.77E+07     0.98602      9.2815E-05    8.77E+07     9.2815E-05    9.77E+07     2.6773E+05    
   8.78E+07     0.98602      9.2788E-05    8.78E+07     9.2788E-05    9.78E+07     2.6801E+05    
   8.79E+07     0.98601      9.2825E-05    8.79E+07     9.2825E-05    9.79E+07     2.6688E+05    
   8.8E+07      0.98601      9.2772E-05    8.8E+07      9.2772E-05    9.8E+07      2.672E+05     
   8.81E+07     0.98601      9.269E-05     8.81E+07     9.269E-05     9.81E+07     2.6708E+05    
   8.82E+07     0.98602      9.2619E-05    8.82E+07     9.2619E-05    9.82E+07     2.6728E+05    
   8.83E+07     0.98601      9.2539E-05    8.83E+07     9.2539E-05    9.83E+07     2.676E+05     
   8.84E+07     0.98601      9.2424E-05    8.84E+07     9.2424E-05    9.84E+07     2.6779E+05    
   8.85E+07     0.98602      9.2308E-05    8.85E+07     9.2308E-05    9.85E+07     2.6653E+05    
   8.86E+07     0.98601      9.2197E-05    8.86E+07     9.2197E-05    9.86E+07     2.6682E+05    
   8.87E+07     0.98601      9.2114E-05    8.87E+07     9.2114E-05    9.87E+07     2.6703E+05    
   8.88E+07     0.98601      9.1999E-05    8.88E+07     9.1999E-05    9.88E+07     2.6649E+05    
   8.89E+07     0.98602      9.2011E-05    8.89E+07     9.2011E-05    9.89E+07     2.6679E+05    
   8.9E+07      0.98602      9.1962E-05    8.9E+07      9.1962E-05    9.9E+07      2.6708E+05    
   8.91E+07     0.98601      9.2338E-05    8.91E+07     9.2338E-05    9.91E+07     2.6742E+05    
   8.92E+07     0.98601      9.2225E-05    8.92E+07     9.2225E-05    9.92E+07     2.661E+05     
   8.93E+07     0.98601      9.2195E-05    8.93E+07     9.2195E-05    9.93E+07     2.661E+05     
   8.94E+07     0.98601      9.2299E-05    8.94E+07     9.2299E-05    9.94E+07     2.6634E+05    
   8.95E+07     0.98601      9.2189E-05    8.95E+07     9.2189E-05    9.95E+07     2.6668E+05    
   8.96E+07     0.98601      9.2078E-05    8.96E+07     9.2078E-05    9.96E+07     2.6694E+05    
   8.97E+07     0.98601      9.1967E-05    8.97E+07     9.1967E-05    9.97E+07     2.672E+05     
   8.98E+07     0.98601      9.1878E-05    8.98E+07     9.1878E-05    9.98E+07     2.671E+05     
   8.99E+07     0.98601      9.1768E-05    8.99E+07     9.1768E-05    9.99E+07     2.671E+05     
   9E+07        0.98601      9.1653E-05    9E+07        9.1653E-05    1E+08        2.6717E+05    
   9.01E+07     0.98601      9.1565E-05    9.01E+07     9.1565E-05    
   9.02E+07     0.986        9.162E-05     9.02E+07     9.162E-05     
   9.03E+07     0.98601      9.1631E-05    9.03E+07     9.1631E-05    
   9.04E+07     0.98601      9.1528E-05    9.04E+07     9.1528E-05    
   9.05E+07     0.986        9.1442E-05    9.05E+07     9.1442E-05    
   9.06E+07     0.986        9.136E-05     9.06E+07     9.136E-05     
   9.07E+07     0.986        9.1458E-05    9.07E+07     9.1458E-05    
   9.08E+07     0.986        9.1353E-05    9.08E+07     9.1353E-05    
   9.09E+07     0.986        9.1472E-05    9.09E+07     9.1472E-05    
   9.1E+07      0.986        9.1477E-05    9.1E+07      9.1477E-05    
   9.11E+07     0.98599      9.1396E-05    9.11E+07     9.1396E-05    
   9.12E+07     0.98599      9.1403E-05    9.12E+07     9.1403E-05    
   9.13E+07     0.98599      9.1292E-05    9.13E+07     9.1292E-05    
   9.14E+07     0.98598      9.1393E-05    9.14E+07     9.1393E-05    
   9.15E+07     0.98598      9.1288E-05    9.15E+07     9.1288E-05    
   9.16E+07     0.98598      9.1178E-05    9.16E+07     9.1178E-05    
   9.17E+07     0.98599      9.1142E-05    9.17E+07     9.1142E-05    
   9.18E+07     0.98599      9.1091E-05    9.18E+07     9.1091E-05    
   9.19E+07     0.98599      9.1044E-05    9.19E+07     9.1044E-05    
   9.2E+07      0.98599      9.0961E-05    9.2E+07      9.0961E-05    
   9.21E+07     0.98599      9.0898E-05    9.21E+07     9.0898E-05    
   9.22E+07     0.98599      9.0815E-05    9.22E+07     9.0815E-05    
   9.23E+07     0.98598      9.0716E-05    9.23E+07     9.0716E-05    
   9.24E+07     0.98598      9.0608E-05    9.24E+07     9.0608E-05    
   9.25E+07     0.98599      9.0544E-05    9.25E+07     9.0544E-05    
   9.26E+07     0.98599      9.0457E-05    9.26E+07     9.0457E-05    
   9.27E+07     0.98598      9.0352E-05    9.27E+07     9.0352E-05    
   9.28E+07     0.98599      9.0576E-05    9.28E+07     9.0576E-05    
   9.29E+07     0.98599      9.0535E-05    9.29E+07     9.0535E-05    
   9.3E+07      0.98599      9.0426E-05    9.3E+07      9.0426E-05    
   9.31E+07     0.986        9.0537E-05    9.31E+07     9.0537E-05    
   9.32E+07     0.98599      9.0697E-05    9.32E+07     9.0697E-05    
   9.33E+07     0.98599      9.0595E-05    9.33E+07     9.0595E-05    
   9.34E+07     0.98598      9.0678E-05    9.34E+07     9.0678E-05    
   9.35E+07     0.98598      9.0736E-05    9.35E+07     9.0736E-05    
   9.36E+07     0.98597      9.0683E-05    9.36E+07     9.0683E-05    
   9.37E+07     0.98597      9.0682E-05    9.37E+07     9.0682E-05    
   9.38E+07     0.98597      9.0592E-05    9.38E+07     9.0592E-05    
   9.39E+07     0.98597      9.05E-05      9.39E+07     9.05E-05      
   9.4E+07      0.98597      9.0392E-05    9.4E+07      9.0392E-05    
   9.41E+07     0.98597      9.0313E-05    9.41E+07     9.0313E-05    
   9.42E+07     0.98598      9.0398E-05    9.42E+07     9.0398E-05    
   9.43E+07     0.98597      9.0339E-05    9.43E+07     9.0339E-05    
   9.44E+07     0.98598      9.0288E-05    9.44E+07     9.0288E-05    
   9.45E+07     0.98598      9.0205E-05    9.45E+07     9.0205E-05    
   9.46E+07     0.98597      9.0217E-05    9.46E+07     9.0217E-05    
   9.47E+07     0.98597      9.0114E-05    9.47E+07     9.0114E-05    
   9.48E+07     0.98597      9.0009E-05    9.48E+07     9.0009E-05    
   9.49E+07     0.98598      9.0025E-05    9.49E+07     9.0025E-05    
   9.5E+07      0.98598      8.9921E-05    9.5E+07      8.9921E-05    
   9.51E+07     0.98598      8.9816E-05    9.51E+07     8.9816E-05    
   9.52E+07     0.98597      8.9789E-05    9.52E+07     8.9789E-05    
   9.53E+07     0.98597      8.9689E-05    9.53E+07     8.9689E-05    
   9.54E+07     0.98597      8.9584E-05    9.54E+07     8.9584E-05    
   9.55E+07     0.98597      8.9608E-05    9.55E+07     8.9608E-05    
   9.56E+07     0.98597      8.9515E-05    9.56E+07     8.9515E-05    
   9.57E+07     0.98597      8.9429E-05    9.57E+07     8.9429E-05    
   9.58E+07     0.98597      8.9325E-05    9.58E+07     8.9325E-05    
   9.59E+07     0.98597      8.9269E-05    9.59E+07     8.9269E-05    
   9.6E+07      0.98597      8.9171E-05    9.6E+07      8.9171E-05    
   9.61E+07     0.98597      8.9114E-05    9.61E+07     8.9114E-05    
   9.62E+07     0.98597      8.9013E-05    9.62E+07     8.9013E-05    
   9.63E+07     0.98597      8.9097E-05    9.63E+07     8.9097E-05    
   9.64E+07     0.98597      8.9018E-05    9.64E+07     8.9018E-05    
   9.65E+07     0.98598      8.9027E-05    9.65E+07     8.9027E-05    
   9.66E+07     0.98598      8.9193E-05    9.66E+07     8.9193E-05    
   9.67E+07     0.98599      8.9115E-05    9.67E+07     8.9115E-05    
   9.68E+07     0.98599      8.9023E-05    9.68E+07     8.9023E-05    
   9.69E+07     0.98599      8.8921E-05    9.69E+07     8.8921E-05    
   9.7E+07      0.98599      8.919E-05     9.7E+07      8.919E-05     
   9.71E+07     0.98599      8.9142E-05    9.71E+07     8.9142E-05    
   9.72E+07     0.98599      8.9092E-05    9.72E+07     8.9092E-05    
   9.73E+07     0.98599      8.908E-05     9.73E+07     8.908E-05     
   9.74E+07     0.98599      8.8978E-05    9.74E+07     8.8978E-05    
   9.75E+07     0.986        8.899E-05     9.75E+07     8.899E-05     
   9.76E+07     0.986        8.8896E-05    9.76E+07     8.8896E-05    
   9.77E+07     0.986        8.8805E-05    9.77E+07     8.8805E-05    
   9.78E+07     0.986        8.8704E-05    9.78E+07     8.8704E-05    
   9.79E+07     0.98599      8.8849E-05    9.79E+07     8.8849E-05    
   9.8E+07      0.98599      8.8752E-05    9.8E+07      8.8752E-05    
   9.81E+07     0.98599      8.8729E-05    9.81E+07     8.8729E-05    
   9.82E+07     0.98599      8.8642E-05    9.82E+07     8.8642E-05    
   9.83E+07     0.98599      8.8542E-05    9.83E+07     8.8542E-05    
   9.84E+07     0.98599      8.8466E-05    9.84E+07     8.8466E-05    
   9.85E+07     0.98599      8.8632E-05    9.85E+07     8.8632E-05    
   9.86E+07     0.98599      8.8532E-05    9.86E+07     8.8532E-05    
   9.87E+07     0.986        8.8453E-05    9.87E+07     8.8453E-05    
   9.88E+07     0.98599      8.8498E-05    9.88E+07     8.8498E-05    
   9.89E+07     0.98599      8.8407E-05    9.89E+07     8.8407E-05    
   9.9E+07      0.98599      8.8308E-05    9.9E+07      8.8308E-05    
   9.91E+07     0.98599      8.821E-05     9.91E+07     8.821E-05     
   9.92E+07     0.98598      8.8384E-05    9.92E+07     8.8384E-05    
   9.93E+07     0.98599      8.834E-05     9.93E+07     8.834E-05     
   9.94E+07     0.98599      8.8251E-05    9.94E+07     8.8251E-05    
   9.95E+07     0.98599      8.8152E-05    9.95E+07     8.8152E-05    
   9.96E+07     0.98598      8.8067E-05    9.96E+07     8.8067E-05    
   9.97E+07     0.98599      8.7979E-05    9.97E+07     8.7979E-05    
   9.98E+07     0.98598      8.7949E-05    9.98E+07     8.7949E-05    
   9.99E+07     0.98599      8.7904E-05    9.99E+07     8.7904E-05    
   1E+08        0.98599      8.7851E-05    1E+08        8.7851E-05    
