# This file is written with the intent of being used to plot the data with 
# Gnuplot.  It contains no information regarding how the plot should be 
# formatted.
# =========================================================================
# Research/ArnoldivsPower -f Power1-13.dat -t 100000 -A -c 100 -C 900 -w 20 -b 75 -r  seed = 125433154
# filename = Power1-13.dat, run = true, power = true, Arnoldi = false, storevectors = 0, raw = false, evectors = 2, evalues = 2, residual = false, arnoldimethod = implicit, tol = 2.22045e-16, verbose = 1, seed = 0, width = 20, bins = 75, acycles = 900, incycles = 100, active = 20, inactive = 0, Iterations = 10, numValues = 2, relaxed = 0, tracks = 100000, ignore_rest = false, version = false, help = false, 

#  1            2            3             4            5             6            7             8            9            
# |-            Power values           -| |-   Power eValues SD   -| |-       FOM-Power      -| |-     Power vector     -| 
#  x-coord      y-coord      error         x-coord      y-coord       x-coord      y-coord       x-coord      y-coord       
   1E+05        0.95637      0             1E+05        0             1.01E+07     0             0.13333      0.017787      
   2E+05        0.96942      0             2E+05        0             1.02E+07     1899.1        0.4          0.024967      
   3E+05        0.97063      0             3E+05        0             1.03E+07     3433.8        0.66667      0.031484      
   4E+05        0.97359      0             4E+05        0             1.04E+07     4029.9        0.93333      0.037553      
   5E+05        0.98009      0             5E+05        0             1.05E+07     6174.7        1.2          0.043725      
   6E+05        0.97854      0             6E+05        0             1.06E+07     8591.6        1.4667       0.049826      
   7E+05        0.97924      0             7E+05        0             1.07E+07     11330         1.7333       0.055688      
   8E+05        0.98177      0             8E+05        0             1.08E+07     14505         2            0.061295      
   9E+05        0.98124      0             9E+05        0             1.09E+07     18168         2.2667       0.066913      
   1E+06        0.98378      0             1E+06        0             1.1E+07      19425         2.5333       0.072482      
   1.1E+06      0.98531      0             1.1E+06      0             1.11E+07     14375         2.8          0.07806       
   1.2E+06      0.99015      0             1.2E+06      0             1.12E+07     16098         3.0667       0.083167      
   1.3E+06      0.98316      0             1.3E+06      0             1.13E+07     16847         3.3333       0.08855       
   1.4E+06      0.98024      0             1.4E+06      0             1.14E+07     16984         3.6          0.093593      
   1.5E+06      0.98568      0             1.5E+06      0             1.15E+07     17536         3.8667       0.098171      
   1.6E+06      0.98236      0             1.6E+06      0             1.16E+07     19764         4.1333       0.10289       
   1.7E+06      0.98251      0             1.7E+06      0             1.17E+07     18665         4.4          0.10746       
   1.8E+06      0.98855      0             1.8E+06      0             1.18E+07     19669         4.6667       0.11209       
   1.9E+06      0.98449      0             1.9E+06      0             1.19E+07     19611         4.9333       0.11625       
   2E+06        0.98518      0             2E+06        0             1.2E+07      21024         5.2          0.12043       
   2.1E+06      0.9864       0             2.1E+06      0             1.21E+07     22786         5.4667       0.12454       
   2.2E+06      0.98533      0             2.2E+06      0             1.22E+07     24777         5.7333       0.12788       
   2.3E+06      0.98305      0             2.3E+06      0             1.23E+07     26699         6            0.13188       
   2.4E+06      0.98611      0             2.4E+06      0             1.24E+07     28825         6.2667       0.13499       
   2.5E+06      0.98141      0             2.5E+06      0             1.25E+07     30899         6.5333       0.13809       
   2.6E+06      0.98432      0             2.6E+06      0             1.26E+07     32558         6.8          0.14142       
   2.7E+06      0.98384      0             2.7E+06      0             1.27E+07     34650         7.0667       0.1442        
   2.8E+06      0.98357      0             2.8E+06      0             1.28E+07     36142         7.3333       0.1463        
   2.9E+06      0.98473      0             2.9E+06      0             1.29E+07     36952         7.6          0.14863       
   3E+06        0.98662      0             3E+06        0             1.3E+07      39152         7.8667       0.1503        
   3.1E+06      0.98827      0             3.1E+06      0             1.31E+07     40247         8.1333       0.15225       
   3.2E+06      0.98541      0             3.2E+06      0             1.32E+07     40544         8.4          0.15375       
   3.3E+06      0.98325      0             3.3E+06      0             1.33E+07     42645         8.6667       0.15484       
   3.4E+06      0.98635      0             3.4E+06      0             1.34E+07     42214         8.9333       0.15598       
   3.5E+06      0.98486      0             3.5E+06      0             1.35E+07     43942         9.2          0.1568        
   3.6E+06      0.98134      0             3.6E+06      0             1.36E+07     45949         9.4667       0.15741       
   3.7E+06      0.98474      0             3.7E+06      0             1.37E+07     48178         9.7333       0.15771       
   3.8E+06      0.98693      0             3.8E+06      0             1.38E+07     50383         10           0.15773       
   3.9E+06      0.98276      0             3.9E+06      0             1.39E+07     52690         10.267       0.15773       
   4E+06        0.97925      0             4E+06        0             1.4E+07      54696         10.533       0.15706       
   4.1E+06      0.98511      0             4.1E+06      0             1.41E+07     56931         10.8         0.15604       
   4.2E+06      0.98115      0             4.2E+06      0             1.42E+07     56176         11.067       0.15558       
   4.3E+06      0.98557      0             4.3E+06      0             1.43E+07     56429         11.333       0.15414       
   4.4E+06      0.98471      0             4.4E+06      0             1.44E+07     58659         11.6         0.15299       
   4.5E+06      0.9868       0             4.5E+06      0             1.45E+07     59750         11.867       0.15176       
   4.6E+06      0.98575      0             4.6E+06      0             1.46E+07     61921         12.133       0.14981       
   4.7E+06      0.98209      0             4.7E+06      0             1.47E+07     64171         12.4         0.14779       
   4.8E+06      0.99011      0             4.8E+06      0             1.48E+07     65645         12.667       0.14577       
   4.9E+06      0.985        0             4.9E+06      0             1.49E+07     59807         12.933       0.14326       
   5E+06        0.98129      0             5E+06        0             1.5E+07      60678         13.2         0.14052       
   5.1E+06      0.98387      0             5.1E+06      0             1.51E+07     62629         13.467       0.1374        
   5.2E+06      0.97783      0             5.2E+06      0             1.52E+07     64393         13.733       0.13383       
   5.3E+06      0.98356      0             5.3E+06      0             1.53E+07     65773         14           0.13085       
   5.4E+06      0.9876       0             5.4E+06      0             1.54E+07     67493         14.267       0.12754       
   5.5E+06      0.98536      0             5.5E+06      0             1.55E+07     69331         14.533       0.12367       
   5.6E+06      0.98293      0             5.6E+06      0             1.56E+07     70864         14.8         0.12008       
   5.7E+06      0.97947      0             5.7E+06      0             1.57E+07     72435         15.067       0.11602       
   5.8E+06      0.98428      0             5.8E+06      0             1.58E+07     74032         15.333       0.11144       
   5.9E+06      0.98785      0             5.9E+06      0             1.59E+07     76040         15.6         0.10695       
   6E+06        0.98508      0             6E+06        0             1.6E+07      78022         15.867       0.1029        
   6.1E+06      0.98026      0             6.1E+06      0             1.61E+07     80082         16.133       0.097945      
   6.2E+06      0.98973      0             6.2E+06      0             1.62E+07     81093         16.4         0.093187      
   6.3E+06      0.98261      0             6.3E+06      0             1.63E+07     82040         16.667       0.088057      
   6.4E+06      0.98576      0             6.4E+06      0             1.64E+07     81132         16.933       0.083031      
   6.5E+06      0.98356      0             6.5E+06      0             1.65E+07     82877         17.2         0.077618      
   6.6E+06      0.98463      0             6.6E+06      0             1.66E+07     84149         17.467       0.072439      
   6.7E+06      0.98864      0             6.7E+06      0             1.67E+07     86140         17.733       0.066616      
   6.8E+06      0.99121      0             6.8E+06      0             1.68E+07     88059         18           0.061127      
   6.9E+06      0.9814       0             6.9E+06      0             1.69E+07     88449         18.267       0.05514       
   7E+06        0.98189      0             7E+06        0             1.7E+07      89567         18.533       0.049269      
   7.1E+06      0.98601      0             7.1E+06      0             1.71E+07     90888         18.8         0.043342      
   7.2E+06      0.98604      0             7.2E+06      0             1.72E+07     92872         19.067       0.037204      
   7.3E+06      0.9855       0             7.3E+06      0             1.73E+07     94467         19.333       0.031219      
   7.4E+06      0.98713      0             7.4E+06      0             1.74E+07     94470         19.6         0.024585      
   7.5E+06      0.9821       0             7.5E+06      0             1.75E+07     93766         19.867       0.017587      
   7.6E+06      0.98416      0             7.6E+06      0             1.76E+07     95589         
   7.7E+06      0.98381      0             7.7E+06      0             1.77E+07     93833         
   7.8E+06      0.99033      0             7.8E+06      0             1.78E+07     95721         
   7.9E+06      0.98313      0             7.9E+06      0             1.79E+07     96972         
   8E+06        0.98415      0             8E+06        0             1.8E+07      97061         
   8.1E+06      0.98674      0             8.1E+06      0             1.81E+07     98443         
   8.2E+06      0.99055      0             8.2E+06      0             1.82E+07     1.003E+05     
   8.3E+06      0.98147      0             8.3E+06      0             1.83E+07     1.0213E+05    
   8.4E+06      0.99173      0             8.4E+06      0             1.84E+07     1.0374E+05    
   8.5E+06      0.98438      0             8.5E+06      0             1.85E+07     1.0519E+05    
   8.6E+06      0.98574      0             8.6E+06      0             1.86E+07     1.0704E+05    
   8.7E+06      0.98326      0             8.7E+06      0             1.87E+07     1.0881E+05    
   8.8E+06      0.98564      0             8.8E+06      0             1.88E+07     1.106E+05     
   8.9E+06      0.98368      0             8.9E+06      0             1.89E+07     1.1238E+05    
   9E+06        0.98804      0             9E+06        0             1.9E+07      1.1423E+05    
   9.1E+06      0.98669      0             9.1E+06      0             1.91E+07     1.1616E+05    
   9.2E+06      0.98596      0             9.2E+06      0             1.92E+07     1.1358E+05    
   9.3E+06      0.9836       0             9.3E+06      0             1.93E+07     1.1494E+05    
   9.4E+06      0.9904       0             9.4E+06      0             1.94E+07     1.1495E+05    
   9.5E+06      0.9866       0             9.5E+06      0             1.95E+07     1.1663E+05    
   9.6E+06      0.986        0             9.6E+06      0             1.96E+07     1.1742E+05    
   9.7E+06      0.98476      0             9.7E+06      0             1.97E+07     1.1903E+05    
   9.8E+06      0.98493      0             9.8E+06      0             1.98E+07     1.2085E+05    
   9.9E+06      0.99244      0             9.9E+06      0             1.99E+07     1.2261E+05    
   1E+07        0.99012      0             1E+07        0             2E+07        1.1948E+05    
   1.01E+07     0.97882      NAN           1.01E+07     NAN           2.01E+07     1.2066E+05    
   1.02E+07     0.98358      0.0033637     1.02E+07     0.0033637     2.02E+07     1.2036E+05    
   1.03E+07     0.9849       0.0024888     1.03E+07     0.0024888     2.03E+07     1.2083E+05    
   1.04E+07     0.98642      0.0022854     1.04E+07     0.0022854     2.04E+07     1.2232E+05    
   1.05E+07     0.98662      0.0018367     1.05E+07     0.0018367     2.05E+07     1.2389E+05    
   1.06E+07     0.98635      0.0015497     1.06E+07     0.0015497     2.06E+07     1.2559E+05    
   1.07E+07     0.98614      0.001343      1.07E+07     0.001343      2.07E+07     1.2395E+05    
   1.08E+07     0.98626      0.001181      1.08E+07     0.001181      2.08E+07     1.243E+05     
   1.09E+07     0.98622      0.0010504     1.09E+07     0.0010504     2.09E+07     1.2543E+05    
   1.1E+07      0.98585      0.0010107     1.1E+07      0.0010107     2.1E+07      1.2568E+05    
   1.11E+07     0.9866       0.0011696     1.11E+07     0.0011696     2.11E+07     1.2711E+05    
   1.12E+07     0.98686      0.0010993     1.12E+07     0.0010993     2.12E+07     1.2749E+05    
   1.13E+07     0.98721      0.0010698     1.13E+07     0.0010698     2.13E+07     1.2907E+05    
   1.14E+07     0.98683      0.0010606     1.14E+07     0.0010606     2.14E+07     1.3047E+05    
   1.15E+07     0.9865       0.0010392     1.15E+07     0.0010392     2.15E+07     1.3156E+05    
   1.16E+07     0.98649      0.00097427    1.16E+07     0.00097427    2.16E+07     1.3319E+05    
   1.17E+07     0.98608      0.00099802    1.17E+07     0.00099802    2.17E+07     1.1961E+05    
   1.18E+07     0.98631      0.00096799    1.18E+07     0.00096799    2.18E+07     1.2011E+05    
   1.19E+07     0.986        0.00096539    1.19E+07     0.00096539    2.19E+07     1.2158E+05    
   1.2E+07      0.98615      0.00092855    1.2E+07      0.00092855    2.2E+07      1.2274E+05    
   1.21E+07     0.98623      0.00088771    1.21E+07     0.00088771    2.21E+07     1.2411E+05    
   1.22E+07     0.9862       0.00084784    1.22E+07     0.00084784    2.22E+07     1.2292E+05    
   1.23E+07     0.98626      0.0008132     1.23E+07     0.0008132     2.23E+07     1.2433E+05    
   1.24E+07     0.98628      0.00077951    1.24E+07     0.00077951    2.24E+07     1.2527E+05    
   1.25E+07     0.98624      0.00074935    1.25E+07     0.00074935    2.25E+07     1.2649E+05    
   1.26E+07     0.98614      0.00072713    1.26E+07     0.00072713    2.26E+07     1.2783E+05    
   1.27E+07     0.98609      0.00070202    1.27E+07     0.00070202    2.27E+07     1.2919E+05    
   1.28E+07     0.98619      0.00068472    1.28E+07     0.00068472    2.28E+07     1.3013E+05    
   1.29E+07     0.98633      0.00067405    1.29E+07     0.00067405    2.29E+07     1.2913E+05    
   1.3E+07      0.98629      0.00065235    1.3E+07      0.00065235    2.3E+07      1.3033E+05    
   1.31E+07     0.98618      0.00064083    1.31E+07     0.00064083    2.31E+07     1.3101E+05    
   1.32E+07     0.98604      0.00063609    1.32E+07     0.00063609    2.32E+07     1.3137E+05    
   1.33E+07     0.98607      0.00061774    1.33E+07     0.00061774    2.33E+07     1.3244E+05    
   1.34E+07     0.98592      0.00061849    1.34E+07     0.00061849    2.34E+07     1.3382E+05    
   1.35E+07     0.98598      0.00060398    1.35E+07     0.00060398    2.35E+07     1.3525E+05    
   1.36E+07     0.98595      0.0005884     1.36E+07     0.0005884     2.36E+07     1.3458E+05    
   1.37E+07     0.98594      0.00057253    1.37E+07     0.00057253    2.37E+07     1.3538E+05    
   1.38E+07     0.98593      0.00055751    1.38E+07     0.00055751    2.38E+07     1.3625E+05    
   1.39E+07     0.98593      0.00054324    1.39E+07     0.00054324    2.39E+07     1.3669E+05    
   1.4E+07      0.98589      0.00053126    1.4E+07      0.00053126    2.4E+07      1.3784E+05    
   1.41E+07     0.98591      0.00051888    1.41E+07     0.00051888    2.41E+07     1.3889E+05    
   1.42E+07     0.98603      0.00052034    1.42E+07     0.00052034    2.42E+07     1.4016E+05    
   1.43E+07     0.98593      0.00051739    1.43E+07     0.00051739    2.43E+07     1.4145E+05    
   1.44E+07     0.98592      0.00050573    1.44E+07     0.00050573    2.44E+07     1.4286E+05    
   1.45E+07     0.98599      0.00049929    1.45E+07     0.00049929    2.45E+07     1.4424E+05    
   1.46E+07     0.98601      0.0004886     1.46E+07     0.0004886     2.46E+07     1.4505E+05    
   1.47E+07     0.986        0.00047827    1.47E+07     0.00047827    2.47E+07     1.4646E+05    
   1.48E+07     0.98605      0.00047128    1.48E+07     0.00047128    2.48E+07     1.4702E+05    
   1.49E+07     0.98588      0.000492      1.49E+07     0.000492      2.49E+07     1.4783E+05    
   1.5E+07      0.98581      0.00048663    1.5E+07      0.00048663    2.5E+07      1.4584E+05    
   1.51E+07     0.9858       0.00047732    1.51E+07     0.00047732    2.51E+07     1.4712E+05    
   1.52E+07     0.98583      0.00046919    1.52E+07     0.00046919    2.52E+07     1.4847E+05    
   1.53E+07     0.98578      0.00046269    1.53E+07     0.00046269    2.53E+07     1.4914E+05    
   1.54E+07     0.98575      0.00045517    1.54E+07     0.00045517    2.54E+07     1.5027E+05    
   1.55E+07     0.98572      0.00044768    1.55E+07     0.00044768    2.55E+07     1.5164E+05    
   1.56E+07     0.98569      0.00044133    1.56E+07     0.00044133    2.56E+07     1.5165E+05    
   1.57E+07     0.98565      0.00043516    1.57E+07     0.00043516    2.57E+07     1.5209E+05    
   1.58E+07     0.98568      0.00042892    1.58E+07     0.00042892    2.58E+07     1.5315E+05    
   1.59E+07     0.9857       0.00042191    1.59E+07     0.00042191    2.59E+07     1.536E+05     
   1.6E+07      0.98568      0.00041519    1.6E+07      0.00041519    2.6E+07      1.5479E+05    
   1.61E+07     0.98569      0.00040856    1.61E+07     0.00040856    2.61E+07     1.5577E+05    
   1.62E+07     0.98574      0.00040444    1.62E+07     0.00040444    2.62E+07     1.5685E+05    
   1.63E+07     0.98579      0.00040088    1.63E+07     0.00040088    2.63E+07     1.5506E+05    
   1.64E+07     0.98571      0.00040186    1.64E+07     0.00040186    2.64E+07     1.5613E+05    
   1.65E+07     0.98569      0.00039643    1.65E+07     0.00039643    2.65E+07     1.5718E+05    
   1.66E+07     0.98565      0.00039221    1.66E+07     0.00039221    2.66E+07     1.5707E+05    
   1.67E+07     0.98565      0.00038639    1.67E+07     0.00038639    2.67E+07     1.5722E+05    
   1.68E+07     0.98564      0.00038104    1.68E+07     0.00038104    2.68E+07     1.5821E+05    
   1.69E+07     0.98569      0.00037905    1.69E+07     0.00037905    2.69E+07     1.5948E+05    
   1.7E+07      0.98565      0.00037559    1.7E+07      0.00037559    2.7E+07      1.5146E+05    
   1.71E+07     0.98568      0.00037163    1.71E+07     0.00037163    2.71E+07     1.5156E+05    
   1.72E+07     0.98569      0.0003666     1.72E+07     0.0003666     2.72E+07     1.5177E+05    
   1.73E+07     0.98567      0.00036238    1.73E+07     0.00036238    2.73E+07     1.5274E+05    
   1.74E+07     0.98561      0.00036135    1.74E+07     0.00036135    2.74E+07     1.5283E+05    
   1.75E+07     0.98567      0.00036157    1.75E+07     0.00036157    2.75E+07     1.5381E+05    
   1.76E+07     0.98566      0.00035711    1.76E+07     0.00035711    2.76E+07     1.5441E+05    
   1.77E+07     0.98573      0.00035943    1.77E+07     0.00035943    2.77E+07     1.5259E+05    
   1.78E+07     0.98573      0.00035483    1.78E+07     0.00035483    2.78E+07     1.5374E+05    
   1.79E+07     0.98576      0.00035147    1.79E+07     0.00035147    2.79E+07     1.5318E+05    
   1.8E+07      0.9858       0.00035031    1.8E+07      0.00035031    2.8E+07      1.536E+05     
   1.81E+07     0.98578      0.0003469     1.81E+07     0.0003469     2.81E+07     1.5473E+05    
   1.82E+07     0.98578      0.00034269    1.82E+07     0.00034269    2.82E+07     1.5577E+05    
   1.83E+07     0.98578      0.00033857    1.83E+07     0.00033857    2.83E+07     1.5614E+05    
   1.84E+07     0.98576      0.00033505    1.84E+07     0.00033505    2.84E+07     1.5658E+05    
   1.85E+07     0.98574      0.00033186    1.85E+07     0.00033186    2.85E+07     1.5747E+05    
   1.86E+07     0.98573      0.00032805    1.86E+07     0.00032805    2.86E+07     1.583E+05     
   1.87E+07     0.98574      0.00032453    1.87E+07     0.00032453    2.87E+07     1.5879E+05    
   1.88E+07     0.98575      0.00032088    1.88E+07     0.00032088    2.88E+07     1.5969E+05    
   1.89E+07     0.98574      0.00031751    1.89E+07     0.00031751    2.89E+07     1.6048E+05    
   1.9E+07      0.98573      0.00031411    1.9E+07      0.00031411    2.9E+07      1.6156E+05    
   1.91E+07     0.98573      0.00031066    1.91E+07     0.00031066    2.91E+07     1.6261E+05    
   1.92E+07     0.98567      0.0003133     1.92E+07     0.0003133     2.92E+07     1.6368E+05    
   1.93E+07     0.98569      0.00031061    1.93E+07     0.00031061    2.93E+07     1.6431E+05    
   1.94E+07     0.98565      0.00030981    1.94E+07     0.00030981    2.94E+07     1.6508E+05    
   1.95E+07     0.98564      0.00030678    1.95E+07     0.00030678    2.95E+07     1.63E+05      
   1.96E+07     0.98561      0.00030491    1.96E+07     0.00030491    2.96E+07     1.6398E+05    
   1.97E+07     0.98559      0.00030205    1.97E+07     0.00030205    2.97E+07     1.6493E+05    
   1.98E+07     0.98559      0.00029904    1.98E+07     0.00029904    2.98E+07     1.6598E+05    
   1.99E+07     0.98558      0.00029611    1.99E+07     0.00029611    2.99E+07     1.6701E+05    
   2E+07        0.98564      0.00029908    2E+07        0.00029908    3E+07        1.6479E+05    
   2.01E+07     0.98562      0.00029689    2.01E+07     0.00029689    3.01E+07     1.6557E+05    
   2.02E+07     0.98566      0.00029653    2.02E+07     0.00029653    3.02E+07     1.6668E+05    
   2.03E+07     0.98563      0.00029524    2.03E+07     0.00029524    3.03E+07     1.678E+05     
   2.04E+07     0.98562      0.00029255    2.04E+07     0.00029255    3.04E+07     1.6812E+05    
   2.05E+07     0.98563      0.00028999    2.05E+07     0.00028999    3.05E+07     1.6748E+05    
   2.06E+07     0.98563      0.00028728    2.06E+07     0.00028728    3.06E+07     1.6851E+05    
   2.07E+07     0.98568      0.0002885     2.07E+07     0.0002885     3.07E+07     1.6927E+05    
   2.08E+07     0.98565      0.00028729    2.08E+07     0.00028729    3.08E+07     1.6699E+05    
   2.09E+07     0.98567      0.00028534    2.09E+07     0.00028534    3.09E+07     1.6721E+05    
   2.1E+07      0.98564      0.00028435    2.1E+07      0.00028435    3.1E+07      1.6569E+05    
   2.11E+07     0.98563      0.00028208    2.11E+07     0.00028208    3.11E+07     1.6674E+05    
   2.12E+07     0.9856       0.00028088    2.12E+07     0.00028088    3.12E+07     1.6769E+05    
   2.13E+07     0.98559      0.00027852    2.13E+07     0.00027852    3.13E+07     1.6708E+05    
   2.14E+07     0.9856       0.00027635    2.14E+07     0.00027635    3.14E+07     1.6794E+05    
   2.15E+07     0.98558      0.00027458    2.15E+07     0.00027458    3.15E+07     1.6703E+05    
   2.16E+07     0.98559      0.00027228    2.16E+07     0.00027228    3.16E+07     1.6802E+05    
   2.17E+07     0.98569      0.00028656    2.17E+07     0.00028656    3.17E+07     1.6779E+05    
   2.18E+07     0.98571      0.00028532    2.18E+07     0.00028532    3.18E+07     1.6879E+05    
   2.19E+07     0.98571      0.00028293    2.19E+07     0.00028293    3.19E+07     1.6975E+05    
   2.2E+07      0.98573      0.00028096    2.2E+07      0.00028096    3.2E+07      1.6945E+05    
   2.21E+07     0.98572      0.00027871    2.21E+07     0.00027871    3.21E+07     1.7018E+05    
   2.22E+07     0.98568      0.00027945    2.22E+07     0.00027945    3.22E+07     1.7104E+05    
   2.23E+07     0.98568      0.00027721    2.23E+07     0.00027721    3.23E+07     1.7038E+05    
   2.24E+07     0.98566      0.00027557    2.24E+07     0.00027557    3.24E+07     1.7073E+05    
   2.25E+07     0.98565      0.0002735     2.25E+07     0.0002735     3.25E+07     1.7112E+05    
   2.26E+07     0.98566      0.00027149    2.26E+07     0.00027149    3.26E+07     1.7198E+05    
   2.27E+07     0.98567      0.00026947    2.27E+07     0.00026947    3.27E+07     1.7122E+05    
   2.28E+07     0.98565      0.00026789    2.28E+07     0.00026789    3.28E+07     1.7209E+05    
   2.29E+07     0.98561      0.00026827    2.29E+07     0.00026827    3.29E+07     1.7301E+05    
   2.3E+07      0.98562      0.00026642    2.3E+07      0.00026642    3.3E+07      1.7378E+05    
   2.31E+07     0.9856       0.00026518    2.31E+07     0.00026518    3.31E+07     1.735E+05     
   2.32E+07     0.98558      0.00026423    2.32E+07     0.00026423    3.32E+07     1.7435E+05    
   2.33E+07     0.98559      0.00026256    2.33E+07     0.00026256    3.33E+07     1.7516E+05    
   2.34E+07     0.98559      0.00026064    2.34E+07     0.00026064    3.34E+07     1.7589E+05    
   2.35E+07     0.98559      0.00025871    2.35E+07     0.00025871    3.35E+07     1.7502E+05    
   2.36E+07     0.98562      0.00025879    2.36E+07     0.00025879    3.36E+07     1.7432E+05    
   2.37E+07     0.9856       0.00025745    2.37E+07     0.00025745    3.37E+07     1.7521E+05    
   2.38E+07     0.98562      0.0002561     2.38E+07     0.0002561     3.38E+07     1.7351E+05    
   2.39E+07     0.98564      0.00025517    2.39E+07     0.00025517    3.39E+07     1.7397E+05    
   2.4E+07      0.98565      0.00025358    2.4E+07      0.00025358    3.4E+07      1.7402E+05    
   2.41E+07     0.98567      0.00025206    2.41E+07     0.00025206    3.41E+07     1.7405E+05    
   2.42E+07     0.98567      0.00025037    2.42E+07     0.00025037    3.42E+07     1.7488E+05    
   2.43E+07     0.98568      0.00024869    2.43E+07     0.00024869    3.43E+07     1.7473E+05    
   2.44E+07     0.98568      0.00024697    2.44E+07     0.00024697    3.44E+07     1.756E+05     
   2.45E+07     0.98568      0.00024527    2.45E+07     0.00024527    3.45E+07     1.7644E+05    
   2.46E+07     0.98569      0.00024402    2.46E+07     0.00024402    3.46E+07     1.7722E+05    
   2.47E+07     0.9857       0.00024237    2.47E+07     0.00024237    3.47E+07     1.7808E+05    
   2.48E+07     0.98568      0.00024143    2.48E+07     0.00024143    3.48E+07     1.7818E+05    
   2.49E+07     0.98569      0.00024028    2.49E+07     0.00024028    3.49E+07     1.7771E+05    
   2.5E+07      0.98573      0.00024135    2.5E+07      0.00024135    3.5E+07      1.7864E+05    
   2.51E+07     0.98572      0.0002398     2.51E+07     0.0002398     3.51E+07     1.7917E+05    
   2.52E+07     0.98572      0.00023825    2.52E+07     0.00023825    3.52E+07     1.8003E+05    
   2.53E+07     0.98574      0.00023726    2.53E+07     0.00023726    3.53E+07     1.8087E+05    
   2.54E+07     0.98574      0.00023577    2.54E+07     0.00023577    3.54E+07     1.8135E+05    
   2.55E+07     0.98574      0.00023426    2.55E+07     0.00023426    3.55E+07     1.8225E+05    
   2.56E+07     0.98576      0.00023379    2.56E+07     0.00023379    3.56E+07     1.8307E+05    
   2.57E+07     0.98578      0.00023301    2.57E+07     0.00023301    3.57E+07     1.8399E+05    
   2.58E+07     0.98577      0.00023168    2.58E+07     0.00023168    3.58E+07     1.838E+05     
   2.59E+07     0.98575      0.00023091    2.59E+07     0.00023091    3.59E+07     1.8457E+05    
   2.6E+07      0.98575      0.00022958    2.6E+07      0.00022958    3.6E+07      1.8546E+05    
   2.61E+07     0.98576      0.00022843    2.61E+07     0.00022843    3.61E+07     1.8579E+05    
   2.62E+07     0.98577      0.00022714    2.62E+07     0.00022714    3.62E+07     1.8659E+05    
   2.63E+07     0.98573      0.00022803    2.63E+07     0.00022803    3.63E+07     1.8751E+05    
   2.64E+07     0.98574      0.00022681    2.64E+07     0.00022681    3.64E+07     1.8787E+05    
   2.65E+07     0.98575      0.00022564    2.65E+07     0.00022564    3.65E+07     1.8782E+05    
   2.66E+07     0.98577      0.00022524    2.66E+07     0.00022524    3.66E+07     1.8802E+05    
   2.67E+07     0.98575      0.00022471    2.67E+07     0.00022471    3.67E+07     1.8871E+05    
   2.68E+07     0.98574      0.0002236     2.68E+07     0.0002236     3.68E+07     1.8963E+05    
   2.69E+07     0.98575      0.00022228    2.69E+07     0.00022228    3.69E+07     1.9032E+05    
   2.7E+07      0.9858       0.00022762    2.7E+07      0.00022762    3.7E+07      1.9115E+05    
   2.71E+07     0.98582      0.00022712    2.71E+07     0.00022712    3.71E+07     1.9201E+05    
   2.72E+07     0.9858       0.00022657    2.72E+07     0.00022657    3.72E+07     1.9291E+05    
   2.73E+07     0.98581      0.00022542    2.73E+07     0.00022542    3.73E+07     1.9334E+05    
   2.74E+07     0.98579      0.00022493    2.74E+07     0.00022493    3.74E+07     1.9365E+05    
   2.75E+07     0.9858       0.00022378    2.75E+07     0.00022378    3.75E+07     1.9452E+05    
   2.76E+07     0.98581      0.00022295    2.76E+07     0.00022295    3.76E+07     1.9542E+05    
   2.77E+07     0.98584      0.00022389    2.77E+07     0.00022389    3.77E+07     1.9524E+05    
   2.78E+07     0.98584      0.00022265    2.78E+07     0.00022265    3.78E+07     1.9553E+05    
   2.79E+07     0.98587      0.00022261    2.79E+07     0.00022261    3.79E+07     1.9618E+05    
   2.8E+07      0.98588      0.0002219     2.8E+07      0.0002219     3.8E+07      1.9596E+05    
   2.81E+07     0.98588      0.00022071    2.81E+07     0.00022071    3.81E+07     1.9546E+05    
   2.82E+07     0.98587      0.00021957    2.82E+07     0.00021957    3.82E+07     1.9382E+05    
   2.83E+07     0.98589      0.0002189     2.83E+07     0.0002189     3.83E+07     1.9441E+05    
   2.84E+07     0.9859       0.0002182     2.84E+07     0.0002182     3.84E+07     1.9511E+05    
   2.85E+07     0.98591      0.00021722    2.85E+07     0.00021722    3.85E+07     1.9582E+05    
   2.86E+07     0.9859       0.00021626    2.86E+07     0.00021626    3.86E+07     1.9568E+05    
   2.87E+07     0.98591      0.00021551    2.87E+07     0.00021551    3.87E+07     1.964E+05     
   2.88E+07     0.98591      0.00021452    2.88E+07     0.00021452    3.88E+07     1.9707E+05    
   2.89E+07     0.9859       0.00021363    2.89E+07     0.00021363    3.89E+07     1.9683E+05    
   2.9E+07      0.98589      0.00021256    2.9E+07      0.00021256    3.9E+07      1.9579E+05    
   2.91E+07     0.98589      0.00021145    2.91E+07     0.00021145    3.91E+07     1.9657E+05    
   2.92E+07     0.98588      0.00021041    2.92E+07     0.00021041    3.92E+07     1.9705E+05    
   2.93E+07     0.9859       0.00020962    2.93E+07     0.00020962    3.93E+07     1.9758E+05    
   2.94E+07     0.98589      0.00020879    2.94E+07     0.00020879    3.94E+07     1.9784E+05    
   2.95E+07     0.98586      0.00020972    2.95E+07     0.00020972    3.95E+07     1.9861E+05    
   2.96E+07     0.98585      0.00020875    2.96E+07     0.00020875    3.96E+07     1.9729E+05    
   2.97E+07     0.98586      0.00020779    2.97E+07     0.00020779    3.97E+07     1.9802E+05    
   2.98E+07     0.98586      0.00020679    2.98E+07     0.00020679    3.98E+07     1.9781E+05    
   2.99E+07     0.98586      0.00020576    2.99E+07     0.00020576    3.99E+07     1.9825E+05    
   3E+07        0.98589      0.00020681    3E+07        0.00020681    4E+07        1.9896E+05    
   3.01E+07     0.9859       0.00020597    3.01E+07     0.00020597    4.01E+07     1.9792E+05    
   3.02E+07     0.9859       0.00020496    3.02E+07     0.00020496    4.02E+07     1.9859E+05    
   3.03E+07     0.9859       0.00020395    3.03E+07     0.00020395    4.03E+07     1.9853E+05    
   3.04E+07     0.98591      0.00020339    3.04E+07     0.00020339    4.04E+07     1.9931E+05    
   3.05E+07     0.98589      0.00020345    3.05E+07     0.00020345    4.05E+07     2.0005E+05    
   3.06E+07     0.98589      0.00020249    3.06E+07     0.00020249    4.06E+07     2.005E+05     
   3.07E+07     0.9859       0.00020171    3.07E+07     0.00020171    4.07E+07     2.0064E+05    
   3.08E+07     0.98593      0.00020272    3.08E+07     0.00020272    4.08E+07     2.0113E+05    
   3.09E+07     0.98595      0.00020227    3.09E+07     0.00020227    4.09E+07     2.0147E+05    
   3.1E+07      0.98597      0.00020286    3.1E+07      0.00020286    4.1E+07      2.0215E+05    
   3.11E+07     0.98597      0.0002019     3.11E+07     0.0002019     4.11E+07     2.0245E+05    
   3.12E+07     0.98597      0.00020097    3.12E+07     0.00020097    4.12E+07     2.0305E+05    
   3.13E+07     0.98599      0.00020102    3.13E+07     0.00020102    4.13E+07     2.0379E+05    
   3.14E+07     0.98598      0.0002002     3.14E+07     0.0002002     4.14E+07     2.0457E+05    
   3.15E+07     0.98601      0.00020042    3.15E+07     0.00020042    4.15E+07     2.0329E+05    
   3.16E+07     0.986        0.00019949    3.16E+07     0.00019949    4.16E+07     2.0223E+05    
   3.17E+07     0.98599      0.0001993     3.17E+07     0.0001993     4.17E+07     2.0301E+05    
   3.18E+07     0.98599      0.0001984     3.18E+07     0.0001984     4.18E+07     2.0084E+05    
   3.19E+07     0.98599      0.00019751    3.19E+07     0.00019751    4.19E+07     2.0137E+05    
   3.2E+07      0.98601      0.00019736    3.2E+07      0.00019736    4.2E+07      2.0189E+05    
   3.21E+07     0.98602      0.00019663    3.21E+07     0.00019663    4.21E+07     2.0068E+05    
   3.22E+07     0.98602      0.00019584    3.22E+07     0.00019584    4.22E+07     2.0135E+05    
   3.23E+07     0.98604      0.00019591    3.23E+07     0.00019591    4.23E+07     2.0173E+05    
   3.24E+07     0.98603      0.00019538    3.24E+07     0.00019538    4.24E+07     1.9942E+05    
   3.25E+07     0.98604      0.00019485    3.25E+07     0.00019485    4.25E+07     1.992E+05     
   3.26E+07     0.98605      0.00019407    3.26E+07     0.00019407    4.26E+07     1.9805E+05    
   3.27E+07     0.98603      0.00019421    3.27E+07     0.00019421    4.27E+07     1.9869E+05    
   3.28E+07     0.98603      0.00019342    3.28E+07     0.00019342    4.28E+07     1.9651E+05    
   3.29E+07     0.98604      0.0001926     3.29E+07     0.0001926     4.29E+07     1.9567E+05    
   3.3E+07      0.98604      0.00019189    3.3E+07      0.00019189    4.3E+07      1.9635E+05    
   3.31E+07     0.98606      0.00019176    3.31E+07     0.00019176    4.31E+07     1.9685E+05    
   3.32E+07     0.98606      0.000191      3.32E+07     0.000191      4.32E+07     1.9727E+05    
   3.33E+07     0.98607      0.00019024    3.33E+07     0.00019024    4.33E+07     1.9793E+05    
   3.34E+07     0.98606      0.00018956    3.34E+07     0.00018956    4.34E+07     1.9867E+05    
   3.35E+07     0.98604      0.00018976    3.35E+07     0.00018976    4.35E+07     1.993E+05     
   3.36E+07     0.98606      0.00018985    3.36E+07     0.00018985    4.36E+07     1.9952E+05    
   3.37E+07     0.98606      0.00018907    3.37E+07     0.00018907    4.37E+07     2.0019E+05    
   3.38E+07     0.98604      0.00018972    3.38E+07     0.00018972    4.38E+07     2.0062E+05    
   3.39E+07     0.98605      0.00018919    3.39E+07     0.00018919    4.39E+07     2.0022E+05    
   3.4E+07      0.98604      0.00018889    3.4E+07      0.00018889    4.4E+07      2.0043E+05    
   3.41E+07     0.98602      0.00018856    3.41E+07     0.00018856    4.41E+07     2.0115E+05    
   3.42E+07     0.98602      0.00018785    3.42E+07     0.00018785    4.42E+07     2.0182E+05    
   3.43E+07     0.986        0.00018765    3.43E+07     0.00018765    4.43E+07     2.0254E+05    
   3.44E+07     0.986        0.00018692    3.44E+07     0.00018692    4.44E+07     2.0278E+05    
   3.45E+07     0.986        0.00018618    3.45E+07     0.00018618    4.45E+07     2.0352E+05    
   3.46E+07     0.98601      0.00018551    3.46E+07     0.00018551    4.46E+07     2.0283E+05    
   3.47E+07     0.986        0.00018479    3.47E+07     0.00018479    4.47E+07     2.0245E+05    
   3.48E+07     0.98599      0.00018448    3.48E+07     0.00018448    4.48E+07     2.0131E+05    
   3.49E+07     0.98601      0.00018443    3.49E+07     0.00018443    4.49E+07     2.0198E+05    
   3.5E+07      0.98601      0.0001837     3.5E+07      0.0001837     4.5E+07      2.0242E+05    
   3.51E+07     0.98602      0.00018317    3.51E+07     0.00018317    4.51E+07     2.0282E+05    
   3.52E+07     0.98602      0.00018247    3.52E+07     0.00018247    4.52E+07     2.0347E+05    
   3.53E+07     0.98601      0.00018178    3.53E+07     0.00018178    4.53E+07     2.0417E+05    
   3.54E+07     0.986        0.00018125    3.54E+07     0.00018125    4.54E+07     2.0412E+05    
   3.55E+07     0.986        0.00018056    3.55E+07     0.00018056    4.55E+07     2.0481E+05    
   3.56E+07     0.98601      0.0001799     3.56E+07     0.0001799     4.56E+07     2.0483E+05    
   3.57E+07     0.986        0.00017921    3.57E+07     0.00017921    4.57E+07     2.0548E+05    
   3.58E+07     0.98599      0.000179      3.58E+07     0.000179      4.58E+07     2.058E+05     
   3.59E+07     0.98598      0.00017839    3.59E+07     0.00017839    4.59E+07     2.0636E+05    
   3.6E+07      0.98598      0.00017771    3.6E+07      0.00017771    4.6E+07      2.0694E+05    
   3.61E+07     0.98599      0.00017732    3.61E+07     0.00017732    4.61E+07     2.0755E+05    
   3.62E+07     0.98599      0.00017665    3.62E+07     0.00017665    4.62E+07     2.0821E+05    
   3.63E+07     0.98599      0.00017599    3.63E+07     0.00017599    4.63E+07     2.0806E+05    
   3.64E+07     0.98598      0.00017559    3.64E+07     0.00017559    4.64E+07     2.0797E+05    
   3.65E+07     0.98597      0.00017537    3.65E+07     0.00017537    4.65E+07     2.0817E+05    
   3.66E+07     0.98598      0.00017502    3.66E+07     0.00017502    4.66E+07     2.0851E+05    
   3.67E+07     0.98598      0.00017446    3.67E+07     0.00017446    4.67E+07     2.0868E+05    
   3.68E+07     0.98598      0.00017381    3.68E+07     0.00017381    4.68E+07     2.0933E+05    
   3.69E+07     0.98597      0.00017325    3.69E+07     0.00017325    4.69E+07     2.093E+05     
   3.7E+07      0.98597      0.00017261    3.7E+07      0.00017261    4.7E+07      2.0947E+05    
   3.71E+07     0.98597      0.00017198    3.71E+07     0.00017198    4.71E+07     2.1015E+05    
   3.72E+07     0.98597      0.00017135    3.72E+07     0.00017135    4.72E+07     2.1034E+05    
   3.73E+07     0.98596      0.00017093    3.73E+07     0.00017093    4.73E+07     2.1092E+05    
   3.74E+07     0.98597      0.00017054    3.74E+07     0.00017054    4.74E+07     2.0936E+05    
   3.75E+07     0.98597      0.00016993    3.75E+07     0.00016993    4.75E+07     2.0956E+05    
   3.76E+07     0.98597      0.00016932    3.76E+07     0.00016932    4.76E+07     2.094E+05     
   3.77E+07     0.98596      0.00016918    3.77E+07     0.00016918    4.77E+07     2.0988E+05    
   3.78E+07     0.98595      0.00016878    3.78E+07     0.00016878    4.78E+07     2.0799E+05    
   3.79E+07     0.98595      0.00016827    3.79E+07     0.00016827    4.79E+07     2.0771E+05    
   3.8E+07      0.98593      0.00016814    3.8E+07      0.00016814    4.8E+07      2.0757E+05    
   3.81E+07     0.98595      0.00016814    3.81E+07     0.00016814    4.81E+07     2.0804E+05    
   3.82E+07     0.98593      0.00016862    3.82E+07     0.00016862    4.82E+07     2.086E+05     
   3.83E+07     0.98594      0.00016815    3.83E+07     0.00016815    4.83E+07     2.0829E+05    
   3.84E+07     0.98593      0.00016763    3.84E+07     0.00016763    4.84E+07     2.0862E+05    
   3.85E+07     0.98594      0.00016712    3.85E+07     0.00016712    4.85E+07     2.0897E+05    
   3.86E+07     0.98592      0.00016695    3.86E+07     0.00016695    4.86E+07     2.0947E+05    
   3.87E+07     0.98593      0.00016644    3.87E+07     0.00016644    4.87E+07     2.1004E+05    
   3.88E+07     0.98592      0.00016595    3.88E+07     0.00016595    4.88E+07     2.0803E+05    
   3.89E+07     0.98594      0.00016583    3.89E+07     0.00016583    4.89E+07     2.0545E+05    
   3.9E+07      0.98592      0.00016606    3.9E+07      0.00016606    4.9E+07      2.0597E+05    
   3.91E+07     0.98592      0.0001655     3.91E+07     0.0001655     4.91E+07     2.0586E+05    
   3.92E+07     0.98591      0.00016509    3.92E+07     0.00016509    4.92E+07     2.065E+05     
   3.93E+07     0.98591      0.00016465    3.93E+07     0.00016465    4.93E+07     2.0696E+05    
   3.94E+07     0.98592      0.00016434    3.94E+07     0.00016434    4.94E+07     2.0714E+05    
   3.95E+07     0.98592      0.00016378    3.95E+07     0.00016378    4.95E+07     2.063E+05     
   3.96E+07     0.9859       0.00016413    3.96E+07     0.00016413    4.96E+07     2.0687E+05    
   3.97E+07     0.9859       0.00016362    3.97E+07     0.00016362    4.97E+07     2.0667E+05    
   3.98E+07     0.98591      0.00016351    3.98E+07     0.00016351    4.98E+07     2.0683E+05    
   3.99E+07     0.98592      0.0001631     3.99E+07     0.0001631     4.99E+07     2.0642E+05    
   4E+07        0.98592      0.00016262    4E+07        0.00016262    5E+07        2.0701E+05    
   4.01E+07     0.98593      0.00016284    4.01E+07     0.00016284    5.01E+07     2.0755E+05    
   4.02E+07     0.98593      0.00016236    4.02E+07     0.00016236    5.02E+07     2.0804E+05    
   4.03E+07     0.98594      0.00016217    4.03E+07     0.00016217    5.03E+07     2.0654E+05    
   4.04E+07     0.98594      0.00016165    4.04E+07     0.00016165    5.04E+07     2.0681E+05    
   4.05E+07     0.98594      0.00016116    4.05E+07     0.00016116    5.05E+07     2.0736E+05    
   4.06E+07     0.98595      0.00016078    4.06E+07     0.00016078    5.06E+07     2.0777E+05    
   4.07E+07     0.98594      0.00016051    4.07E+07     0.00016051    5.07E+07     2.0838E+05    
   4.08E+07     0.98595      0.00016011    4.08E+07     0.00016011    5.08E+07     2.0823E+05    
   4.09E+07     0.98594      0.00015979    4.09E+07     0.00015979    5.09E+07     2.0885E+05    
   4.1E+07      0.98594      0.00015932    4.1E+07      0.00015932    5.1E+07      2.086E+05     
   4.11E+07     0.98594      0.00015902    4.11E+07     0.00015902    5.11E+07     2.0641E+05    
   4.12E+07     0.98594      0.0001586     4.12E+07     0.0001586     5.12E+07     2.0622E+05    
   4.13E+07     0.98594      0.0001581     4.13E+07     0.0001581     5.13E+07     2.0586E+05    
   4.14E+07     0.98594      0.00015762    4.14E+07     0.00015762    5.14E+07     2.0622E+05    
   4.15E+07     0.98592      0.00015792    4.15E+07     0.00015792    5.15E+07     2.0656E+05    
   4.16E+07     0.98591      0.00015812    4.16E+07     0.00015812    5.16E+07     2.0701E+05    
   4.17E+07     0.98591      0.00015762    4.17E+07     0.00015762    5.17E+07     2.0759E+05    
   4.18E+07     0.98589      0.00015829    4.18E+07     0.00015829    5.18E+07     2.0809E+05    
   4.19E+07     0.98589      0.00015789    4.19E+07     0.00015789    5.19E+07     2.0843E+05    
   4.2E+07      0.9859       0.00015743    4.2E+07      0.00015743    5.2E+07      2.0842E+05    
   4.21E+07     0.98588      0.00015773    4.21E+07     0.00015773    5.21E+07     2.0899E+05    
   4.22E+07     0.98588      0.00015728    4.22E+07     0.00015728    5.22E+07     2.0952E+05    
   4.23E+07     0.98587      0.00015684    4.23E+07     0.00015684    5.23E+07     2.0954E+05    
   4.24E+07     0.98589      0.00015757    4.24E+07     0.00015757    5.24E+07     2.0936E+05    
   4.25E+07     0.9859       0.00015746    4.25E+07     0.00015746    5.25E+07     2.0945E+05    
   4.26E+07     0.98592      0.00015775    4.26E+07     0.00015775    5.26E+07     2.0959E+05    
   4.27E+07     0.98592      0.00015728    4.27E+07     0.00015728    5.27E+07     2.1009E+05    
   4.28E+07     0.9859       0.00015797    4.28E+07     0.00015797    5.28E+07     2.1068E+05    
   4.29E+07     0.98591      0.00015812    4.29E+07     0.00015812    5.29E+07     2.109E+05     
   4.3E+07      0.98591      0.00015767    4.3E+07      0.00015767    5.3E+07      2.1146E+05    
   4.31E+07     0.98591      0.00015727    4.31E+07     0.00015727    5.31E+07     2.1187E+05    
   4.32E+07     0.98592      0.00015692    4.32E+07     0.00015692    5.32E+07     2.1243E+05    
   4.33E+07     0.98592      0.00015648    4.33E+07     0.00015648    5.33E+07     2.1243E+05    
   4.34E+07     0.98592      0.00015601    4.34E+07     0.00015601    5.34E+07     2.1279E+05    
   4.35E+07     0.98592      0.00015559    4.35E+07     0.00015559    5.35E+07     2.1335E+05    
   4.36E+07     0.98593      0.00015531    4.36E+07     0.00015531    5.36E+07     2.1391E+05    
   4.37E+07     0.98593      0.00015488    4.37E+07     0.00015488    5.37E+07     2.1274E+05    
   4.38E+07     0.98593      0.00015454    4.38E+07     0.00015454    5.38E+07     2.117E+05     
   4.39E+07     0.98594      0.00015452    4.39E+07     0.00015452    5.39E+07     2.1167E+05    
   4.4E+07      0.98594      0.00015424    4.4E+07      0.00015424    5.4E+07      2.1045E+05    
   4.41E+07     0.98593      0.0001538     4.41E+07     0.0001538     5.41E+07     2.1102E+05    
   4.42E+07     0.98593      0.00015336    4.42E+07     0.00015336    5.42E+07     2.1153E+05    
   4.43E+07     0.98593      0.00015292    4.43E+07     0.00015292    5.43E+07     2.1161E+05    
   4.44E+07     0.98592      0.00015265    4.44E+07     0.00015265    5.44E+07     2.1207E+05    
   4.45E+07     0.98592      0.00015221    4.45E+07     0.00015221    5.45E+07     2.1264E+05    
   4.46E+07     0.98591      0.0001523     4.46E+07     0.0001523     5.46E+07     2.1286E+05    
   4.47E+07     0.98592      0.00015227    4.47E+07     0.00015227    5.47E+07     2.1336E+05    
   4.48E+07     0.98591      0.00015252    4.48E+07     0.00015252    5.48E+07     2.1355E+05    
   4.49E+07     0.98591      0.0001521     4.49E+07     0.0001521     5.49E+07     2.1402E+05    
   4.5E+07      0.98591      0.00015177    4.5E+07      0.00015177    5.5E+07      2.1456E+05    
   4.51E+07     0.98592      0.00015145    4.51E+07     0.00015145    5.51E+07     2.1446E+05    
   4.52E+07     0.98592      0.00015103    4.52E+07     0.00015103    5.52E+07     2.1474E+05    
   4.53E+07     0.98592      0.0001506     4.53E+07     0.0001506     5.53E+07     2.1489E+05    
   4.54E+07     0.98593      0.00015046    4.54E+07     0.00015046    5.54E+07     2.1505E+05    
   4.55E+07     0.98593      0.00015004    4.55E+07     0.00015004    5.55E+07     2.156E+05     
   4.56E+07     0.98594      0.00014984    4.56E+07     0.00014984    5.56E+07     2.161E+05     
   4.57E+07     0.98594      0.00014944    4.57E+07     0.00014944    5.57E+07     2.1664E+05    
   4.58E+07     0.98593      0.00014917    4.58E+07     0.00014917    5.58E+07     2.1721E+05    
   4.59E+07     0.98593      0.00014881    4.59E+07     0.00014881    5.59E+07     2.1731E+05    
   4.6E+07      0.98593      0.00014843    4.6E+07      0.00014843    5.6E+07      2.178E+05     
   4.61E+07     0.98592      0.00014805    4.61E+07     0.00014805    5.61E+07     2.1835E+05    
   4.62E+07     0.98593      0.00014765    4.62E+07     0.00014765    5.62E+07     2.1889E+05    
   4.63E+07     0.98592      0.00014755    4.63E+07     0.00014755    5.63E+07     2.1819E+05    
   4.64E+07     0.98591      0.00014743    4.64E+07     0.00014743    5.64E+07     2.1857E+05    
   4.65E+07     0.9859       0.00014718    4.65E+07     0.00014718    5.65E+07     2.1843E+05    
   4.66E+07     0.98591      0.0001469     4.66E+07     0.0001469     5.66E+07     2.1797E+05    
   4.67E+07     0.9859       0.00014669    4.67E+07     0.00014669    5.67E+07     2.1805E+05    
   4.68E+07     0.9859       0.00014631    4.68E+07     0.00014631    5.68E+07     2.176E+05     
   4.69E+07     0.98589      0.00014615    4.69E+07     0.00014615    5.69E+07     2.1781E+05    
   4.7E+07      0.9859       0.00014594    4.7E+07      0.00014594    5.7E+07      2.1832E+05    
   4.71E+07     0.9859       0.00014555    4.71E+07     0.00014555    5.71E+07     2.1886E+05    
   4.72E+07     0.9859       0.00014533    4.72E+07     0.00014533    5.72E+07     2.1918E+05    
   4.73E+07     0.98591      0.00014496    4.73E+07     0.00014496    5.73E+07     2.1958E+05    
   4.74E+07     0.98589      0.00014536    4.74E+07     0.00014536    5.74E+07     2.2013E+05    
   4.75E+07     0.98588      0.00014513    4.75E+07     0.00014513    5.75E+07     2.1734E+05    
   4.76E+07     0.98587      0.00014504    4.76E+07     0.00014504    5.76E+07     2.1788E+05    
   4.77E+07     0.98588      0.0001447     4.77E+07     0.0001447     5.77E+07     2.1826E+05    
   4.78E+07     0.98586      0.00014521    4.78E+07     0.00014521    5.78E+07     2.1879E+05    
   4.79E+07     0.98585      0.00014516    4.79E+07     0.00014516    5.79E+07     2.1898E+05    
   4.8E+07      0.98584      0.00014506    4.8E+07      0.00014506    5.8E+07      2.1944E+05    
   4.81E+07     0.98585      0.00014472    4.81E+07     0.00014472    5.81E+07     2.1988E+05    
   4.82E+07     0.98584      0.00014439    4.82E+07     0.00014439    5.82E+07     2.2019E+05    
   4.83E+07     0.98583      0.00014435    4.83E+07     0.00014435    5.83E+07     2.1882E+05    
   4.84E+07     0.98584      0.00014409    4.84E+07     0.00014409    5.84E+07     2.1918E+05    
   4.85E+07     0.98584      0.0001438     4.85E+07     0.0001438     5.85E+07     2.1964E+05    
   4.86E+07     0.98584      0.00014348    4.86E+07     0.00014348    5.86E+07     2.2001E+05    
   4.87E+07     0.98584      0.00014314    4.87E+07     0.00014314    5.87E+07     2.2017E+05    
   4.88E+07     0.98583      0.00014369    4.88E+07     0.00014369    5.88E+07     2.2042E+05    
   4.89E+07     0.98581      0.00014445    4.89E+07     0.00014445    5.89E+07     2.2063E+05    
   4.9E+07      0.98581      0.00014408    4.9E+07      0.00014408    5.9E+07      2.2116E+05    
   4.91E+07     0.98582      0.00014397    4.91E+07     0.00014397    5.91E+07     2.2146E+05    
   4.92E+07     0.98582      0.00014361    4.92E+07     0.00014361    5.92E+07     2.2196E+05    
   4.93E+07     0.98582      0.0001433     4.93E+07     0.0001433     5.93E+07     2.2183E+05    
   4.94E+07     0.98583      0.00014308    4.94E+07     0.00014308    5.94E+07     2.2114E+05    
   4.95E+07     0.98584      0.00014323    4.95E+07     0.00014323    5.95E+07     2.2168E+05    
   4.96E+07     0.98584      0.00014289    4.96E+07     0.00014289    5.96E+07     2.2219E+05    
   4.97E+07     0.98585      0.00014282    4.97E+07     0.00014282    5.97E+07     2.2264E+05    
   4.98E+07     0.98584      0.00014262    4.98E+07     0.00014262    5.98E+07     2.2129E+05    
   4.99E+07     0.98583      0.00014262    4.99E+07     0.00014262    5.99E+07     2.2153E+05    
   5E+07        0.98583      0.00014228    5E+07        0.00014228    6E+07        2.2197E+05    
   5.01E+07     0.98583      0.00014195    5.01E+07     0.00014195    6.01E+07     2.2206E+05    
   5.02E+07     0.98583      0.00014163    5.02E+07     0.00014163    6.02E+07     2.2255E+05    
   5.03E+07     0.98585      0.000142      5.03E+07     0.000142      6.03E+07     2.2305E+05    
   5.04E+07     0.98585      0.00014177    5.04E+07     0.00014177    6.04E+07     2.2358E+05    
   5.05E+07     0.98585      0.00014144    5.05E+07     0.00014144    6.05E+07     2.2399E+05    
   5.06E+07     0.98586      0.00014115    5.06E+07     0.00014115    6.06E+07     2.2451E+05    
   5.07E+07     0.98586      0.0001408     5.07E+07     0.0001408     6.07E+07     2.242E+05     
   5.08E+07     0.98586      0.00014072    5.08E+07     0.00014072    6.08E+07     2.2365E+05    
   5.09E+07     0.98587      0.00014038    5.09E+07     0.00014038    6.09E+07     2.241E+05     
   5.1E+07      0.98586      0.00014031    5.1E+07      0.00014031    6.1E+07      2.2456E+05    
   5.11E+07     0.98587      0.00014092    5.11E+07     0.00014092    6.11E+07     2.2476E+05    
   5.12E+07     0.98588      0.00014086    5.12E+07     0.00014086    6.12E+07     2.2357E+05    
   5.13E+07     0.98589      0.00014085    5.13E+07     0.00014085    6.13E+07     2.2381E+05    
   5.14E+07     0.98589      0.00014056    5.14E+07     0.00014056    6.14E+07     2.2303E+05    
   5.15E+07     0.98589      0.00014032    5.15E+07     0.00014032    6.15E+07     2.2323E+05    
   5.16E+07     0.9859       0.00014003    5.16E+07     0.00014003    6.16E+07     2.2369E+05    
   5.17E+07     0.9859       0.0001397     5.17E+07     0.0001397     6.17E+07     2.2305E+05    
   5.18E+07     0.9859       0.00013939    5.18E+07     0.00013939    6.18E+07     2.235E+05     
   5.19E+07     0.98591      0.00013914    5.19E+07     0.00013914    6.19E+07     2.2386E+05    
   5.2E+07      0.9859       0.00013901    5.2E+07      0.00013901    6.2E+07      2.2408E+05    
   5.21E+07     0.9859       0.00013869    5.21E+07     0.00013869    6.21E+07     2.2457E+05    
   5.22E+07     0.9859       0.00013839    5.22E+07     0.00013839    6.22E+07     2.2415E+05    
   5.23E+07     0.98591      0.00013823    5.23E+07     0.00013823    6.23E+07     2.2465E+05    
   5.24E+07     0.98592      0.00013816    5.24E+07     0.00013816    6.24E+07     2.248E+05     
   5.25E+07     0.98591      0.000138      5.25E+07     0.000138      6.25E+07     2.2435E+05    
   5.26E+07     0.9859       0.00013782    5.26E+07     0.00013782    6.26E+07     2.2442E+05    
   5.27E+07     0.9859       0.0001375     5.27E+07     0.0001375     6.27E+07     2.2491E+05    
   5.28E+07     0.9859       0.00013719    5.28E+07     0.00013719    6.28E+07     2.2527E+05    
   5.29E+07     0.98591      0.00013699    5.29E+07     0.00013699    6.29E+07     2.2554E+05    
   5.3E+07      0.98591      0.00013668    5.3E+07      0.00013668    6.3E+07      2.2598E+05    
   5.31E+07     0.98591      0.00013641    5.31E+07     0.00013641    6.31E+07     2.2612E+05    
   5.32E+07     0.98591      0.00013611    5.32E+07     0.00013611    6.32E+07     2.2548E+05    
   5.33E+07     0.98591      0.00013598    5.33E+07     0.00013598    6.33E+07     2.2597E+05    
   5.34E+07     0.9859       0.00013574    5.34E+07     0.00013574    6.34E+07     2.2633E+05    
   5.35E+07     0.9859       0.00013543    5.35E+07     0.00013543    6.35E+07     2.2624E+05    
   5.36E+07     0.9859       0.00013512    5.36E+07     0.00013512    6.36E+07     2.2666E+05    
   5.37E+07     0.98591      0.00013537    5.37E+07     0.00013537    6.37E+07     2.2711E+05    
   5.38E+07     0.98593      0.00013557    5.38E+07     0.00013557    6.38E+07     2.2717E+05    
   5.39E+07     0.98593      0.00013545    5.39E+07     0.00013545    6.39E+07     2.2755E+05    
   5.4E+07      0.98592      0.00013572    5.4E+07      0.00013572    6.4E+07      2.2803E+05    
   5.41E+07     0.98592      0.00013542    5.41E+07     0.00013542    6.41E+07     2.2595E+05    
   5.42E+07     0.98592      0.00013513    5.42E+07     0.00013513    6.42E+07     2.2643E+05    
   5.43E+07     0.98591      0.00013496    5.43E+07     0.00013496    6.43E+07     2.2681E+05    
   5.44E+07     0.98591      0.00013469    5.44E+07     0.00013469    6.44E+07     2.2715E+05    
   5.45E+07     0.98591      0.00013439    5.45E+07     0.00013439    6.45E+07     2.2761E+05    
   5.46E+07     0.98592      0.0001342     5.46E+07     0.0001342     6.46E+07     2.2761E+05    
   5.47E+07     0.98592      0.0001339     5.47E+07     0.0001339     6.47E+07     2.2807E+05    
   5.48E+07     0.98592      0.00013373    5.48E+07     0.00013373    6.48E+07     2.2856E+05    
   5.49E+07     0.98593      0.00013346    5.49E+07     0.00013346    6.49E+07     2.2906E+05    
   5.5E+07      0.98592      0.00013317    5.5E+07      0.00013317    6.5E+07      2.2834E+05    
   5.51E+07     0.98593      0.00013309    5.51E+07     0.00013309    6.51E+07     2.2843E+05    
   5.52E+07     0.98594      0.00013287    5.52E+07     0.00013287    6.52E+07     2.2881E+05    
   5.53E+07     0.98593      0.0001327     5.53E+07     0.0001327     6.53E+07     2.2902E+05    
   5.54E+07     0.98592      0.00013254    5.54E+07     0.00013254    6.54E+07     2.2921E+05    
   5.55E+07     0.98592      0.00013225    5.55E+07     0.00013225    6.55E+07     2.2896E+05    
   5.56E+07     0.98593      0.00013197    5.56E+07     0.00013197    6.56E+07     2.2929E+05    
   5.57E+07     0.98592      0.00013168    5.57E+07     0.00013168    6.57E+07     2.2978E+05    
   5.58E+07     0.98593      0.0001314     5.58E+07     0.0001314     6.58E+07     2.3025E+05    
   5.59E+07     0.98593      0.00013125    5.59E+07     0.00013125    6.59E+07     2.2992E+05    
   5.6E+07      0.98593      0.00013098    5.6E+07      0.00013098    6.6E+07      2.3015E+05    
   5.61E+07     0.98593      0.0001307     5.61E+07     0.0001307     6.61E+07     2.2776E+05    
   5.62E+07     0.98593      0.00013042    5.62E+07     0.00013042    6.62E+07     2.2817E+05    
   5.63E+07     0.98594      0.00013052    5.63E+07     0.00013052    6.63E+07     2.2865E+05    
   5.64E+07     0.98594      0.00013028    5.64E+07     0.00013028    6.64E+07     2.2905E+05    
   5.65E+07     0.98594      0.00013021    5.65E+07     0.00013021    6.65E+07     2.2952E+05    
   5.66E+07     0.98595      0.00013022    5.66E+07     0.00013022    6.66E+07     2.2826E+05    
   5.67E+07     0.98594      0.00013008    5.67E+07     0.00013008    6.67E+07     2.2868E+05    
   5.68E+07     0.98595      0.0001301     5.68E+07     0.0001301     6.68E+07     2.2907E+05    
   5.69E+07     0.98595      0.00012993    5.69E+07     0.00012993    6.69E+07     2.2944E+05    
   5.7E+07      0.98595      0.00012965    5.7E+07      0.00012965    6.7E+07      2.2985E+05    
   5.71E+07     0.98595      0.00012938    5.71E+07     0.00012938    6.71E+07     2.3009E+05    
   5.72E+07     0.98595      0.00012918    5.72E+07     0.00012918    6.72E+07     2.3044E+05    
   5.73E+07     0.98595      0.00012894    5.73E+07     0.00012894    6.73E+07     2.3084E+05    
   5.74E+07     0.98595      0.00012867    5.74E+07     0.00012867    6.74E+07     2.3101E+05    
   5.75E+07     0.98593      0.00012938    5.75E+07     0.00012938    6.75E+07     2.3142E+05    
   5.76E+07     0.98593      0.00012911    5.76E+07     0.00012911    6.76E+07     2.3183E+05    
   5.77E+07     0.98593      0.00012888    5.77E+07     0.00012888    6.77E+07     2.3223E+05    
   5.78E+07     0.98593      0.00012862    5.78E+07     0.00012862    6.78E+07     2.3247E+05    
   5.79E+07     0.98593      0.00012845    5.79E+07     0.00012845    6.79E+07     2.3203E+05    
   5.8E+07      0.98593      0.00012821    5.8E+07      0.00012821    6.8E+07      2.3247E+05    
   5.81E+07     0.98593      0.00012796    5.81E+07     0.00012796    6.81E+07     2.3283E+05    
   5.82E+07     0.98594      0.00012776    5.82E+07     0.00012776    6.82E+07     2.3326E+05    
   5.83E+07     0.98595      0.00012806    5.83E+07     0.00012806    6.83E+07     2.3353E+05    
   5.84E+07     0.98595      0.00012784    5.84E+07     0.00012784    6.84E+07     2.3333E+05    
   5.85E+07     0.98594      0.00012759    5.85E+07     0.00012759    6.85E+07     2.3374E+05    
   5.86E+07     0.98594      0.00012737    5.86E+07     0.00012737    6.86E+07     2.3416E+05    
   5.87E+07     0.98593      0.00012722    5.87E+07     0.00012722    6.87E+07     2.346E+05     
   5.88E+07     0.98593      0.00012704    5.88E+07     0.00012704    6.88E+07     2.3503E+05    
   5.89E+07     0.98593      0.00012687    5.89E+07     0.00012687    6.89E+07     2.3533E+05    
   5.9E+07      0.98594      0.00012661    5.9E+07      0.00012661    6.9E+07      2.3567E+05    
   5.91E+07     0.98594      0.00012642    5.91E+07     0.00012642    6.91E+07     2.3609E+05    
   5.92E+07     0.98594      0.00012617    5.92E+07     0.00012617    6.92E+07     2.3655E+05    
   5.93E+07     0.98593      0.00012608    5.93E+07     0.00012608    6.93E+07     2.3674E+05    
   5.94E+07     0.98592      0.00012617    5.94E+07     0.00012617    6.94E+07     2.3697E+05    
   5.95E+07     0.98592      0.00012592    5.95E+07     0.00012592    6.95E+07     2.3743E+05    
   5.96E+07     0.98592      0.00012567    5.96E+07     0.00012567    6.96E+07     2.379E+05     
   5.97E+07     0.98592      0.00012543    5.97E+07     0.00012543    6.97E+07     2.3774E+05    
   5.98E+07     0.98593      0.00012571    5.98E+07     0.00012571    6.98E+07     2.3819E+05    
   5.99E+07     0.98594      0.00012553    5.99E+07     0.00012553    6.99E+07     2.386E+05     
   6E+07        0.98594      0.00012531    6E+07        0.00012531    7E+07        2.3877E+05    
   6.01E+07     0.98595      0.00012516    6.01E+07     0.00012516    7.01E+07     2.3828E+05    
   6.02E+07     0.98594      0.00012493    6.02E+07     0.00012493    7.02E+07     2.3874E+05    
   6.03E+07     0.98594      0.00012468    6.03E+07     0.00012468    7.03E+07     2.391E+05     
   6.04E+07     0.98594      0.00012444    6.04E+07     0.00012444    7.04E+07     2.3879E+05    
   6.05E+07     0.98594      0.00012421    6.05E+07     0.00012421    7.05E+07     2.3918E+05    
   6.06E+07     0.98594      0.00012396    6.06E+07     0.00012396    7.06E+07     2.3949E+05    
   6.07E+07     0.98595      0.00012395    6.07E+07     0.00012395    7.07E+07     2.3945E+05    
   6.08E+07     0.98596      0.000124      6.08E+07     0.000124      7.08E+07     2.397E+05     
   6.09E+07     0.98596      0.00012378    6.09E+07     0.00012378    7.09E+07     2.4005E+05    
   6.1E+07      0.98596      0.00012354    6.1E+07      0.00012354    7.1E+07      2.403E+05     
   6.11E+07     0.98596      0.00012339    6.11E+07     0.00012339    7.11E+07     2.4036E+05    
   6.12E+07     0.98597      0.00012361    6.12E+07     0.00012361    7.12E+07     2.4074E+05    
   6.13E+07     0.98597      0.00012345    6.13E+07     0.00012345    7.13E+07     2.4103E+05    
   6.14E+07     0.98596      0.00012355    6.14E+07     0.00012355    7.14E+07     2.4132E+05    
   6.15E+07     0.98597      0.0001234     6.15E+07     0.0001234     7.15E+07     2.4175E+05    
   6.16E+07     0.98597      0.00012317    6.16E+07     0.00012317    7.16E+07     2.4221E+05    
   6.17E+07     0.98596      0.00012325    6.17E+07     0.00012325    7.17E+07     2.4259E+05    
   6.18E+07     0.98596      0.00012302    6.18E+07     0.00012302    7.18E+07     2.4251E+05    
   6.19E+07     0.98596      0.00012283    6.19E+07     0.00012283    7.19E+07     2.4239E+05    
   6.2E+07      0.98596      0.00012266    6.2E+07      0.00012266    7.2E+07      2.4258E+05    
   6.21E+07     0.98596      0.00012244    6.21E+07     0.00012244    7.21E+07     2.4302E+05    
   6.22E+07     0.98597      0.00012245    6.22E+07     0.00012245    7.22E+07     2.427E+05     
   6.23E+07     0.98597      0.00012221    6.23E+07     0.00012221    7.23E+07     2.4257E+05    
   6.24E+07     0.98597      0.00012208    6.24E+07     0.00012208    7.24E+07     2.4302E+05    
   6.25E+07     0.98597      0.0001221     6.25E+07     0.0001221     7.25E+07     2.4319E+05    
   6.26E+07     0.98598      0.00012198    6.26E+07     0.00012198    7.26E+07     2.4358E+05    
   6.27E+07     0.98598      0.00012175    6.27E+07     0.00012175    7.27E+07     2.4397E+05    
   6.28E+07     0.98598      0.00012156    6.28E+07     0.00012156    7.28E+07     2.441E+05     
   6.29E+07     0.98598      0.00012139    6.29E+07     0.00012139    7.29E+07     2.4451E+05    
   6.3E+07      0.98598      0.00012116    6.3E+07      0.00012116    7.3E+07      2.4481E+05    
   6.31E+07     0.98598      0.00012103    6.31E+07     0.00012103    7.31E+07     2.4526E+05    
   6.32E+07     0.98599      0.00012111    6.32E+07     0.00012111    7.32E+07     2.4527E+05    
   6.33E+07     0.98599      0.00012089    6.33E+07     0.00012089    7.33E+07     2.4567E+05    
   6.34E+07     0.98599      0.00012069    6.34E+07     0.00012069    7.34E+07     2.4604E+05    
   6.35E+07     0.98599      0.00012062    6.35E+07     0.00012062    7.35E+07     2.463E+05     
   6.36E+07     0.98599      0.00012041    6.36E+07     0.00012041    7.36E+07     2.4674E+05    
   6.37E+07     0.98599      0.0001202     6.37E+07     0.0001202     7.37E+07     2.4716E+05    
   6.38E+07     0.986        0.00012009    6.38E+07     0.00012009    7.38E+07     2.4752E+05    
   6.39E+07     0.98599      0.00011989    6.39E+07     0.00011989    7.39E+07     2.479E+05     
   6.4E+07      0.98599      0.00011967    6.4E+07      0.00011967    7.4E+07      2.4813E+05    
   6.41E+07     0.98601      0.00012013    6.41E+07     0.00012013    7.41E+07     2.4802E+05    
   6.42E+07     0.98601      0.00011991    6.42E+07     0.00011991    7.42E+07     2.4841E+05    
   6.43E+07     0.986        0.00011971    6.43E+07     0.00011971    7.43E+07     2.4886E+05    
   6.44E+07     0.986        0.00011953    6.44E+07     0.00011953    7.44E+07     2.4857E+05    
   6.45E+07     0.986        0.00011932    6.45E+07     0.00011932    7.45E+07     2.4896E+05    
   6.46E+07     0.986        0.00011923    6.46E+07     0.00011923    7.46E+07     2.4864E+05    
   6.47E+07     0.986        0.00011902    6.47E+07     0.00011902    7.47E+07     2.4836E+05    
   6.48E+07     0.986        0.0001188     6.48E+07     0.0001188     7.48E+07     2.4877E+05    
   6.49E+07     0.986        0.00011858    6.49E+07     0.00011858    7.49E+07     2.4775E+05    
   6.5E+07      0.98599      0.00011868    6.5E+07      0.00011868    7.5E+07      2.477E+05     
   6.51E+07     0.98598      0.00011856    6.51E+07     0.00011856    7.51E+07     2.4775E+05    
   6.52E+07     0.98598      0.00011837    6.52E+07     0.00011837    7.52E+07     2.4818E+05    
   6.53E+07     0.98598      0.00011822    6.53E+07     0.00011822    7.53E+07     2.4859E+05    
   6.54E+07     0.98598      0.00011809    6.54E+07     0.00011809    7.54E+07     2.4848E+05    
   6.55E+07     0.98597      0.00011806    6.55E+07     0.00011806    7.55E+07     2.488E+05     
   6.56E+07     0.98597      0.00011788    6.56E+07     0.00011788    7.56E+07     2.4923E+05    
   6.57E+07     0.98597      0.00011767    6.57E+07     0.00011767    7.57E+07     2.4918E+05    
   6.58E+07     0.98597      0.00011746    6.58E+07     0.00011746    7.58E+07     2.4939E+05    
   6.59E+07     0.98596      0.00011746    6.59E+07     0.00011746    7.59E+07     2.4974E+05    
   6.6E+07      0.98597      0.0001173     6.6E+07      0.0001173     7.6E+07      2.4984E+05    
   6.61E+07     0.98598      0.00011783    6.61E+07     0.00011783    7.61E+07     2.5028E+05    
   6.62E+07     0.98598      0.00011763    6.62E+07     0.00011763    7.62E+07     2.5035E+05    
   6.63E+07     0.98598      0.00011743    6.63E+07     0.00011743    7.63E+07     2.5075E+05    
   6.64E+07     0.98598      0.00011722    6.64E+07     0.00011722    7.64E+07     2.5064E+05    
   6.65E+07     0.98598      0.00011702    6.65E+07     0.00011702    7.65E+07     2.5101E+05    
   6.66E+07     0.98597      0.00011725    6.66E+07     0.00011725    7.66E+07     2.5E+05       
   6.67E+07     0.98597      0.00011706    6.67E+07     0.00011706    7.67E+07     2.5039E+05    
   6.68E+07     0.98597      0.00011687    6.68E+07     0.00011687    7.68E+07     2.5077E+05    
   6.69E+07     0.98597      0.00011669    6.69E+07     0.00011669    7.69E+07     2.5105E+05    
   6.7E+07      0.98597      0.0001165     6.7E+07      0.0001165     7.7E+07      2.5149E+05    
   6.71E+07     0.98597      0.00011635    6.71E+07     0.00011635    7.71E+07     2.5129E+05    
   6.72E+07     0.98597      0.00011617    6.72E+07     0.00011617    7.72E+07     2.5155E+05    
   6.73E+07     0.98597      0.00011598    6.73E+07     0.00011598    7.73E+07     2.5036E+05    
   6.74E+07     0.98598      0.00011585    6.74E+07     0.00011585    7.74E+07     2.4999E+05    
   6.75E+07     0.98598      0.00011566    6.75E+07     0.00011566    7.75E+07     2.5E+05       
   6.76E+07     0.98598      0.00011547    6.76E+07     0.00011547    7.76E+07     2.5038E+05    
   6.77E+07     0.98598      0.00011528    6.77E+07     0.00011528    7.77E+07     2.5044E+05    
   6.78E+07     0.98598      0.00011514    6.78E+07     0.00011514    7.78E+07     2.5053E+05    
   6.79E+07     0.98599      0.00011516    6.79E+07     0.00011516    7.79E+07     2.5045E+05    
   6.8E+07      0.98599      0.00011497    6.8E+07      0.00011497    7.8E+07      2.4884E+05    
   6.81E+07     0.98598      0.0001148     6.81E+07     0.0001148     7.81E+07     2.4856E+05    
   6.82E+07     0.98599      0.00011461    6.82E+07     0.00011461    7.82E+07     2.4896E+05    
   6.83E+07     0.98599      0.00011446    6.83E+07     0.00011446    7.83E+07     2.4885E+05    
   6.84E+07     0.98598      0.00011443    6.84E+07     0.00011443    7.84E+07     2.4864E+05    
   6.85E+07     0.98598      0.00011424    6.85E+07     0.00011424    7.85E+07     2.4894E+05    
   6.86E+07     0.98599      0.00011405    6.86E+07     0.00011405    7.86E+07     2.4925E+05    
   6.87E+07     0.98598      0.00011386    6.87E+07     0.00011386    7.87E+07     2.4945E+05    
   6.88E+07     0.98598      0.00011368    6.88E+07     0.00011368    7.88E+07     2.4975E+05    
   6.89E+07     0.98599      0.00011351    6.89E+07     0.00011351    7.89E+07     2.498E+05     
   6.9E+07      0.98599      0.00011335    6.9E+07      0.00011335    7.9E+07      2.5015E+05    
   6.91E+07     0.98599      0.00011317    6.91E+07     0.00011317    7.91E+07     2.503E+05     
   6.92E+07     0.98599      0.00011298    6.92E+07     0.00011298    7.92E+07     2.5009E+05    
   6.93E+07     0.98599      0.00011284    6.93E+07     0.00011284    7.93E+07     2.49E+05      
   6.94E+07     0.98599      0.00011271    6.94E+07     0.00011271    7.94E+07     2.4936E+05    
   6.95E+07     0.98599      0.00011252    6.95E+07     0.00011252    7.95E+07     2.4959E+05    
   6.96E+07     0.98599      0.00011233    6.96E+07     0.00011233    7.96E+07     2.4938E+05    
   6.97E+07     0.986        0.00011228    6.97E+07     0.00011228    7.97E+07     2.4927E+05    
   6.98E+07     0.98599      0.00011209    6.98E+07     0.00011209    7.98E+07     2.4969E+05    
   6.99E+07     0.98599      0.00011192    6.99E+07     0.00011192    7.99E+07     2.4991E+05    
   7E+07        0.98599      0.0001118     7E+07        0.0001118     8E+07        2.4953E+05    
   7.01E+07     0.98598      0.00011183    7.01E+07     0.00011183    8.01E+07     2.4986E+05    
   7.02E+07     0.98598      0.00011165    7.02E+07     0.00011165    8.02E+07     2.502E+05     
   7.03E+07     0.98598      0.00011148    7.03E+07     0.00011148    8.03E+07     2.506E+05     
   7.04E+07     0.98598      0.00011148    7.04E+07     0.00011148    8.04E+07     2.5061E+05    
   7.05E+07     0.98598      0.0001113     7.05E+07     0.0001113     8.05E+07     2.5084E+05    
   7.06E+07     0.98598      0.00011115    7.06E+07     0.00011115    8.06E+07     2.5109E+05    
   7.07E+07     0.98598      0.00011109    7.07E+07     0.00011109    8.07E+07     2.5148E+05    
   7.08E+07     0.98598      0.00011095    7.08E+07     0.00011095    8.08E+07     2.517E+05     
   7.09E+07     0.98598      0.00011078    7.09E+07     0.00011078    8.09E+07     2.5194E+05    
   7.1E+07      0.98598      0.00011064    7.1E+07      0.00011064    8.1E+07      2.5233E+05    
   7.11E+07     0.98597      0.00011055    7.11E+07     0.00011055    8.11E+07     2.5096E+05    
   7.12E+07     0.98597      0.00011039    7.12E+07     0.00011039    8.12E+07     2.5084E+05    
   7.13E+07     0.98597      0.00011024    7.13E+07     0.00011024    8.13E+07     2.5011E+05    
   7.14E+07     0.98597      0.0001101     7.14E+07     0.0001101     8.14E+07     2.505E+05     
   7.15E+07     0.98597      0.00010993    7.15E+07     0.00010993    8.15E+07     2.5053E+05    
   7.16E+07     0.98597      0.00010975    7.16E+07     0.00010975    8.16E+07     2.5071E+05    
   7.17E+07     0.98598      0.00010959    7.17E+07     0.00010959    8.17E+07     2.5069E+05    
   7.18E+07     0.98597      0.00010953    7.18E+07     0.00010953    8.18E+07     2.509E+05     
   7.19E+07     0.98598      0.00010948    7.19E+07     0.00010948    8.19E+07     2.5124E+05    
   7.2E+07      0.98597      0.00010936    7.2E+07      0.00010936    8.2E+07      2.5091E+05    
   7.21E+07     0.98597      0.00010918    7.21E+07     0.00010918    8.21E+07     2.5125E+05    
   7.22E+07     0.98597      0.00010918    7.22E+07     0.00010918    8.22E+07     2.5121E+05    
   7.23E+07     0.98597      0.00010913    7.23E+07     0.00010913    8.23E+07     2.5121E+05    
   7.24E+07     0.98597      0.00010895    7.24E+07     0.00010895    8.24E+07     2.5106E+05    
   7.25E+07     0.98597      0.00010884    7.25E+07     0.00010884    8.25E+07     2.514E+05     
   7.26E+07     0.98597      0.00010868    7.26E+07     0.00010868    8.26E+07     2.5179E+05    
   7.27E+07     0.98597      0.00010851    7.27E+07     0.00010851    8.27E+07     2.5186E+05    
   7.28E+07     0.98596      0.00010841    7.28E+07     0.00010841    8.28E+07     2.5184E+05    
   7.29E+07     0.98596      0.00010825    7.29E+07     0.00010825    8.29E+07     2.5155E+05    
   7.3E+07      0.98596      0.0001081     7.3E+07      0.0001081     8.3E+07      2.516E+05     
   7.31E+07     0.98596      0.00010793    7.31E+07     0.00010793    8.31E+07     2.5157E+05    
   7.32E+07     0.98596      0.00010786    7.32E+07     0.00010786    8.32E+07     2.5196E+05    
   7.33E+07     0.98596      0.0001077     7.33E+07     0.0001077     8.33E+07     2.5231E+05    
   7.34E+07     0.98596      0.00010753    7.34E+07     0.00010753    8.34E+07     2.523E+05     
   7.35E+07     0.98596      0.0001074     7.35E+07     0.0001074     8.35E+07     2.5252E+05    
   7.36E+07     0.98596      0.00010723    7.36E+07     0.00010723    8.36E+07     2.529E+05     
   7.37E+07     0.98596      0.00010707    7.37E+07     0.00010707    8.37E+07     2.5325E+05    
   7.38E+07     0.98596      0.00010692    7.38E+07     0.00010692    8.38E+07     2.5309E+05    
   7.39E+07     0.98596      0.00010676    7.39E+07     0.00010676    8.39E+07     2.5349E+05    
   7.4E+07      0.98596      0.00010664    7.4E+07      0.00010664    8.4E+07      2.5377E+05    
   7.41E+07     0.98597      0.00010659    7.41E+07     0.00010659    8.41E+07     2.5402E+05    
   7.42E+07     0.98597      0.00010643    7.42E+07     0.00010643    8.42E+07     2.5436E+05    
   7.43E+07     0.98597      0.00010626    7.43E+07     0.00010626    8.43E+07     2.546E+05     
   7.44E+07     0.98597      0.00010626    7.44E+07     0.00010626    8.44E+07     2.5499E+05    
   7.45E+07     0.98597      0.0001061     7.45E+07     0.0001061     8.45E+07     2.5364E+05    
   7.46E+07     0.98598      0.0001061     7.46E+07     0.0001061     8.46E+07     2.5383E+05    
   7.47E+07     0.98597      0.00010608    7.47E+07     0.00010608    8.47E+07     2.542E+05     
   7.48E+07     0.98597      0.00010593    7.48E+07     0.00010593    8.48E+07     2.5425E+05    
   7.49E+07     0.98598      0.00010608    7.49E+07     0.00010608    8.49E+07     2.5439E+05    
   7.5E+07      0.98598      0.00010602    7.5E+07      0.00010602    8.5E+07      2.5478E+05    
   7.51E+07     0.98598      0.00010593    7.51E+07     0.00010593    8.51E+07     2.5513E+05    
   7.52E+07     0.98598      0.00010577    7.52E+07     0.00010577    8.52E+07     2.5457E+05    
   7.53E+07     0.98598      0.00010562    7.53E+07     0.00010562    8.53E+07     2.5486E+05    
   7.54E+07     0.98597      0.00010557    7.54E+07     0.00010557    8.54E+07     2.5498E+05    
   7.55E+07     0.98598      0.00010542    7.55E+07     0.00010542    8.55E+07     2.5402E+05    
   7.56E+07     0.98598      0.00010526    7.56E+07     0.00010526    8.56E+07     2.544E+05     
   7.57E+07     0.98597      0.00010521    7.57E+07     0.00010521    8.57E+07     2.5459E+05    
   7.58E+07     0.98597      0.00010509    7.58E+07     0.00010509    8.58E+07     2.539E+05     
   7.59E+07     0.98598      0.00010495    7.59E+07     0.00010495    8.59E+07     2.542E+05     
   7.6E+07      0.98598      0.00010486    7.6E+07      0.00010486    8.6E+07      2.5412E+05    
   7.61E+07     0.98598      0.0001047     7.61E+07     0.0001047     8.61E+07     2.5451E+05    
   7.62E+07     0.98598      0.00010461    7.62E+07     0.00010461    8.62E+07     2.5481E+05    
   7.63E+07     0.98598      0.00010446    7.63E+07     0.00010446    8.63E+07     2.5293E+05    
   7.64E+07     0.98597      0.00010441    7.64E+07     0.00010441    8.64E+07     2.5164E+05    
   7.65E+07     0.98597      0.00010427    7.65E+07     0.00010427    8.65E+07     2.5109E+05    
   7.66E+07     0.98596      0.00010441    7.66E+07     0.00010441    8.66E+07     2.5139E+05    
   7.67E+07     0.98596      0.00010426    7.67E+07     0.00010426    8.67E+07     2.5172E+05    
   7.68E+07     0.98596      0.00010411    7.68E+07     0.00010411    8.68E+07     2.5209E+05    
   7.69E+07     0.98597      0.00010399    7.69E+07     0.00010399    8.69E+07     2.5229E+05    
   7.7E+07      0.98597      0.00010383    7.7E+07      0.00010383    8.7E+07      2.5224E+05    
   7.71E+07     0.98597      0.0001038     7.71E+07     0.0001038     8.71E+07     2.5252E+05    
   7.72E+07     0.98597      0.00010368    7.72E+07     0.00010368    8.72E+07     2.5263E+05    
   7.73E+07     0.98596      0.00010386    7.73E+07     0.00010386    8.73E+07     2.5286E+05    
   7.74E+07     0.98597      0.00010387    7.74E+07     0.00010387    8.74E+07     2.5295E+05    
   7.75E+07     0.98596      0.0001038     7.75E+07     0.0001038     8.75E+07     2.5328E+05    
   7.76E+07     0.98596      0.00010365    7.76E+07     0.00010365    8.76E+07     2.5334E+05    
   7.77E+07     0.98596      0.00010357    7.77E+07     0.00010357    8.77E+07     2.5366E+05    
   7.78E+07     0.98596      0.00010349    7.78E+07     0.00010349    8.78E+07     2.533E+05     
   7.79E+07     0.98596      0.00010344    7.79E+07     0.00010344    8.79E+07     2.5363E+05    
   7.8E+07      0.98595      0.0001037     7.8E+07      0.0001037     8.8E+07      2.5395E+05    
   7.81E+07     0.98594      0.0001037     7.81E+07     0.0001037     8.81E+07     2.5237E+05    
   7.82E+07     0.98594      0.00010355    7.82E+07     0.00010355    8.82E+07     2.5271E+05    
   7.83E+07     0.98594      0.00010351    7.83E+07     0.00010351    8.83E+07     2.5305E+05    
   7.84E+07     0.98594      0.00010348    7.84E+07     0.00010348    8.84E+07     2.5305E+05    
   7.85E+07     0.98595      0.00010335    7.85E+07     0.00010335    8.85E+07     2.5332E+05    
   7.86E+07     0.98594      0.00010322    7.86E+07     0.00010322    8.86E+07     2.5365E+05    
   7.87E+07     0.98595      0.00010312    7.87E+07     0.00010312    8.87E+07     2.5388E+05    
   7.88E+07     0.98595      0.00010298    7.88E+07     0.00010298    8.88E+07     2.5382E+05    
   7.89E+07     0.98595      0.00010291    7.89E+07     0.00010291    8.89E+07     2.5383E+05    
   7.9E+07      0.98595      0.00010277    7.9E+07      0.00010277    8.9E+07      2.5406E+05    
   7.91E+07     0.98596      0.00010268    7.91E+07     0.00010268    8.91E+07     2.5434E+05    
   7.92E+07     0.98595      0.00010264    7.92E+07     0.00010264    8.92E+07     2.5466E+05    
   7.93E+07     0.98594      0.00010281    7.93E+07     0.00010281    8.93E+07     2.5481E+05    
   7.94E+07     0.98594      0.00010267    7.94E+07     0.00010267    8.94E+07     2.5518E+05    
   7.95E+07     0.98594      0.00010256    7.95E+07     0.00010256    8.95E+07     2.5549E+05    
   7.96E+07     0.98595      0.00010253    7.96E+07     0.00010253    8.96E+07     2.5558E+05    
   7.97E+07     0.98594      0.00010249    7.97E+07     0.00010249    8.97E+07     2.5592E+05    
   7.98E+07     0.98594      0.00010234    7.98E+07     0.00010234    8.98E+07     2.5628E+05    
   7.99E+07     0.98594      0.00010223    7.99E+07     0.00010223    8.99E+07     2.5452E+05    
   8E+07        0.98593      0.00010225    8E+07        0.00010225    9E+07        2.546E+05     
   8.01E+07     0.98594      0.00010211    8.01E+07     0.00010211    9.01E+07     2.5497E+05    
   8.02E+07     0.98594      0.00010198    8.02E+07     0.00010198    9.02E+07     2.5528E+05    
   8.03E+07     0.98594      0.00010184    8.03E+07     0.00010184    9.03E+07     2.5562E+05    
   8.04E+07     0.98593      0.00010177    8.04E+07     0.00010177    9.04E+07     2.559E+05     
   8.05E+07     0.98593      0.00010166    8.05E+07     0.00010166    9.05E+07     2.5624E+05    
   8.06E+07     0.98593      0.00010155    8.06E+07     0.00010155    9.06E+07     2.5654E+05    
   8.07E+07     0.98593      0.00010141    8.07E+07     0.00010141    9.07E+07     2.5649E+05    
   8.08E+07     0.98593      0.0001013     8.08E+07     0.0001013     9.08E+07     2.5676E+05    
   8.09E+07     0.98592      0.00010119    8.09E+07     0.00010119    9.09E+07     2.5686E+05    
   8.1E+07      0.98592      0.00010105    8.1E+07      0.00010105    9.1E+07      2.5706E+05    
   8.11E+07     0.98593      0.00010126    8.11E+07     0.00010126    9.11E+07     2.573E+05     
   8.12E+07     0.98594      0.00010122    8.12E+07     0.00010122    9.12E+07     2.5755E+05    
   8.13E+07     0.98593      0.0001013     8.13E+07     0.0001013     9.13E+07     2.5787E+05    
   8.14E+07     0.98593      0.00010116    8.14E+07     0.00010116    9.14E+07     2.5689E+05    
   8.15E+07     0.98593      0.00010109    8.15E+07     0.00010109    9.15E+07     2.5719E+05    
   8.16E+07     0.98594      0.00010099    8.16E+07     0.00010099    9.16E+07     2.5719E+05    
   8.17E+07     0.98593      0.00010094    8.17E+07     0.00010094    9.17E+07     2.5752E+05    
   8.18E+07     0.98593      0.00010084    8.18E+07     0.00010084    9.18E+07     2.578E+05     
   8.19E+07     0.98593      0.0001007     8.19E+07     0.0001007     9.19E+07     2.5809E+05    
   8.2E+07      0.98594      0.00010071    8.2E+07      0.00010071    9.2E+07      2.5787E+05    
   8.21E+07     0.98594      0.00010057    8.21E+07     0.00010057    9.21E+07     2.5772E+05    
   8.22E+07     0.98594      0.00010052    8.22E+07     0.00010052    9.22E+07     2.5808E+05    
   8.23E+07     0.98595      0.00010046    8.23E+07     0.00010046    9.23E+07     2.5842E+05    
   8.24E+07     0.98595      0.00010044    8.24E+07     0.00010044    9.24E+07     2.5877E+05    
   8.25E+07     0.98595      0.0001003     8.25E+07     0.0001003     9.25E+07     2.5909E+05    
   8.26E+07     0.98595      0.00010017    8.26E+07     0.00010017    9.26E+07     2.5924E+05    
   8.27E+07     0.98595      0.00010009    8.27E+07     0.00010009    9.27E+07     2.5952E+05    
   8.28E+07     0.98594      0.00010004    8.28E+07     0.00010004    9.28E+07     2.5951E+05    
   8.29E+07     0.98594      0.00010004    8.29E+07     0.00010004    9.29E+07     2.5865E+05    
   8.3E+07      0.98594      9.9963E-05    8.3E+07      9.9963E-05    9.3E+07      2.5842E+05    
   8.31E+07     0.98594      9.9911E-05    8.31E+07     9.9911E-05    9.31E+07     2.5873E+05    
   8.32E+07     0.98594      9.9774E-05    8.32E+07     9.9774E-05    9.32E+07     2.5859E+05    
   8.33E+07     0.98595      9.9647E-05    8.33E+07     9.9647E-05    9.33E+07     2.5892E+05    
   8.34E+07     0.98595      9.9582E-05    8.34E+07     9.9582E-05    9.34E+07     2.5879E+05    
   8.35E+07     0.98595      9.9482E-05    8.35E+07     9.9482E-05    9.35E+07     2.5885E+05    
   8.36E+07     0.98595      9.9349E-05    8.36E+07     9.9349E-05    9.36E+07     2.5919E+05    
   8.37E+07     0.98595      9.9224E-05    8.37E+07     9.9224E-05    9.37E+07     2.5943E+05    
   8.38E+07     0.98595      9.919E-05     8.38E+07     9.919E-05     9.38E+07     2.5965E+05    
   8.39E+07     0.98595      9.9056E-05    8.39E+07     9.9056E-05    9.39E+07     2.6E+05       
   8.4E+07      0.98595      9.8943E-05    8.4E+07      9.8943E-05    9.4E+07      2.5943E+05    
   8.41E+07     0.98595      9.8836E-05    8.41E+07     9.8836E-05    9.41E+07     2.5935E+05    
   8.42E+07     0.98595      9.8705E-05    8.42E+07     9.8705E-05    9.42E+07     2.5912E+05    
   8.43E+07     0.98595      9.86E-05      8.43E+07     9.86E-05      9.43E+07     2.5934E+05    
   8.44E+07     0.98594      9.8469E-05    8.44E+07     9.8469E-05    9.44E+07     2.5967E+05    
   8.45E+07     0.98595      9.8672E-05    8.45E+07     9.8672E-05    9.45E+07     2.5973E+05    
   8.46E+07     0.98595      9.8575E-05    8.46E+07     9.8575E-05    9.46E+07     2.5984E+05    
   8.47E+07     0.98595      9.8445E-05    8.47E+07     9.8445E-05    9.47E+07     2.5939E+05    
   8.48E+07     0.98595      9.8379E-05    8.48E+07     9.8379E-05    9.48E+07     2.5969E+05    
   8.49E+07     0.98595      9.8295E-05    8.49E+07     9.8295E-05    9.49E+07     2.5997E+05    
   8.5E+07      0.98595      9.8165E-05    8.5E+07      9.8165E-05    9.5E+07      2.6011E+05    
   8.51E+07     0.98595      9.8034E-05    8.51E+07     9.8034E-05    9.51E+07     2.6043E+05    
   8.52E+07     0.98596      9.8086E-05    8.52E+07     9.8086E-05    9.52E+07     2.6067E+05    
   8.53E+07     0.98596      9.7975E-05    8.53E+07     9.7975E-05    9.53E+07     2.609E+05     
   8.54E+07     0.98596      9.7897E-05    8.54E+07     9.7897E-05    9.54E+07     2.6076E+05    
   8.55E+07     0.98597      9.8017E-05    8.55E+07     9.8017E-05    9.55E+07     2.6089E+05    
   8.56E+07     0.98597      9.7888E-05    8.56E+07     9.7888E-05    9.56E+07     2.6121E+05    
   8.57E+07     0.98597      9.7797E-05    8.57E+07     9.7797E-05    9.57E+07     2.6147E+05    
   8.58E+07     0.98598      9.787E-05     8.58E+07     9.787E-05     9.58E+07     2.6161E+05    
   8.59E+07     0.98598      9.7754E-05    8.59E+07     9.7754E-05    9.59E+07     2.6196E+05    
   8.6E+07      0.98597      9.7711E-05    8.6E+07      9.7711E-05    9.6E+07      2.6216E+05    
   8.61E+07     0.98597      9.7583E-05    8.61E+07     9.7583E-05    9.61E+07     2.6247E+05    
   8.62E+07     0.98597      9.7471E-05    8.62E+07     9.7471E-05    9.62E+07     2.6275E+05    
   8.63E+07     0.98596      9.7772E-05    8.63E+07     9.7772E-05    9.63E+07     2.6298E+05    
   8.64E+07     0.98596      9.7965E-05    8.64E+07     9.7965E-05    9.64E+07     2.6329E+05    
   8.65E+07     0.98595      9.8016E-05    8.65E+07     9.8016E-05    9.65E+07     2.6359E+05    
   8.66E+07     0.98595      9.7904E-05    8.66E+07     9.7904E-05    9.66E+07     2.6372E+05    
   8.67E+07     0.98595      9.7777E-05    8.67E+07     9.7777E-05    9.67E+07     2.6396E+05    
   8.68E+07     0.98595      9.7651E-05    8.68E+07     9.7651E-05    9.68E+07     2.6414E+05    
   8.69E+07     0.98594      9.7557E-05    8.69E+07     9.7557E-05    9.69E+07     2.641E+05     
   8.7E+07      0.98595      9.7514E-05    8.7E+07      9.7514E-05    9.7E+07      2.6444E+05    
   8.71E+07     0.98595      9.7397E-05    8.71E+07     9.7397E-05    9.71E+07     2.6473E+05    
   8.72E+07     0.98595      9.7322E-05    8.72E+07     9.7322E-05    9.72E+07     2.6475E+05    
   8.73E+07     0.98595      9.7222E-05    8.73E+07     9.7222E-05    9.73E+07     2.64E+05      
   8.74E+07     0.98595      9.7152E-05    8.74E+07     9.7152E-05    9.74E+07     2.6423E+05    
   8.75E+07     0.98595      9.7032E-05    8.75E+07     9.7032E-05    9.75E+07     2.6395E+05    
   8.76E+07     0.98594      9.6963E-05    8.76E+07     9.6963E-05    9.76E+07     2.641E+05     
   8.77E+07     0.98594      9.685E-05     8.77E+07     9.685E-05     9.77E+07     2.6443E+05    
   8.78E+07     0.98595      9.686E-05     8.78E+07     9.686E-05     9.78E+07     2.6476E+05    
   8.79E+07     0.98595      9.6743E-05    8.79E+07     9.6743E-05    9.79E+07     2.6434E+05    
   8.8E+07      0.98595      9.6619E-05    8.8E+07      9.6619E-05    9.8E+07      2.6391E+05    
   8.81E+07     0.98596      9.6869E-05    8.81E+07     9.6869E-05    9.81E+07     2.6421E+05    
   8.82E+07     0.98596      9.6748E-05    8.82E+07     9.6748E-05    9.82E+07     2.6454E+05    
   8.83E+07     0.98596      9.6631E-05    8.83E+07     9.6631E-05    9.83E+07     2.6429E+05    
   8.84E+07     0.98596      9.6573E-05    8.84E+07     9.6573E-05    9.84E+07     2.6453E+05    
   8.85E+07     0.98597      9.647E-05     8.85E+07     9.647E-05     9.85E+07     2.6478E+05    
   8.86E+07     0.98597      9.6353E-05    8.86E+07     9.6353E-05    9.86E+07     2.65E+05      
   8.87E+07     0.98597      9.6257E-05    8.87E+07     9.6257E-05    9.87E+07     2.6495E+05    
   8.88E+07     0.98596      9.6213E-05    8.88E+07     9.6213E-05    9.88E+07     2.6516E+05    
   8.89E+07     0.98596      9.6155E-05    8.89E+07     9.6155E-05    9.89E+07     2.6546E+05    
   8.9E+07      0.98596      9.6061E-05    8.9E+07      9.6061E-05    9.9E+07      2.6554E+05    
   8.91E+07     0.98596      9.5955E-05    8.91E+07     9.5955E-05    9.91E+07     2.6586E+05    
   8.92E+07     0.98596      9.5834E-05    8.92E+07     9.5834E-05    9.92E+07     2.6616E+05    
   8.93E+07     0.98595      9.5753E-05    8.93E+07     9.5753E-05    9.93E+07     2.6648E+05    
   8.94E+07     0.98595      9.5634E-05    8.94E+07     9.5634E-05    9.94E+07     2.6676E+05    
   8.95E+07     0.98596      9.5523E-05    8.95E+07     9.5523E-05    9.95E+07     2.6708E+05    
   8.96E+07     0.98595      9.5449E-05    8.96E+07     9.5449E-05    9.96E+07     2.6729E+05    
   8.97E+07     0.98595      9.5331E-05    8.97E+07     9.5331E-05    9.97E+07     2.6752E+05    
   8.98E+07     0.98595      9.5212E-05    8.98E+07     9.5212E-05    9.98E+07     2.6718E+05    
   8.99E+07     0.98594      9.5488E-05    8.99E+07     9.5488E-05    9.99E+07     2.675E+05     
   9E+07        0.98594      9.5417E-05    9E+07        9.5417E-05    1E+08        2.6761E+05    
   9.01E+07     0.98594      9.5298E-05    9.01E+07     9.5298E-05    
   9.02E+07     0.98594      9.5187E-05    9.02E+07     9.5187E-05    
   9.03E+07     0.98594      9.5072E-05    9.03E+07     9.5072E-05    
   9.04E+07     0.98594      9.4965E-05    9.04E+07     9.4965E-05    
   9.05E+07     0.98594      9.4847E-05    9.05E+07     9.4847E-05    
   9.06E+07     0.98594      9.4738E-05    9.06E+07     9.4738E-05    
   9.07E+07     0.98595      9.4697E-05    9.07E+07     9.4697E-05    
   9.08E+07     0.98594      9.4596E-05    9.08E+07     9.4596E-05    
   9.09E+07     0.98594      9.452E-05     9.09E+07     9.452E-05     
   9.1E+07      0.98594      9.4429E-05    9.1E+07      9.4429E-05    
   9.11E+07     0.98594      9.4337E-05    9.11E+07     9.4337E-05    
   9.12E+07     0.98594      9.4238E-05    9.12E+07     9.4238E-05    
   9.13E+07     0.98594      9.4124E-05    9.13E+07     9.4124E-05    
   9.14E+07     0.98595      9.4255E-05    9.14E+07     9.4255E-05    
   9.15E+07     0.98595      9.4148E-05    9.15E+07     9.4148E-05    
   9.16E+07     0.98594      9.4099E-05    9.16E+07     9.4099E-05    
   9.17E+07     0.98594      9.3984E-05    9.17E+07     9.3984E-05    
   9.18E+07     0.98594      9.3883E-05    9.18E+07     9.3883E-05    
   9.19E+07     0.98594      9.378E-05     9.19E+07     9.378E-05     
   9.2E+07      0.98594      9.3771E-05    9.2E+07      9.3771E-05    
   9.21E+07     0.98593      9.3742E-05    9.21E+07     9.3742E-05    
   9.22E+07     0.98593      9.3628E-05    9.22E+07     9.3628E-05    
   9.23E+07     0.98593      9.3515E-05    9.23E+07     9.3515E-05    
   9.24E+07     0.98593      9.3403E-05    9.24E+07     9.3403E-05    
   9.25E+07     0.98593      9.3291E-05    9.25E+07     9.3291E-05    
   9.26E+07     0.98594      9.3215E-05    9.26E+07     9.3215E-05    
   9.27E+07     0.98594      9.3116E-05    9.27E+07     9.3116E-05    
   9.28E+07     0.98594      9.3067E-05    9.28E+07     9.3067E-05    
   9.29E+07     0.98594      9.3166E-05    9.29E+07     9.3166E-05    
   9.3E+07      0.98595      9.3159E-05    9.3E+07      9.3159E-05    
   9.31E+07     0.98594      9.3055E-05    9.31E+07     9.3055E-05    
   9.32E+07     0.98594      9.303E-05     9.32E+07     9.303E-05     
   9.33E+07     0.98594      9.2921E-05    9.33E+07     9.2921E-05    
   9.34E+07     0.98595      9.2888E-05    9.34E+07     9.2888E-05    
   9.35E+07     0.98594      9.283E-05     9.35E+07     9.283E-05     
   9.36E+07     0.98594      9.2719E-05    9.36E+07     9.2719E-05    
   9.37E+07     0.98594      9.2629E-05    9.37E+07     9.2629E-05    
   9.38E+07     0.98594      9.2534E-05    9.38E+07     9.2534E-05    
   9.39E+07     0.98594      9.2424E-05    9.39E+07     9.2424E-05    
   9.4E+07      0.98595      9.2475E-05    9.4E+07      9.2475E-05    
   9.41E+07     0.98594      9.2439E-05    9.41E+07     9.2439E-05    
   9.42E+07     0.98595      9.2429E-05    9.42E+07     9.2429E-05    
   9.43E+07     0.98595      9.2339E-05    9.43E+07     9.2339E-05    
   9.44E+07     0.98595      9.2234E-05    9.44E+07     9.2234E-05    
   9.45E+07     0.98595      9.2175E-05    9.45E+07     9.2175E-05    
   9.46E+07     0.98595      9.2102E-05    9.46E+07     9.2102E-05    
   9.47E+07     0.98595      9.2133E-05    9.47E+07     9.2133E-05    
   9.48E+07     0.98595      9.2033E-05    9.48E+07     9.2033E-05    
   9.49E+07     0.98595      9.1935E-05    9.49E+07     9.1935E-05    
   9.5E+07      0.98595      9.186E-05     9.5E+07      9.186E-05     
   9.51E+07     0.98595      9.1754E-05    9.51E+07     9.1754E-05    
   9.52E+07     0.98595      9.1665E-05    9.52E+07     9.1665E-05    
   9.53E+07     0.98595      9.1579E-05    9.53E+07     9.1579E-05    
   9.54E+07     0.98595      9.1552E-05    9.54E+07     9.1552E-05    
   9.55E+07     0.98596      9.1484E-05    9.55E+07     9.1484E-05    
   9.56E+07     0.98596      9.1378E-05    9.56E+07     9.1378E-05    
   9.57E+07     0.98596      9.1288E-05    9.57E+07     9.1288E-05    
   9.58E+07     0.98596      9.1211E-05    9.58E+07     9.1211E-05    
   9.59E+07     0.98596      9.1105E-05    9.59E+07     9.1105E-05    
   9.6E+07      0.98596      9.1023E-05    9.6E+07      9.1023E-05    
   9.61E+07     0.98596      9.0923E-05    9.61E+07     9.0923E-05    
   9.62E+07     0.98596      9.0827E-05    9.62E+07     9.0827E-05    
   9.63E+07     0.98596      9.0739E-05    9.63E+07     9.0739E-05    
   9.64E+07     0.98596      9.0641E-05    9.64E+07     9.0641E-05    
   9.65E+07     0.98596      9.0541E-05    9.65E+07     9.0541E-05    
   9.66E+07     0.98596      9.0476E-05    9.66E+07     9.0476E-05    
   9.67E+07     0.98596      9.0378E-05    9.67E+07     9.0378E-05    
   9.68E+07     0.98596      9.0303E-05    9.68E+07     9.0303E-05    
   9.69E+07     0.98596      9.0264E-05    9.69E+07     9.0264E-05    
   9.7E+07      0.98596      9.0162E-05    9.7E+07      9.0162E-05    
   9.71E+07     0.98596      9.0061E-05    9.71E+07     9.0061E-05    
   9.72E+07     0.98596      9.0015E-05    9.72E+07     9.0015E-05    
   9.73E+07     0.98596      9.0097E-05    9.73E+07     9.0097E-05    
   9.74E+07     0.98596      9.0012E-05    9.74E+07     9.0012E-05    
   9.75E+07     0.98597      9.0009E-05    9.75E+07     9.0009E-05    
   9.76E+07     0.98597      8.994E-05     9.76E+07     8.994E-05     
   9.77E+07     0.98597      8.984E-05     9.77E+07     8.984E-05     
   9.78E+07     0.98597      8.9738E-05    9.78E+07     8.9738E-05    
   9.79E+07     0.98598      8.9761E-05    9.79E+07     8.9761E-05    
   9.8E+07      0.98597      8.9789E-05    9.8E+07      8.9789E-05    
   9.81E+07     0.98597      8.9694E-05    9.81E+07     8.9694E-05    
   9.82E+07     0.98597      8.9593E-05    9.82E+07     8.9593E-05    
   9.83E+07     0.98597      8.9585E-05    9.83E+07     8.9585E-05    
   9.84E+07     0.98597      8.9499E-05    9.84E+07     8.9499E-05    
   9.85E+07     0.98597      8.9413E-05    9.85E+07     8.9413E-05    
   9.86E+07     0.98597      8.933E-05     9.86E+07     8.933E-05     
   9.87E+07     0.98597      8.9289E-05    9.87E+07     8.9289E-05    
   9.88E+07     0.98597      8.9211E-05    9.88E+07     8.9211E-05    
   9.89E+07     0.98597      8.9111E-05    9.89E+07     8.9111E-05    
   9.9E+07      0.98596      8.9055E-05    9.9E+07      8.9055E-05    
   9.91E+07     0.98596      8.8955E-05    9.91E+07     8.8955E-05    
   9.92E+07     0.98597      8.8859E-05    9.92E+07     8.8859E-05    
   9.93E+07     0.98597      8.876E-05     9.93E+07     8.876E-05     
   9.94E+07     0.98596      8.8671E-05    9.94E+07     8.8671E-05    
   9.95E+07     0.98596      8.8573E-05    9.95E+07     8.8573E-05    
   9.96E+07     0.98597      8.8491E-05    9.96E+07     8.8491E-05    
   9.97E+07     0.98597      8.8409E-05    9.97E+07     8.8409E-05    
   9.98E+07     0.98597      8.8422E-05    9.98E+07     8.8422E-05    
   9.99E+07     0.98597      8.8325E-05    9.99E+07     8.8325E-05    
   1E+08        0.98597      8.8261E-05    1E+08        8.8261E-05    
