# This file is written with the intent of being used to plot the data with 
# Gnuplot.  It contains no information regarding how the plot should be 
# formatted.
# =========================================================================
# Research/ArnoldivsPower -f Power1-25.dat -t 100000 -A -c 100 -C 900 -w 20 -b 75 -r  seed = 4012038376
# filename = Power1-25.dat, run = true, power = true, Arnoldi = false, storevectors = 0, raw = false, evectors = 2, evalues = 2, residual = false, arnoldimethod = implicit, tol = 2.22045e-16, verbose = 1, seed = 0, width = 20, bins = 75, acycles = 900, incycles = 100, active = 20, inactive = 0, Iterations = 10, numValues = 2, relaxed = 0, tracks = 100000, ignore_rest = false, version = false, help = false, 

#  1            2            3             4            5             6            7             8            9            
# |-            Power values           -| |-   Power eValues SD   -| |-       FOM-Power      -| |-     Power vector     -| 
#  x-coord      y-coord      error         x-coord      y-coord       x-coord      y-coord       x-coord      y-coord       
   1E+05        0.95643      0             1E+05        0             1.01E+07     0             0.13333      0.017616      
   2E+05        0.96873      0             2E+05        0             1.02E+07     5.3038E+05    0.4          0.024543      
   3E+05        0.97193      0             3E+05        0             1.03E+07     1.4043E+05    0.66667      0.031238      
   4E+05        0.97375      0             4E+05        0             1.04E+07     1.6158E+05    0.93333      0.03743       
   5E+05        0.98211      0             5E+05        0             1.05E+07     2.0236E+05    1.2          0.043496      
   6E+05        0.98205      0             6E+05        0             1.06E+07     2.7829E+05    1.4667       0.049762      
   7E+05        0.97775      0             7E+05        0             1.07E+07     85845         1.7333       0.055601      
   8E+05        0.97877      0             8E+05        0             1.08E+07     97706         2            0.061191      
   9E+05        0.98109      0             9E+05        0             1.09E+07     81072         2.2667       0.06732       
   1E+06        0.98411      0             1E+06        0             1.1E+07      93165         2.5333       0.072728      
   1.1E+06      0.98182      0             1.1E+06      0             1.11E+07     58295         2.8          0.078079      
   1.2E+06      0.98347      0             1.2E+06      0             1.12E+07     60208         3.0667       0.083358      
   1.3E+06      0.98169      0             1.3E+06      0             1.13E+07     66998         3.3333       0.088403      
   1.4E+06      0.98549      0             1.4E+06      0             1.14E+07     77002         3.6          0.093787      
   1.5E+06      0.98625      0             1.5E+06      0             1.15E+07     78078         3.8667       0.098621      
   1.6E+06      0.98434      0             1.6E+06      0             1.16E+07     78143         4.1333       0.10368       
   1.7E+06      0.98387      0             1.7E+06      0             1.17E+07     87416         4.4          0.10831       
   1.8E+06      0.98017      0             1.8E+06      0             1.18E+07     97035         4.6667       0.11259       
   1.9E+06      0.98694      0             1.9E+06      0             1.19E+07     90464         4.9333       0.11673       
   2E+06        0.98676      0             2E+06        0             1.2E+07      72072         5.2          0.12083       
   2.1E+06      0.98516      0             2.1E+06      0             1.21E+07     61528         5.4667       0.12511       
   2.2E+06      0.98204      0             2.2E+06      0             1.22E+07     66908         5.7333       0.12864       
   2.3E+06      0.98712      0             2.3E+06      0             1.23E+07     72088         6            0.13204       
   2.4E+06      0.98017      0             2.4E+06      0             1.24E+07     77435         6.2667       0.13533       
   2.5E+06      0.9875       0             2.5E+06      0             1.25E+07     82342         6.5333       0.13852       
   2.6E+06      0.98748      0             2.6E+06      0             1.26E+07     73425         6.8          0.14118       
   2.7E+06      0.98386      0             2.7E+06      0             1.27E+07     77934         7.0667       0.14427       
   2.8E+06      0.98272      0             2.8E+06      0             1.28E+07     82367         7.3333       0.14629       
   2.9E+06      0.9914       0             2.9E+06      0             1.29E+07     84281         7.6          0.14878       
   3E+06        0.97942      0             3E+06        0             1.3E+07      89407         7.8667       0.15032       
   3.1E+06      0.99128      0             3.1E+06      0             1.31E+07     85391         8.1333       0.15209       
   3.2E+06      0.98445      0             3.2E+06      0             1.32E+07     78341         8.4          0.15378       
   3.3E+06      0.9841       0             3.3E+06      0             1.33E+07     74284         8.6667       0.15458       
   3.4E+06      0.99248      0             3.4E+06      0             1.34E+07     73544         8.9333       0.1556        
   3.5E+06      0.98847      0             3.5E+06      0             1.35E+07     75767         9.2          0.15643       
   3.6E+06      0.98715      0             3.6E+06      0             1.36E+07     75589         9.4667       0.15694       
   3.7E+06      0.98273      0             3.7E+06      0             1.37E+07     75125         9.7333       0.15774       
   3.8E+06      0.99045      0             3.8E+06      0             1.38E+07     78672         10           0.1577        
   3.9E+06      0.98415      0             3.9E+06      0             1.39E+07     80753         10.267       0.15717       
   4E+06        0.98647      0             4E+06        0             1.4E+07      78616         10.533       0.15671       
   4.1E+06      0.98558      0             4.1E+06      0             1.41E+07     79221         10.8         0.15626       
   4.2E+06      0.98428      0             4.2E+06      0             1.42E+07     80822         11.067       0.15567       
   4.3E+06      0.98543      0             4.3E+06      0             1.43E+07     81994         11.333       0.15422       
   4.4E+06      0.98915      0             4.4E+06      0             1.44E+07     83773         11.6         0.15329       
   4.5E+06      0.98838      0             4.5E+06      0             1.45E+07     86791         11.867       0.15177       
   4.6E+06      0.98365      0             4.6E+06      0             1.46E+07     89959         12.133       0.14977       
   4.7E+06      0.9859       0             4.7E+06      0             1.47E+07     93165         12.4         0.14798       
   4.8E+06      0.98632      0             4.8E+06      0             1.48E+07     96006         12.667       0.14584       
   4.9E+06      0.99205      0             4.9E+06      0             1.49E+07     99180         12.933       0.14396       
   5E+06        0.98312      0             5E+06        0             1.5E+07      1.0056E+05    13.2         0.14111       
   5.1E+06      0.98611      0             5.1E+06      0             1.51E+07     1.0331E+05    13.467       0.13783       
   5.2E+06      0.98138      0             5.2E+06      0             1.52E+07     1.0306E+05    13.733       0.13432       
   5.3E+06      0.98799      0             5.3E+06      0             1.53E+07     1.0424E+05    14           0.13109       
   5.4E+06      0.98925      0             5.4E+06      0             1.54E+07     1.059E+05     14.267       0.12739       
   5.5E+06      0.98768      0             5.5E+06      0             1.55E+07     1.0684E+05    14.533       0.12378       
   5.6E+06      0.98872      0             5.6E+06      0             1.56E+07     1.0686E+05    14.8         0.11984       
   5.7E+06      0.98603      0             5.7E+06      0             1.57E+07     1.0917E+05    15.067       0.11561       
   5.8E+06      0.98703      0             5.8E+06      0             1.58E+07     1.0891E+05    15.333       0.11126       
   5.9E+06      0.9845       0             5.9E+06      0             1.59E+07     1.1196E+05    15.6         0.10637       
   6E+06        0.98808      0             6E+06        0             1.6E+07      1.1361E+05    15.867       0.10201       
   6.1E+06      0.98509      0             6.1E+06      0             1.61E+07     1.1623E+05    16.133       0.097178      
   6.2E+06      0.98655      0             6.2E+06      0             1.62E+07     1.1298E+05    16.4         0.092362      
   6.3E+06      0.98348      0             6.3E+06      0             1.63E+07     1.1474E+05    16.667       0.087488      
   6.4E+06      0.99038      0             6.4E+06      0             1.64E+07     1.1764E+05    16.933       0.082459      
   6.5E+06      0.98573      0             6.5E+06      0             1.65E+07     1.1367E+05    17.2         0.076999      
   6.6E+06      0.98723      0             6.6E+06      0             1.66E+07     1.1519E+05    17.467       0.071406      
   6.7E+06      0.98226      0             6.7E+06      0             1.67E+07     1.1555E+05    17.733       0.065886      
   6.8E+06      0.9838       0             6.8E+06      0             1.68E+07     1.1709E+05    18           0.060459      
   6.9E+06      0.98839      0             6.9E+06      0             1.69E+07     1.198E+05     18.267       0.054767      
   7E+06        0.98363      0             7E+06        0             1.7E+07      1.1964E+05    18.533       0.048994      
   7.1E+06      0.98515      0             7.1E+06      0             1.71E+07     1.2197E+05    18.8         0.043052      
   7.2E+06      0.99074      0             7.2E+06      0             1.72E+07     1.2403E+05    19.067       0.037268      
   7.3E+06      0.98495      0             7.3E+06      0             1.73E+07     1.2184E+05    19.333       0.030887      
   7.4E+06      0.98433      0             7.4E+06      0             1.74E+07     1.2307E+05    19.6         0.024494      
   7.5E+06      0.98707      0             7.5E+06      0             1.75E+07     1.2548E+05    19.867       0.017393      
   7.6E+06      0.98743      0             7.6E+06      0             1.76E+07     1.2809E+05    
   7.7E+06      0.98627      0             7.7E+06      0             1.77E+07     1.305E+05     
   7.8E+06      0.98542      0             7.8E+06      0             1.78E+07     1.3304E+05    
   7.9E+06      0.98288      0             7.9E+06      0             1.79E+07     1.356E+05     
   8E+06        0.98318      0             8E+06        0             1.8E+07      1.3825E+05    
   8.1E+06      0.9801       0             8.1E+06      0             1.81E+07     1.3995E+05    
   8.2E+06      0.9874       0             8.2E+06      0             1.82E+07     1.4267E+05    
   8.3E+06      0.98702      0             8.3E+06      0             1.83E+07     1.4514E+05    
   8.4E+06      0.98538      0             8.4E+06      0             1.84E+07     1.4715E+05    
   8.5E+06      0.98823      0             8.5E+06      0             1.85E+07     1.4901E+05    
   8.6E+06      0.98772      0             8.6E+06      0             1.86E+07     1.5E+05       
   8.7E+06      0.98211      0             8.7E+06      0             1.87E+07     1.5258E+05    
   8.8E+06      0.98056      0             8.8E+06      0             1.88E+07     1.5525E+05    
   8.9E+06      0.98745      0             8.9E+06      0             1.89E+07     1.557E+05     
   9E+06        0.98863      0             9E+06        0             1.9E+07      1.5827E+05    
   9.1E+06      0.9808       0             9.1E+06      0             1.91E+07     1.6039E+05    
   9.2E+06      0.98767      0             9.2E+06      0             1.92E+07     1.6231E+05    
   9.3E+06      0.98379      0             9.3E+06      0             1.93E+07     1.6493E+05    
   9.4E+06      0.9838       0             9.4E+06      0             1.94E+07     1.6496E+05    
   9.5E+06      0.97928      0             9.5E+06      0             1.95E+07     1.6489E+05    
   9.6E+06      0.97989      0             9.6E+06      0             1.96E+07     1.6547E+05    
   9.7E+06      0.98603      0             9.7E+06      0             1.97E+07     1.6811E+05    
   9.8E+06      0.98928      0             9.8E+06      0             1.98E+07     1.6938E+05    
   9.9E+06      0.9829       0             9.9E+06      0             1.99E+07     1.7168E+05    
   1E+07        0.98743      0             1E+07        0             2E+07        1.6935E+05    
   1.01E+07     0.98676      NAN           1.01E+07     NAN           2.01E+07     1.7191E+05    
   1.02E+07     0.98648      0.00019886    1.02E+07     0.00019886    2.02E+07     1.7025E+05    
   1.03E+07     0.98603      0.00038462    1.03E+07     0.00038462    2.03E+07     1.7178E+05    
   1.04E+07     0.98628      0.00035652    1.04E+07     0.00035652    2.04E+07     1.7313E+05    
   1.05E+07     0.98612      0.00031709    1.05E+07     0.00031709    2.05E+07     1.7346E+05    
   1.06E+07     0.98618      0.00026915    1.06E+07     0.00026915    2.06E+07     1.7431E+05    
   1.07E+07     0.98572      0.00048224    1.07E+07     0.00048224    2.07E+07     1.7673E+05    
   1.08E+07     0.98555      0.00044967    1.08E+07     0.00044967    2.08E+07     1.7919E+05    
   1.09E+07     0.98525      0.00049136    1.09E+07     0.00049136    2.09E+07     1.7489E+05    
   1.1E+07      0.98513      0.00045633    1.1E+07      0.00045633    2.1E+07      1.7706E+05    
   1.11E+07     0.98555      0.00057423    1.11E+07     0.00057423    2.11E+07     1.7857E+05    
   1.12E+07     0.98534      0.00056225    1.12E+07     0.00056225    2.12E+07     1.8031E+05    
   1.13E+07     0.98523      0.00053061    1.13E+07     0.00053061    2.13E+07     1.8266E+05    
   1.14E+07     0.98524      0.00049282    1.14E+07     0.00049282    2.14E+07     1.8465E+05    
   1.15E+07     0.98507      0.00048725    1.15E+07     0.00048725    2.15E+07     1.8705E+05    
   1.16E+07     0.9849       0.000485      1.16E+07     0.000485      2.16E+07     1.8868E+05    
   1.17E+07     0.9849       0.00045647    1.17E+07     0.00045647    2.17E+07     1.9109E+05    
   1.18E+07     0.98488      0.00043147    1.18E+07     0.00043147    2.18E+07     1.9154E+05    
   1.19E+07     0.98507      0.00044504    1.19E+07     0.00044504    2.19E+07     1.9302E+05    
   1.2E+07      0.98533      0.00049646    1.2E+07      0.00049646    2.2E+07      1.9459E+05    
   1.21E+07     0.98508      0.00053497    1.21E+07     0.00053497    2.21E+07     1.9699E+05    
   1.22E+07     0.98506      0.00051095    1.22E+07     0.00051095    2.22E+07     1.9684E+05    
   1.23E+07     0.98502      0.00049029    1.23E+07     0.00049029    2.23E+07     1.9922E+05    
   1.24E+07     0.98505      0.00047112    1.24E+07     0.00047112    2.24E+07     1.9722E+05    
   1.25E+07     0.985        0.00045485    1.25E+07     0.00045485    2.25E+07     1.9843E+05    
   1.26E+07     0.9848       0.00047975    1.26E+07     0.00047975    2.26E+07     1.9977E+05    
   1.27E+07     0.98476      0.00046385    1.27E+07     0.00046385    2.27E+07     2.0203E+05    
   1.28E+07     0.98481      0.00044949    1.28E+07     0.00044949    2.28E+07     2.0037E+05    
   1.29E+07     0.98489      0.00044232    1.29E+07     0.00044232    2.29E+07     2.0228E+05    
   1.3E+07      0.98488      0.00042784    1.3E+07      0.00042784    2.3E+07      2.0164E+05    
   1.31E+07     0.98502      0.00043607    1.31E+07     0.00043607    2.31E+07     2.0351E+05    
   1.32E+07     0.98518      0.00045359    1.32E+07     0.00045359    2.32E+07     2.0155E+05    
   1.33E+07     0.98533      0.00046375    1.33E+07     0.00046375    2.33E+07     2.0195E+05    
   1.34E+07     0.98545      0.0004644     1.34E+07     0.0004644     2.34E+07     2.0388E+05    
   1.35E+07     0.98551      0.0004557     1.35E+07     0.0004557     2.35E+07     2.057E+05     
   1.36E+07     0.98562      0.00045461    1.36E+07     0.00045461    2.36E+07     1.9822E+05    
   1.37E+07     0.98572      0.00045411    1.37E+07     0.00045411    2.37E+07     2.0011E+05    
   1.38E+07     0.98573      0.00044219    1.38E+07     0.00044219    2.38E+07     2.0198E+05    
   1.39E+07     0.98567      0.00043487    1.39E+07     0.00043487    2.39E+07     2.0401E+05    
   1.4E+07      0.98578      0.00043922    1.4E+07      0.00043922    2.4E+07      2.0598E+05    
   1.41E+07     0.98586      0.00043559    1.41E+07     0.00043559    2.41E+07     2.0742E+05    
   1.42E+07     0.98593      0.00042978    1.42E+07     0.00042978    2.42E+07     2.0831E+05    
   1.43E+07     0.986        0.00042526    1.43E+07     0.00042526    2.43E+07     2.0445E+05    
   1.44E+07     0.98605      0.00041921    1.44E+07     0.00041921    2.44E+07     2.0597E+05    
   1.45E+07     0.98607      0.00041028    1.45E+07     0.00041028    2.45E+07     2.0797E+05    
   1.46E+07     0.98608      0.00040159    1.46E+07     0.00040159    2.46E+07     2.0986E+05    
   1.47E+07     0.98607      0.00039332    1.47E+07     0.00039332    2.47E+07     2.0708E+05    
   1.48E+07     0.9861       0.0003861     1.48E+07     0.0003861     2.48E+07     2.0848E+05    
   1.49E+07     0.98608      0.00037865    1.49E+07     0.00037865    2.49E+07     2.0887E+05    
   1.5E+07      0.98603      0.00037462    1.5E+07      0.00037462    2.5E+07      2.0025E+05    
   1.51E+07     0.986        0.00036843    1.51E+07     0.00036843    2.51E+07     1.983E+05     
   1.52E+07     0.98606      0.00036761    1.52E+07     0.00036761    2.52E+07     1.9093E+05    
   1.53E+07     0.98612      0.00036437    1.53E+07     0.00036437    2.53E+07     1.9023E+05    
   1.54E+07     0.98607      0.00036018    1.54E+07     0.00036018    2.54E+07     1.8261E+05    
   1.55E+07     0.98602      0.00035748    1.55E+07     0.00035748    2.55E+07     1.8332E+05    
   1.56E+07     0.98608      0.00035634    1.56E+07     0.00035634    2.56E+07     1.8454E+05    
   1.57E+07     0.98605      0.00035138    1.57E+07     0.00035138    2.57E+07     1.8291E+05    
   1.58E+07     0.98611      0.00035059    1.58E+07     0.00035059    2.58E+07     1.8325E+05    
   1.59E+07     0.98612      0.00034468    1.59E+07     0.00034468    2.59E+07     1.8425E+05    
   1.6E+07      0.98616      0.00034113    1.6E+07      0.00034113    2.6E+07      1.8466E+05    
   1.61E+07     0.98614      0.0003362     1.61E+07     0.0003362     2.61E+07     1.8603E+05    
   1.62E+07     0.98621      0.00033984    1.62E+07     0.00033984    2.62E+07     1.8708E+05    
   1.63E+07     0.98618      0.00033616    1.63E+07     0.00033616    2.63E+07     1.8868E+05    
   1.64E+07     0.98617      0.00033101    1.64E+07     0.00033101    2.64E+07     1.9017E+05    
   1.65E+07     0.98625      0.00033569    1.65E+07     0.00033569    2.65E+07     1.9104E+05    
   1.66E+07     0.98629      0.00033235    1.66E+07     0.00033235    2.66E+07     1.8914E+05    
   1.67E+07     0.98633      0.00033084    1.67E+07     0.00033084    2.67E+07     1.9071E+05    
   1.68E+07     0.9863       0.00032772    1.68E+07     0.00032772    2.68E+07     1.9211E+05    
   1.69E+07     0.98629      0.00032307    1.69E+07     0.00032307    2.69E+07     1.9237E+05    
   1.7E+07      0.98624      0.00032218    1.7E+07      0.00032218    2.7E+07      1.9382E+05    
   1.71E+07     0.98626      0.00031819    1.71E+07     0.00031819    2.71E+07     1.9508E+05    
   1.72E+07     0.98624      0.0003146     1.72E+07     0.0003146     2.72E+07     1.9597E+05    
   1.73E+07     0.98618      0.00031652    1.73E+07     0.00031652    2.73E+07     1.9739E+05    
   1.74E+07     0.98621      0.0003139     1.74E+07     0.0003139     2.74E+07     1.9885E+05    
   1.75E+07     0.98622      0.00031001    1.75E+07     0.00031001    2.75E+07     1.9982E+05    
   1.76E+07     0.98623      0.00030596    1.76E+07     0.00030596    2.76E+07     2.0007E+05    
   1.77E+07     0.98621      0.00030231    1.77E+07     0.00030231    2.77E+07     1.9526E+05    
   1.78E+07     0.9862       0.00029854    1.78E+07     0.00029854    2.78E+07     1.9495E+05    
   1.79E+07     0.9862       0.00029482    1.79E+07     0.00029482    2.79E+07     1.932E+05     
   1.8E+07      0.98619      0.0002912     1.8E+07      0.0002912     2.8E+07      1.9466E+05    
   1.81E+07     0.98622      0.0002886     1.81E+07     0.0002886     2.81E+07     1.9586E+05    
   1.82E+07     0.98622      0.00028508    1.82E+07     0.00028508    2.82E+07     1.9569E+05    
   1.83E+07     0.98623      0.00028179    1.83E+07     0.00028179    2.83E+07     1.9554E+05    
   1.84E+07     0.98625      0.00027913    1.84E+07     0.00027913    2.84E+07     1.9701E+05    
   1.85E+07     0.98623      0.00027664    1.85E+07     0.00027664    2.85E+07     1.9811E+05    
   1.86E+07     0.9862       0.00027501    1.86E+07     0.00027501    2.86E+07     1.9952E+05    
   1.87E+07     0.98619      0.00027185    1.87E+07     0.00027185    2.87E+07     1.9969E+05    
   1.88E+07     0.98619      0.00026881    1.88E+07     0.00026881    2.88E+07     2.0039E+05    
   1.89E+07     0.98622      0.00026769    1.89E+07     0.00026769    2.89E+07     2.0169E+05    
   1.9E+07      0.98621      0.00026484    1.9E+07      0.00026484    2.9E+07      2.0114E+05    
   1.91E+07     0.9862       0.00026229    1.91E+07     0.00026229    2.91E+07     2.022E+05     
   1.92E+07     0.98618      0.00026007    1.92E+07     0.00026007    2.92E+07     2.0308E+05    
   1.93E+07     0.98619      0.00025736    1.93E+07     0.00025736    2.93E+07     2.0265E+05    
   1.94E+07     0.98616      0.00025666    1.94E+07     0.00025666    2.94E+07     2.0393E+05    
   1.95E+07     0.98619      0.00025602    1.95E+07     0.00025602    2.95E+07     2.0335E+05    
   1.96E+07     0.98622      0.0002549     1.96E+07     0.0002549     2.96E+07     2.0429E+05    
   1.97E+07     0.98622      0.00025227    1.97E+07     0.00025227    2.97E+07     2.0547E+05    
   1.98E+07     0.98619      0.00025069    1.98E+07     0.00025069    2.98E+07     2.0687E+05    
   1.99E+07     0.9862       0.00024833    1.99E+07     0.00024833    2.99E+07     2.0698E+05    
   2E+07        0.98616      0.00024942    2E+07        0.00024942    3E+07        2.0763E+05    
   2.01E+07     0.98616      0.00024697    2.01E+07     0.00024697    3.01E+07     2.0892E+05    
   2.02E+07     0.9862       0.00024756    2.02E+07     0.00024756    3.02E+07     2.1034E+05    
   2.03E+07     0.98622      0.00024587    2.03E+07     0.00024587    3.03E+07     2.1063E+05    
   2.04E+07     0.9862       0.00024426    2.04E+07     0.00024426    3.04E+07     2.1006E+05    
   2.05E+07     0.98617      0.00024343    2.05E+07     0.00024343    3.05E+07     2.0999E+05    
   2.06E+07     0.98615      0.00024222    2.06E+07     0.00024222    3.06E+07     2.11E+05      
   2.07E+07     0.98615      0.00023996    2.07E+07     0.00023996    3.07E+07     2.1225E+05    
   2.08E+07     0.98615      0.00023773    2.08E+07     0.00023773    3.08E+07     2.1328E+05    
   2.09E+07     0.98611      0.00024006    2.09E+07     0.00024006    3.09E+07     2.137E+05     
   2.1E+07      0.98612      0.00023803    2.1E+07      0.00023803    3.1E+07      2.1495E+05    
   2.11E+07     0.9861       0.00023646    2.11E+07     0.00023646    3.11E+07     2.133E+05     
   2.12E+07     0.98609      0.00023473    2.12E+07     0.00023473    3.12E+07     2.1392E+05    
   2.13E+07     0.98608      0.00023265    2.13E+07     0.00023265    3.13E+07     2.1527E+05    
   2.14E+07     0.9861       0.00023087    2.14E+07     0.00023087    3.14E+07     2.166E+05     
   2.15E+07     0.9861       0.00022887    2.15E+07     0.00022887    3.15E+07     2.1718E+05    
   2.16E+07     0.98609      0.00022726    2.16E+07     0.00022726    3.16E+07     2.1732E+05    
   2.17E+07     0.98609      0.00022533    2.17E+07     0.00022533    3.17E+07     2.1258E+05    
   2.18E+07     0.98611      0.00022453    2.18E+07     0.00022453    3.18E+07     2.1296E+05    
   2.19E+07     0.98609      0.00022318    2.19E+07     0.00022318    3.19E+07     2.0983E+05    
   2.2E+07      0.98611      0.00022171    2.2E+07      0.00022171    3.2E+07      2.0828E+05    
   2.21E+07     0.98611      0.00021988    2.21E+07     0.00021988    3.21E+07     2.0951E+05    
   2.22E+07     0.98613      0.00021946    2.22E+07     0.00021946    3.22E+07     2.0924E+05    
   2.23E+07     0.98613      0.00021768    2.23E+07     0.00021768    3.23E+07     2.0775E+05    
   2.24E+07     0.9861       0.00021823    2.24E+07     0.00021823    3.24E+07     2.0501E+05    
   2.25E+07     0.98608      0.0002171     2.25E+07     0.0002171     3.25E+07     2.0619E+05    
   2.26E+07     0.9861       0.00021589    2.26E+07     0.00021589    3.26E+07     2.0729E+05    
   2.27E+07     0.9861       0.00021422    2.27E+07     0.00021422    3.27E+07     2.0775E+05    
   2.28E+07     0.98607      0.00021465    2.28E+07     0.00021465    3.28E+07     2.0807E+05    
   2.29E+07     0.98606      0.00021311    2.29E+07     0.00021311    3.29E+07     2.0898E+05    
   2.3E+07      0.98604      0.000213      2.3E+07      0.000213      3.3E+07      2.0731E+05    
   2.31E+07     0.98605      0.00021155    2.31E+07     0.00021155    3.31E+07     2.0844E+05    
   2.32E+07     0.98602      0.00021213    2.32E+07     0.00021213    3.32E+07     2.0884E+05    
   2.33E+07     0.98604      0.00021142    2.33E+07     0.00021142    3.33E+07     2.0686E+05    
   2.34E+07     0.98603      0.00020998    2.34E+07     0.00020998    3.34E+07     2.0721E+05    
   2.35E+07     0.98602      0.0002086     2.35E+07     0.0002086     3.35E+07     2.0815E+05    
   2.36E+07     0.98597      0.00021206    2.36E+07     0.00021206    3.36E+07     2.0888E+05    
   2.37E+07     0.98597      0.00021055    2.37E+07     0.00021055    3.37E+07     2.1003E+05    
   2.38E+07     0.98596      0.00020915    2.38E+07     0.00020915    3.38E+07     2.1098E+05    
   2.39E+07     0.98596      0.00020769    2.39E+07     0.00020769    3.39E+07     2.1192E+05    
   2.4E+07      0.98596      0.00020626    2.4E+07      0.00020626    3.4E+07      2.1283E+05    
   2.41E+07     0.98595      0.00020507    2.41E+07     0.00020507    3.41E+07     2.1377E+05    
   2.42E+07     0.98594      0.0002042     2.42E+07     0.0002042     3.42E+07     2.1483E+05    
   2.43E+07     0.98597      0.00020571    2.43E+07     0.00020571    3.43E+07     2.1344E+05    
   2.44E+07     0.98598      0.00020452    2.44E+07     0.00020452    3.44E+07     2.1097E+05    
   2.45E+07     0.98598      0.00020313    2.45E+07     0.00020313    3.45E+07     2.1189E+05    
   2.46E+07     0.98598      0.00020181    2.46E+07     0.00020181    3.46E+07     2.1187E+05    
   2.47E+07     0.98601      0.00020275    2.47E+07     0.00020275    3.47E+07     2.1192E+05    
   2.48E+07     0.986        0.00020165    2.48E+07     0.00020165    3.48E+07     2.0953E+05    
   2.49E+07     0.98598      0.00020101    2.49E+07     0.00020101    3.49E+07     2.1053E+05    
   2.5E+07      0.98603      0.00020487    2.5E+07      0.00020487    3.5E+07      2.1153E+05    
   2.51E+07     0.986        0.00020549    2.51E+07     0.00020549    3.51E+07     2.0997E+05    
   2.52E+07     0.98605      0.00020902    2.52E+07     0.00020902    3.52E+07     2.0937E+05    
   2.53E+07     0.98602      0.00020892    2.53E+07     0.00020892    3.53E+07     2.1004E+05    
   2.54E+07     0.98607      0.00021283    2.54E+07     0.00021283    3.54E+07     2.0821E+05    
   2.55E+07     0.98605      0.00021199    2.55E+07     0.00021199    3.55E+07     2.0908E+05    
   2.56E+07     0.98606      0.0002109     2.56E+07     0.0002109     3.56E+07     2.0985E+05    
   2.57E+07     0.98609      0.00021142    2.57E+07     0.00021142    3.57E+07     2.1044E+05    
   2.58E+07     0.98608      0.00021078    2.58E+07     0.00021078    3.58E+07     2.1139E+05    
   2.59E+07     0.98609      0.00020979    2.59E+07     0.00020979    3.59E+07     2.1246E+05    
   2.6E+07      0.9861       0.00020917    2.6E+07      0.00020917    3.6E+07      2.135E+05     
   2.61E+07     0.9861       0.00020799    2.61E+07     0.00020799    3.61E+07     2.1332E+05    
   2.62E+07     0.98611      0.00020699    2.62E+07     0.00020699    3.62E+07     2.1427E+05    
   2.63E+07     0.98611      0.00020572    2.63E+07     0.00020572    3.63E+07     2.1507E+05    
   2.64E+07     0.98611      0.00020454    2.64E+07     0.00020454    3.64E+07     2.1598E+05    
   2.65E+07     0.9861       0.00020371    2.65E+07     0.00020371    3.65E+07     2.1636E+05    
   2.66E+07     0.98613      0.00020427    2.66E+07     0.00020427    3.66E+07     2.1266E+05    
   2.67E+07     0.98613      0.00020306    2.67E+07     0.00020306    3.67E+07     2.1332E+05    
   2.68E+07     0.98614      0.00020195    2.68E+07     0.00020195    3.68E+07     2.1401E+05    
   2.69E+07     0.98615      0.00020143    2.69E+07     0.00020143    3.69E+07     2.1478E+05    
   2.7E+07      0.98615      0.00020025    2.7E+07      0.00020025    3.7E+07      2.1393E+05    
   2.71E+07     0.98616      0.00019925    2.71E+07     0.00019925    3.71E+07     2.1496E+05    
   2.72E+07     0.98615      0.00019842    2.72E+07     0.00019842    3.72E+07     2.1275E+05    
   2.73E+07     0.98615      0.00019736    2.73E+07     0.00019736    3.73E+07     2.1224E+05    
   2.74E+07     0.98616      0.00019624    2.74E+07     0.00019624    3.74E+07     2.1305E+05    
   2.75E+07     0.98614      0.00019543    2.75E+07     0.00019543    3.75E+07     2.09E+05      
   2.76E+07     0.98616      0.00019495    2.76E+07     0.00019495    3.76E+07     2.0971E+05    
   2.77E+07     0.98613      0.00019699    2.77E+07     0.00019699    3.77E+07     2.101E+05     
   2.78E+07     0.98611      0.00019675    2.78E+07     0.00019675    3.78E+07     2.1049E+05    
   2.79E+07     0.98608      0.00019729    2.79E+07     0.00019729    3.79E+07     2.0981E+05    
   2.8E+07      0.98608      0.00019621    2.8E+07      0.00019621    3.8E+07      2.105E+05     
   2.81E+07     0.98607      0.00019524    2.81E+07     0.00019524    3.81E+07     2.1124E+05    
   2.82E+07     0.98609      0.000195      2.82E+07     0.000195      3.82E+07     2.1126E+05    
   2.83E+07     0.98607      0.00019471    2.83E+07     0.00019471    3.83E+07     2.1171E+05    
   2.84E+07     0.98607      0.00019365    2.84E+07     0.00019365    3.84E+07     2.1179E+05    
   2.85E+07     0.98607      0.00019276    2.85E+07     0.00019276    3.85E+07     2.1272E+05    
   2.86E+07     0.98606      0.00019176    2.86E+07     0.00019176    3.86E+07     2.1333E+05    
   2.87E+07     0.98605      0.00019131    2.87E+07     0.00019131    3.87E+07     2.1381E+05    
   2.88E+07     0.98604      0.00019066    2.88E+07     0.00019066    3.88E+07     2.1468E+05    
   2.89E+07     0.98604      0.00018973    2.89E+07     0.00018973    3.89E+07     2.1559E+05    
   2.9E+07      0.98602      0.00018965    2.9E+07      0.00018965    3.9E+07      2.1578E+05    
   2.91E+07     0.98601      0.00018883    2.91E+07     0.00018883    3.91E+07     2.1631E+05    
   2.92E+07     0.98602      0.00018811    2.92E+07     0.00018811    3.92E+07     2.1697E+05    
   2.93E+07     0.98604      0.00018799    2.93E+07     0.00018799    3.93E+07     2.1791E+05    
   2.94E+07     0.98605      0.00018708    2.94E+07     0.00018708    3.94E+07     2.1777E+05    
   2.95E+07     0.98603      0.00018701    2.95E+07     0.00018701    3.95E+07     2.1869E+05    
   2.96E+07     0.98602      0.00018627    2.96E+07     0.00018627    3.96E+07     2.1894E+05    
   2.97E+07     0.98603      0.00018543    2.97E+07     0.00018543    3.97E+07     2.1922E+05    
   2.98E+07     0.98603      0.00018449    2.98E+07     0.00018449    3.98E+07     2.1919E+05    
   2.99E+07     0.98604      0.0001841     2.99E+07     0.0001841     3.99E+07     2.1922E+05    
   3E+07        0.98605      0.00018352    3E+07        0.00018352    4E+07        2.2014E+05    
   3.01E+07     0.98605      0.00018265    3.01E+07     0.00018265    4.01E+07     2.1987E+05    
   3.02E+07     0.98605      0.00018175    3.02E+07     0.00018175    4.02E+07     2.1956E+05    
   3.03E+07     0.98606      0.00018131    3.03E+07     0.00018131    4.03E+07     2.203E+05     
   3.04E+07     0.98608      0.00018127    3.04E+07     0.00018127    4.04E+07     2.211E+05     
   3.05E+07     0.98609      0.000181      3.05E+07     0.000181      4.05E+07     2.2176E+05    
   3.06E+07     0.9861       0.00018028    3.06E+07     0.00018028    4.06E+07     2.218E+05     
   3.07E+07     0.9861       0.00017946    3.07E+07     0.00017946    4.07E+07     2.2095E+05    
   3.08E+07     0.98609      0.0001787     3.08E+07     0.0001787     4.08E+07     2.2155E+05    
   3.09E+07     0.98608      0.00017823    3.09E+07     0.00017823    4.09E+07     2.2168E+05    
   3.1E+07      0.98607      0.00017744    3.1E+07      0.00017744    4.1E+07      2.2235E+05    
   3.11E+07     0.98609      0.00017785    3.11E+07     0.00017785    4.11E+07     2.2282E+05    
   3.12E+07     0.9861       0.00017726    3.12E+07     0.00017726    4.12E+07     2.2374E+05    
   3.13E+07     0.9861       0.00017643    3.13E+07     0.00017643    4.13E+07     2.2424E+05    
   3.14E+07     0.9861       0.00017562    3.14E+07     0.00017562    4.14E+07     2.2477E+05    
   3.15E+07     0.98611      0.00017512    3.15E+07     0.00017512    4.15E+07     2.2556E+05    
   3.16E+07     0.98612      0.00017475    3.16E+07     0.00017475    4.16E+07     2.2554E+05    
   3.17E+07     0.98615      0.00017642    3.17E+07     0.00017642    4.17E+07     2.2485E+05    
   3.18E+07     0.98617      0.00017599    3.18E+07     0.00017599    4.18E+07     2.2507E+05    
   3.19E+07     0.98619      0.00017703    3.19E+07     0.00017703    4.19E+07     2.2586E+05    
   3.2E+07      0.98621      0.00017736    3.2E+07      0.00017736    4.2E+07      2.2623E+05    
   3.21E+07     0.98621      0.00017658    3.21E+07     0.00017658    4.21E+07     2.2656E+05    
   3.22E+07     0.98622      0.00017642    3.22E+07     0.00017642    4.22E+07     2.2701E+05    
   3.23E+07     0.98624      0.00017678    3.23E+07     0.00017678    4.23E+07     2.2774E+05    
   3.24E+07     0.98622      0.00017766    3.24E+07     0.00017766    4.24E+07     2.2846E+05    
   3.25E+07     0.98622      0.00017687    3.25E+07     0.00017687    4.25E+07     2.2924E+05    
   3.26E+07     0.98621      0.00017614    3.26E+07     0.00017614    4.26E+07     2.3012E+05    
   3.27E+07     0.98622      0.00017567    3.27E+07     0.00017567    4.27E+07     2.3085E+05    
   3.28E+07     0.98624      0.00017526    3.28E+07     0.00017526    4.28E+07     2.2894E+05    
   3.29E+07     0.98624      0.00017461    3.29E+07     0.00017461    4.29E+07     2.2936E+05    
   3.3E+07      0.98626      0.00017505    3.3E+07      0.00017505    4.3E+07      2.295E+05     
   3.31E+07     0.98626      0.0001743     3.31E+07     0.0001743     4.31E+07     2.3035E+05    
   3.32E+07     0.98625      0.00017384    3.32E+07     0.00017384    4.32E+07     2.3108E+05    
   3.33E+07     0.98628      0.00017441    3.33E+07     0.00017441    4.33E+07     2.3001E+05    
   3.34E+07     0.98626      0.00017402    3.34E+07     0.00017402    4.34E+07     2.3056E+05    
   3.35E+07     0.98626      0.00017337    3.35E+07     0.00017337    4.35E+07     2.2966E+05    
   3.36E+07     0.98625      0.00017281    3.36E+07     0.00017281    4.36E+07     2.3017E+05    
   3.37E+07     0.98625      0.00017208    3.37E+07     0.00017208    4.37E+07     2.2978E+05    
   3.38E+07     0.98625      0.00017144    3.38E+07     0.00017144    4.38E+07     2.3062E+05    
   3.39E+07     0.98624      0.00017082    3.39E+07     0.00017082    4.39E+07     2.298E+05     
   3.4E+07      0.98623      0.00017021    3.4E+07      0.00017021    4.4E+07      2.3033E+05    
   3.41E+07     0.98623      0.00016956    3.41E+07     0.00016956    4.41E+07     2.3101E+05    
   3.42E+07     0.98623      0.00016889    3.42E+07     0.00016889    4.42E+07     2.3156E+05    
   3.43E+07     0.98621      0.0001692     3.43E+07     0.0001692     4.43E+07     2.3168E+05    
   3.44E+07     0.98619      0.00016994    3.44E+07     0.00016994    4.44E+07     2.3225E+05    
   3.45E+07     0.98618      0.00016931    3.45E+07     0.00016931    4.45E+07     2.3294E+05    
   3.46E+07     0.98619      0.00016908    3.46E+07     0.00016908    4.46E+07     2.3352E+05    
   3.47E+07     0.98618      0.00016882    3.47E+07     0.00016882    4.47E+07     2.3349E+05    
   3.48E+07     0.98616      0.00016955    3.48E+07     0.00016955    4.48E+07     2.3401E+05    
   3.49E+07     0.98616      0.00016888    3.49E+07     0.00016888    4.49E+07     2.3434E+05    
   3.5E+07      0.98616      0.00016825    3.5E+07      0.00016825    4.5E+07      2.3507E+05    
   3.51E+07     0.98614      0.00016863    3.51E+07     0.00016863    4.51E+07     2.3554E+05    
   3.52E+07     0.98612      0.00016865    3.52E+07     0.00016865    4.52E+07     2.3627E+05    
   3.53E+07     0.98612      0.00016809    3.53E+07     0.00016809    4.53E+07     2.3578E+05    
   3.54E+07     0.98614      0.0001686     3.54E+07     0.0001686     4.54E+07     2.3642E+05    
   3.55E+07     0.98614      0.00016801    3.55E+07     0.00016801    4.55E+07     2.3636E+05    
   3.56E+07     0.98614      0.00016747    3.56E+07     0.00016747    4.56E+07     2.3616E+05    
   3.57E+07     0.98613      0.00016699    3.57E+07     0.00016699    4.57E+07     2.3681E+05    
   3.58E+07     0.98613      0.00016637    3.58E+07     0.00016637    4.58E+07     2.3764E+05    
   3.59E+07     0.98613      0.00016573    3.59E+07     0.00016573    4.59E+07     2.3638E+05    
   3.6E+07      0.98613      0.00016509    3.6E+07      0.00016509    4.6E+07      2.3712E+05    
   3.61E+07     0.98615      0.00016494    3.61E+07     0.00016494    4.61E+07     2.3779E+05    
   3.62E+07     0.98615      0.00016431    3.62E+07     0.00016431    4.62E+07     2.3814E+05    
   3.63E+07     0.98614      0.00016379    3.63E+07     0.00016379    4.63E+07     2.3851E+05    
   3.64E+07     0.98614      0.00016323    3.64E+07     0.00016323    4.64E+07     2.3828E+05    
   3.65E+07     0.98614      0.00016287    3.65E+07     0.00016287    4.65E+07     2.3668E+05    
   3.66E+07     0.98612      0.00016403    3.66E+07     0.00016403    4.66E+07     2.3744E+05    
   3.67E+07     0.98611      0.00016357    3.67E+07     0.00016357    4.67E+07     2.3814E+05    
   3.68E+07     0.98611      0.00016308    3.68E+07     0.00016308    4.68E+07     2.3891E+05    
   3.69E+07     0.9861       0.00016258    3.69E+07     0.00016258    4.69E+07     2.3967E+05    
   3.7E+07      0.98609      0.00016266    3.7E+07      0.00016266    4.7E+07      2.3731E+05    
   3.71E+07     0.98609      0.00016206    3.71E+07     0.00016206    4.71E+07     2.3811E+05    
   3.72E+07     0.98607      0.00016269    3.72E+07     0.00016269    4.72E+07     2.3885E+05    
   3.73E+07     0.98608      0.00016267    3.73E+07     0.00016267    4.73E+07     2.3954E+05    
   3.74E+07     0.98608      0.00016212    3.74E+07     0.00016212    4.74E+07     2.4032E+05    
   3.75E+07     0.98605      0.00016347    3.75E+07     0.00016347    4.75E+07     2.4104E+05    
   3.76E+07     0.98604      0.00016298    3.76E+07     0.00016298    4.76E+07     2.4144E+05    
   3.77E+07     0.98605      0.00016262    3.77E+07     0.00016262    4.77E+07     2.4211E+05    
   3.78E+07     0.98604      0.00016224    3.78E+07     0.00016224    4.78E+07     2.418E+05     
   3.79E+07     0.98603      0.00016229    3.79E+07     0.00016229    4.79E+07     2.3989E+05    
   3.8E+07      0.98604      0.00016182    3.8E+07      0.00016182    4.8E+07      2.4067E+05    
   3.81E+07     0.98603      0.00016132    3.81E+07     0.00016132    4.81E+07     2.4099E+05    
   3.82E+07     0.98604      0.00016111    3.82E+07     0.00016111    4.82E+07     2.4152E+05    
   3.83E+07     0.98603      0.00016071    3.83E+07     0.00016071    4.83E+07     2.4202E+05    
   3.84E+07     0.98604      0.00016047    3.84E+07     0.00016047    4.84E+07     2.4214E+05    
   3.85E+07     0.98604      0.00015992    3.85E+07     0.00015992    4.85E+07     2.4274E+05    
   3.86E+07     0.98605      0.00015948    3.86E+07     0.00015948    4.86E+07     2.4239E+05    
   3.87E+07     0.98604      0.00015909    3.87E+07     0.00015909    4.87E+07     2.4148E+05    
   3.88E+07     0.98604      0.00015856    3.88E+07     0.00015856    4.88E+07     2.4096E+05    
   3.89E+07     0.98605      0.00015803    3.89E+07     0.00015803    4.89E+07     2.4159E+05    
   3.9E+07      0.98604      0.00015775    3.9E+07      0.00015775    4.9E+07      2.4234E+05    
   3.91E+07     0.98604      0.00015732    3.91E+07     0.00015732    4.91E+07     2.4049E+05    
   3.92E+07     0.98605      0.00015688    3.92E+07     0.00015688    4.92E+07     2.41E+05      
   3.93E+07     0.98605      0.00015635    3.93E+07     0.00015635    4.93E+07     2.4109E+05    
   3.94E+07     0.98606      0.00015617    3.94E+07     0.00015617    4.94E+07     2.4166E+05    
   3.95E+07     0.98606      0.00015565    3.95E+07     0.00015565    4.95E+07     2.4229E+05    
   3.96E+07     0.98605      0.00015537    3.96E+07     0.00015537    4.96E+07     2.4301E+05    
   3.97E+07     0.98604      0.00015507    3.97E+07     0.00015507    4.97E+07     2.4376E+05    
   3.98E+07     0.98605      0.0001549     3.98E+07     0.0001549     4.98E+07     2.4431E+05    
   3.99E+07     0.98606      0.00015467    3.99E+07     0.00015467    4.99E+07     2.442E+05     
   4E+07        0.98606      0.00015416    4E+07        0.00015416    5E+07        2.4459E+05    
   4.01E+07     0.98605      0.00015407    4.01E+07     0.00015407    5.01E+07     2.4533E+05    
   4.02E+07     0.98604      0.00015397    4.02E+07     0.00015397    5.02E+07     2.4595E+05    
   4.03E+07     0.98603      0.0001535     4.03E+07     0.0001535     5.03E+07     2.4631E+05    
   4.04E+07     0.98604      0.00015304    4.04E+07     0.00015304    5.04E+07     2.4509E+05    
   4.05E+07     0.98604      0.00015255    4.05E+07     0.00015255    5.05E+07     2.4561E+05    
   4.06E+07     0.98603      0.00015236    4.06E+07     0.00015236    5.06E+07     2.4583E+05    
   4.07E+07     0.98604      0.00015243    4.07E+07     0.00015243    5.07E+07     2.4608E+05    
   4.08E+07     0.98605      0.00015205    4.08E+07     0.00015205    5.08E+07     2.4682E+05    
   4.09E+07     0.98606      0.00015183    4.09E+07     0.00015183    5.09E+07     2.4424E+05    
   4.1E+07      0.98605      0.00015143    4.1E+07      0.00015143    5.1E+07      2.4474E+05    
   4.11E+07     0.98606      0.00015106    4.11E+07     0.00015106    5.11E+07     2.4545E+05    
   4.12E+07     0.98606      0.00015058    4.12E+07     0.00015058    5.12E+07     2.4347E+05    
   4.13E+07     0.98606      0.00015024    4.13E+07     0.00015024    5.13E+07     2.4284E+05    
   4.14E+07     0.98607      0.00014988    4.14E+07     0.00014988    5.14E+07     2.4342E+05    
   4.15E+07     0.98607      0.00014941    4.15E+07     0.00014941    5.15E+07     2.4399E+05    
   4.16E+07     0.98608      0.00014924    4.16E+07     0.00014924    5.16E+07     2.4444E+05    
   4.17E+07     0.98609      0.00014929    4.17E+07     0.00014929    5.17E+07     2.4487E+05    
   4.18E+07     0.98608      0.00014904    4.18E+07     0.00014904    5.18E+07     2.433E+05     
   4.19E+07     0.98609      0.00014858    4.19E+07     0.00014858    5.19E+07     2.4389E+05    
   4.2E+07      0.98608      0.00014829    4.2E+07      0.00014829    5.2E+07      2.4458E+05    
   4.21E+07     0.98609      0.00014801    4.21E+07     0.00014801    5.21E+07     2.448E+05     
   4.22E+07     0.98609      0.00014769    4.22E+07     0.00014769    5.22E+07     2.4473E+05    
   4.23E+07     0.98609      0.00014726    4.23E+07     0.00014726    5.23E+07     2.4541E+05    
   4.24E+07     0.98609      0.00014686    4.24E+07     0.00014686    5.24E+07     2.4605E+05    
   4.25E+07     0.98608      0.00014644    4.25E+07     0.00014644    5.25E+07     2.4657E+05    
   4.26E+07     0.98608      0.000146      4.26E+07     0.000146      5.26E+07     2.4605E+05    
   4.27E+07     0.98609      0.00014559    4.27E+07     0.00014559    5.27E+07     2.4662E+05    
   4.28E+07     0.9861       0.00014601    4.28E+07     0.00014601    5.28E+07     2.4648E+05    
   4.29E+07     0.98611      0.0001457     4.29E+07     0.0001457     5.29E+07     2.4709E+05    
   4.3E+07      0.98612      0.0001455     4.3E+07      0.0001455     5.3E+07      2.4779E+05    
   4.31E+07     0.98612      0.00014506    4.31E+07     0.00014506    5.31E+07     2.4798E+05    
   4.32E+07     0.98612      0.00014466    4.32E+07     0.00014466    5.32E+07     2.4769E+05    
   4.33E+07     0.98613      0.00014482    4.33E+07     0.00014482    5.33E+07     2.4766E+05    
   4.34E+07     0.98614      0.00014449    4.34E+07     0.00014449    5.34E+07     2.4639E+05    
   4.35E+07     0.98613      0.00014461    4.35E+07     0.00014461    5.35E+07     2.4699E+05    
   4.36E+07     0.98612      0.00014427    4.36E+07     0.00014427    5.36E+07     2.469E+05     
   4.37E+07     0.98613      0.00014422    4.37E+07     0.00014422    5.37E+07     2.4753E+05    
   4.38E+07     0.98613      0.0001438     4.38E+07     0.0001438     5.38E+07     2.4687E+05    
   4.39E+07     0.98614      0.0001439     4.39E+07     0.0001439     5.39E+07     2.474E+05     
   4.4E+07      0.98615      0.00014354    4.4E+07      0.00014354    5.4E+07      2.4806E+05    
   4.41E+07     0.98615      0.00014317    4.41E+07     0.00014317    5.41E+07     2.4731E+05    
   4.42E+07     0.98615      0.00014284    4.42E+07     0.00014284    5.42E+07     2.4768E+05    
   4.43E+07     0.98614      0.00014265    4.43E+07     0.00014265    5.43E+07     2.4659E+05    
   4.44E+07     0.98614      0.00014229    4.44E+07     0.00014229    5.44E+07     2.4697E+05    
   4.45E+07     0.98614      0.00014192    4.45E+07     0.00014192    5.45E+07     2.4644E+05    
   4.46E+07     0.98614      0.00014159    4.46E+07     0.00014159    5.46E+07     2.4709E+05    
   4.47E+07     0.98615      0.00014145    4.47E+07     0.00014145    5.47E+07     2.4758E+05    
   4.48E+07     0.98615      0.00014111    4.48E+07     0.00014111    5.48E+07     2.4795E+05    
   4.49E+07     0.98615      0.00014086    4.49E+07     0.00014086    5.49E+07     2.4863E+05    
   4.5E+07      0.98616      0.00014049    4.5E+07      0.00014049    5.5E+07      2.4823E+05    
   4.51E+07     0.98615      0.0001402     4.51E+07     0.0001402     5.51E+07     2.4881E+05    
   4.52E+07     0.98615      0.00013981    4.52E+07     0.00013981    5.52E+07     2.4906E+05    
   4.53E+07     0.98614      0.00013981    4.53E+07     0.00013981    5.53E+07     2.4915E+05    
   4.54E+07     0.98614      0.00013947    4.54E+07     0.00013947    5.54E+07     2.4976E+05    
   4.55E+07     0.98614      0.00013933    4.55E+07     0.00013933    5.55E+07     2.504E+05     
   4.56E+07     0.98614      0.00013921    4.56E+07     0.00013921    5.56E+07     2.5093E+05    
   4.57E+07     0.98614      0.00013886    4.57E+07     0.00013886    5.57E+07     2.51E+05      
   4.58E+07     0.98614      0.00013847    4.58E+07     0.00013847    5.58E+07     2.5035E+05    
   4.59E+07     0.98615      0.00013869    4.59E+07     0.00013869    5.59E+07     2.5096E+05    
   4.6E+07      0.98615      0.0001383     4.6E+07      0.0001383     5.6E+07      2.5117E+05    
   4.61E+07     0.98615      0.00013797    4.61E+07     0.00013797    5.61E+07     2.5168E+05    
   4.62E+07     0.98614      0.00013772    4.62E+07     0.00013772    5.62E+07     2.5148E+05    
   4.63E+07     0.98614      0.00013746    4.63E+07     0.00013746    5.63E+07     2.5212E+05    
   4.64E+07     0.98613      0.00013739    4.64E+07     0.00013739    5.64E+07     2.5241E+05    
   4.65E+07     0.98614      0.00013769    4.65E+07     0.00013769    5.65E+07     2.523E+05     
   4.66E+07     0.98614      0.00013733    4.66E+07     0.00013733    5.66E+07     2.5249E+05    
   4.67E+07     0.98614      0.00013698    4.67E+07     0.00013698    5.67E+07     2.5308E+05    
   4.68E+07     0.98614      0.00013662    4.68E+07     0.00013662    5.68E+07     2.536E+05     
   4.69E+07     0.98614      0.00013625    4.69E+07     0.00013625    5.69E+07     2.542E+05     
   4.7E+07      0.98612      0.00013677    4.7E+07      0.00013677    5.7E+07      2.5369E+05    
   4.71E+07     0.98612      0.0001364     4.71E+07     0.0001364     5.71E+07     2.5317E+05    
   4.72E+07     0.98612      0.00013605    4.72E+07     0.00013605    5.72E+07     2.5358E+05    
   4.73E+07     0.98612      0.0001357     4.73E+07     0.0001357     5.73E+07     2.5284E+05    
   4.74E+07     0.98612      0.00013534    4.74E+07     0.00013534    5.74E+07     2.5343E+05    
   4.75E+07     0.98612      0.000135      4.75E+07     0.000135      5.75E+07     2.5391E+05    
   4.76E+07     0.98611      0.00013474    4.76E+07     0.00013474    5.76E+07     2.5419E+05    
   4.77E+07     0.98612      0.0001344     4.77E+07     0.0001344     5.77E+07     2.5329E+05    
   4.78E+07     0.98611      0.00013434    4.78E+07     0.00013434    5.78E+07     2.5352E+05    
   4.79E+07     0.98612      0.00013474    4.79E+07     0.00013474    5.79E+07     2.5331E+05    
   4.8E+07      0.98612      0.00013439    4.8E+07      0.00013439    5.8E+07      2.5366E+05    
   4.81E+07     0.98612      0.00013414    4.81E+07     0.00013414    5.81E+07     2.5177E+05    
   4.82E+07     0.98612      0.00013387    4.82E+07     0.00013387    5.82E+07     2.5221E+05    
   4.83E+07     0.98612      0.00013359    4.83E+07     0.00013359    5.83E+07     2.5254E+05    
   4.84E+07     0.98611      0.00013343    4.84E+07     0.00013343    5.84E+07     2.5309E+05    
   4.85E+07     0.98611      0.0001331     4.85E+07     0.0001331     5.85E+07     2.535E+05     
   4.86E+07     0.9861       0.00013307    4.86E+07     0.00013307    5.86E+07     2.5381E+05    
   4.87E+07     0.98609      0.00013318    4.87E+07     0.00013318    5.87E+07     2.5308E+05    
   4.88E+07     0.9861       0.00013319    4.88E+07     0.00013319    5.88E+07     2.497E+05     
   4.89E+07     0.9861       0.00013288    4.89E+07     0.00013288    5.89E+07     2.5022E+05    
   4.9E+07      0.9861       0.00013253    4.9E+07      0.00013253    5.9E+07      2.5076E+05    
   4.91E+07     0.98609      0.00013291    4.91E+07     0.00013291    5.91E+07     2.5097E+05    
   4.92E+07     0.98608      0.00013264    4.92E+07     0.00013264    5.92E+07     2.5082E+05    
   4.93E+07     0.98609      0.00013249    4.93E+07     0.00013249    5.93E+07     2.5115E+05    
   4.94E+07     0.98609      0.00013218    4.94E+07     0.00013218    5.94E+07     2.5174E+05    
   4.95E+07     0.98609      0.00013188    4.95E+07     0.00013188    5.95E+07     2.5231E+05    
   4.96E+07     0.98609      0.00013155    4.96E+07     0.00013155    5.96E+07     2.5271E+05    
   4.97E+07     0.98609      0.00013122    4.97E+07     0.00013122    5.97E+07     2.5268E+05    
   4.98E+07     0.98609      0.00013092    4.98E+07     0.00013092    5.98E+07     2.5259E+05    
   4.99E+07     0.98609      0.00013082    4.99E+07     0.00013082    5.99E+07     2.52E+05      
   5E+07        0.9861       0.00013059    5E+07        0.00013059    6E+07        2.5239E+05    
   5.01E+07     0.9861       0.00013027    5.01E+07     0.00013027    6.01E+07     2.5293E+05    
   5.02E+07     0.9861       0.00012996    5.02E+07     0.00012996    6.02E+07     2.5347E+05    
   5.03E+07     0.98611      0.00012974    5.03E+07     0.00012974    6.03E+07     2.5406E+05    
   5.04E+07     0.98612      0.00012994    5.04E+07     0.00012994    6.04E+07     2.5464E+05    
   5.05E+07     0.98612      0.00012967    5.05E+07     0.00012967    6.05E+07     2.5486E+05    
   5.06E+07     0.98613      0.00012948    5.06E+07     0.00012948    6.06E+07     2.5499E+05    
   5.07E+07     0.98612      0.00012929    5.07E+07     0.00012929    6.07E+07     2.5559E+05    
   5.08E+07     0.98612      0.00012897    5.08E+07     0.00012897    6.08E+07     2.5615E+05    
   5.09E+07     0.98611      0.00012952    5.09E+07     0.00012952    6.09E+07     2.5655E+05    
   5.1E+07      0.98611      0.00012925    5.1E+07      0.00012925    6.1E+07      2.5626E+05    
   5.11E+07     0.98611      0.00012894    5.11E+07     0.00012894    6.11E+07     2.5589E+05    
   5.12E+07     0.9861       0.00012934    5.12E+07     0.00012934    6.12E+07     2.562E+05     
   5.13E+07     0.98609      0.00012938    5.13E+07     0.00012938    6.13E+07     2.5675E+05    
   5.14E+07     0.98609      0.00012909    5.14E+07     0.00012909    6.14E+07     2.5732E+05    
   5.15E+07     0.98609      0.00012881    5.15E+07     0.00012881    6.15E+07     2.5775E+05    
   5.16E+07     0.98608      0.00012857    5.16E+07     0.00012857    6.16E+07     2.562E+05     
   5.17E+07     0.98608      0.00012834    5.17E+07     0.00012834    6.17E+07     2.5678E+05    
   5.18E+07     0.98607      0.0001286     5.18E+07     0.0001286     6.18E+07     2.5729E+05    
   5.19E+07     0.98607      0.00012833    5.19E+07     0.00012833    6.19E+07     2.5738E+05    
   5.2E+07      0.98607      0.00012802    5.2E+07      0.00012802    6.2E+07      2.5763E+05    
   5.21E+07     0.98606      0.00012785    5.21E+07     0.00012785    6.21E+07     2.5723E+05    
   5.22E+07     0.98606      0.00012772    5.22E+07     0.00012772    6.22E+07     2.5727E+05    
   5.23E+07     0.98606      0.00012743    5.23E+07     0.00012743    6.23E+07     2.5786E+05    
   5.24E+07     0.98606      0.00012714    5.24E+07     0.00012714    6.24E+07     2.5768E+05    
   5.25E+07     0.98605      0.00012689    5.25E+07     0.00012689    6.25E+07     2.579E+05     
   5.26E+07     0.98606      0.00012689    5.26E+07     0.00012689    6.26E+07     2.5792E+05    
   5.27E+07     0.98606      0.00012663    5.27E+07     0.00012663    6.27E+07     2.5851E+05    
   5.28E+07     0.98607      0.00012655    5.28E+07     0.00012655    6.28E+07     2.5908E+05    
   5.29E+07     0.98606      0.00012628    5.29E+07     0.00012628    6.29E+07     2.5965E+05    
   5.3E+07      0.98606      0.00012598    5.3E+07      0.00012598    6.3E+07      2.5888E+05    
   5.31E+07     0.98606      0.0001258     5.31E+07     0.0001258     6.31E+07     2.5931E+05    
   5.32E+07     0.98605      0.00012576    5.32E+07     0.00012576    6.32E+07     2.5938E+05    
   5.33E+07     0.98606      0.00012565    5.33E+07     0.00012565    6.33E+07     2.5861E+05    
   5.34E+07     0.98605      0.00012587    5.34E+07     0.00012587    6.34E+07     2.5831E+05    
   5.35E+07     0.98605      0.00012558    5.35E+07     0.00012558    6.35E+07     2.5876E+05    
   5.36E+07     0.98605      0.00012549    5.36E+07     0.00012549    6.36E+07     2.591E+05     
   5.37E+07     0.98606      0.00012521    5.37E+07     0.00012521    6.37E+07     2.5962E+05    
   5.38E+07     0.98605      0.00012526    5.38E+07     0.00012526    6.38E+07     2.5904E+05    
   5.39E+07     0.98604      0.000125      5.39E+07     0.000125      6.39E+07     2.5688E+05    
   5.4E+07      0.98604      0.00012472    5.4E+07      0.00012472    6.4E+07      2.5663E+05    
   5.41E+07     0.98605      0.00012479    5.41E+07     0.00012479    6.41E+07     2.5683E+05    
   5.42E+07     0.98606      0.00012459    5.42E+07     0.00012459    6.42E+07     2.5737E+05    
   5.43E+07     0.98605      0.00012475    5.43E+07     0.00012475    6.43E+07     2.5774E+05    
   5.44E+07     0.98604      0.00012454    5.44E+07     0.00012454    6.44E+07     2.5828E+05    
   5.45E+07     0.98605      0.00012457    5.45E+07     0.00012457    6.45E+07     2.5884E+05    
   5.46E+07     0.98605      0.00012429    5.46E+07     0.00012429    6.46E+07     2.5917E+05    
   5.47E+07     0.98605      0.00012404    5.47E+07     0.00012404    6.47E+07     2.595E+05     
   5.48E+07     0.98604      0.00012383    5.48E+07     0.00012383    6.48E+07     2.5953E+05    
   5.49E+07     0.98604      0.00012356    5.49E+07     0.00012356    6.49E+07     2.5896E+05    
   5.5E+07      0.98604      0.00012354    5.5E+07      0.00012354    6.5E+07      2.595E+05     
   5.51E+07     0.98604      0.00012328    5.51E+07     0.00012328    6.51E+07     2.5882E+05    
   5.52E+07     0.98604      0.0001231     5.52E+07     0.0001231     6.52E+07     2.5935E+05    
   5.53E+07     0.98605      0.00012298    5.53E+07     0.00012298    6.53E+07     2.5927E+05    
   5.54E+07     0.98605      0.00012271    5.54E+07     0.00012271    6.54E+07     2.5805E+05    
   5.55E+07     0.98605      0.00012245    5.55E+07     0.00012245    6.55E+07     2.5855E+05    
   5.56E+07     0.98605      0.00012219    5.56E+07     0.00012219    6.56E+07     2.5875E+05    
   5.57E+07     0.98605      0.00012207    5.57E+07     0.00012207    6.57E+07     2.5889E+05    
   5.58E+07     0.98606      0.00012213    5.58E+07     0.00012213    6.58E+07     2.5939E+05    
   5.59E+07     0.98606      0.00012187    5.59E+07     0.00012187    6.59E+07     2.5989E+05    
   5.6E+07      0.98606      0.0001217     5.6E+07      0.0001217     6.6E+07      2.601E+05     
   5.61E+07     0.98606      0.00012146    5.61E+07     0.00012146    6.61E+07     2.599E+05     
   5.62E+07     0.98605      0.00012141    5.62E+07     0.00012141    6.62E+07     2.5712E+05    
   5.63E+07     0.98605      0.00012115    5.63E+07     0.00012115    6.63E+07     2.5661E+05    
   5.64E+07     0.98606      0.00012096    5.64E+07     0.00012096    6.64E+07     2.5703E+05    
   5.65E+07     0.98606      0.00012088    5.65E+07     0.00012088    6.65E+07     2.5732E+05    
   5.66E+07     0.98607      0.00012073    5.66E+07     0.00012073    6.66E+07     2.5784E+05    
   5.67E+07     0.98607      0.00012048    5.67E+07     0.00012048    6.67E+07     2.5831E+05    
   5.68E+07     0.98607      0.00012025    5.68E+07     0.00012025    6.68E+07     2.5869E+05    
   5.69E+07     0.98607      0.00012       5.69E+07     0.00012       6.69E+07     2.5873E+05    
   5.7E+07      0.98606      0.00012002    5.7E+07      0.00012002    6.7E+07      2.5912E+05    
   5.71E+07     0.98607      0.00012004    5.71E+07     0.00012004    6.71E+07     2.5946E+05    
   5.72E+07     0.98606      0.00011984    5.72E+07     0.00011984    6.72E+07     2.597E+05     
   5.73E+07     0.98606      0.00011992    5.73E+07     0.00011992    6.73E+07     2.5998E+05    
   5.74E+07     0.98605      0.00011967    5.74E+07     0.00011967    6.74E+07     2.5972E+05    
   5.75E+07     0.98605      0.00011946    5.75E+07     0.00011946    6.75E+07     2.597E+05     
   5.76E+07     0.98605      0.00011928    5.76E+07     0.00011928    6.76E+07     2.594E+05     
   5.77E+07     0.98605      0.00011939    5.77E+07     0.00011939    6.77E+07     2.5994E+05    
   5.78E+07     0.98604      0.00011923    5.78E+07     0.00011923    6.78E+07     2.6047E+05    
   5.79E+07     0.98603      0.00011918    5.79E+07     0.00011918    6.79E+07     2.6098E+05    
   5.8E+07      0.98603      0.00011898    5.8E+07      0.00011898    6.8E+07      2.614E+05     
   5.81E+07     0.98602      0.00011933    5.81E+07     0.00011933    6.81E+07     2.6178E+05    
   5.82E+07     0.98602      0.00011913    5.82E+07     0.00011913    6.82E+07     2.6055E+05    
   5.83E+07     0.98602      0.00011895    5.83E+07     0.00011895    6.83E+07     2.6039E+05    
   5.84E+07     0.98602      0.00011872    5.84E+07     0.00011872    6.84E+07     2.6063E+05    
   5.85E+07     0.98602      0.00011851    5.85E+07     0.00011851    6.85E+07     2.6095E+05    
   5.86E+07     0.98602      0.00011834    5.86E+07     0.00011834    6.86E+07     2.5953E+05    
   5.87E+07     0.98603      0.00011841    5.87E+07     0.00011841    6.87E+07     2.5919E+05    
   5.88E+07     0.98601      0.00011911    5.88E+07     0.00011911    6.88E+07     2.5955E+05    
   5.89E+07     0.98601      0.00011887    5.89E+07     0.00011887    6.89E+07     2.5985E+05    
   5.9E+07      0.98601      0.00011865    5.9E+07      0.00011865    6.9E+07      2.5817E+05    
   5.91E+07     0.98602      0.0001185     5.91E+07     0.0001185     6.91E+07     2.5752E+05    
   5.92E+07     0.98601      0.00011844    5.92E+07     0.00011844    6.92E+07     2.579E+05     
   5.93E+07     0.98601      0.00011825    5.93E+07     0.00011825    6.93E+07     2.5668E+05    
   5.94E+07     0.98601      0.00011801    5.94E+07     0.00011801    6.94E+07     2.5717E+05    
   5.95E+07     0.98601      0.00011779    5.95E+07     0.00011779    6.95E+07     2.5684E+05    
   5.96E+07     0.986        0.0001176     5.96E+07     0.0001176     6.96E+07     2.572E+05     
   5.97E+07     0.98601      0.0001175     5.97E+07     0.0001175     6.97E+07     2.5768E+05    
   5.98E+07     0.98602      0.00011742    5.98E+07     0.00011742    6.98E+07     2.5813E+05    
   5.99E+07     0.98602      0.00011747    5.99E+07     0.00011747    6.99E+07     2.586E+05     
   6E+07        0.98603      0.00011728    6E+07        0.00011728    7E+07        2.5911E+05    
   6.01E+07     0.98603      0.00011704    6.01E+07     0.00011704    7.01E+07     2.5948E+05    
   6.02E+07     0.98603      0.00011682    6.02E+07     0.00011682    7.02E+07     2.5999E+05    
   6.03E+07     0.98603      0.00011659    6.03E+07     0.00011659    7.03E+07     2.6027E+05    
   6.04E+07     0.98603      0.00011636    6.04E+07     0.00011636    7.04E+07     2.6048E+05    
   6.05E+07     0.98603      0.0001162     6.05E+07     0.0001162     7.05E+07     2.5975E+05    
   6.06E+07     0.98603      0.00011608    6.06E+07     0.00011608    7.06E+07     2.6022E+05    
   6.07E+07     0.98603      0.00011585    6.07E+07     0.00011585    7.07E+07     2.5953E+05    
   6.08E+07     0.98603      0.00011564    6.08E+07     0.00011564    7.08E+07     2.5974E+05    
   6.09E+07     0.98603      0.00011543    6.09E+07     0.00011543    7.09E+07     2.6016E+05    
   6.1E+07      0.98604      0.00011541    6.1E+07      0.00011541    7.1E+07      2.6065E+05    
   6.11E+07     0.98605      0.00011539    6.11E+07     0.00011539    7.11E+07     2.6109E+05    
   6.12E+07     0.98605      0.00011523    6.12E+07     0.00011523    7.12E+07     2.6157E+05    
   6.13E+07     0.98605      0.00011502    6.13E+07     0.00011502    7.13E+07     2.6201E+05    
   6.14E+07     0.98605      0.0001148     6.14E+07     0.0001148     7.14E+07     2.6247E+05    
   6.15E+07     0.98604      0.00011462    6.15E+07     0.00011462    7.15E+07     2.6292E+05    
   6.16E+07     0.98603      0.00011487    6.16E+07     0.00011487    7.16E+07     2.6313E+05    
   6.17E+07     0.98603      0.00011465    6.17E+07     0.00011465    7.17E+07     2.6363E+05    
   6.18E+07     0.98603      0.00011444    6.18E+07     0.00011444    7.18E+07     2.6372E+05    
   6.19E+07     0.98604      0.00011433    6.19E+07     0.00011433    7.19E+07     2.6422E+05    
   6.2E+07      0.98604      0.00011418    6.2E+07      0.00011418    7.2E+07      2.6468E+05    
   6.21E+07     0.98603      0.00011418    6.21E+07     0.00011418    7.21E+07     2.6376E+05    
   6.22E+07     0.98602      0.00011407    6.22E+07     0.00011407    7.22E+07     2.6353E+05    
   6.23E+07     0.98602      0.00011385    6.23E+07     0.00011385    7.23E+07     2.6079E+05    
   6.24E+07     0.98602      0.0001138     6.24E+07     0.0001138     7.24E+07     2.6126E+05    
   6.25E+07     0.98601      0.00011367    6.25E+07     0.00011367    7.25E+07     2.6172E+05    
   6.26E+07     0.98602      0.00011356    6.26E+07     0.00011356    7.26E+07     2.6205E+05    
   6.27E+07     0.98602      0.00011335    6.27E+07     0.00011335    7.27E+07     2.6236E+05    
   6.28E+07     0.98602      0.00011314    6.28E+07     0.00011314    7.28E+07     2.6013E+05    
   6.29E+07     0.98602      0.00011293    6.29E+07     0.00011293    7.29E+07     2.606E+05     
   6.3E+07      0.98601      0.000113      6.3E+07      0.000113      7.3E+07      2.6077E+05    
   6.31E+07     0.98601      0.00011282    6.31E+07     0.00011282    7.31E+07     2.606E+05     
   6.32E+07     0.98602      0.00011272    6.32E+07     0.00011272    7.32E+07     2.6102E+05    
   6.33E+07     0.98601      0.0001128     6.33E+07     0.0001128     7.33E+07     2.6148E+05    
   6.34E+07     0.98602      0.00011278    6.34E+07     0.00011278    7.34E+07     2.6194E+05    
   6.35E+07     0.98602      0.00011259    6.35E+07     0.00011259    7.35E+07     2.6238E+05    
   6.36E+07     0.98602      0.00011243    6.36E+07     0.00011243    7.36E+07     2.6284E+05    
   6.37E+07     0.98602      0.00011223    6.37E+07     0.00011223    7.37E+07     2.6326E+05    
   6.38E+07     0.98603      0.00011227    6.38E+07     0.00011227    7.38E+07     2.633E+05     
   6.39E+07     0.98604      0.00011264    6.39E+07     0.00011264    7.39E+07     2.6372E+05    
   6.4E+07      0.98603      0.00011261    6.4E+07      0.00011261    7.4E+07      2.6418E+05    
   6.41E+07     0.98603      0.00011248    6.41E+07     0.00011248    7.41E+07     2.6426E+05    
   6.42E+07     0.98603      0.00011227    6.42E+07     0.00011227    7.42E+07     2.644E+05     
   6.43E+07     0.98603      0.00011209    6.43E+07     0.00011209    7.43E+07     2.6465E+05    
   6.44E+07     0.98603      0.00011189    6.44E+07     0.00011189    7.44E+07     2.6468E+05    
   6.45E+07     0.98603      0.00011168    6.45E+07     0.00011168    7.45E+07     2.6514E+05    
   6.46E+07     0.98603      0.00011153    6.46E+07     0.00011153    7.46E+07     2.6535E+05    
   6.47E+07     0.98603      0.00011136    6.47E+07     0.00011136    7.47E+07     2.6492E+05    
   6.48E+07     0.98604      0.00011127    6.48E+07     0.00011127    7.48E+07     2.6529E+05    
   6.49E+07     0.98604      0.00011131    6.49E+07     0.00011131    7.49E+07     2.6577E+05    
   6.5E+07      0.98604      0.00011111    6.5E+07      0.00011111    7.5E+07      2.6622E+05    
   6.51E+07     0.98604      0.00011117    6.51E+07     0.00011117    7.51E+07     2.6651E+05    
   6.52E+07     0.98604      0.00011096    6.52E+07     0.00011096    7.52E+07     2.6696E+05    
   6.53E+07     0.98603      0.0001109     6.53E+07     0.0001109     7.53E+07     2.6711E+05    
   6.54E+07     0.98602      0.00011108    6.54E+07     0.00011108    7.54E+07     2.6632E+05    
   6.55E+07     0.98602      0.00011089    6.55E+07     0.00011089    7.55E+07     2.6675E+05    
   6.56E+07     0.98603      0.00011077    6.56E+07     0.00011077    7.56E+07     2.6692E+05    
   6.57E+07     0.98603      0.00011065    6.57E+07     0.00011065    7.57E+07     2.6711E+05    
   6.58E+07     0.98603      0.00011047    6.58E+07     0.00011047    7.58E+07     2.6758E+05    
   6.59E+07     0.98603      0.00011027    6.59E+07     0.00011027    7.59E+07     2.6794E+05    
   6.6E+07      0.98604      0.00011015    6.6E+07      0.00011015    7.6E+07      2.6836E+05    
   6.61E+07     0.98604      0.00011011    6.61E+07     0.00011011    7.61E+07     2.6827E+05    
   6.62E+07     0.98606      0.00011062    6.62E+07     0.00011062    7.62E+07     2.6869E+05    
   6.63E+07     0.98605      0.00011065    6.63E+07     0.00011065    7.63E+07     2.6799E+05    
   6.64E+07     0.98605      0.00011047    6.64E+07     0.00011047    7.64E+07     2.6842E+05    
   6.65E+07     0.98605      0.00011033    6.65E+07     0.00011033    7.65E+07     2.6853E+05    
   6.66E+07     0.98605      0.00011013    6.66E+07     0.00011013    7.66E+07     2.683E+05     
   6.67E+07     0.98605      0.00010995    6.67E+07     0.00010995    7.67E+07     2.6759E+05    
   6.68E+07     0.98605      0.00010978    6.68E+07     0.00010978    7.68E+07     2.676E+05     
   6.69E+07     0.98605      0.00010969    6.69E+07     0.00010969    7.69E+07     2.6802E+05    
   6.7E+07      0.98605      0.00010953    6.7E+07      0.00010953    7.7E+07      2.6847E+05    
   6.71E+07     0.98606      0.00010938    6.71E+07     0.00010938    7.71E+07     2.6886E+05    
   6.72E+07     0.98605      0.00010924    6.72E+07     0.00010924    7.72E+07     2.6917E+05    
   6.73E+07     0.98605      0.0001091     6.73E+07     0.0001091     7.73E+07     2.6957E+05    
   6.74E+07     0.98604      0.00010907    6.74E+07     0.00010907    7.74E+07     2.6998E+05    
   6.75E+07     0.98604      0.000109      6.75E+07     0.000109      7.75E+07     2.7036E+05    
   6.76E+07     0.98603      0.00010897    6.76E+07     0.00010897    7.76E+07     2.7066E+05    
   6.77E+07     0.98603      0.00010878    6.77E+07     0.00010878    7.77E+07     2.7027E+05    
   6.78E+07     0.98603      0.00010859    6.78E+07     0.00010859    7.78E+07     2.6997E+05    
   6.79E+07     0.98603      0.00010841    6.79E+07     0.00010841    7.79E+07     2.7033E+05    
   6.8E+07      0.98603      0.00010823    6.8E+07      0.00010823    7.8E+07      2.7072E+05    
   6.81E+07     0.98603      0.00010808    6.81E+07     0.00010808    7.81E+07     2.6993E+05    
   6.82E+07     0.98604      0.00010826    6.82E+07     0.00010826    7.82E+07     2.7008E+05    
   6.83E+07     0.98603      0.00010821    6.83E+07     0.00010821    7.83E+07     2.7047E+05    
   6.84E+07     0.98603      0.00010808    6.84E+07     0.00010808    7.84E+07     2.703E+05     
   6.85E+07     0.98604      0.00010793    6.85E+07     0.00010793    7.85E+07     2.7072E+05    
   6.86E+07     0.98605      0.00010815    6.86E+07     0.00010815    7.86E+07     2.7116E+05    
   6.87E+07     0.98604      0.00010814    6.87E+07     0.00010814    7.87E+07     2.7048E+05    
   6.88E+07     0.98604      0.00010799    6.88E+07     0.00010799    7.88E+07     2.6946E+05    
   6.89E+07     0.98604      0.00010785    6.89E+07     0.00010785    7.89E+07     2.694E+05     
   6.9E+07      0.98603      0.00010812    6.9E+07      0.00010812    7.9E+07      2.6941E+05    
   6.91E+07     0.98604      0.00010819    6.91E+07     0.00010819    7.91E+07     2.6929E+05    
   6.92E+07     0.98603      0.00010803    6.92E+07     0.00010803    7.92E+07     2.697E+05     
   6.93E+07     0.98603      0.0001082     6.93E+07     0.0001082     7.93E+07     2.701E+05     
   6.94E+07     0.98603      0.00010802    6.94E+07     0.00010802    7.94E+07     2.7037E+05    
   6.95E+07     0.98602      0.00010801    6.95E+07     0.00010801    7.95E+07     2.7074E+05    
   6.96E+07     0.98602      0.00010786    6.96E+07     0.00010786    7.96E+07     2.7111E+05    
   6.97E+07     0.98602      0.00010768    6.97E+07     0.00010768    7.97E+07     2.7153E+05    
   6.98E+07     0.98602      0.00010751    6.98E+07     0.00010751    7.98E+07     2.7197E+05    
   6.99E+07     0.98602      0.00010734    6.99E+07     0.00010734    7.99E+07     2.7242E+05    
   7E+07        0.98602      0.00010716    7E+07        0.00010716    8E+07        2.715E+05     
   7.01E+07     0.98602      0.00010699    7.01E+07     0.00010699    8.01E+07     2.7195E+05    
   7.02E+07     0.98602      0.00010682    7.02E+07     0.00010682    8.02E+07     2.7228E+05    
   7.03E+07     0.98602      0.00010668    7.03E+07     0.00010668    8.03E+07     2.7241E+05    
   7.04E+07     0.98602      0.00010657    7.04E+07     0.00010657    8.04E+07     2.7275E+05    
   7.05E+07     0.98603      0.00010663    7.05E+07     0.00010663    8.05E+07     2.7252E+05    
   7.06E+07     0.98603      0.00010646    7.06E+07     0.00010646    8.06E+07     2.7291E+05    
   7.07E+07     0.98603      0.00010652    7.07E+07     0.00010652    8.07E+07     2.7334E+05    
   7.08E+07     0.98602      0.00010641    7.08E+07     0.00010641    8.08E+07     2.7309E+05    
   7.09E+07     0.98602      0.00010624    7.09E+07     0.00010624    8.09E+07     2.7334E+05    
   7.1E+07      0.98602      0.00010607    7.1E+07      0.00010607    8.1E+07      2.7375E+05    
   7.11E+07     0.98602      0.00010591    7.11E+07     0.00010591    8.11E+07     2.7418E+05    
   7.12E+07     0.98602      0.00010574    7.12E+07     0.00010574    8.12E+07     2.7356E+05    
   7.13E+07     0.98602      0.00010557    7.13E+07     0.00010557    8.13E+07     2.7232E+05    
   7.14E+07     0.98603      0.0001054     7.14E+07     0.0001054     8.14E+07     2.7256E+05    
   7.15E+07     0.98602      0.00010524    7.15E+07     0.00010524    8.15E+07     2.7277E+05    
   7.16E+07     0.98603      0.00010513    7.16E+07     0.00010513    8.16E+07     2.7229E+05    
   7.17E+07     0.98603      0.00010496    7.17E+07     0.00010496    8.17E+07     2.7252E+05    
   7.18E+07     0.98602      0.00010486    7.18E+07     0.00010486    8.18E+07     2.7261E+05    
   7.19E+07     0.98602      0.00010469    7.19E+07     0.00010469    8.19E+07     2.7212E+05    
   7.2E+07      0.98602      0.00010453    7.2E+07      0.00010453    8.2E+07      2.7254E+05    
   7.21E+07     0.98603      0.00010464    7.21E+07     0.00010464    8.21E+07     2.7232E+05    
   7.22E+07     0.98604      0.00010461    7.22E+07     0.00010461    8.22E+07     2.7202E+05    
   7.23E+07     0.98602      0.00010509    7.23E+07     0.00010509    8.23E+07     2.7245E+05    
   7.24E+07     0.98602      0.00010492    7.24E+07     0.00010492    8.24E+07     2.7256E+05    
   7.25E+07     0.98603      0.00010476    7.25E+07     0.00010476    8.25E+07     2.728E+05     
   7.26E+07     0.98602      0.00010461    7.26E+07     0.00010461    8.26E+07     2.7302E+05    
   7.27E+07     0.98603      0.00010448    7.27E+07     0.00010448    8.27E+07     2.7324E+05    
   7.28E+07     0.98602      0.00010486    7.28E+07     0.00010486    8.28E+07     2.7337E+05    
   7.29E+07     0.98602      0.00010469    7.29E+07     0.00010469    8.29E+07     2.7234E+05    
   7.3E+07      0.98601      0.00010458    7.3E+07      0.00010458    8.3E+07      2.7205E+05    
   7.31E+07     0.98601      0.00010455    7.31E+07     0.00010455    8.31E+07     2.718E+05     
   7.32E+07     0.98601      0.00010439    7.32E+07     0.00010439    8.32E+07     2.7208E+05    
   7.33E+07     0.98601      0.00010423    7.33E+07     0.00010423    8.33E+07     2.7194E+05    
   7.34E+07     0.98601      0.00010406    7.34E+07     0.00010406    8.34E+07     2.708E+05     
   7.35E+07     0.98601      0.00010391    7.35E+07     0.00010391    8.35E+07     2.7089E+05    
   7.36E+07     0.98601      0.00010375    7.36E+07     0.00010375    8.36E+07     2.7131E+05    
   7.37E+07     0.98601      0.0001036     7.37E+07     0.0001036     8.37E+07     2.7022E+05    
   7.38E+07     0.986        0.00010352    7.38E+07     0.00010352    8.38E+07     2.6986E+05    
   7.39E+07     0.986        0.00010337    7.39E+07     0.00010337    8.39E+07     2.7022E+05    
   7.4E+07      0.986        0.0001032     7.4E+07      0.0001032     8.4E+07      2.7053E+05    
   7.41E+07     0.986        0.00010312    7.41E+07     0.00010312    8.41E+07     2.7095E+05    
   7.42E+07     0.986        0.00010303    7.42E+07     0.00010303    8.42E+07     2.7105E+05    
   7.43E+07     0.986        0.0001029     7.43E+07     0.0001029     8.43E+07     2.7088E+05    
   7.44E+07     0.986        0.00010283    7.44E+07     0.00010283    8.44E+07     2.7085E+05    
   7.45E+07     0.986        0.00010267    7.45E+07     0.00010267    8.45E+07     2.7091E+05    
   7.46E+07     0.986        0.00010256    7.46E+07     0.00010256    8.46E+07     2.71E+05      
   7.47E+07     0.98599      0.00010257    7.47E+07     0.00010257    8.47E+07     2.7102E+05    
   7.48E+07     0.98599      0.00010243    7.48E+07     0.00010243    8.48E+07     2.7133E+05    
   7.49E+07     0.98599      0.00010227    7.49E+07     0.00010227    8.49E+07     2.7167E+05    
   7.5E+07      0.98599      0.00010212    7.5E+07      0.00010212    8.5E+07      2.7169E+05    
   7.51E+07     0.98599      0.00010199    7.51E+07     0.00010199    8.51E+07     2.7209E+05    
   7.52E+07     0.98599      0.00010184    7.52E+07     0.00010184    8.52E+07     2.7224E+05    
   7.53E+07     0.98599      0.00010174    7.53E+07     0.00010174    8.53E+07     2.7244E+05    
   7.54E+07     0.98598      0.00010182    7.54E+07     0.00010182    8.54E+07     2.7273E+05    
   7.55E+07     0.98598      0.00010167    7.55E+07     0.00010167    8.55E+07     2.7311E+05    
   7.56E+07     0.98599      0.00010157    7.56E+07     0.00010157    8.56E+07     2.7329E+05    
   7.57E+07     0.98599      0.00010147    7.57E+07     0.00010147    8.57E+07     2.7368E+05    
   7.58E+07     0.98599      0.00010132    7.58E+07     0.00010132    8.58E+07     2.7403E+05    
   7.59E+07     0.98599      0.00010117    7.59E+07     0.00010117    8.59E+07     2.7399E+05    
   7.6E+07      0.98599      0.00010103    7.6E+07      0.00010103    8.6E+07      2.7438E+05    
   7.61E+07     0.98598      0.00010098    7.61E+07     0.00010098    8.61E+07     2.7442E+05    
   7.62E+07     0.98598      0.00010084    7.62E+07     0.00010084    8.62E+07     2.7177E+05    
   7.63E+07     0.98599      0.0001009     7.63E+07     0.0001009     8.63E+07     2.7124E+05    
   7.64E+07     0.98599      0.00010075    7.64E+07     0.00010075    8.64E+07     2.7118E+05    
   7.65E+07     0.98598      0.00010066    7.65E+07     0.00010066    8.65E+07     2.7155E+05    
   7.66E+07     0.98598      0.00010064    7.66E+07     0.00010064    8.66E+07     2.719E+05     
   7.67E+07     0.98597      0.0001007     7.67E+07     0.0001007     8.67E+07     2.7117E+05    
   7.68E+07     0.98597      0.00010063    7.68E+07     0.00010063    8.68E+07     2.7129E+05    
   7.69E+07     0.98597      0.00010049    7.69E+07     0.00010049    8.69E+07     2.7141E+05    
   7.7E+07      0.98597      0.00010034    7.7E+07      0.00010034    8.7E+07      2.716E+05     
   7.71E+07     0.98596      0.00010019    7.71E+07     0.00010019    8.71E+07     2.7122E+05    
   7.72E+07     0.98596      0.00010007    7.72E+07     0.00010007    8.72E+07     2.7147E+05    
   7.73E+07     0.98596      9.9933E-05    7.73E+07     9.9933E-05    8.73E+07     2.7117E+05    
   7.74E+07     0.98596      9.9795E-05    7.74E+07     9.9795E-05    8.74E+07     2.7152E+05    
   7.75E+07     0.98596      9.9657E-05    7.75E+07     9.9657E-05    8.75E+07     2.6902E+05    
   7.76E+07     0.98596      9.9539E-05    7.76E+07     9.9539E-05    8.76E+07     2.6939E+05    
   7.77E+07     0.98596      9.9549E-05    7.77E+07     9.9549E-05    8.77E+07     2.6979E+05    
   7.78E+07     0.98595      9.9543E-05    7.78E+07     9.9543E-05    8.78E+07     2.7006E+05    
   7.79E+07     0.98595      9.9412E-05    7.79E+07     9.9412E-05    8.79E+07     2.7028E+05    
   7.8E+07      0.98595      9.9269E-05    7.8E+07      9.9269E-05    8.8E+07      2.7068E+05    
   7.81E+07     0.98594      9.935E-05     7.81E+07     9.935E-05     8.81E+07     2.7032E+05    
   7.82E+07     0.98595      9.9261E-05    7.82E+07     9.9261E-05    8.82E+07     2.7045E+05    
   7.83E+07     0.98594      9.9127E-05    7.83E+07     9.9127E-05    8.83E+07     2.7051E+05    
   7.84E+07     0.98595      9.9093E-05    7.84E+07     9.9093E-05    8.84E+07     2.7037E+05    
   7.85E+07     0.98595      9.8953E-05    7.85E+07     9.8953E-05    8.85E+07     2.705E+05     
   7.86E+07     0.98595      9.8812E-05    7.86E+07     9.8812E-05    8.86E+07     2.7089E+05    
   7.87E+07     0.98594      9.8873E-05    7.87E+07     9.8873E-05    8.87E+07     2.707E+05     
   7.88E+07     0.98593      9.8992E-05    7.88E+07     9.8992E-05    8.88E+07     2.7097E+05    
   7.89E+07     0.98593      9.8939E-05    7.89E+07     9.8939E-05    8.89E+07     2.7123E+05    
   7.9E+07      0.98593      9.8879E-05    7.9E+07      9.8879E-05    8.9E+07      2.7159E+05    
   7.91E+07     0.98592      9.8841E-05    7.91E+07     9.8841E-05    8.91E+07     2.719E+05     
   7.92E+07     0.98592      9.8698E-05    7.92E+07     9.8698E-05    8.92E+07     2.723E+05     
   7.93E+07     0.98592      9.8565E-05    7.93E+07     9.8565E-05    8.93E+07     2.725E+05     
   7.94E+07     0.98592      9.8453E-05    7.94E+07     9.8453E-05    8.94E+07     2.7274E+05    
   7.95E+07     0.98592      9.8327E-05    7.95E+07     9.8327E-05    8.95E+07     2.7215E+05    
   7.96E+07     0.98592      9.8189E-05    7.96E+07     9.8189E-05    8.96E+07     2.7231E+05    
   7.97E+07     0.98592      9.8056E-05    7.97E+07     9.8056E-05    8.97E+07     2.7269E+05    
   7.98E+07     0.98592      9.7915E-05    7.98E+07     9.7915E-05    8.98E+07     2.7305E+05    
   7.99E+07     0.98592      9.7776E-05    7.99E+07     9.7776E-05    8.99E+07     2.7138E+05    
   8E+07        0.98593      9.7871E-05    8E+07        9.7871E-05    9E+07        2.7144E+05    
   8.01E+07     0.98593      9.7732E-05    8.01E+07     9.7732E-05    9.01E+07     2.7171E+05    
   8.02E+07     0.98593      9.7613E-05    8.02E+07     9.7613E-05    9.02E+07     2.7187E+05    
   8.03E+07     0.98593      9.7529E-05    8.03E+07     9.7529E-05    9.03E+07     2.7198E+05    
   8.04E+07     0.98594      9.7411E-05    8.04E+07     9.7411E-05    9.04E+07     2.7174E+05    
   8.05E+07     0.98593      9.7386E-05    8.05E+07     9.7386E-05    9.05E+07     2.7196E+05    
   8.06E+07     0.98593      9.726E-05     8.06E+07     9.726E-05     9.06E+07     2.7217E+05    
   8.07E+07     0.98593      9.7123E-05    8.07E+07     9.7123E-05    9.07E+07     2.7175E+05    
   8.08E+07     0.98592      9.7111E-05    8.08E+07     9.7111E-05    9.08E+07     2.7187E+05    
   8.09E+07     0.98593      9.6997E-05    8.09E+07     9.6997E-05    9.09E+07     2.7213E+05    
   8.1E+07      0.98592      9.6867E-05    8.1E+07      9.6867E-05    9.1E+07      2.7233E+05    
   8.11E+07     0.98593      9.6732E-05    8.11E+07     9.6732E-05    9.11E+07     2.7103E+05    
   8.12E+07     0.98593      9.6785E-05    8.12E+07     9.6785E-05    9.12E+07     2.7002E+05    
   8.13E+07     0.98592      9.6936E-05    8.13E+07     9.6936E-05    9.13E+07     2.7031E+05    
   8.14E+07     0.98592      9.6836E-05    8.14E+07     9.6836E-05    9.14E+07     2.704E+05     
   8.15E+07     0.98592      9.6741E-05    8.15E+07     9.6741E-05    9.15E+07     2.7059E+05    
   8.16E+07     0.98592      9.677E-05     8.16E+07     9.677E-05     9.16E+07     2.7071E+05    
   8.17E+07     0.98592      9.6666E-05    8.17E+07     9.6666E-05    9.17E+07     2.7092E+05    
   8.18E+07     0.98592      9.6592E-05    8.18E+07     9.6592E-05    9.18E+07     2.7046E+05    
   8.19E+07     0.98591      9.6622E-05    8.19E+07     9.6622E-05    9.19E+07     2.7055E+05    
   8.2E+07      0.98591      9.6488E-05    8.2E+07      9.6488E-05    9.2E+07      2.7057E+05    
   8.21E+07     0.98592      9.6464E-05    8.21E+07     9.6464E-05    9.21E+07     2.7093E+05    
   8.22E+07     0.98591      9.6458E-05    8.22E+07     9.6458E-05    9.22E+07     2.7028E+05    
   8.23E+07     0.98591      9.6325E-05    8.23E+07     9.6325E-05    9.23E+07     2.702E+05     
   8.24E+07     0.98591      9.6247E-05    8.24E+07     9.6247E-05    9.24E+07     2.694E+05     
   8.25E+07     0.98592      9.6143E-05    8.25E+07     9.6143E-05    9.25E+07     2.6977E+05    
   8.26E+07     0.98591      9.6045E-05    8.26E+07     9.6045E-05    9.26E+07     2.7012E+05    
   8.27E+07     0.98591      9.5951E-05    8.27E+07     9.5951E-05    9.27E+07     2.705E+05     
   8.28E+07     0.98591      9.5873E-05    8.28E+07     9.5873E-05    9.28E+07     2.7049E+05    
   8.29E+07     0.9859       9.5989E-05    8.29E+07     9.5989E-05    9.29E+07     2.7069E+05    
   8.3E+07      0.9859       9.5982E-05    8.3E+07      9.5982E-05    9.3E+07      2.7098E+05    
   8.31E+07     0.9859       9.5968E-05    8.31E+07     9.5968E-05    9.31E+07     2.696E+05     
   8.32E+07     0.9859       9.5862E-05    8.32E+07     9.5862E-05    9.32E+07     2.6975E+05    
   8.33E+07     0.9859       9.5824E-05    8.33E+07     9.5824E-05    9.33E+07     2.7008E+05    
   8.34E+07     0.98589      9.5972E-05    8.34E+07     9.5972E-05    9.34E+07     2.704E+05     
   8.35E+07     0.9859       9.5898E-05    8.35E+07     9.5898E-05    9.35E+07     2.7056E+05    
   8.36E+07     0.9859       9.5768E-05    8.36E+07     9.5768E-05    9.36E+07     2.699E+05     
   8.37E+07     0.9859       9.5902E-05    8.37E+07     9.5902E-05    9.37E+07     2.696E+05     
   8.38E+07     0.9859       9.5905E-05    8.38E+07     9.5905E-05    9.38E+07     2.6993E+05    
   8.39E+07     0.9859       9.5788E-05    8.39E+07     9.5788E-05    9.39E+07     2.7028E+05    
   8.4E+07      0.98589      9.5678E-05    8.4E+07      9.5678E-05    9.4E+07      2.7054E+05    
   8.41E+07     0.98589      9.5549E-05    8.41E+07     9.5549E-05    9.41E+07     2.7073E+05    
   8.42E+07     0.98589      9.5466E-05    8.42E+07     9.5466E-05    9.42E+07     2.7102E+05    
   8.43E+07     0.9859       9.5442E-05    8.43E+07     9.5442E-05    9.43E+07     2.7136E+05    
   8.44E+07     0.9859       9.5392E-05    8.44E+07     9.5392E-05    9.44E+07     2.7173E+05    
   8.45E+07     0.9859       9.5328E-05    8.45E+07     9.5328E-05    9.45E+07     2.7122E+05    
   8.46E+07     0.9859       9.5248E-05    8.46E+07     9.5248E-05    9.46E+07     2.7087E+05    
   8.47E+07     0.9859       9.5193E-05    8.47E+07     9.5193E-05    9.47E+07     2.7092E+05    
   8.48E+07     0.98589      9.508E-05     8.48E+07     9.508E-05     9.48E+07     2.7124E+05    
   8.49E+07     0.98589      9.4966E-05    8.49E+07     9.4966E-05    9.49E+07     2.7141E+05    
   8.5E+07      0.9859       9.4901E-05    8.5E+07      9.4901E-05    9.5E+07      2.7164E+05    
   8.51E+07     0.9859       9.478E-05     8.51E+07     9.478E-05     9.51E+07     2.7179E+05    
   8.52E+07     0.98589      9.4695E-05    8.52E+07     9.4695E-05    9.52E+07     2.7215E+05    
   8.53E+07     0.9859       9.4609E-05    8.53E+07     9.4609E-05    9.53E+07     2.7231E+05    
   8.54E+07     0.9859       9.4498E-05    8.54E+07     9.4498E-05    9.54E+07     2.7264E+05    
   8.55E+07     0.9859       9.4375E-05    8.55E+07     9.4375E-05    9.55E+07     2.7195E+05    
   8.56E+07     0.9859       9.4291E-05    8.56E+07     9.4291E-05    9.56E+07     2.7103E+05    
   8.57E+07     0.9859       9.4169E-05    8.57E+07     9.4169E-05    9.57E+07     2.7129E+05    
   8.58E+07     0.9859       9.4052E-05    8.58E+07     9.4052E-05    9.58E+07     2.7145E+05    
   8.59E+07     0.98589      9.4004E-05    8.59E+07     9.4004E-05    9.59E+07     2.7153E+05    
   8.6E+07      0.98589      9.3885E-05    8.6E+07      9.3885E-05    9.6E+07      2.7169E+05    
   8.61E+07     0.9859       9.3825E-05    8.61E+07     9.3825E-05    9.61E+07     2.7194E+05    
   8.62E+07     0.98589      9.4229E-05    8.62E+07     9.4229E-05    9.62E+07     2.7146E+05    
   8.63E+07     0.98589      9.4259E-05    8.63E+07     9.4259E-05    9.63E+07     2.7173E+05    
   8.64E+07     0.98589      9.4218E-05    8.64E+07     9.4218E-05    9.64E+07     2.7204E+05    
   8.65E+07     0.98589      9.4099E-05    8.65E+07     9.4099E-05    9.65E+07     2.7231E+05    
   8.66E+07     0.98589      9.3986E-05    8.66E+07     9.3986E-05    9.66E+07     2.7225E+05    
   8.67E+07     0.98588      9.4055E-05    8.67E+07     9.4055E-05    9.67E+07     2.7228E+05    
   8.68E+07     0.98588      9.3979E-05    8.68E+07     9.3979E-05    9.68E+07     2.7253E+05    
   8.69E+07     0.98589      9.3906E-05    8.69E+07     9.3906E-05    9.69E+07     2.7266E+05    
   8.7E+07      0.98589      9.3821E-05    8.7E+07      9.3821E-05    9.7E+07      2.7284E+05    
   8.71E+07     0.98588      9.3827E-05    8.71E+07     9.3827E-05    9.71E+07     2.7298E+05    
   8.72E+07     0.98588      9.3729E-05    8.72E+07     9.3729E-05    9.72E+07     2.7331E+05    
   8.73E+07     0.98588      9.3729E-05    8.73E+07     9.3729E-05    9.73E+07     2.7366E+05    
   8.74E+07     0.98588      9.3616E-05    8.74E+07     9.3616E-05    9.74E+07     2.7394E+05    
   8.75E+07     0.98587      9.3991E-05    8.75E+07     9.3991E-05    9.75E+07     2.7334E+05    
   8.76E+07     0.98587      9.3872E-05    8.76E+07     9.3872E-05    9.76E+07     2.7367E+05    
   8.77E+07     0.98587      9.3751E-05    8.77E+07     9.3751E-05    9.77E+07     2.7315E+05    
   8.78E+07     0.98587      9.3652E-05    8.78E+07     9.3652E-05    9.78E+07     2.7339E+05    
   8.79E+07     0.98587      9.3556E-05    8.79E+07     9.3556E-05    9.79E+07     2.7333E+05    
   8.8E+07      0.98587      9.3437E-05    8.8E+07      9.3437E-05    9.8E+07      2.7319E+05    
   8.81E+07     0.98587      9.3436E-05    8.81E+07     9.3436E-05    9.81E+07     2.7344E+05    
   8.82E+07     0.98587      9.3351E-05    8.82E+07     9.3351E-05    9.82E+07     2.7361E+05    
   8.83E+07     0.98587      9.328E-05     8.83E+07     9.328E-05     9.83E+07     2.739E+05     
   8.84E+07     0.98587      9.3252E-05    8.84E+07     9.3252E-05    9.84E+07     2.738E+05     
   8.85E+07     0.98587      9.3178E-05    8.85E+07     9.3178E-05    9.85E+07     2.738E+05     
   8.86E+07     0.98587      9.306E-05     8.86E+07     9.306E-05     9.86E+07     2.7221E+05    
   8.87E+07     0.98587      9.3028E-05    8.87E+07     9.3028E-05    9.87E+07     2.7256E+05    
   8.88E+07     0.98587      9.2933E-05    8.88E+07     9.2933E-05    9.88E+07     2.7287E+05    
   8.89E+07     0.98588      9.2836E-05    8.89E+07     9.2836E-05    9.89E+07     2.7308E+05    
   8.9E+07      0.98588      9.2725E-05    8.9E+07      9.2725E-05    9.9E+07      2.7306E+05    
   8.91E+07     0.98588      9.261E-05     8.91E+07     9.261E-05     9.91E+07     2.7248E+05    
   8.92E+07     0.98588      9.2493E-05    8.92E+07     9.2493E-05    9.92E+07     2.7273E+05    
   8.93E+07     0.98588      9.2407E-05    8.93E+07     9.2407E-05    9.93E+07     2.7296E+05    
   8.94E+07     0.98588      9.2318E-05    8.94E+07     9.2318E-05    9.94E+07     2.7325E+05    
   8.95E+07     0.98588      9.2361E-05    8.95E+07     9.2361E-05    9.95E+07     2.7346E+05    
   8.96E+07     0.98588      9.2284E-05    8.96E+07     9.2284E-05    9.96E+07     2.7363E+05    
   8.97E+07     0.98588      9.2169E-05    8.97E+07     9.2169E-05    9.97E+07     2.729E+05     
   8.98E+07     0.98588      9.206E-05     8.98E+07     9.206E-05     9.98E+07     2.7325E+05    
   8.99E+07     0.98589      9.2282E-05    8.99E+07     9.2282E-05    9.99E+07     2.7341E+05    
   9E+07        0.98588      9.2224E-05    9E+07        9.2224E-05    1E+08        2.737E+05     
   9.01E+07     0.98588      9.2129E-05    9.01E+07     9.2129E-05    
   9.02E+07     0.98588      9.2051E-05    9.02E+07     9.2051E-05    
   9.03E+07     0.98588      9.1977E-05    9.03E+07     9.1977E-05    
   9.04E+07     0.98588      9.1965E-05    9.04E+07     9.1965E-05    
   9.05E+07     0.98588      9.188E-05     9.05E+07     9.188E-05     
   9.06E+07     0.98588      9.1794E-05    9.06E+07     9.1794E-05    
   9.07E+07     0.98587      9.1815E-05    9.07E+07     9.1815E-05    
   9.08E+07     0.98587      9.1744E-05    9.08E+07     9.1744E-05    
   9.09E+07     0.98587      9.1653E-05    9.09E+07     9.1653E-05    
   9.1E+07      0.98587      9.1569E-05    9.1E+07      9.1569E-05    
   9.11E+07     0.98588      9.1732E-05    9.11E+07     9.1732E-05    
   9.12E+07     0.98587      9.1856E-05    9.12E+07     9.1856E-05    
   9.13E+07     0.98588      9.1757E-05    9.13E+07     9.1757E-05    
   9.14E+07     0.98587      9.1694E-05    9.14E+07     9.1694E-05    
   9.15E+07     0.98588      9.1613E-05    9.15E+07     9.1613E-05    
   9.16E+07     0.98587      9.1541E-05    9.16E+07     9.1541E-05    
   9.17E+07     0.98588      9.1454E-05    9.17E+07     9.1454E-05    
   9.18E+07     0.98587      9.1485E-05    9.18E+07     9.1485E-05    
   9.19E+07     0.98587      9.142E-05     9.19E+07     9.142E-05     
   9.2E+07      0.98588      9.1363E-05    9.2E+07      9.1363E-05    
   9.21E+07     0.98588      9.1252E-05    9.21E+07     9.1252E-05    
   9.22E+07     0.98588      9.1314E-05    9.22E+07     9.1314E-05    
   9.23E+07     0.98589      9.1281E-05    9.23E+07     9.1281E-05    
   9.24E+07     0.98588      9.1364E-05    9.24E+07     9.1364E-05    
   9.25E+07     0.98588      9.1254E-05    9.25E+07     9.1254E-05    
   9.26E+07     0.98588      9.1144E-05    9.26E+07     9.1144E-05    
   9.27E+07     0.98588      9.1034E-05    9.27E+07     9.1034E-05    
   9.28E+07     0.98588      9.0981E-05    9.28E+07     9.0981E-05    
   9.29E+07     0.98588      9.09E-05      9.29E+07     9.09E-05      
   9.3E+07      0.98588      9.0803E-05    9.3E+07      9.0803E-05    
   9.31E+07     0.98589      9.0989E-05    9.31E+07     9.0989E-05    
   9.32E+07     0.98589      9.0908E-05    9.32E+07     9.0908E-05    
   9.33E+07     0.98589      9.0807E-05    9.33E+07     9.0807E-05    
   9.34E+07     0.98589      9.0705E-05    9.34E+07     9.0705E-05    
   9.35E+07     0.98589      9.0632E-05    9.35E+07     9.0632E-05    
   9.36E+07     0.98588      9.0693E-05    9.36E+07     9.0693E-05    
   9.37E+07     0.98589      9.0694E-05    9.37E+07     9.0694E-05    
   9.38E+07     0.98589      9.0594E-05    9.38E+07     9.0594E-05    
   9.39E+07     0.98589      9.0487E-05    9.39E+07     9.0487E-05    
   9.4E+07      0.98589      9.0398E-05    9.4E+07      9.0398E-05    
   9.41E+07     0.98589      9.0313E-05    9.41E+07     9.0313E-05    
   9.42E+07     0.98588      9.0219E-05    9.42E+07     9.0219E-05    
   9.43E+07     0.98589      9.0114E-05    9.43E+07     9.0114E-05    
   9.44E+07     0.98588      9.0008E-05    9.44E+07     9.0008E-05    
   9.45E+07     0.98588      9.0037E-05    9.45E+07     9.0037E-05    
   9.46E+07     0.98588      9.0049E-05    9.46E+07     9.0049E-05    
   9.47E+07     0.98587      8.9994E-05    9.47E+07     8.9994E-05    
   9.48E+07     0.98587      8.9896E-05    9.48E+07     8.9896E-05    
   9.49E+07     0.98588      8.9821E-05    9.49E+07     8.9821E-05    
   9.5E+07      0.98588      8.9735E-05    9.5E+07      8.9735E-05    
   9.51E+07     0.98588      8.9664E-05    9.51E+07     8.9664E-05    
   9.52E+07     0.98588      8.9559E-05    9.52E+07     8.9559E-05    
   9.53E+07     0.98588      8.9484E-05    9.53E+07     8.9484E-05    
   9.54E+07     0.98588      8.9379E-05    9.54E+07     8.9379E-05    
   9.55E+07     0.98589      8.9448E-05    9.55E+07     8.9448E-05    
   9.56E+07     0.98588      8.9554E-05    9.56E+07     8.9554E-05    
   9.57E+07     0.98588      8.946E-05     9.57E+07     8.946E-05     
   9.58E+07     0.98588      8.9385E-05    9.58E+07     8.9385E-05    
   9.59E+07     0.98588      8.9329E-05    9.59E+07     8.9329E-05    
   9.6E+07      0.98588      8.9257E-05    9.6E+07      8.9257E-05    
   9.61E+07     0.98588      8.9166E-05    9.61E+07     8.9166E-05    
   9.62E+07     0.98587      8.9199E-05    9.62E+07     8.9199E-05    
   9.63E+07     0.98587      8.9108E-05    9.63E+07     8.9108E-05    
   9.64E+07     0.98587      8.9013E-05    9.64E+07     8.9013E-05    
   9.65E+07     0.98587      8.8923E-05    9.65E+07     8.8923E-05    
   9.66E+07     0.98588      8.8886E-05    9.66E+07     8.8886E-05    
   9.67E+07     0.98588      8.8834E-05    9.67E+07     8.8834E-05    
   9.68E+07     0.98588      8.875E-05     9.68E+07     8.875E-05     
   9.69E+07     0.98587      8.8685E-05    9.69E+07     8.8685E-05    
   9.7E+07      0.98588      8.8601E-05    9.7E+07      8.8601E-05    
   9.71E+07     0.98587      8.8534E-05    9.71E+07     8.8534E-05    
   9.72E+07     0.98587      8.8435E-05    9.72E+07     8.8435E-05    
   9.73E+07     0.98587      8.8336E-05    9.73E+07     8.8336E-05    
   9.74E+07     0.98587      8.824E-05     9.74E+07     8.824E-05     
   9.75E+07     0.98587      8.8293E-05    9.75E+07     8.8293E-05    
   9.76E+07     0.98587      8.8193E-05    9.76E+07     8.8193E-05    
   9.77E+07     0.98587      8.8235E-05    9.77E+07     8.8235E-05    
   9.78E+07     0.98588      8.8146E-05    9.78E+07     8.8146E-05    
   9.79E+07     0.98587      8.8114E-05    9.79E+07     8.8114E-05    
   9.8E+07      0.98587      8.8091E-05    9.8E+07      8.8091E-05    
   9.81E+07     0.98587      8.8009E-05    9.81E+07     8.8009E-05    
   9.82E+07     0.98587      8.7929E-05    9.82E+07     8.7929E-05    
   9.83E+07     0.98587      8.7839E-05    9.83E+07     8.7839E-05    
   9.84E+07     0.98586      8.7812E-05    9.84E+07     8.7812E-05    
   9.85E+07     0.98587      8.777E-05     9.85E+07     8.777E-05     
   9.86E+07     0.98586      8.7976E-05    9.86E+07     8.7976E-05    
   9.87E+07     0.98586      8.7877E-05    9.87E+07     8.7877E-05    
   9.88E+07     0.98586      8.7784E-05    9.88E+07     8.7784E-05    
   9.89E+07     0.98586      8.7707E-05    9.89E+07     8.7707E-05    
   9.9E+07      0.98586      8.7663E-05    9.9E+07      8.7663E-05    
   9.91E+07     0.98585      8.7711E-05    9.91E+07     8.7711E-05    
   9.92E+07     0.98585      8.763E-05     9.92E+07     8.763E-05     
   9.93E+07     0.98585      8.7548E-05    9.93E+07     8.7548E-05    
   9.94E+07     0.98585      8.7455E-05    9.94E+07     8.7455E-05    
   9.95E+07     0.98586      8.7377E-05    9.95E+07     8.7377E-05    
   9.96E+07     0.98586      8.7309E-05    9.96E+07     8.7309E-05    
   9.97E+07     0.98585      8.7382E-05    9.97E+07     8.7382E-05    
   9.98E+07     0.98585      8.7284E-05    9.98E+07     8.7284E-05    
   9.99E+07     0.98586      8.7213E-05    9.99E+07     8.7213E-05    
   1E+08        0.98586      8.7126E-05    1E+08        8.7126E-05    
