# This file is written with the intent of being used to plot the data with 
# Gnuplot.  It contains no information regarding how the plot should be 
# formatted.
# =========================================================================
# Research/ArnoldivsPower -f Power1-99.dat -t 100000 -A -c 100 -C 900 -w 20 -b 75 -r  seed = 672377037
# filename = Power1-99.dat, run = true, power = true, Arnoldi = false, storevectors = 0, raw = false, evectors = 2, evalues = 2, residual = false, arnoldimethod = implicit, tol = 2.22045e-16, verbose = 1, seed = 0, width = 20, bins = 75, acycles = 900, incycles = 100, active = 20, inactive = 0, Iterations = 10, numValues = 2, relaxed = 0, tracks = 100000, ignore_rest = false, version = false, help = false, 

#  1            2            3             4            5             6            7             8            9            
# |-            Power values           -| |-   Power eValues SD   -| |-       FOM-Power      -| |-     Power vector     -| 
#  x-coord      y-coord      error         x-coord      y-coord       x-coord      y-coord       x-coord      y-coord       
   1E+05        0.95702      0             1E+05        0             1.01E+07     0             0.13333      0.017383      
   2E+05        0.96552      0             2E+05        0             1.02E+07     3811.2        0.4          0.024311      
   3E+05        0.97257      0             3E+05        0             1.03E+07     6450.8        0.66667      0.030843      
   4E+05        0.97063      0             4E+05        0             1.04E+07     8016.6        0.93333      0.036949      
   5E+05        0.97702      0             5E+05        0             1.05E+07     12100         1.2          0.042913      
   6E+05        0.98551      0             6E+05        0             1.06E+07     16745         1.4667       0.049039      
   7E+05        0.97877      0             7E+05        0             1.07E+07     19828         1.7333       0.054811      
   8E+05        0.98203      0             8E+05        0             1.08E+07     22758         2            0.060527      
   9E+05        0.97681      0             9E+05        0             1.09E+07     28200         2.2667       0.066356      
   1E+06        0.97813      0             1E+06        0             1.1E+07      32816         2.5333       0.071608      
   1.1E+06      0.98518      0             1.1E+06      0             1.11E+07     35913         2.8          0.077028      
   1.2E+06      0.97671      0             1.2E+06      0             1.12E+07     37840         3.0667       0.082472      
   1.3E+06      0.98127      0             1.3E+06      0             1.13E+07     43788         3.3333       0.087802      
   1.4E+06      0.98237      0             1.4E+06      0             1.14E+07     46301         3.6          0.092764      
   1.5E+06      0.98449      0             1.5E+06      0             1.15E+07     51423         3.8667       0.097861      
   1.6E+06      0.98066      0             1.6E+06      0             1.16E+07     44730         4.1333       0.10241       
   1.7E+06      0.98319      0             1.7E+06      0             1.17E+07     41316         4.4          0.10713       
   1.8E+06      0.98388      0             1.8E+06      0             1.18E+07     45398         4.6667       0.11166       
   1.9E+06      0.98373      0             1.9E+06      0             1.19E+07     48710         4.9333       0.11576       
   2E+06        0.98472      0             2E+06        0             1.2E+07      53473         5.2          0.12005       
   2.1E+06      0.98203      0             2.1E+06      0             1.21E+07     58168         5.4667       0.12397       
   2.2E+06      0.98216      0             2.2E+06      0             1.22E+07     63324         5.7333       0.12786       
   2.3E+06      0.98556      0             2.3E+06      0             1.23E+07     66005         6            0.13113       
   2.4E+06      0.98363      0             2.4E+06      0             1.24E+07     71290         6.2667       0.13463       
   2.5E+06      0.98176      0             2.5E+06      0             1.25E+07     75323         6.5333       0.1379        
   2.6E+06      0.98724      0             2.6E+06      0             1.26E+07     80807         6.8          0.14094       
   2.7E+06      0.98197      0             2.7E+06      0             1.27E+07     84449         7.0667       0.14315       
   2.8E+06      0.98843      0             2.8E+06      0             1.28E+07     88908         7.3333       0.14583       
   2.9E+06      0.98724      0             2.9E+06      0             1.29E+07     90286         7.6          0.14802       
   3E+06        0.98281      0             3E+06        0             1.3E+07      94213         7.8667       0.15049       
   3.1E+06      0.98057      0             3.1E+06      0             1.31E+07     96997         8.1333       0.15251       
   3.2E+06      0.9836       0             3.2E+06      0             1.32E+07     93802         8.4          0.15359       
   3.3E+06      0.98536      0             3.3E+06      0             1.33E+07     99019         8.6667       0.15465       
   3.4E+06      0.98485      0             3.4E+06      0             1.34E+07     1.0179E+05    8.9333       0.1558        
   3.5E+06      0.97992      0             3.5E+06      0             1.35E+07     1.0442E+05    9.2          0.15729       
   3.6E+06      0.99136      0             3.6E+06      0             1.36E+07     1.0387E+05    9.4667       0.15743       
   3.7E+06      0.98714      0             3.7E+06      0             1.37E+07     1.0357E+05    9.7333       0.15784       
   3.8E+06      0.98224      0             3.8E+06      0             1.38E+07     1.0431E+05    10           0.15802       
   3.9E+06      0.98118      0             3.9E+06      0             1.39E+07     1.05E+05      10.267       0.15796       
   4E+06        0.98799      0             4E+06        0             1.4E+07      1.0899E+05    10.533       0.15773       
   4.1E+06      0.98685      0             4.1E+06      0             1.41E+07     1.1249E+05    10.8         0.15661       
   4.2E+06      0.98255      0             4.2E+06      0             1.42E+07     1.1645E+05    11.067       0.15561       
   4.3E+06      0.98822      0             4.3E+06      0             1.43E+07     1.1856E+05    11.333       0.15476       
   4.4E+06      0.98295      0             4.4E+06      0             1.44E+07     1.2215E+05    11.6         0.15363       
   4.5E+06      0.98475      0             4.5E+06      0             1.45E+07     1.215E+05     11.867       0.15218       
   4.6E+06      0.98303      0             4.6E+06      0             1.46E+07     1.1722E+05    12.133       0.15052       
   4.7E+06      0.98735      0             4.7E+06      0             1.47E+07     1.2067E+05    12.4         0.14879       
   4.8E+06      0.98491      0             4.8E+06      0             1.48E+07     1.2422E+05    12.667       0.14645       
   4.9E+06      0.98423      0             4.9E+06      0             1.49E+07     1.2629E+05    12.933       0.14408       
   5E+06        0.98801      0             5E+06        0             1.5E+07      1.2274E+05    13.2         0.14133       
   5.1E+06      0.98452      0             5.1E+06      0             1.51E+07     1.2504E+05    13.467       0.13833       
   5.2E+06      0.98732      0             5.2E+06      0             1.52E+07     1.2879E+05    13.733       0.13503       
   5.3E+06      0.98904      0             5.3E+06      0             1.53E+07     1.3229E+05    14           0.13145       
   5.4E+06      0.98802      0             5.4E+06      0             1.54E+07     1.3556E+05    14.267       0.12788       
   5.5E+06      0.98621      0             5.5E+06      0             1.55E+07     1.3149E+05    14.533       0.12401       
   5.6E+06      0.98342      0             5.6E+06      0             1.56E+07     1.3531E+05    14.8         0.12021       
   5.7E+06      0.98498      0             5.7E+06      0             1.57E+07     1.3931E+05    15.067       0.11633       
   5.8E+06      0.98581      0             5.8E+06      0             1.58E+07     1.4203E+05    15.333       0.11198       
   5.9E+06      0.98307      0             5.9E+06      0             1.59E+07     1.457E+05     15.6         0.10725       
   6E+06        0.98667      0             6E+06        0             1.6E+07      1.4873E+05    15.867       0.10266       
   6.1E+06      0.98977      0             6.1E+06      0             1.61E+07     1.5167E+05    16.133       0.097847      
   6.2E+06      0.99172      0             6.2E+06      0             1.62E+07     1.557E+05     16.4         0.09286       
   6.3E+06      0.98999      0             6.3E+06      0             1.63E+07     1.5965E+05    16.667       0.087811      
   6.4E+06      0.98498      0             6.4E+06      0             1.64E+07     1.6343E+05    16.933       0.082719      
   6.5E+06      0.9893       0             6.5E+06      0             1.65E+07     1.6481E+05    17.2         0.07721       
   6.6E+06      0.98402      0             6.6E+06      0             1.66E+07     1.6372E+05    17.467       0.071885      
   6.7E+06      0.98329      0             6.7E+06      0             1.67E+07     1.669E+05     17.733       0.066191      
   6.8E+06      0.9864       0             6.8E+06      0             1.68E+07     1.7081E+05    18           0.060749      
   6.9E+06      0.98918      0             6.9E+06      0             1.69E+07     1.641E+05     18.267       0.054848      
   7E+06        0.98613      0             7E+06        0             1.7E+07      1.6027E+05    18.533       0.04901       
   7.1E+06      0.99299      0             7.1E+06      0             1.71E+07     1.6222E+05    18.8         0.043219      
   7.2E+06      0.98832      0             7.2E+06      0             1.72E+07     1.6343E+05    19.067       0.037096      
   7.3E+06      0.98294      0             7.3E+06      0             1.73E+07     1.6343E+05    19.333       0.03097       
   7.4E+06      0.98507      0             7.4E+06      0             1.74E+07     1.6697E+05    19.6         0.024597      
   7.5E+06      0.98477      0             7.5E+06      0             1.75E+07     1.7024E+05    19.867       0.01749       
   7.6E+06      0.98957      0             7.6E+06      0             1.76E+07     1.737E+05     
   7.7E+06      0.98644      0             7.7E+06      0             1.77E+07     1.7712E+05    
   7.8E+06      0.9882       0             7.8E+06      0             1.78E+07     1.8076E+05    
   7.9E+06      0.98958      0             7.9E+06      0             1.79E+07     1.7946E+05    
   8E+06        0.98155      0             8E+06        0             1.8E+07      1.82E+05      
   8.1E+06      0.98379      0             8.1E+06      0             1.81E+07     1.8544E+05    
   8.2E+06      0.98765      0             8.2E+06      0             1.82E+07     1.76E+05      
   8.3E+06      0.98527      0             8.3E+06      0             1.83E+07     1.7459E+05    
   8.4E+06      0.98458      0             8.4E+06      0             1.84E+07     1.7275E+05    
   8.5E+06      0.98643      0             8.5E+06      0             1.85E+07     1.7131E+05    
   8.6E+06      0.98308      0             8.6E+06      0             1.86E+07     1.7424E+05    
   8.7E+06      0.98744      0             8.7E+06      0             1.87E+07     1.7609E+05    
   8.8E+06      0.98785      0             8.8E+06      0             1.88E+07     1.7766E+05    
   8.9E+06      0.9886       0             8.9E+06      0             1.89E+07     1.787E+05     
   9E+06        0.98469      0             9E+06        0             1.9E+07      1.8165E+05    
   9.1E+06      0.98419      0             9.1E+06      0             1.91E+07     1.8308E+05    
   9.2E+06      0.98349      0             9.2E+06      0             1.92E+07     1.8456E+05    
   9.3E+06      0.98518      0             9.3E+06      0             1.93E+07     1.8751E+05    
   9.4E+06      0.98191      0             9.4E+06      0             1.94E+07     1.8851E+05    
   9.5E+06      0.98589      0             9.5E+06      0             1.95E+07     1.8597E+05    
   9.6E+06      0.98163      0             9.6E+06      0             1.96E+07     1.8417E+05    
   9.7E+06      0.98274      0             9.7E+06      0             1.97E+07     1.8469E+05    
   9.8E+06      0.99063      0             9.8E+06      0             1.98E+07     1.876E+05     
   9.9E+06      0.99024      0             9.9E+06      0             1.99E+07     1.9045E+05    
   1E+07        0.98772      0             1E+07        0             2E+07        1.8843E+05    
   1.01E+07     0.98922      NAN           1.01E+07     NAN           2.01E+07     1.9119E+05    
   1.02E+07     0.98591      0.0023398     1.02E+07     0.0023398     2.02E+07     1.8466E+05    
   1.03E+07     0.98698      0.0017899     1.03E+07     0.0017899     2.03E+07     1.8157E+05    
   1.04E+07     0.98798      0.0015975     1.04E+07     0.0015975     2.04E+07     1.828E+05     
   1.05E+07     0.98776      0.0012942     1.05E+07     0.0012942     2.05E+07     1.8128E+05    
   1.06E+07     0.98755      0.0010944     1.06E+07     0.0010944     2.06E+07     1.8369E+05    
   1.07E+07     0.98717      0.0010011     1.07E+07     0.0010011     2.07E+07     1.8268E+05    
   1.08E+07     0.98684      0.00092997    1.08E+07     0.00092997    2.08E+07     1.8215E+05    
   1.09E+07     0.98694      0.00083168    1.09E+07     0.00083168    2.09E+07     1.8418E+05    
   1.1E+07      0.98676      0.00076696    1.1E+07      0.00076696    2.1E+07      1.7717E+05    
   1.11E+07     0.98653      0.00072994    1.11E+07     0.00072994    2.11E+07     1.788E+05     
   1.12E+07     0.98678      0.00070803    1.12E+07     0.00070803    2.12E+07     1.8107E+05    
   1.13E+07     0.98682      0.00065523    1.13E+07     0.00065523    2.13E+07     1.8195E+05    
   1.14E+07     0.98701      0.00063433    1.14E+07     0.00063433    2.14E+07     1.8221E+05    
   1.15E+07     0.98692      0.00059905    1.15E+07     0.00059905    2.15E+07     1.8221E+05    
   1.16E+07     0.9866       0.00063964    1.16E+07     0.00063964    2.16E+07     1.844E+05     
   1.17E+07     0.98631      0.00066261    1.17E+07     0.00066261    2.17E+07     1.8623E+05    
   1.18E+07     0.98639      0.00062952    1.18E+07     0.00062952    2.18E+07     1.8853E+05    
   1.19E+07     0.98628      0.00060474    1.19E+07     0.00060474    2.19E+07     1.908E+05     
   1.2E+07      0.9863       0.00057485    1.2E+07      0.00057485    2.2E+07      1.9282E+05    
   1.21E+07     0.98626      0.00054884    1.21E+07     0.00054884    2.21E+07     1.9495E+05    
   1.22E+07     0.98627      0.00052394    1.22E+07     0.00052394    2.22E+07     1.9712E+05    
   1.23E+07     0.98617      0.0005107     1.23E+07     0.0005107     2.23E+07     1.8619E+05    
   1.24E+07     0.98618      0.00048949    1.24E+07     0.00048949    2.24E+07     1.8829E+05    
   1.25E+07     0.98611      0.00047434    1.25E+07     0.00047434    2.25E+07     1.8992E+05    
   1.26E+07     0.98611      0.00045612    1.26E+07     0.00045612    2.26E+07     1.9151E+05    
   1.27E+07     0.98618      0.00044423    1.27E+07     0.00044423    2.27E+07     1.9227E+05    
   1.28E+07     0.98623      0.00043123    1.28E+07     0.00043123    2.28E+07     1.8657E+05    
   1.29E+07     0.98613      0.00042632    1.29E+07     0.00042632    2.29E+07     1.8843E+05    
   1.3E+07      0.98608      0.00041567    1.3E+07      0.00041567    2.3E+07      1.8613E+05    
   1.31E+07     0.98601      0.00040798    1.31E+07     0.00040798    2.31E+07     1.8706E+05    
   1.32E+07     0.98613      0.00041328    1.32E+07     0.00041328    2.32E+07     1.8905E+05    
   1.33E+07     0.98613      0.00040077    1.33E+07     0.00040077    2.33E+07     1.9069E+05    
   1.34E+07     0.98619      0.00039357    1.34E+07     0.00039357    2.34E+07     1.9273E+05    
   1.35E+07     0.98613      0.00038698    1.35E+07     0.00038698    2.35E+07     1.9388E+05    
   1.36E+07     0.98604      0.00038651    1.36E+07     0.00038651    2.36E+07     1.9088E+05    
   1.37E+07     0.98612      0.00038571    1.37E+07     0.00038571    2.37E+07     1.9263E+05    
   1.38E+07     0.9862       0.00038299    1.38E+07     0.00038299    2.38E+07     1.9466E+05    
   1.39E+07     0.98613      0.00038014    1.39E+07     0.00038014    2.39E+07     1.9592E+05    
   1.4E+07      0.98616      0.00037182    1.4E+07      0.00037182    2.4E+07      1.9774E+05    
   1.41E+07     0.9862       0.00036464    1.41E+07     0.00036464    2.41E+07     1.9837E+05    
   1.42E+07     0.98617      0.00035716    1.42E+07     0.00035716    2.42E+07     2.0026E+05    
   1.43E+07     0.98611      0.00035247    1.43E+07     0.00035247    2.43E+07     2.0077E+05    
   1.44E+07     0.98615      0.00034608    1.44E+07     0.00034608    2.44E+07     2.0213E+05    
   1.45E+07     0.98622      0.00034578    1.45E+07     0.00034578    2.45E+07     2.0374E+05    
   1.46E+07     0.98613      0.00035088    1.46E+07     0.00035088    2.46E+07     2.0561E+05    
   1.47E+07     0.98615      0.00034448    1.47E+07     0.00034448    2.47E+07     2.076E+05     
   1.48E+07     0.98613      0.00033841    1.48E+07     0.00033841    2.48E+07     2.0958E+05    
   1.49E+07     0.98617      0.00033446    1.49E+07     0.00033446    2.49E+07     2.1146E+05    
   1.5E+07      0.98609      0.00033817    1.5E+07      0.00033817    2.5E+07      2.1174E+05    
   1.51E+07     0.98612      0.00033371    1.51E+07     0.00033371    2.51E+07     2.1354E+05    
   1.52E+07     0.98611      0.00032778    1.52E+07     0.00032778    2.52E+07     2.0468E+05    
   1.53E+07     0.98613      0.00032239    1.53E+07     0.00032239    2.53E+07     2.036E+05     
   1.54E+07     0.98616      0.00031743    1.54E+07     0.00031743    2.54E+07     2.0537E+05    
   1.55E+07     0.98608      0.00032117    1.55E+07     0.00032117    2.55E+07     2.0383E+05    
   1.56E+07     0.98609      0.00031556    1.56E+07     0.00031556    2.56E+07     2.0563E+05    
   1.57E+07     0.98609      0.00031004    1.57E+07     0.00031004    2.57E+07     2.0626E+05    
   1.58E+07     0.98606      0.00030609    1.58E+07     0.00030609    2.58E+07     2.0325E+05    
   1.59E+07     0.98604      0.00030125    1.59E+07     0.00030125    2.59E+07     2.0404E+05    
   1.6E+07      0.98602      0.00029708    1.6E+07      0.00029708    2.6E+07      2.0503E+05    
   1.61E+07     0.986        0.0002933     1.61E+07     0.0002933     2.61E+07     2.0377E+05    
   1.62E+07     0.986        0.00028857    1.62E+07     0.00028857    2.62E+07     2.0376E+05    
   1.63E+07     0.98599      0.00028413    1.63E+07     0.00028413    2.63E+07     2.055E+05     
   1.64E+07     0.986        0.00027981    1.64E+07     0.00027981    2.64E+07     2.0367E+05    
   1.65E+07     0.98603      0.00027782    1.65E+07     0.00027782    2.65E+07     2.0532E+05    
   1.66E+07     0.98598      0.00027788    1.66E+07     0.00027788    2.66E+07     2.0672E+05    
   1.67E+07     0.98596      0.00027443    1.67E+07     0.00027443    2.67E+07     2.0756E+05    
   1.68E+07     0.98597      0.0002704     1.68E+07     0.0002704     2.68E+07     2.0907E+05    
   1.69E+07     0.9859       0.00027505    1.69E+07     0.00027505    2.69E+07     2.103E+05     
   1.7E+07      0.98596      0.00027751    1.7E+07      0.00027751    2.7E+07      2.1027E+05    
   1.71E+07     0.98599      0.00027506    1.71E+07     0.00027506    2.71E+07     2.1127E+05    
   1.72E+07     0.98595      0.00027314    1.72E+07     0.00027314    2.72E+07     2.1106E+05    
   1.73E+07     0.98599      0.00027232    1.73E+07     0.00027232    2.73E+07     2.1097E+05    
   1.74E+07     0.986        0.00026867    1.74E+07     0.00026867    2.74E+07     2.1195E+05    
   1.75E+07     0.98601      0.00026529    1.75E+07     0.00026529    2.75E+07     2.1229E+05    
   1.76E+07     0.986        0.00026183    1.76E+07     0.00026183    2.76E+07     2.1375E+05    
   1.77E+07     0.986        0.00025855    1.77E+07     0.00025855    2.77E+07     2.1544E+05    
   1.78E+07     0.98599      0.00025524    1.78E+07     0.00025524    2.78E+07     2.1691E+05    
   1.79E+07     0.98604      0.00025542    1.79E+07     0.00025542    2.79E+07     2.1782E+05    
   1.8E+07      0.98602      0.00025283    1.8E+07      0.00025283    2.8E+07      2.1322E+05    
   1.81E+07     0.98602      0.00024978    1.81E+07     0.00024978    2.81E+07     2.1483E+05    
   1.82E+07     0.98609      0.00025571    1.82E+07     0.00025571    2.82E+07     2.1291E+05    
   1.83E+07     0.98613      0.00025606    1.83E+07     0.00025606    2.83E+07     2.0943E+05    
   1.84E+07     0.98609      0.00025665    1.84E+07     0.00025665    2.84E+07     2.0902E+05    
   1.85E+07     0.98605      0.00025705    1.85E+07     0.00025705    2.85E+07     2.0954E+05    
   1.86E+07     0.98604      0.00025417    1.86E+07     0.00025417    2.86E+07     2.1049E+05    
   1.87E+07     0.98602      0.00025219    1.87E+07     0.00025219    2.87E+07     2.1164E+05    
   1.88E+07     0.986        0.00025028    1.88E+07     0.00025028    2.88E+07     2.1098E+05    
   1.89E+07     0.98597      0.00024892    1.89E+07     0.00024892    2.89E+07     2.1074E+05    
   1.9E+07      0.98598      0.00024622    1.9E+07      0.00024622    2.9E+07      2.1081E+05    
   1.91E+07     0.986        0.00024464    1.91E+07     0.00024464    2.91E+07     2.1098E+05    
   1.92E+07     0.98598      0.00024292    1.92E+07     0.00024292    2.92E+07     2.1142E+05    
   1.93E+07     0.98598      0.0002404     1.93E+07     0.0002404     2.93E+07     2.126E+05     
   1.94E+07     0.98596      0.00023913    1.94E+07     0.00023913    2.94E+07     2.0774E+05    
   1.95E+07     0.986        0.00024011    1.95E+07     0.00024011    2.95E+07     2.0873E+05    
   1.96E+07     0.98596      0.00024055    1.96E+07     0.00024055    2.96E+07     2.0985E+05    
   1.97E+07     0.98594      0.00023962    1.97E+07     0.00023962    2.97E+07     2.1041E+05    
   1.98E+07     0.98593      0.00023718    1.98E+07     0.00023718    2.98E+07     2.1096E+05    
   1.99E+07     0.98593      0.00023479    1.99E+07     0.00023479    2.99E+07     2.1213E+05    
   2E+07        0.9859       0.00023541    2E+07        0.00023541    3E+07        2.1354E+05    
   2.01E+07     0.98589      0.00023309    2.01E+07     0.00023309    3.01E+07     2.1492E+05    
   2.02E+07     0.98584      0.0002366     2.02E+07     0.0002366     3.02E+07     2.125E+05     
   2.03E+07     0.9858       0.00023802    2.03E+07     0.00023802    3.03E+07     2.1324E+05    
   2.04E+07     0.98578      0.00023657    2.04E+07     0.00023657    3.04E+07     2.1451E+05    
   2.05E+07     0.98574      0.00023697    2.05E+07     0.00023697    3.05E+07     2.1497E+05    
   2.06E+07     0.98574      0.00023486    2.06E+07     0.00023486    3.06E+07     2.162E+05     
   2.07E+07     0.98577      0.00023491    2.07E+07     0.00023491    3.07E+07     2.1754E+05    
   2.08E+07     0.9858       0.00023465    2.08E+07     0.00023465    3.08E+07     2.1606E+05    
   2.09E+07     0.98579      0.00023279    2.09E+07     0.00023279    3.09E+07     2.1723E+05    
   2.1E+07      0.98584      0.00023681    2.1E+07      0.00023681    3.1E+07      2.1815E+05    
   2.11E+07     0.98583      0.00023516    2.11E+07     0.00023516    3.11E+07     2.1907E+05    
   2.12E+07     0.98583      0.00023312    2.12E+07     0.00023312    3.12E+07     2.1992E+05    
   2.13E+07     0.98585      0.000232      2.13E+07     0.000232      3.13E+07     2.2127E+05    
   2.14E+07     0.98583      0.00023129    2.14E+07     0.00023129    3.14E+07     2.2197E+05    
   2.15E+07     0.98585      0.00023077    2.15E+07     0.00023077    3.15E+07     2.2313E+05    
   2.16E+07     0.98585      0.00022885    2.16E+07     0.00022885    3.16E+07     2.2201E+05    
   2.17E+07     0.98586      0.00022716    2.17E+07     0.00022716    3.17E+07     2.207E+05     
   2.18E+07     0.98586      0.00022525    2.18E+07     0.00022525    3.18E+07     2.211E+05     
   2.19E+07     0.98587      0.00022341    2.19E+07     0.00022341    3.19E+07     2.2233E+05    
   2.2E+07      0.98587      0.00022173    2.2E+07      0.00022173    3.2E+07      2.2339E+05    
   2.21E+07     0.98588      0.00022001    2.21E+07     0.00022001    3.21E+07     2.2453E+05    
   2.22E+07     0.98589      0.00021831    2.22E+07     0.00021831    3.22E+07     2.2542E+05    
   2.23E+07     0.98595      0.00022415    2.23E+07     0.00022415    3.23E+07     2.249E+05     
   2.24E+07     0.98595      0.00022236    2.24E+07     0.00022236    3.24E+07     2.262E+05     
   2.25E+07     0.98596      0.00022088    2.25E+07     0.00022088    3.25E+07     2.2753E+05    
   2.26E+07     0.98595      0.00021949    2.26E+07     0.00021949    3.26E+07     2.2846E+05    
   2.27E+07     0.98597      0.00021857    2.27E+07     0.00021857    3.27E+07     2.2812E+05    
   2.28E+07     0.98592      0.00022142    2.28E+07     0.00022142    3.28E+07     2.2826E+05    
   2.29E+07     0.98593      0.00021977    2.29E+07     0.00021977    3.29E+07     2.296E+05     
   2.3E+07      0.98596      0.00022067    2.3E+07      0.00022067    3.3E+07      2.3007E+05    
   2.31E+07     0.98595      0.00021963    2.31E+07     0.00021963    3.31E+07     2.3037E+05    
   2.32E+07     0.98595      0.00021802    2.32E+07     0.00021802    3.32E+07     2.2979E+05    
   2.33E+07     0.98596      0.00021653    2.33E+07     0.00021653    3.33E+07     2.3111E+05    
   2.34E+07     0.98596      0.00021495    2.34E+07     0.00021495    3.34E+07     2.318E+05     
   2.35E+07     0.98598      0.00021383    2.35E+07     0.00021383    3.35E+07     2.2985E+05    
   2.36E+07     0.98601      0.00021507    2.36E+07     0.00021507    3.36E+07     2.3059E+05    
   2.37E+07     0.98601      0.00021353    2.37E+07     0.00021353    3.37E+07     2.3074E+05    
   2.38E+07     0.98601      0.00021199    2.38E+07     0.00021199    3.38E+07     2.3026E+05    
   2.39E+07     0.986        0.00021086    2.39E+07     0.00021086    3.39E+07     2.3076E+05    
   2.4E+07      0.98601      0.00020947    2.4E+07      0.00020947    3.4E+07      2.3031E+05    
   2.41E+07     0.98599      0.00020863    2.41E+07     0.00020863    3.41E+07     2.2996E+05    
   2.42E+07     0.98599      0.00020723    2.42E+07     0.00020723    3.42E+07     2.3074E+05    
   2.43E+07     0.986        0.00020656    2.43E+07     0.00020656    3.43E+07     2.3197E+05    
   2.44E+07     0.98602      0.00020543    2.44E+07     0.00020543    3.44E+07     2.3305E+05    
   2.45E+07     0.98602      0.00020415    2.45E+07     0.00020415    3.45E+07     2.3364E+05    
   2.46E+07     0.98603      0.0002028     2.46E+07     0.0002028     3.46E+07     2.3458E+05    
   2.47E+07     0.98603      0.00020144    2.47E+07     0.00020144    3.47E+07     2.3564E+05    
   2.48E+07     0.98603      0.00020008    2.48E+07     0.00020008    3.48E+07     2.3594E+05    
   2.49E+07     0.98603      0.00019876    2.49E+07     0.00019876    3.49E+07     2.3704E+05    
   2.5E+07      0.98604      0.00019823    2.5E+07      0.00019823    3.5E+07      2.3815E+05    
   2.51E+07     0.98604      0.00019702    2.51E+07     0.00019702    3.51E+07     2.3918E+05    
   2.52E+07     0.98608      0.00020084    2.52E+07     0.00020084    3.52E+07     2.3995E+05    
   2.53E+07     0.98606      0.00020099    2.53E+07     0.00020099    3.53E+07     2.3973E+05    
   2.54E+07     0.98606      0.00019969    2.54E+07     0.00019969    3.54E+07     2.407E+05     
   2.55E+07     0.98608      0.00020006    2.55E+07     0.00020006    3.55E+07     2.4166E+05    
   2.56E+07     0.98609      0.00019881    2.56E+07     0.00019881    3.56E+07     2.425E+05     
   2.57E+07     0.98607      0.0001981     2.57E+07     0.0001981     3.57E+07     2.4371E+05    
   2.58E+07     0.9861       0.0001991     2.58E+07     0.0001991     3.58E+07     2.4336E+05    
   2.59E+07     0.98609      0.00019833    2.59E+07     0.00019833    3.59E+07     2.446E+05     
   2.6E+07      0.9861       0.00019749    2.6E+07      0.00019749    3.6E+07      2.4517E+05    
   2.61E+07     0.98608      0.00019772    2.61E+07     0.00019772    3.61E+07     2.4328E+05    
   2.62E+07     0.9861       0.00019733    2.62E+07     0.00019733    3.62E+07     2.4199E+05    
   2.63E+07     0.98609      0.00019612    2.63E+07     0.00019612    3.63E+07     2.4145E+05    
   2.64E+07     0.98612      0.00019664    2.64E+07     0.00019664    3.64E+07     2.4137E+05    
   2.65E+07     0.98612      0.00019549    2.65E+07     0.00019549    3.65E+07     2.4208E+05    
   2.66E+07     0.98612      0.00019443    2.66E+07     0.00019443    3.66E+07     2.4327E+05    
   2.67E+07     0.98613      0.00019367    2.67E+07     0.00019367    3.67E+07     2.4365E+05    
   2.68E+07     0.98612      0.00019262    2.68E+07     0.00019262    3.68E+07     2.4484E+05    
   2.69E+07     0.98611      0.00019172    2.69E+07     0.00019172    3.69E+07     2.4327E+05    
   2.7E+07      0.98613      0.00019137    2.7E+07      0.00019137    3.7E+07      2.3613E+05    
   2.71E+07     0.98614      0.00019057    2.71E+07     0.00019057    3.71E+07     2.3701E+05    
   2.72E+07     0.98612      0.00019032    2.72E+07     0.00019032    3.72E+07     2.3749E+05    
   2.73E+07     0.98611      0.00019003    2.73E+07     0.00019003    3.73E+07     2.3688E+05    
   2.74E+07     0.98612      0.00018919    2.74E+07     0.00018919    3.74E+07     2.3595E+05    
   2.75E+07     0.9861       0.00018871    2.75E+07     0.00018871    3.75E+07     2.3681E+05    
   2.76E+07     0.98611      0.00018773    2.76E+07     0.00018773    3.76E+07     2.3445E+05    
   2.77E+07     0.98611      0.00018667    2.77E+07     0.00018667    3.77E+07     2.3156E+05    
   2.78E+07     0.98611      0.00018563    2.78E+07     0.00018563    3.78E+07     2.3173E+05    
   2.79E+07     0.9861       0.00018493    2.79E+07     0.00018493    3.79E+07     2.3246E+05    
   2.8E+07      0.98613      0.00018658    2.8E+07      0.00018658    3.8E+07      2.3252E+05    
   2.81E+07     0.98613      0.00018556    2.81E+07     0.00018556    3.81E+07     2.3228E+05    
   2.82E+07     0.98611      0.00018608    2.82E+07     0.00018608    3.82E+07     2.3316E+05    
   2.83E+07     0.98608      0.00018726    2.83E+07     0.00018726    3.83E+07     2.3423E+05    
   2.84E+07     0.9861       0.00018712    2.84E+07     0.00018712    3.84E+07     2.3441E+05    
   2.85E+07     0.98608      0.00018656    2.85E+07     0.00018656    3.85E+07     2.3518E+05    
   2.86E+07     0.98607      0.00018583    2.86E+07     0.00018583    3.86E+07     2.3309E+05    
   2.87E+07     0.98608      0.00018496    2.87E+07     0.00018496    3.87E+07     2.3377E+05    
   2.88E+07     0.9861       0.00018494    2.88E+07     0.00018494    3.88E+07     2.3354E+05    
   2.89E+07     0.98608      0.00018472    2.89E+07     0.00018472    3.89E+07     2.3441E+05    
   2.9E+07      0.98607      0.00018438    2.9E+07      0.00018438    3.9E+07      2.3532E+05    
   2.91E+07     0.98608      0.00018395    2.91E+07     0.00018395    3.91E+07     2.3636E+05    
   2.92E+07     0.98609      0.00018345    2.92E+07     0.00018345    3.92E+07     2.3731E+05    
   2.93E+07     0.98609      0.00018263    2.93E+07     0.00018263    3.93E+07     2.3743E+05    
   2.94E+07     0.98606      0.00018445    2.94E+07     0.00018445    3.94E+07     2.3715E+05    
   2.95E+07     0.98605      0.00018367    2.95E+07     0.00018367    3.95E+07     2.3798E+05    
   2.96E+07     0.98606      0.00018288    2.96E+07     0.00018288    3.96E+07     2.3659E+05    
   2.97E+07     0.98604      0.00018234    2.97E+07     0.00018234    3.97E+07     2.3747E+05    
   2.98E+07     0.98603      0.00018179    2.98E+07     0.00018179    3.98E+07     2.3837E+05    
   2.99E+07     0.98603      0.00018093    2.99E+07     0.00018093    3.99E+07     2.3873E+05    
   3E+07        0.98603      0.00018003    3E+07        0.00018003    4E+07        2.3309E+05    
   3.01E+07     0.98603      0.00017917    3.01E+07     0.00017917    4.01E+07     2.2986E+05    
   3.02E+07     0.98605      0.00017989    3.02E+07     0.00017989    4.02E+07     2.3035E+05    
   3.03E+07     0.98606      0.00017925    3.03E+07     0.00017925    4.03E+07     2.313E+05     
   3.04E+07     0.98606      0.00017842    3.04E+07     0.00017842    4.04E+07     2.3206E+05    
   3.05E+07     0.98607      0.00017795    3.05E+07     0.00017795    4.05E+07     2.317E+05     
   3.06E+07     0.98607      0.00017716    3.06E+07     0.00017716    4.06E+07     2.3263E+05    
   3.07E+07     0.98607      0.0001763     3.07E+07     0.0001763     4.07E+07     2.3358E+05    
   3.08E+07     0.98605      0.00017661    3.08E+07     0.00017661    4.08E+07     2.3446E+05    
   3.09E+07     0.98605      0.00017587    3.09E+07     0.00017587    4.09E+07     2.3532E+05    
   3.1E+07      0.98604      0.00017522    3.1E+07      0.00017522    4.1E+07      2.3582E+05    
   3.11E+07     0.98605      0.00017454    3.11E+07     0.00017454    4.11E+07     2.3665E+05    
   3.12E+07     0.98606      0.00017394    3.12E+07     0.00017394    4.12E+07     2.3496E+05    
   3.13E+07     0.98606      0.00017312    3.13E+07     0.00017312    4.13E+07     2.3584E+05    
   3.14E+07     0.98607      0.00017258    3.14E+07     0.00017258    4.14E+07     2.3644E+05    
   3.15E+07     0.98607      0.00017183    3.15E+07     0.00017183    4.15E+07     2.3568E+05    
   3.16E+07     0.98608      0.000172      3.16E+07     0.000172      4.16E+07     2.3635E+05    
   3.17E+07     0.98606      0.00017223    3.17E+07     0.00017223    4.17E+07     2.3552E+05    
   3.18E+07     0.98608      0.00017182    3.18E+07     0.00017182    4.18E+07     2.3593E+05    
   3.19E+07     0.98608      0.00017104    3.19E+07     0.00017104    4.19E+07     2.3663E+05    
   3.2E+07      0.98608      0.00017037    3.2E+07      0.00017037    4.2E+07      2.3709E+05    
   3.21E+07     0.98608      0.00016967    3.21E+07     0.00016967    4.21E+07     2.378E+05     
   3.22E+07     0.98609      0.00016909    3.22E+07     0.00016909    4.22E+07     2.3801E+05    
   3.23E+07     0.98607      0.00016899    3.23E+07     0.00016899    4.23E+07     2.3691E+05    
   3.24E+07     0.98607      0.00016825    3.24E+07     0.00016825    4.24E+07     2.3598E+05    
   3.25E+07     0.98607      0.00016751    3.25E+07     0.00016751    4.25E+07     2.3503E+05    
   3.26E+07     0.98606      0.0001669     3.26E+07     0.0001669     4.26E+07     2.3581E+05    
   3.27E+07     0.98607      0.00016677    3.27E+07     0.00016677    4.27E+07     2.3669E+05    
   3.28E+07     0.98609      0.00016643    3.28E+07     0.00016643    4.28E+07     2.3754E+05    
   3.29E+07     0.98609      0.00016571    3.29E+07     0.00016571    4.29E+07     2.3833E+05    
   3.3E+07      0.98608      0.00016529    3.3E+07      0.00016529    4.3E+07      2.3552E+05    
   3.31E+07     0.98609      0.00016494    3.31E+07     0.00016494    4.31E+07     2.36E+05      
   3.32E+07     0.98607      0.00016486    3.32E+07     0.00016486    4.32E+07     2.3632E+05    
   3.33E+07     0.98607      0.00016415    3.33E+07     0.00016415    4.33E+07     2.3575E+05    
   3.34E+07     0.98606      0.00016366    3.34E+07     0.00016366    4.34E+07     2.3636E+05    
   3.35E+07     0.98604      0.00016412    3.35E+07     0.00016412    4.35E+07     2.3667E+05    
   3.36E+07     0.98605      0.00016358    3.36E+07     0.00016358    4.36E+07     2.3739E+05    
   3.37E+07     0.98604      0.0001633     3.37E+07     0.0001633     4.37E+07     2.3665E+05    
   3.38E+07     0.98603      0.00016324    3.38E+07     0.00016324    4.38E+07     2.3746E+05    
   3.39E+07     0.98602      0.00016282    3.39E+07     0.00016282    4.39E+07     2.3699E+05    
   3.4E+07      0.98603      0.00016271    3.4E+07      0.00016271    4.4E+07      2.3464E+05    
   3.41E+07     0.98604      0.00016259    3.41E+07     0.00016259    4.41E+07     2.3482E+05    
   3.42E+07     0.98605      0.00016209    3.42E+07     0.00016209    4.42E+07     2.3542E+05    
   3.43E+07     0.98605      0.00016143    3.43E+07     0.00016143    4.43E+07     2.3597E+05    
   3.44E+07     0.98605      0.0001608     3.44E+07     0.0001608     4.44E+07     2.3677E+05    
   3.45E+07     0.98604      0.00016035    3.45E+07     0.00016035    4.45E+07     2.3685E+05    
   3.46E+07     0.98603      0.00015981    3.46E+07     0.00015981    4.46E+07     2.3767E+05    
   3.47E+07     0.98603      0.00015922    3.47E+07     0.00015922    4.47E+07     2.369E+05     
   3.48E+07     0.98602      0.00015888    3.48E+07     0.00015888    4.48E+07     2.3756E+05    
   3.49E+07     0.98602      0.00015829    3.49E+07     0.00015829    4.49E+07     2.3835E+05    
   3.5E+07      0.98602      0.0001577     3.5E+07      0.0001577     4.5E+07      2.3875E+05    
   3.51E+07     0.98603      0.00015714    3.51E+07     0.00015714    4.51E+07     2.3929E+05    
   3.52E+07     0.98603      0.00015664    3.52E+07     0.00015664    4.52E+07     2.3901E+05    
   3.53E+07     0.98602      0.0001565     3.53E+07     0.0001565     4.53E+07     2.3982E+05    
   3.54E+07     0.98601      0.00015596    3.54E+07     0.00015596    4.54E+07     2.4028E+05    
   3.55E+07     0.98601      0.00015544    3.55E+07     0.00015544    4.55E+07     2.4073E+05    
   3.56E+07     0.98601      0.0001549     3.56E+07     0.0001549     4.56E+07     2.4088E+05    
   3.57E+07     0.98601      0.00015431    3.57E+07     0.00015431    4.57E+07     2.4026E+05    
   3.58E+07     0.98602      0.0001542     3.58E+07     0.0001542     4.58E+07     2.409E+05     
   3.59E+07     0.98602      0.0001536     3.59E+07     0.0001536     4.59E+07     2.4028E+05    
   3.6E+07      0.98602      0.00015322    3.6E+07      0.00015322    4.6E+07      2.4049E+05    
   3.61E+07     0.986        0.00015361    3.61E+07     0.00015361    4.61E+07     2.4128E+05    
   3.62E+07     0.98601      0.0001538     3.62E+07     0.0001538     4.62E+07     2.4083E+05    
   3.63E+07     0.986        0.00015377    3.63E+07     0.00015377    4.63E+07     2.4034E+05    
   3.64E+07     0.98601      0.00015356    3.64E+07     0.00015356    4.64E+07     2.4107E+05    
   3.65E+07     0.98602      0.00015313    3.65E+07     0.00015313    4.65E+07     2.375E+05     
   3.66E+07     0.98602      0.00015256    3.66E+07     0.00015256    4.66E+07     2.3827E+05    
   3.67E+07     0.98603      0.00015223    3.67E+07     0.00015223    4.67E+07     2.3869E+05    
   3.68E+07     0.98603      0.00015166    3.68E+07     0.00015166    4.68E+07     2.3795E+05    
   3.69E+07     0.98604      0.00015192    3.69E+07     0.00015192    4.69E+07     2.3845E+05    
   3.7E+07      0.98601      0.000154      3.7E+07      0.000154      4.7E+07      2.3756E+05    
   3.71E+07     0.98601      0.0001535     3.71E+07     0.0001535     4.71E+07     2.367E+05     
   3.72E+07     0.986        0.00015315    3.72E+07     0.00015315    4.72E+07     2.3584E+05    
   3.73E+07     0.98601      0.0001531     3.73E+07     0.0001531     4.73E+07     2.3625E+05    
   3.74E+07     0.986        0.00015321    3.74E+07     0.00015321    4.74E+07     2.3601E+05    
   3.75E+07     0.986        0.00015273    3.75E+07     0.00015273    4.75E+07     2.367E+05     
   3.76E+07     0.98602      0.0001533     3.76E+07     0.0001533     4.76E+07     2.3698E+05    
   3.77E+07     0.986        0.000154      3.77E+07     0.000154      4.77E+07     2.3432E+05    
   3.78E+07     0.98599      0.00015375    3.78E+07     0.00015375    4.78E+07     2.3503E+05    
   3.79E+07     0.98599      0.0001533     3.79E+07     0.0001533     4.79E+07     2.3508E+05    
   3.8E+07      0.98598      0.00015307    3.8E+07      0.00015307    4.8E+07      2.3413E+05    
   3.81E+07     0.98597      0.00015292    3.81E+07     0.00015292    4.81E+07     2.3416E+05    
   3.82E+07     0.98597      0.00015244    3.82E+07     0.00015244    4.82E+07     2.3381E+05    
   3.83E+07     0.98597      0.00015191    3.83E+07     0.00015191    4.83E+07     2.3441E+05    
   3.84E+07     0.98598      0.00015164    3.84E+07     0.00015164    4.84E+07     2.3472E+05    
   3.85E+07     0.98598      0.00015119    3.85E+07     0.00015119    4.85E+07     2.3448E+05    
   3.86E+07     0.986        0.00015166    3.86E+07     0.00015166    4.86E+07     2.3456E+05    
   3.87E+07     0.98601      0.00015126    3.87E+07     0.00015126    4.87E+07     2.3471E+05    
   3.88E+07     0.986        0.00015115    3.88E+07     0.00015115    4.88E+07     2.3495E+05    
   3.89E+07     0.98599      0.00015065    3.89E+07     0.00015065    4.89E+07     2.3241E+05    
   3.9E+07      0.98599      0.00015017    3.9E+07      0.00015017    4.9E+07      2.3187E+05    
   3.91E+07     0.98599      0.00014965    3.91E+07     0.00014965    4.91E+07     2.317E+05     
   3.92E+07     0.98599      0.00014916    3.92E+07     0.00014916    4.92E+07     2.2873E+05    
   3.93E+07     0.986        0.00014892    3.93E+07     0.00014892    4.93E+07     2.2785E+05    
   3.94E+07     0.98601      0.00014882    3.94E+07     0.00014882    4.94E+07     2.2816E+05    
   3.95E+07     0.98601      0.00014838    3.95E+07     0.00014838    4.95E+07     2.2881E+05    
   3.96E+07     0.98599      0.00014864    3.96E+07     0.00014864    4.96E+07     2.2897E+05    
   3.97E+07     0.98599      0.00014815    3.97E+07     0.00014815    4.97E+07     2.2969E+05    
   3.98E+07     0.98599      0.00014769    3.98E+07     0.00014769    4.98E+07     2.3035E+05    
   3.99E+07     0.98599      0.00014739    3.99E+07     0.00014739    4.99E+07     2.3095E+05    
   4E+07        0.98596      0.00014899    4E+07        0.00014899    5E+07        2.3151E+05    
   4.01E+07     0.98594      0.00014982    4.01E+07     0.00014982    5.01E+07     2.3213E+05    
   4.02E+07     0.98595      0.00014949    4.02E+07     0.00014949    5.02E+07     2.3241E+05    
   4.03E+07     0.98595      0.000149      4.03E+07     0.000149      5.03E+07     2.3232E+05    
   4.04E+07     0.98595      0.00014858    4.04E+07     0.00014858    5.04E+07     2.3209E+05    
   4.05E+07     0.98594      0.00014849    4.05E+07     0.00014849    5.05E+07     2.3277E+05    
   4.06E+07     0.98594      0.00014802    4.06E+07     0.00014802    5.06E+07     2.3268E+05    
   4.07E+07     0.98594      0.00014754    4.07E+07     0.00014754    5.07E+07     2.3314E+05    
   4.08E+07     0.98594      0.00014709    4.08E+07     0.00014709    5.08E+07     2.3271E+05    
   4.09E+07     0.98593      0.00014665    4.09E+07     0.00014665    5.09E+07     2.3275E+05    
   4.1E+07      0.98594      0.00014629    4.1E+07      0.00014629    5.1E+07      2.3007E+05    
   4.11E+07     0.98594      0.00014587    4.11E+07     0.00014587    5.11E+07     2.3058E+05    
   4.12E+07     0.98596      0.00014622    4.12E+07     0.00014622    5.12E+07     2.305E+05     
   4.13E+07     0.98596      0.00014578    4.13E+07     0.00014578    5.13E+07     2.3005E+05    
   4.14E+07     0.98596      0.00014539    4.14E+07     0.00014539    5.14E+07     2.3028E+05    
   4.15E+07     0.98595      0.00014546    4.15E+07     0.00014546    5.15E+07     2.3054E+05    
   4.16E+07     0.98594      0.00014508    4.16E+07     0.00014508    5.16E+07     2.2989E+05    
   4.17E+07     0.98593      0.00014517    4.17E+07     0.00014517    5.17E+07     2.2975E+05    
   4.18E+07     0.98594      0.00014484    4.18E+07     0.00014484    5.18E+07     2.3008E+05    
   4.19E+07     0.98593      0.00014446    4.19E+07     0.00014446    5.19E+07     2.302E+05     
   4.2E+07      0.98593      0.00014415    4.2E+07      0.00014415    5.2E+07      2.284E+05     
   4.21E+07     0.98593      0.00014377    4.21E+07     0.00014377    5.21E+07     2.2767E+05    
   4.22E+07     0.98594      0.00014352    4.22E+07     0.00014352    5.22E+07     2.2829E+05    
   4.23E+07     0.98595      0.00014369    4.23E+07     0.00014369    5.23E+07     2.2835E+05    
   4.24E+07     0.98596      0.00014381    4.24E+07     0.00014381    5.24E+07     2.2882E+05    
   4.25E+07     0.98598      0.00014392    4.25E+07     0.00014392    5.25E+07     2.2948E+05    
   4.26E+07     0.98598      0.00014351    4.26E+07     0.00014351    5.26E+07     2.3013E+05    
   4.27E+07     0.98597      0.00014307    4.27E+07     0.00014307    5.27E+07     2.3034E+05    
   4.28E+07     0.98598      0.00014265    4.28E+07     0.00014265    5.28E+07     2.3089E+05    
   4.29E+07     0.98597      0.00014225    4.29E+07     0.00014225    5.29E+07     2.3131E+05    
   4.3E+07      0.98599      0.00014292    4.3E+07      0.00014292    5.3E+07      2.318E+05     
   4.31E+07     0.98599      0.00014261    4.31E+07     0.00014261    5.31E+07     2.2981E+05    
   4.32E+07     0.98598      0.00014235    4.32E+07     0.00014235    5.32E+07     2.3042E+05    
   4.33E+07     0.98597      0.00014236    4.33E+07     0.00014236    5.33E+07     2.3039E+05    
   4.34E+07     0.98596      0.000142      4.34E+07     0.000142      5.34E+07     2.3103E+05    
   4.35E+07     0.98597      0.00014175    4.35E+07     0.00014175    5.35E+07     2.3008E+05    
   4.36E+07     0.98597      0.00014138    4.36E+07     0.00014138    5.36E+07     2.3073E+05    
   4.37E+07     0.98599      0.00014145    4.37E+07     0.00014145    5.37E+07     2.3038E+05    
   4.38E+07     0.98599      0.00014104    4.38E+07     0.00014104    5.38E+07     2.3049E+05    
   4.39E+07     0.986        0.00014102    4.39E+07     0.00014102    5.39E+07     2.3053E+05    
   4.4E+07      0.98598      0.00014156    4.4E+07      0.00014156    5.4E+07      2.3102E+05    
   4.41E+07     0.98599      0.00014136    4.41E+07     0.00014136    5.41E+07     2.3158E+05    
   4.42E+07     0.98599      0.00014099    4.42E+07     0.00014099    5.42E+07     2.3067E+05    
   4.43E+07     0.986        0.00014068    4.43E+07     0.00014068    5.43E+07     2.3064E+05    
   4.44E+07     0.986        0.00014028    4.44E+07     0.00014028    5.44E+07     2.3071E+05    
   4.45E+07     0.98599      0.00014011    4.45E+07     0.00014011    5.45E+07     2.3122E+05    
   4.46E+07     0.98599      0.00013971    4.46E+07     0.00013971    5.46E+07     2.3159E+05    
   4.47E+07     0.98598      0.00013977    4.47E+07     0.00013977    5.47E+07     2.3167E+05    
   4.48E+07     0.98598      0.00013943    4.48E+07     0.00013943    5.48E+07     2.3228E+05    
   4.49E+07     0.98599      0.00013904    4.49E+07     0.00013904    5.49E+07     2.328E+05     
   4.5E+07      0.98599      0.00013878    4.5E+07      0.00013878    5.5E+07      2.3342E+05    
   4.51E+07     0.986        0.00013845    4.51E+07     0.00013845    5.51E+07     2.3397E+05    
   4.52E+07     0.98599      0.00013839    4.52E+07     0.00013839    5.52E+07     2.3342E+05    
   4.53E+07     0.98599      0.000138      4.53E+07     0.000138      5.53E+07     2.338E+05     
   4.54E+07     0.98598      0.00013772    4.54E+07     0.00013772    5.54E+07     2.3437E+05    
   4.55E+07     0.98598      0.00013742    4.55E+07     0.00013742    5.55E+07     2.3473E+05    
   4.56E+07     0.98597      0.00013724    4.56E+07     0.00013724    5.56E+07     2.3456E+05    
   4.57E+07     0.98598      0.00013725    4.57E+07     0.00013725    5.57E+07     2.3473E+05    
   4.58E+07     0.98598      0.00013693    4.58E+07     0.00013693    5.58E+07     2.3474E+05    
   4.59E+07     0.98599      0.00013693    4.59E+07     0.00013693    5.59E+07     2.3492E+05    
   4.6E+07      0.98599      0.00013673    4.6E+07      0.00013673    5.6E+07      2.3462E+05    
   4.61E+07     0.98599      0.00013636    4.61E+07     0.00013636    5.61E+07     2.3424E+05    
   4.62E+07     0.986        0.00013635    4.62E+07     0.00013635    5.62E+07     2.3485E+05    
   4.63E+07     0.98599      0.00013632    4.63E+07     0.00013632    5.63E+07     2.3506E+05    
   4.64E+07     0.98598      0.00013597    4.64E+07     0.00013597    5.64E+07     2.3544E+05    
   4.65E+07     0.98597      0.00013684    4.65E+07     0.00013684    5.65E+07     2.3563E+05    
   4.66E+07     0.98597      0.00013647    4.66E+07     0.00013647    5.66E+07     2.3602E+05    
   4.67E+07     0.98596      0.0001362     4.67E+07     0.0001362     5.67E+07     2.3655E+05    
   4.68E+07     0.98597      0.00013627    4.68E+07     0.00013627    5.68E+07     2.3706E+05    
   4.69E+07     0.98598      0.00013599    4.69E+07     0.00013599    5.69E+07     2.374E+05     
   4.7E+07      0.98597      0.0001361     4.7E+07      0.0001361     5.7E+07      2.3749E+05    
   4.71E+07     0.98598      0.00013619    4.71E+07     0.00013619    5.71E+07     2.3662E+05    
   4.72E+07     0.98597      0.00013629    4.72E+07     0.00013629    5.72E+07     2.3588E+05    
   4.73E+07     0.98596      0.00013604    4.73E+07     0.00013604    5.73E+07     2.3633E+05    
   4.74E+07     0.98595      0.00013596    4.74E+07     0.00013596    5.74E+07     2.3688E+05    
   4.75E+07     0.98595      0.00013561    4.75E+07     0.00013561    5.75E+07     2.3691E+05    
   4.76E+07     0.98595      0.00013539    4.76E+07     0.00013539    5.76E+07     2.3637E+05    
   4.77E+07     0.98593      0.00013602    4.77E+07     0.00013602    5.77E+07     2.3695E+05    
   4.78E+07     0.98593      0.00013567    4.78E+07     0.00013567    5.78E+07     2.3718E+05    
   4.79E+07     0.98594      0.00013552    4.79E+07     0.00013552    5.79E+07     2.3768E+05    
   4.8E+07      0.98595      0.00013565    4.8E+07      0.00013565    5.8E+07      2.377E+05     
   4.81E+07     0.98595      0.00013549    4.81E+07     0.00013549    5.81E+07     2.3803E+05    
   4.82E+07     0.98594      0.00013546    4.82E+07     0.00013546    5.82E+07     2.383E+05     
   4.83E+07     0.98594      0.00013515    4.83E+07     0.00013515    5.83E+07     2.3765E+05    
   4.84E+07     0.98594      0.00013491    4.84E+07     0.00013491    5.84E+07     2.382E+05     
   4.85E+07     0.98594      0.00013484    4.85E+07     0.00013484    5.85E+07     2.3829E+05    
   4.86E+07     0.98595      0.00013468    4.86E+07     0.00013468    5.86E+07     2.3848E+05    
   4.87E+07     0.98596      0.0001345     4.87E+07     0.0001345     5.87E+07     2.3899E+05    
   4.88E+07     0.98596      0.00013426    4.88E+07     0.00013426    5.88E+07     2.3955E+05    
   4.89E+07     0.98598      0.00013486    4.89E+07     0.00013486    5.89E+07     2.4007E+05    
   4.9E+07      0.98599      0.00013488    4.9E+07      0.00013488    5.9E+07      2.4057E+05    
   4.91E+07     0.986        0.0001348     4.91E+07     0.0001348     5.91E+07     2.4116E+05    
   4.92E+07     0.98602      0.00013551    4.92E+07     0.00013551    5.92E+07     2.4157E+05    
   4.93E+07     0.986        0.00013564    4.93E+07     0.00013564    5.93E+07     2.4194E+05    
   4.94E+07     0.98601      0.00013541    4.94E+07     0.00013541    5.94E+07     2.4245E+05    
   4.95E+07     0.98601      0.00013509    4.95E+07     0.00013509    5.95E+07     2.4268E+05    
   4.96E+07     0.986        0.00013489    4.96E+07     0.00013489    5.96E+07     2.4315E+05    
   4.97E+07     0.986        0.00013455    4.97E+07     0.00013455    5.97E+07     2.4276E+05    
   4.98E+07     0.986        0.00013423    4.98E+07     0.00013423    5.98E+07     2.4301E+05    
   4.99E+07     0.98601      0.00013392    4.99E+07     0.00013392    5.99E+07     2.4352E+05    
   5E+07        0.986        0.00013362    5E+07        0.00013362    6E+07        2.423E+05     
   5.01E+07     0.98601      0.00013332    5.01E+07     0.00013332    6.01E+07     2.4281E+05    
   5.02E+07     0.986        0.0001331     5.02E+07     0.0001331     6.02E+07     2.4273E+05    
   5.03E+07     0.98599      0.000133      5.03E+07     0.000133      6.03E+07     2.4032E+05    
   5.04E+07     0.98598      0.00013291    5.04E+07     0.00013291    6.04E+07     2.3853E+05    
   5.05E+07     0.98598      0.00013258    5.05E+07     0.00013258    6.05E+07     2.3782E+05    
   5.06E+07     0.98599      0.00013249    5.06E+07     0.00013249    6.06E+07     2.3832E+05    
   5.07E+07     0.98599      0.00013222    5.07E+07     0.00013222    6.07E+07     2.3886E+05    
   5.08E+07     0.98598      0.0001322     5.08E+07     0.0001322     6.08E+07     2.394E+05     
   5.09E+07     0.98598      0.00013206    5.09E+07     0.00013206    6.09E+07     2.3872E+05    
   5.1E+07      0.986        0.0001327     5.1E+07      0.0001327     6.1E+07      2.3924E+05    
   5.11E+07     0.986        0.00013242    5.11E+07     0.00013242    6.11E+07     2.3956E+05    
   5.12E+07     0.986        0.00013231    5.12E+07     0.00013231    6.12E+07     2.3993E+05    
   5.13E+07     0.98599      0.00013231    5.13E+07     0.00013231    6.13E+07     2.3986E+05    
   5.14E+07     0.98598      0.00013212    5.14E+07     0.00013212    6.14E+07     2.4026E+05    
   5.15E+07     0.98599      0.00013192    5.15E+07     0.00013192    6.15E+07     2.4073E+05    
   5.16E+07     0.986        0.00013196    5.16E+07     0.00013196    6.16E+07     2.407E+05     
   5.17E+07     0.98599      0.00013187    5.17E+07     0.00013187    6.17E+07     2.4126E+05    
   5.18E+07     0.98599      0.00013166    5.18E+07     0.00013166    6.18E+07     2.4178E+05    
   5.19E+07     0.986        0.0001315     5.19E+07     0.0001315     6.19E+07     2.4217E+05    
   5.2E+07      0.98601      0.00013187    5.2E+07      0.00013187    6.2E+07      2.423E+05     
   5.21E+07     0.98602      0.00013196    5.21E+07     0.00013196    6.21E+07     2.4221E+05    
   5.22E+07     0.98602      0.00013166    5.22E+07     0.00013166    6.22E+07     2.4225E+05    
   5.23E+07     0.98602      0.00013152    5.23E+07     0.00013152    6.23E+07     2.4177E+05    
   5.24E+07     0.98601      0.00013125    5.24E+07     0.00013125    6.24E+07     2.4161E+05    
   5.25E+07     0.98601      0.00013095    5.25E+07     0.00013095    6.25E+07     2.4008E+05    
   5.26E+07     0.98601      0.00013064    5.26E+07     0.00013064    6.26E+07     2.4062E+05    
   5.27E+07     0.98601      0.00013046    5.27E+07     0.00013046    6.27E+07     2.4105E+05    
   5.28E+07     0.98601      0.00013018    5.28E+07     0.00013018    6.28E+07     2.4149E+05    
   5.29E+07     0.98601      0.00012993    5.29E+07     0.00012993    6.29E+07     2.41E+05      
   5.3E+07      0.98601      0.00012967    5.3E+07      0.00012967    6.3E+07      2.4094E+05    
   5.31E+07     0.98602      0.00013011    5.31E+07     0.00013011    6.31E+07     2.4122E+05    
   5.32E+07     0.98602      0.00012982    5.32E+07     0.00012982    6.32E+07     2.4138E+05    
   5.33E+07     0.98601      0.00012969    5.33E+07     0.00012969    6.33E+07     2.4147E+05    
   5.34E+07     0.98601      0.0001294     5.34E+07     0.0001294     6.34E+07     2.4083E+05    
   5.35E+07     0.986        0.00012954    5.35E+07     0.00012954    6.35E+07     2.4134E+05    
   5.36E+07     0.986        0.00012925    5.36E+07     0.00012925    6.36E+07     2.4054E+05    
   5.37E+07     0.98599      0.00012921    5.37E+07     0.00012921    6.37E+07     2.409E+05     
   5.38E+07     0.986        0.00012906    5.38E+07     0.00012906    6.38E+07     2.4088E+05    
   5.39E+07     0.98601      0.00012893    5.39E+07     0.00012893    6.39E+07     2.4128E+05    
   5.4E+07      0.986        0.00012867    5.4E+07      0.00012867    6.4E+07      2.418E+05     
   5.41E+07     0.986        0.00012838    5.41E+07     0.00012838    6.41E+07     2.4069E+05    
   5.42E+07     0.98599      0.00012852    5.42E+07     0.00012852    6.42E+07     2.4121E+05    
   5.43E+07     0.98599      0.00012841    5.43E+07     0.00012841    6.43E+07     2.4165E+05    
   5.44E+07     0.98599      0.00012828    5.44E+07     0.00012828    6.44E+07     2.4188E+05    
   5.45E+07     0.986        0.00012801    5.45E+07     0.00012801    6.45E+07     2.424E+05     
   5.46E+07     0.98599      0.0001278     5.46E+07     0.0001278     6.46E+07     2.4273E+05    
   5.47E+07     0.98598      0.00012766    5.47E+07     0.00012766    6.47E+07     2.4299E+05    
   5.48E+07     0.98599      0.00012738    5.48E+07     0.00012738    6.48E+07     2.4343E+05    
   5.49E+07     0.98598      0.00012711    5.49E+07     0.00012711    6.49E+07     2.434E+05     
   5.5E+07      0.98598      0.00012683    5.5E+07      0.00012683    6.5E+07      2.4372E+05    
   5.51E+07     0.98598      0.00012657    5.51E+07     0.00012657    6.51E+07     2.4417E+05    
   5.52E+07     0.98599      0.00012661    5.52E+07     0.00012661    6.52E+07     2.445E+05     
   5.53E+07     0.98599      0.00012638    5.53E+07     0.00012638    6.53E+07     2.4503E+05    
   5.54E+07     0.986        0.00012611    5.54E+07     0.00012611    6.54E+07     2.4365E+05    
   5.55E+07     0.986        0.0001259     5.55E+07     0.0001259     6.55E+07     2.4407E+05    
   5.56E+07     0.98601      0.00012584    5.56E+07     0.00012584    6.56E+07     2.4455E+05    
   5.57E+07     0.986        0.00012567    5.57E+07     0.00012567    6.57E+07     2.4108E+05    
   5.58E+07     0.98601      0.00012555    5.58E+07     0.00012555    6.58E+07     2.4144E+05    
   5.59E+07     0.98601      0.00012539    5.59E+07     0.00012539    6.59E+07     2.4171E+05    
   5.6E+07      0.98602      0.00012536    5.6E+07      0.00012536    6.6E+07      2.4217E+05    
   5.61E+07     0.98601      0.00012534    5.61E+07     0.00012534    6.61E+07     2.4215E+05    
   5.62E+07     0.98601      0.00012507    5.62E+07     0.00012507    6.62E+07     2.4251E+05    
   5.63E+07     0.98602      0.00012491    5.63E+07     0.00012491    6.63E+07     2.4111E+05    
   5.64E+07     0.98602      0.0001247     5.64E+07     0.0001247     6.64E+07     2.4148E+05    
   5.65E+07     0.98601      0.00012453    5.65E+07     0.00012453    6.65E+07     2.4195E+05    
   5.66E+07     0.98601      0.00012431    5.66E+07     0.00012431    6.66E+07     2.4246E+05    
   5.67E+07     0.98602      0.00012406    5.67E+07     0.00012406    6.67E+07     2.429E+05     
   5.68E+07     0.98602      0.00012382    5.68E+07     0.00012382    6.68E+07     2.4293E+05    
   5.69E+07     0.98601      0.00012363    5.69E+07     0.00012363    6.69E+07     2.4315E+05    
   5.7E+07      0.98601      0.00012349    5.7E+07      0.00012349    6.7E+07      2.4346E+05    
   5.71E+07     0.98602      0.00012361    5.71E+07     0.00012361    6.71E+07     2.4327E+05    
   5.72E+07     0.98603      0.0001237     5.72E+07     0.0001237     6.72E+07     2.4376E+05    
   5.73E+07     0.98603      0.00012347    5.73E+07     0.00012347    6.73E+07     2.4426E+05    
   5.74E+07     0.98603      0.00012321    5.74E+07     0.00012321    6.74E+07     2.4212E+05    
   5.75E+07     0.98604      0.00012309    5.75E+07     0.00012309    6.75E+07     2.4131E+05    
   5.76E+07     0.98603      0.00012313    5.76E+07     0.00012313    6.76E+07     2.4146E+05    
   5.77E+07     0.98603      0.00012288    5.77E+07     0.00012288    6.77E+07     2.4179E+05    
   5.78E+07     0.98603      0.00012271    5.78E+07     0.00012271    6.78E+07     2.4078E+05    
   5.79E+07     0.98603      0.00012248    5.79E+07     0.00012248    6.79E+07     2.4123E+05    
   5.8E+07      0.98602      0.00012237    5.8E+07      0.00012237    6.8E+07      2.4135E+05    
   5.81E+07     0.98603      0.00012218    5.81E+07     0.00012218    6.81E+07     2.4184E+05    
   5.82E+07     0.98602      0.00012199    5.82E+07     0.00012199    6.82E+07     2.4216E+05    
   5.83E+07     0.98603      0.00012206    5.83E+07     0.00012206    6.83E+07     2.4264E+05    
   5.84E+07     0.98603      0.00012181    5.84E+07     0.00012181    6.84E+07     2.4304E+05    
   5.85E+07     0.98604      0.00012169    5.85E+07     0.00012169    6.85E+07     2.4332E+05    
   5.86E+07     0.98604      0.00012152    5.86E+07     0.00012152    6.86E+07     2.4345E+05    
   5.87E+07     0.98604      0.0001213     5.87E+07     0.0001213     6.87E+07     2.4392E+05    
   5.88E+07     0.98604      0.00012105    5.88E+07     0.00012105    6.88E+07     2.4374E+05    
   5.89E+07     0.98604      0.00012082    5.89E+07     0.00012082    6.89E+07     2.4412E+05    
   5.9E+07      0.98604      0.00012058    5.9E+07      0.00012058    6.9E+07      2.4437E+05    
   5.91E+07     0.98604      0.00012034    5.91E+07     0.00012034    6.91E+07     2.4484E+05    
   5.92E+07     0.98604      0.00012014    5.92E+07     0.00012014    6.92E+07     2.4456E+05    
   5.93E+07     0.98604      0.00011994    5.93E+07     0.00011994    6.93E+07     2.433E+05     
   5.94E+07     0.98604      0.0001197     5.94E+07     0.0001197     6.94E+07     2.4344E+05    
   5.95E+07     0.98604      0.00011955    5.95E+07     0.00011955    6.95E+07     2.4203E+05    
   5.96E+07     0.98604      0.00011933    5.96E+07     0.00011933    6.96E+07     2.4161E+05    
   5.97E+07     0.98605      0.00011933    5.97E+07     0.00011933    6.97E+07     2.4142E+05    
   5.98E+07     0.98605      0.00011916    5.98E+07     0.00011916    6.98E+07     2.4189E+05    
   5.99E+07     0.98605      0.00011893    5.99E+07     0.00011893    6.99E+07     2.4176E+05    
   6E+07        0.98606      0.00011913    6E+07        0.00011913    7E+07        2.4208E+05    
   6.01E+07     0.98606      0.00011891    6.01E+07     0.00011891    7.01E+07     2.4254E+05    
   6.02E+07     0.98606      0.00011882    6.02E+07     0.00011882    7.02E+07     2.4203E+05    
   6.03E+07     0.98608      0.00011932    6.03E+07     0.00011932    7.03E+07     2.4115E+05    
   6.04E+07     0.98606      0.00011967    6.04E+07     0.00011967    7.04E+07     2.4094E+05    
   6.05E+07     0.98607      0.00011976    6.05E+07     0.00011976    7.05E+07     2.4076E+05    
   6.06E+07     0.98607      0.00011952    6.06E+07     0.00011952    7.06E+07     2.3953E+05    
   6.07E+07     0.98607      0.00011929    6.07E+07     0.00011929    7.07E+07     2.3991E+05    
   6.08E+07     0.98607      0.00011906    6.08E+07     0.00011906    7.08E+07     2.3995E+05    
   6.09E+07     0.98607      0.00011914    6.09E+07     0.00011914    7.09E+07     2.4041E+05    
   6.1E+07      0.98607      0.00011891    6.1E+07      0.00011891    7.1E+07      2.4035E+05    
   6.11E+07     0.98607      0.00011874    6.11E+07     0.00011874    7.11E+07     2.4077E+05    
   6.12E+07     0.98607      0.00011855    6.12E+07     0.00011855    7.12E+07     2.4102E+05    
   6.13E+07     0.98608      0.00011847    6.13E+07     0.00011847    7.13E+07     2.4127E+05    
   6.14E+07     0.98608      0.00011828    6.14E+07     0.00011828    7.14E+07     2.415E+05     
   6.15E+07     0.98608      0.00011806    6.15E+07     0.00011806    7.15E+07     2.409E+05     
   6.16E+07     0.98609      0.00011797    6.16E+07     0.00011797    7.16E+07     2.4101E+05    
   6.17E+07     0.98609      0.00011774    6.17E+07     0.00011774    7.17E+07     2.413E+05     
   6.18E+07     0.98609      0.00011752    6.18E+07     0.00011752    7.18E+07     2.4174E+05    
   6.19E+07     0.98609      0.00011732    6.19E+07     0.00011732    7.19E+07     2.4184E+05    
   6.2E+07      0.98609      0.0001172     6.2E+07      0.0001172     7.2E+07      2.4225E+05    
   6.21E+07     0.98608      0.00011713    6.21E+07     0.00011713    7.21E+07     2.4255E+05    
   6.22E+07     0.98608      0.00011703    6.22E+07     0.00011703    7.22E+07     2.4292E+05    
   6.23E+07     0.98608      0.00011703    6.23E+07     0.00011703    7.23E+07     2.4304E+05    
   6.24E+07     0.98607      0.00011698    6.24E+07     0.00011698    7.24E+07     2.4268E+05    
   6.25E+07     0.98608      0.00011726    6.25E+07     0.00011726    7.25E+07     2.4237E+05    
   6.26E+07     0.98608      0.00011704    6.26E+07     0.00011704    7.26E+07     2.4232E+05    
   6.27E+07     0.98608      0.00011682    6.27E+07     0.00011682    7.27E+07     2.4253E+05    
   6.28E+07     0.98609      0.00011663    6.28E+07     0.00011663    7.28E+07     2.4283E+05    
   6.29E+07     0.98608      0.00011663    6.29E+07     0.00011663    7.29E+07     2.4282E+05    
   6.3E+07      0.98607      0.00011655    6.3E+07      0.00011655    7.3E+07      2.4327E+05    
   6.31E+07     0.98607      0.00011639    6.31E+07     0.00011639    7.31E+07     2.4344E+05    
   6.32E+07     0.98607      0.00011623    6.32E+07     0.00011623    7.32E+07     2.4385E+05    
   6.33E+07     0.98607      0.00011612    6.33E+07     0.00011612    7.33E+07     2.4401E+05    
   6.34E+07     0.98608      0.00011617    6.34E+07     0.00011617    7.34E+07     2.4435E+05    
   6.35E+07     0.98608      0.00011596    6.35E+07     0.00011596    7.35E+07     2.4479E+05    
   6.36E+07     0.98608      0.00011607    6.36E+07     0.00011607    7.36E+07     2.4512E+05    
   6.37E+07     0.98608      0.00011589    6.37E+07     0.00011589    7.37E+07     2.4553E+05    
   6.38E+07     0.98608      0.00011581    6.38E+07     0.00011581    7.38E+07     2.4597E+05    
   6.39E+07     0.98608      0.00011561    6.39E+07     0.00011561    7.39E+07     2.4622E+05    
   6.4E+07      0.98608      0.0001154     6.4E+07      0.0001154     7.4E+07      2.4663E+05    
   6.41E+07     0.98609      0.00011557    6.41E+07     0.00011557    7.41E+07     2.4656E+05    
   6.42E+07     0.98609      0.00011536    6.42E+07     0.00011536    7.42E+07     2.4697E+05    
   6.43E+07     0.98609      0.00011516    6.43E+07     0.00011516    7.43E+07     2.4583E+05    
   6.44E+07     0.98608      0.00011502    6.44E+07     0.00011502    7.44E+07     2.4624E+05    
   6.45E+07     0.98609      0.00011481    6.45E+07     0.00011481    7.45E+07     2.4667E+05    
   6.46E+07     0.98609      0.00011464    6.46E+07     0.00011464    7.46E+07     2.4668E+05    
   6.47E+07     0.98608      0.00011449    6.47E+07     0.00011449    7.47E+07     2.4705E+05    
   6.48E+07     0.98609      0.00011429    6.48E+07     0.00011429    7.48E+07     2.4732E+05    
   6.49E+07     0.98608      0.00011422    6.49E+07     0.00011422    7.49E+07     2.4657E+05    
   6.5E+07      0.98608      0.00011406    6.5E+07      0.00011406    7.5E+07      2.4591E+05    
   6.51E+07     0.98608      0.00011385    6.51E+07     0.00011385    7.51E+07     2.4443E+05    
   6.52E+07     0.98608      0.00011369    6.52E+07     0.00011369    7.52E+07     2.4466E+05    
   6.53E+07     0.98608      0.00011349    6.53E+07     0.00011349    7.53E+07     2.4483E+05    
   6.54E+07     0.98609      0.00011372    6.54E+07     0.00011372    7.54E+07     2.4473E+05    
   6.55E+07     0.98609      0.00011353    6.55E+07     0.00011353    7.55E+07     2.4489E+05    
   6.56E+07     0.98609      0.00011333    6.56E+07     0.00011333    7.56E+07     2.4522E+05    
   6.57E+07     0.98608      0.00011406    6.57E+07     0.00011406    7.57E+07     2.4447E+05    
   6.58E+07     0.98607      0.00011389    6.58E+07     0.00011389    7.58E+07     2.4491E+05    
   6.59E+07     0.98608      0.00011372    6.59E+07     0.00011372    7.59E+07     2.4528E+05    
   6.6E+07      0.98607      0.00011353    6.6E+07      0.00011353    7.6E+07      2.4559E+05    
   6.61E+07     0.98607      0.00011345    6.61E+07     0.00011345    7.61E+07     2.4593E+05    
   6.62E+07     0.98607      0.00011329    6.62E+07     0.00011329    7.62E+07     2.4604E+05    
   6.63E+07     0.98606      0.00011352    6.63E+07     0.00011352    7.63E+07     2.4553E+05    
   6.64E+07     0.98605      0.00011335    6.64E+07     0.00011335    7.64E+07     2.4585E+05    
   6.65E+07     0.98605      0.00011315    6.65E+07     0.00011315    7.65E+07     2.4623E+05    
   6.66E+07     0.98605      0.00011296    6.66E+07     0.00011296    7.66E+07     2.4665E+05    
   6.67E+07     0.98605      0.00011276    6.67E+07     0.00011276    7.67E+07     2.4484E+05    
   6.68E+07     0.98606      0.00011267    6.68E+07     0.00011267    7.68E+07     2.4524E+05    
   6.69E+07     0.98606      0.00011253    6.69E+07     0.00011253    7.69E+07     2.456E+05     
   6.7E+07      0.98606      0.00011238    6.7E+07      0.00011238    7.7E+07      2.4599E+05    
   6.71E+07     0.98605      0.00011233    6.71E+07     0.00011233    7.71E+07     2.4633E+05    
   6.72E+07     0.98605      0.00011214    6.72E+07     0.00011214    7.72E+07     2.4363E+05    
   6.73E+07     0.98605      0.00011194    6.73E+07     0.00011194    7.73E+07     2.4403E+05    
   6.74E+07     0.98604      0.00011235    6.74E+07     0.00011235    7.74E+07     2.4431E+05    
   6.75E+07     0.98603      0.00011244    6.75E+07     0.00011244    7.75E+07     2.4443E+05    
   6.76E+07     0.98603      0.00011232    6.76E+07     0.00011232    7.76E+07     2.448E+05     
   6.77E+07     0.98603      0.00011217    6.77E+07     0.00011217    7.77E+07     2.4466E+05    
   6.78E+07     0.98602      0.00011232    6.78E+07     0.00011232    7.78E+07     2.4427E+05    
   6.79E+07     0.98602      0.00011214    6.79E+07     0.00011214    7.79E+07     2.4463E+05    
   6.8E+07      0.98601      0.00011202    6.8E+07      0.00011202    7.8E+07      2.4502E+05    
   6.81E+07     0.98601      0.00011183    6.81E+07     0.00011183    7.81E+07     2.4528E+05    
   6.82E+07     0.98602      0.00011168    6.82E+07     0.00011168    7.82E+07     2.4496E+05    
   6.83E+07     0.98602      0.00011149    6.83E+07     0.00011149    7.83E+07     2.4524E+05    
   6.84E+07     0.98602      0.0001113     6.84E+07     0.0001113     7.84E+07     2.4416E+05    
   6.85E+07     0.98602      0.00011116    6.85E+07     0.00011116    7.85E+07     2.4434E+05    
   6.86E+07     0.98602      0.00011106    6.86E+07     0.00011106    7.86E+07     2.4467E+05    
   6.87E+07     0.98602      0.00011087    6.87E+07     0.00011087    7.87E+07     2.4357E+05    
   6.88E+07     0.98602      0.00011081    6.88E+07     0.00011081    7.88E+07     2.436E+05     
   6.89E+07     0.98602      0.00011064    6.89E+07     0.00011064    7.89E+07     2.4398E+05    
   6.9E+07      0.98602      0.00011051    6.9E+07      0.00011051    7.9E+07      2.4418E+05    
   6.91E+07     0.98602      0.00011033    6.91E+07     0.00011033    7.91E+07     2.4411E+05    
   6.92E+07     0.98602      0.0001103     6.92E+07     0.0001103     7.92E+07     2.4448E+05    
   6.93E+07     0.98601      0.00011051    6.93E+07     0.00011051    7.93E+07     2.4464E+05    
   6.94E+07     0.986        0.0001104     6.94E+07     0.0001104     7.94E+07     2.4499E+05    
   6.95E+07     0.98601      0.00011064    6.95E+07     0.00011064    7.95E+07     2.4468E+05    
   6.96E+07     0.98602      0.00011065    6.96E+07     0.00011065    7.96E+07     2.4475E+05    
   6.97E+07     0.98603      0.00011061    6.97E+07     0.00011061    7.97E+07     2.4503E+05    
   6.98E+07     0.98602      0.00011043    6.98E+07     0.00011043    7.98E+07     2.4487E+05    
   6.99E+07     0.98602      0.00011038    6.99E+07     0.00011038    7.99E+07     2.4524E+05    
   7E+07        0.98602      0.00011022    7E+07        0.00011022    8E+07        2.4555E+05    
   7.01E+07     0.98602      0.00011004    7.01E+07     0.00011004    8.01E+07     2.4589E+05    
   7.02E+07     0.98601      0.00011008    7.02E+07     0.00011008    8.02E+07     2.4624E+05    
   7.03E+07     0.98602      0.0001102     7.03E+07     0.0001102     8.03E+07     2.4664E+05    
   7.04E+07     0.98603      0.00011016    7.04E+07     0.00011016    8.04E+07     2.4699E+05    
   7.05E+07     0.98603      0.00011013    7.05E+07     0.00011013    8.05E+07     2.4737E+05    
   7.06E+07     0.98603      0.00011034    7.06E+07     0.00011034    8.06E+07     2.4749E+05    
   7.07E+07     0.98603      0.00011017    7.07E+07     0.00011017    8.07E+07     2.4787E+05    
   7.08E+07     0.98602      0.00011008    7.08E+07     0.00011008    8.08E+07     2.4659E+05    
   7.09E+07     0.98602      0.0001099     7.09E+07     0.0001099     8.09E+07     2.4668E+05    
   7.1E+07      0.98603      0.00010983    7.1E+07      0.00010983    8.1E+07      2.4608E+05    
   7.11E+07     0.98603      0.00010966    7.11E+07     0.00010966    8.11E+07     2.462E+05     
   7.12E+07     0.98603      0.00010952    7.12E+07     0.00010952    8.12E+07     2.4593E+05    
   7.13E+07     0.98602      0.00010939    7.13E+07     0.00010939    8.13E+07     2.4542E+05    
   7.14E+07     0.98602      0.00010926    7.14E+07     0.00010926    8.14E+07     2.4579E+05    
   7.15E+07     0.98601      0.00010932    7.15E+07     0.00010932    8.15E+07     2.4612E+05    
   7.16E+07     0.98601      0.00010921    7.16E+07     0.00010921    8.16E+07     2.4606E+05    
   7.17E+07     0.98601      0.00010907    7.17E+07     0.00010907    8.17E+07     2.4637E+05    
   7.18E+07     0.98601      0.00010889    7.18E+07     0.00010889    8.18E+07     2.4667E+05    
   7.19E+07     0.98601      0.0001088     7.19E+07     0.0001088     8.19E+07     2.4687E+05    
   7.2E+07      0.98601      0.00010863    7.2E+07      0.00010863    8.2E+07      2.467E+05     
   7.21E+07     0.98601      0.00010848    7.21E+07     0.00010848    8.21E+07     2.4701E+05    
   7.22E+07     0.98602      0.00010833    7.22E+07     0.00010833    8.22E+07     2.4732E+05    
   7.23E+07     0.98601      0.00010823    7.23E+07     0.00010823    8.23E+07     2.4755E+05    
   7.24E+07     0.98602      0.00010823    7.24E+07     0.00010823    8.24E+07     2.4792E+05    
   7.25E+07     0.98602      0.00010822    7.25E+07     0.00010822    8.25E+07     2.4831E+05    
   7.26E+07     0.98602      0.00010816    7.26E+07     0.00010816    8.26E+07     2.4857E+05    
   7.27E+07     0.98602      0.00010804    7.27E+07     0.00010804    8.27E+07     2.4896E+05    
   7.28E+07     0.98601      0.0001079     7.28E+07     0.0001079     8.28E+07     2.4935E+05    
   7.29E+07     0.98601      0.00010783    7.29E+07     0.00010783    8.29E+07     2.4958E+05    
   7.3E+07      0.98601      0.00010766    7.3E+07      0.00010766    8.3E+07      2.4989E+05    
   7.31E+07     0.98601      0.00010754    7.31E+07     0.00010754    8.31E+07     2.4876E+05    
   7.32E+07     0.98601      0.00010737    7.32E+07     0.00010737    8.32E+07     2.491E+05     
   7.33E+07     0.98602      0.00010727    7.33E+07     0.00010727    8.33E+07     2.4893E+05    
   7.34E+07     0.98602      0.00010712    7.34E+07     0.00010712    8.34E+07     2.4906E+05    
   7.35E+07     0.98602      0.00010696    7.35E+07     0.00010696    8.35E+07     2.4939E+05    
   7.36E+07     0.98602      0.00010681    7.36E+07     0.00010681    8.36E+07     2.4938E+05    
   7.37E+07     0.98602      0.00010664    7.37E+07     0.00010664    8.37E+07     2.4973E+05    
   7.38E+07     0.98602      0.00010647    7.38E+07     0.00010647    8.38E+07     2.4992E+05    
   7.39E+07     0.98602      0.00010635    7.39E+07     0.00010635    8.39E+07     2.5022E+05    
   7.4E+07      0.98602      0.00010619    7.4E+07      0.00010619    8.4E+07      2.5058E+05    
   7.41E+07     0.98602      0.00010613    7.41E+07     0.00010613    8.41E+07     2.5086E+05    
   7.42E+07     0.98602      0.00010597    7.42E+07     0.00010597    8.42E+07     2.509E+05     
   7.43E+07     0.98603      0.00010615    7.43E+07     0.00010615    8.43E+07     2.5047E+05    
   7.44E+07     0.98603      0.00010599    7.44E+07     0.00010599    8.44E+07     2.5048E+05    
   7.45E+07     0.98603      0.00010583    7.45E+07     0.00010583    8.45E+07     2.5062E+05    
   7.46E+07     0.98602      0.00010576    7.46E+07     0.00010576    8.46E+07     2.5086E+05    
   7.47E+07     0.98603      0.00010561    7.47E+07     0.00010561    8.47E+07     2.5121E+05    
   7.48E+07     0.98603      0.00010548    7.48E+07     0.00010548    8.48E+07     2.5111E+05    
   7.49E+07     0.98604      0.00010556    7.49E+07     0.00010556    8.49E+07     2.5126E+05    
   7.5E+07      0.98603      0.00010563    7.5E+07      0.00010563    8.5E+07      2.5163E+05    
   7.51E+07     0.98604      0.00010588    7.51E+07     0.00010588    8.51E+07     2.5144E+05    
   7.52E+07     0.98604      0.00010576    7.52E+07     0.00010576    8.52E+07     2.518E+05     
   7.53E+07     0.98604      0.00010565    7.53E+07     0.00010565    8.53E+07     2.5054E+05    
   7.54E+07     0.98604      0.0001056     7.54E+07     0.0001056     8.54E+07     2.5076E+05    
   7.55E+07     0.98604      0.0001055     7.55E+07     0.0001055     8.55E+07     2.5104E+05    
   7.56E+07     0.98604      0.00010536    7.56E+07     0.00010536    8.56E+07     2.5139E+05    
   7.57E+07     0.98605      0.00010544    7.57E+07     0.00010544    8.57E+07     2.5174E+05    
   7.58E+07     0.98605      0.00010528    7.58E+07     0.00010528    8.58E+07     2.5206E+05    
   7.59E+07     0.98605      0.00010513    7.59E+07     0.00010513    8.59E+07     2.5238E+05    
   7.6E+07      0.98604      0.000105      7.6E+07      0.000105      8.6E+07      2.5262E+05    
   7.61E+07     0.98604      0.00010485    7.61E+07     0.00010485    8.61E+07     2.5157E+05    
   7.62E+07     0.98605      0.00010476    7.62E+07     0.00010476    8.62E+07     2.5185E+05    
   7.63E+07     0.98604      0.0001048     7.63E+07     0.0001048     8.63E+07     2.5137E+05    
   7.64E+07     0.98604      0.00010467    7.64E+07     0.00010467    8.64E+07     2.5164E+05    
   7.65E+07     0.98604      0.00010451    7.65E+07     0.00010451    8.65E+07     2.5201E+05    
   7.66E+07     0.98604      0.00010435    7.66E+07     0.00010435    8.66E+07     2.5238E+05    
   7.67E+07     0.98605      0.00010467    7.67E+07     0.00010467    8.67E+07     2.5274E+05    
   7.68E+07     0.98605      0.00010452    7.68E+07     0.00010452    8.68E+07     2.5273E+05    
   7.69E+07     0.98605      0.00010437    7.69E+07     0.00010437    8.69E+07     2.5288E+05    
   7.7E+07      0.98605      0.00010422    7.7E+07      0.00010422    8.7E+07      2.5324E+05    
   7.71E+07     0.98604      0.00010408    7.71E+07     0.00010408    8.71E+07     2.5348E+05    
   7.72E+07     0.98606      0.00010459    7.72E+07     0.00010459    8.72E+07     2.5382E+05    
   7.73E+07     0.98606      0.00010443    7.73E+07     0.00010443    8.73E+07     2.5392E+05    
   7.74E+07     0.98605      0.00010431    7.74E+07     0.00010431    8.74E+07     2.5421E+05    
   7.75E+07     0.98605      0.00010422    7.75E+07     0.00010422    8.75E+07     2.5453E+05    
   7.76E+07     0.98605      0.00010407    7.76E+07     0.00010407    8.76E+07     2.5472E+05    
   7.77E+07     0.98605      0.00010403    7.77E+07     0.00010403    8.77E+07     2.5506E+05    
   7.78E+07     0.98604      0.00010405    7.78E+07     0.00010405    8.78E+07     2.5498E+05    
   7.79E+07     0.98604      0.00010391    7.79E+07     0.00010391    8.79E+07     2.5533E+05    
   7.8E+07      0.98604      0.00010376    7.8E+07      0.00010376    8.8E+07      2.5507E+05    
   7.81E+07     0.98604      0.00010364    7.81E+07     0.00010364    8.81E+07     2.5544E+05    
   7.82E+07     0.98605      0.00010363    7.82E+07     0.00010363    8.82E+07     2.5575E+05    
   7.83E+07     0.98605      0.00010351    7.83E+07     0.00010351    8.83E+07     2.5565E+05    
   7.84E+07     0.98604      0.00010368    7.84E+07     0.00010368    8.84E+07     2.5595E+05    
   7.85E+07     0.98605      0.00010357    7.85E+07     0.00010357    8.85E+07     2.5617E+05    
   7.86E+07     0.98605      0.00010343    7.86E+07     0.00010343    8.86E+07     2.5629E+05    
   7.87E+07     0.98605      0.0001036     7.87E+07     0.0001036     8.87E+07     2.5542E+05    
   7.88E+07     0.98606      0.00010353    7.88E+07     0.00010353    8.88E+07     2.5477E+05    
   7.89E+07     0.98606      0.00010339    7.89E+07     0.00010339    8.89E+07     2.5483E+05    
   7.9E+07      0.98606      0.00010327    7.9E+07      0.00010327    8.9E+07      2.5514E+05    
   7.91E+07     0.98607      0.00010322    7.91E+07     0.00010322    8.91E+07     2.5545E+05    
   7.92E+07     0.98607      0.00010307    7.92E+07     0.00010307    8.92E+07     2.5517E+05    
   7.93E+07     0.98607      0.00010298    7.93E+07     0.00010298    8.93E+07     2.5292E+05    
   7.94E+07     0.98607      0.00010283    7.94E+07     0.00010283    8.94E+07     2.5326E+05    
   7.95E+07     0.98606      0.00010284    7.95E+07     0.00010284    8.95E+07     2.5279E+05    
   7.96E+07     0.98606      0.00010276    7.96E+07     0.00010276    8.96E+07     2.5292E+05    
   7.97E+07     0.98606      0.00010264    7.97E+07     0.00010264    8.97E+07     2.5327E+05    
   7.98E+07     0.98606      0.0001026     7.98E+07     0.0001026     8.98E+07     2.5307E+05    
   7.99E+07     0.98606      0.00010246    7.99E+07     0.00010246    8.99E+07     2.5343E+05    
   8E+07        0.98606      0.00010233    8E+07        0.00010233    9E+07        2.5379E+05    
   8.01E+07     0.98606      0.0001022     8.01E+07     0.0001022     9.01E+07     2.5355E+05    
   8.02E+07     0.98606      0.00010206    8.02E+07     0.00010206    9.02E+07     2.538E+05     
   8.03E+07     0.98606      0.00010191    8.03E+07     0.00010191    9.03E+07     2.5408E+05    
   8.04E+07     0.98606      0.00010177    8.04E+07     0.00010177    9.04E+07     2.5402E+05    
   8.05E+07     0.98606      0.00010164    8.05E+07     0.00010164    9.05E+07     2.5331E+05    
   8.06E+07     0.98605      0.00010154    8.06E+07     0.00010154    9.06E+07     2.5366E+05    
   8.07E+07     0.98605      0.0001014     8.07E+07     0.0001014     9.07E+07     2.5304E+05    
   8.08E+07     0.98606      0.00010161    8.08E+07     0.00010161    9.08E+07     2.5338E+05    
   8.09E+07     0.98606      0.00010153    8.09E+07     0.00010153    9.09E+07     2.5348E+05    
   8.1E+07      0.98606      0.00010158    8.1E+07      0.00010158    9.1E+07      2.5361E+05    
   8.11E+07     0.98607      0.0001015     8.11E+07     0.0001015     9.11E+07     2.5263E+05    
   8.12E+07     0.98607      0.00010149    8.12E+07     0.00010149    9.12E+07     2.5287E+05    
   8.13E+07     0.98608      0.00010154    8.13E+07     0.00010154    9.13E+07     2.5298E+05    
   8.14E+07     0.98608      0.00010139    8.14E+07     0.00010139    9.14E+07     2.5255E+05    
   8.15E+07     0.98608      0.00010126    8.15E+07     0.00010126    9.15E+07     2.5251E+05    
   8.16E+07     0.98607      0.00010121    8.16E+07     0.00010121    9.16E+07     2.5188E+05    
   8.17E+07     0.98607      0.00010109    8.17E+07     0.00010109    9.17E+07     2.522E+05     
   8.18E+07     0.98607      0.00010096    8.18E+07     0.00010096    9.18E+07     2.5235E+05    
   8.19E+07     0.98607      0.00010086    8.19E+07     0.00010086    9.19E+07     2.526E+05     
   8.2E+07      0.98608      0.00010083    8.2E+07      0.00010083    9.2E+07      2.5286E+05    
   8.21E+07     0.98608      0.00010071    8.21E+07     0.00010071    9.21E+07     2.5302E+05    
   8.22E+07     0.98608      0.00010058    8.22E+07     0.00010058    9.22E+07     2.5337E+05    
   8.23E+07     0.98609      0.00010047    8.23E+07     0.00010047    9.23E+07     2.5371E+05    
   8.24E+07     0.98609      0.00010034    8.24E+07     0.00010034    9.24E+07     2.5395E+05    
   8.25E+07     0.98609      0.0001002     8.25E+07     0.0001002     9.25E+07     2.5416E+05    
   8.26E+07     0.98609      0.00010009    8.26E+07     0.00010009    9.26E+07     2.5447E+05    
   8.27E+07     0.98609      9.995E-05     8.27E+07     9.995E-05     9.27E+07     2.5479E+05    
   8.28E+07     0.98609      9.9813E-05    8.28E+07     9.9813E-05    9.28E+07     2.5487E+05    
   8.29E+07     0.98608      9.9709E-05    8.29E+07     9.9709E-05    9.29E+07     2.5469E+05    
   8.3E+07      0.98609      9.9587E-05    8.3E+07      9.9587E-05    9.3E+07      2.5444E+05    
   8.31E+07     0.98608      9.9747E-05    8.31E+07     9.9747E-05    9.31E+07     2.5334E+05    
   8.32E+07     0.98608      9.9621E-05    8.32E+07     9.9621E-05    9.32E+07     2.5133E+05    
   8.33E+07     0.98608      9.9597E-05    8.33E+07     9.9597E-05    9.33E+07     2.5057E+05    
   8.34E+07     0.98607      9.9515E-05    8.34E+07     9.9515E-05    9.34E+07     2.5087E+05    
   8.35E+07     0.98607      9.938E-05     8.35E+07     9.938E-05     9.35E+07     2.5113E+05    
   8.36E+07     0.98608      9.9327E-05    8.36E+07     9.9327E-05    9.36E+07     2.5109E+05    
   8.37E+07     0.98608      9.9196E-05    8.37E+07     9.9196E-05    9.37E+07     2.5135E+05    
   8.38E+07     0.98608      9.9103E-05    8.38E+07     9.9103E-05    9.38E+07     2.5156E+05    
   8.39E+07     0.98608      9.8975E-05    8.39E+07     9.8975E-05    9.39E+07     2.5166E+05    
   8.4E+07      0.98608      9.8848E-05    8.4E+07      9.8848E-05    9.4E+07      2.5197E+05    
   8.41E+07     0.98608      9.8735E-05    8.41E+07     9.8735E-05    9.41E+07     2.5158E+05    
   8.42E+07     0.98609      9.8671E-05    8.42E+07     9.8671E-05    9.42E+07     2.5174E+05    
   8.43E+07     0.98609      9.8688E-05    8.43E+07     9.8688E-05    9.43E+07     2.5201E+05    
   8.44E+07     0.98609      9.863E-05     8.44E+07     9.863E-05     9.44E+07     2.5179E+05    
   8.45E+07     0.98609      9.8546E-05    8.45E+07     9.8546E-05    9.45E+07     2.5209E+05    
   8.46E+07     0.98609      9.8443E-05    8.46E+07     9.8443E-05    9.46E+07     2.5221E+05    
   8.47E+07     0.9861       9.8316E-05    8.47E+07     9.8316E-05    9.47E+07     2.5246E+05    
   8.48E+07     0.98609      9.828E-05     8.48E+07     9.828E-05     9.48E+07     2.526E+05     
   8.49E+07     0.98609      9.8196E-05    8.49E+07     9.8196E-05    9.49E+07     2.5285E+05    
   8.5E+07      0.98609      9.8066E-05    8.5E+07      9.8066E-05    9.5E+07      2.5318E+05    
   8.51E+07     0.9861       9.8041E-05    8.51E+07     9.8041E-05    9.51E+07     2.5349E+05    
   8.52E+07     0.9861       9.7911E-05    8.52E+07     9.7911E-05    9.52E+07     2.5339E+05    
   8.53E+07     0.98611      9.8101E-05    8.53E+07     9.8101E-05    9.53E+07     2.5281E+05    
   8.54E+07     0.9861       9.8001E-05    8.54E+07     9.8001E-05    9.54E+07     2.5114E+05    
   8.55E+07     0.98611      9.7884E-05    8.55E+07     9.7884E-05    9.55E+07     2.5095E+05    
   8.56E+07     0.98611      9.7756E-05    8.56E+07     9.7756E-05    9.56E+07     2.5128E+05    
   8.57E+07     0.9861       9.7635E-05    8.57E+07     9.7635E-05    9.57E+07     2.5129E+05    
   8.58E+07     0.98611      9.7514E-05    8.58E+07     9.7514E-05    9.58E+07     2.5162E+05    
   8.59E+07     0.9861       9.7393E-05    8.59E+07     9.7393E-05    9.59E+07     2.5194E+05    
   8.6E+07      0.98611      9.7292E-05    8.6E+07      9.7292E-05    9.6E+07      2.5227E+05    
   8.61E+07     0.98611      9.744E-05     8.61E+07     9.744E-05     9.61E+07     2.5256E+05    
   8.62E+07     0.98611      9.7332E-05    8.62E+07     9.7332E-05    9.62E+07     2.5249E+05    
   8.63E+07     0.98611      9.7368E-05    8.63E+07     9.7368E-05    9.63E+07     2.5273E+05    
   8.64E+07     0.98611      9.7254E-05    8.64E+07     9.7254E-05    9.64E+07     2.5298E+05    
   8.65E+07     0.98611      9.7127E-05    8.65E+07     9.7127E-05    9.65E+07     2.5305E+05    
   8.66E+07     0.98611      9.7002E-05    8.66E+07     9.7002E-05    9.66E+07     2.5329E+05    
   8.67E+07     0.98611      9.6877E-05    8.67E+07     9.6877E-05    9.67E+07     2.5362E+05    
   8.68E+07     0.98611      9.6821E-05    8.68E+07     9.6821E-05    9.68E+07     2.5377E+05    
   8.69E+07     0.98611      9.6737E-05    8.69E+07     9.6737E-05    9.69E+07     2.5379E+05    
   8.7E+07      0.98611      9.6615E-05    8.7E+07      9.6615E-05    9.7E+07      2.5388E+05    
   8.71E+07     0.98611      9.6512E-05    8.71E+07     9.6512E-05    9.71E+07     2.5417E+05    
   8.72E+07     0.98611      9.6391E-05    8.72E+07     9.6391E-05    9.72E+07     2.5362E+05    
   8.73E+07     0.9861       9.6318E-05    8.73E+07     9.6318E-05    9.73E+07     2.5307E+05    
   8.74E+07     0.98611      9.6209E-05    8.74E+07     9.6209E-05    9.74E+07     2.5331E+05    
   8.75E+07     0.98611      9.6098E-05    8.75E+07     9.6098E-05    9.75E+07     2.5329E+05    
   8.76E+07     0.98611      9.5994E-05    8.76E+07     9.5994E-05    9.76E+07     2.5354E+05    
   8.77E+07     0.98611      9.5876E-05    8.77E+07     9.5876E-05    9.77E+07     2.5364E+05    
   8.78E+07     0.9861       9.5839E-05    8.78E+07     9.5839E-05    9.78E+07     2.5393E+05    
   8.79E+07     0.9861       9.5723E-05    8.79E+07     9.5723E-05    9.79E+07     2.5303E+05    
   8.8E+07      0.98611      9.571E-05     8.8E+07      9.571E-05     9.8E+07      2.528E+05     
   8.81E+07     0.98611      9.5589E-05    8.81E+07     9.5589E-05    9.81E+07     2.5231E+05    
   8.82E+07     0.98611      9.5477E-05    8.82E+07     9.5477E-05    9.82E+07     2.5257E+05    
   8.83E+07     0.98611      9.5444E-05    8.83E+07     9.5444E-05    9.83E+07     2.5284E+05    
   8.84E+07     0.98611      9.5326E-05    8.84E+07     9.5326E-05    9.84E+07     2.5129E+05    
   8.85E+07     0.98611      9.5235E-05    8.85E+07     9.5235E-05    9.85E+07     2.5153E+05    
   8.86E+07     0.98611      9.516E-05     8.86E+07     9.516E-05     9.86E+07     2.5103E+05    
   8.87E+07     0.98611      9.5271E-05    8.87E+07     9.5271E-05    9.87E+07     2.5135E+05    
   8.88E+07     0.98611      9.5333E-05    8.88E+07     9.5333E-05    9.88E+07     2.5167E+05    
   8.89E+07     0.9861       9.5272E-05    8.89E+07     9.5272E-05    9.89E+07     2.5183E+05    
   8.9E+07      0.9861       9.5161E-05    8.9E+07      9.5161E-05    9.9E+07      2.5167E+05    
   8.91E+07     0.9861       9.5052E-05    8.91E+07     9.5052E-05    9.91E+07     2.5178E+05    
   8.92E+07     0.9861       9.5048E-05    8.92E+07     9.5048E-05    9.92E+07     2.5179E+05    
   8.93E+07     0.98611      9.5417E-05    8.93E+07     9.5417E-05    9.93E+07     2.5186E+05    
   8.94E+07     0.9861       9.5303E-05    8.94E+07     9.5303E-05    9.94E+07     2.5213E+05    
   8.95E+07     0.9861       9.5338E-05    8.95E+07     9.5338E-05    9.95E+07     2.5169E+05    
   8.96E+07     0.9861       9.5257E-05    8.96E+07     9.5257E-05    9.96E+07     2.5199E+05    
   8.97E+07     0.9861       9.5139E-05    8.97E+07     9.5139E-05    9.97E+07     2.5206E+05    
   8.98E+07     0.98609      9.5125E-05    8.98E+07     9.5125E-05    9.98E+07     2.5231E+05    
   8.99E+07     0.98609      9.5006E-05    8.99E+07     9.5006E-05    9.99E+07     2.5263E+05    
   9E+07        0.98609      9.4888E-05    9E+07        9.4888E-05    1E+08        2.5268E+05    
   9.01E+07     0.98609      9.4872E-05    9.01E+07     9.4872E-05    
   9.02E+07     0.98609      9.4776E-05    9.02E+07     9.4776E-05    
   9.03E+07     0.98609      9.4672E-05    9.03E+07     9.4672E-05    
   9.04E+07     0.98609      9.4634E-05    9.04E+07     9.4634E-05    
   9.05E+07     0.98608      9.4708E-05    9.05E+07     9.4708E-05    
   9.06E+07     0.98608      9.4592E-05    9.06E+07     9.4592E-05    
   9.07E+07     0.98607      9.4659E-05    9.07E+07     9.4659E-05    
   9.08E+07     0.98608      9.4544E-05    9.08E+07     9.4544E-05    
   9.09E+07     0.98608      9.4465E-05    9.09E+07     9.4465E-05    
   9.1E+07      0.98608      9.4391E-05    9.1E+07      9.4391E-05    
   9.11E+07     0.98607      9.4524E-05    9.11E+07     9.4524E-05    
   9.12E+07     0.98608      9.4429E-05    9.12E+07     9.4429E-05    
   9.13E+07     0.98607      9.4351E-05    9.13E+07     9.4351E-05    
   9.14E+07     0.98607      9.4379E-05    9.14E+07     9.4379E-05    
   9.15E+07     0.98606      9.4337E-05    9.15E+07     9.4337E-05    
   9.16E+07     0.98607      9.4405E-05    9.16E+07     9.4405E-05    
   9.17E+07     0.98607      9.429E-05     9.17E+07     9.429E-05     
   9.18E+07     0.98607      9.4211E-05    9.18E+07     9.4211E-05    
   9.19E+07     0.98607      9.4117E-05    9.19E+07     9.4117E-05    
   9.2E+07      0.98607      9.4019E-05    9.2E+07      9.4019E-05    
   9.21E+07     0.98608      9.3932E-05    9.21E+07     9.3932E-05    
   9.22E+07     0.98608      9.3818E-05    9.22E+07     9.3818E-05    
   9.23E+07     0.98608      9.3704E-05    9.23E+07     9.3704E-05    
   9.24E+07     0.98607      9.3612E-05    9.24E+07     9.3612E-05    
   9.25E+07     0.98608      9.3517E-05    9.25E+07     9.3517E-05    
   9.26E+07     0.98608      9.3411E-05    9.26E+07     9.3411E-05    
   9.27E+07     0.98608      9.3302E-05    9.27E+07     9.3302E-05    
   9.28E+07     0.98607      9.3239E-05    9.28E+07     9.3239E-05    
   9.29E+07     0.98608      9.3218E-05    9.29E+07     9.3218E-05    
   9.3E+07      0.98607      9.3216E-05    9.3E+07      9.3216E-05    
   9.31E+07     0.98608      9.3367E-05    9.31E+07     9.3367E-05    
   9.32E+07     0.98607      9.3693E-05    9.32E+07     9.3693E-05    
   9.33E+07     0.98607      9.378E-05     9.33E+07     9.378E-05     
   9.34E+07     0.98606      9.3674E-05    9.34E+07     9.3674E-05    
   9.35E+07     0.98607      9.3574E-05    9.35E+07     9.3574E-05    
   9.36E+07     0.98606      9.3529E-05    9.36E+07     9.3529E-05    
   9.37E+07     0.98606      9.3429E-05    9.37E+07     9.3429E-05    
   9.38E+07     0.98607      9.3337E-05    9.38E+07     9.3337E-05    
   9.39E+07     0.98606      9.3271E-05    9.39E+07     9.3271E-05    
   9.4E+07      0.98606      9.3164E-05    9.4E+07      9.3164E-05    
   9.41E+07     0.98606      9.3183E-05    9.41E+07     9.3183E-05    
   9.42E+07     0.98606      9.3104E-05    9.42E+07     9.3104E-05    
   9.43E+07     0.98606      9.3007E-05    9.43E+07     9.3007E-05    
   9.44E+07     0.98606      9.2998E-05    9.44E+07     9.2998E-05    
   9.45E+07     0.98606      9.2888E-05    9.45E+07     9.2888E-05    
   9.46E+07     0.98607      9.2819E-05    9.46E+07     9.2819E-05    
   9.47E+07     0.98607      9.2726E-05    9.47E+07     9.2726E-05    
   9.48E+07     0.98607      9.2651E-05    9.48E+07     9.2651E-05    
   9.49E+07     0.98607      9.2547E-05    9.49E+07     9.2547E-05    
   9.5E+07      0.98607      9.2438E-05    9.5E+07      9.2438E-05    
   9.51E+07     0.98607      9.2335E-05    9.51E+07     9.2335E-05    
   9.52E+07     0.98608      9.2308E-05    9.52E+07     9.2308E-05    
   9.53E+07     0.98607      9.2361E-05    9.53E+07     9.2361E-05    
   9.54E+07     0.98606      9.2619E-05    9.54E+07     9.2619E-05    
   9.55E+07     0.98607      9.2609E-05    9.55E+07     9.2609E-05    
   9.56E+07     0.98607      9.2501E-05    9.56E+07     9.2501E-05    
   9.57E+07     0.98607      9.2441E-05    9.57E+07     9.2441E-05    
   9.58E+07     0.98607      9.2334E-05    9.58E+07     9.2334E-05    
   9.59E+07     0.98607      9.2227E-05    9.59E+07     9.2227E-05    
   9.6E+07      0.98607      9.2121E-05    9.6E+07      9.2121E-05    
   9.61E+07     0.98607      9.2021E-05    9.61E+07     9.2021E-05    
   9.62E+07     0.98608      9.1979E-05    9.62E+07     9.1979E-05    
   9.63E+07     0.98607      9.1887E-05    9.63E+07     9.1887E-05    
   9.64E+07     0.98607      9.1797E-05    9.64E+07     9.1797E-05    
   9.65E+07     0.98608      9.1736E-05    9.65E+07     9.1736E-05    
   9.66E+07     0.98608      9.1642E-05    9.66E+07     9.1642E-05    
   9.67E+07     0.98608      9.1538E-05    9.67E+07     9.1538E-05    
   9.68E+07     0.98607      9.1464E-05    9.68E+07     9.1464E-05    
   9.69E+07     0.98608      9.1415E-05    9.69E+07     9.1415E-05    
   9.7E+07      0.98607      9.1345E-05    9.7E+07      9.1345E-05    
   9.71E+07     0.98607      9.1249E-05    9.71E+07     9.1249E-05    
   9.72E+07     0.98607      9.1302E-05    9.72E+07     9.1302E-05    
   9.73E+07     0.98607      9.1356E-05    9.73E+07     9.1356E-05    
   9.74E+07     0.98607      9.1262E-05    9.74E+07     9.1262E-05    
   9.75E+07     0.98608      9.122E-05     9.75E+07     9.122E-05     
   9.76E+07     0.98608      9.1129E-05    9.76E+07     9.1129E-05    
   9.77E+07     0.98608      9.1067E-05    9.77E+07     9.1067E-05    
   9.78E+07     0.98608      9.0963E-05    9.78E+07     9.0963E-05    
   9.79E+07     0.98609      9.1082E-05    9.79E+07     9.1082E-05    
   9.8E+07      0.98609      9.1079E-05    9.8E+07      9.1079E-05    
   9.81E+07     0.9861       9.112E-05     9.81E+07     9.112E-05     
   9.82E+07     0.98609      9.1023E-05    9.82E+07     9.1023E-05    
   9.83E+07     0.98609      9.0926E-05    9.83E+07     9.0926E-05    
   9.84E+07     0.98609      9.1162E-05    9.84E+07     9.1162E-05    
   9.85E+07     0.98609      9.1072E-05    9.85E+07     9.1072E-05    
   9.86E+07     0.98609      9.1112E-05    9.86E+07     9.1112E-05    
   9.87E+07     0.98609      9.101E-05     9.87E+07     9.101E-05     
   9.88E+07     0.98609      9.0907E-05    9.88E+07     9.0907E-05    
   9.89E+07     0.98609      9.0833E-05    9.89E+07     9.0833E-05    
   9.9E+07      0.98609      9.0809E-05    9.9E+07      9.0809E-05    
   9.91E+07     0.98608      9.0742E-05    9.91E+07     9.0742E-05    
   9.92E+07     0.98609      9.0698E-05    9.92E+07     9.0698E-05    
   9.93E+07     0.98609      9.064E-05     9.93E+07     9.064E-05     
   9.94E+07     0.98609      9.0542E-05    9.94E+07     9.0542E-05    
   9.95E+07     0.9861       9.0575E-05    9.95E+07     9.0575E-05    
   9.96E+07     0.9861       9.0476E-05    9.96E+07     9.0476E-05    
   9.97E+07     0.98609      9.0421E-05    9.97E+07     9.0421E-05    
   9.98E+07     0.98609      9.0326E-05    9.98E+07     9.0326E-05    
   9.99E+07     0.98609      9.0227E-05    9.99E+07     9.0227E-05    
   1E+08        0.98609      9.0173E-05    1E+08        9.0173E-05    
