# This file is written with the intent of being used to plot the data with 
# Gnuplot.  It contains no information regarding how the plot should be 
# formatted.
# =========================================================================
# Research/ArnoldivsPower -f Power1-31.dat -t 100000 -A -c 100 -C 900 -w 20 -b 75 -r  seed = 3360376006
# filename = Power1-31.dat, run = true, power = true, Arnoldi = false, storevectors = 0, raw = false, evectors = 2, evalues = 2, residual = false, arnoldimethod = implicit, tol = 2.22045e-16, verbose = 1, seed = 0, width = 20, bins = 75, acycles = 900, incycles = 100, active = 20, inactive = 0, Iterations = 10, numValues = 2, relaxed = 0, tracks = 100000, ignore_rest = false, version = false, help = false, 

#  1            2            3             4            5             6            7             8            9            
# |-            Power values           -| |-   Power eValues SD   -| |-       FOM-Power      -| |-     Power vector     -| 
#  x-coord      y-coord      error         x-coord      y-coord       x-coord      y-coord       x-coord      y-coord       
   1E+05        0.96091      0             1E+05        0             1.01E+07     0             0.13333      0.017761      
   2E+05        0.96762      0             2E+05        0             1.02E+07     1802.3        0.4          0.024953      
   3E+05        0.97132      0             3E+05        0             1.03E+07     3995.7        0.66667      0.031295      
   4E+05        0.97143      0             4E+05        0             1.04E+07     6807          0.93333      0.037568      
   5E+05        0.97625      0             5E+05        0             1.05E+07     10512         1.2          0.043743      
   6E+05        0.97471      0             6E+05        0             1.06E+07     13961         1.4667       0.049668      
   7E+05        0.97936      0             7E+05        0             1.07E+07     17041         1.7333       0.055821      
   8E+05        0.97905      0             8E+05        0             1.08E+07     21367         2            0.06143       
   9E+05        0.97909      0             9E+05        0             1.09E+07     21455         2.2667       0.067213      
   1E+06        0.97961      0             1E+06        0             1.1E+07      26250         2.5333       0.072779      
   1.1E+06      0.98031      0             1.1E+06      0             1.11E+07     30954         2.8          0.078153      
   1.2E+06      0.98313      0             1.2E+06      0             1.12E+07     36229         3.0667       0.083635      
   1.3E+06      0.98051      0             1.3E+06      0             1.13E+07     31092         3.3333       0.088798      
   1.4E+06      0.98245      0             1.4E+06      0             1.14E+07     35490         3.6          0.093643      
   1.5E+06      0.98414      0             1.5E+06      0             1.15E+07     37459         3.8667       0.098781      
   1.6E+06      0.98552      0             1.6E+06      0             1.16E+07     41332         4.1333       0.10323       
   1.7E+06      0.98438      0             1.7E+06      0             1.17E+07     43127         4.4          0.10777       
   1.8E+06      0.9818       0             1.8E+06      0             1.18E+07     47099         4.6667       0.11223       
   1.9E+06      0.98348      0             1.9E+06      0             1.19E+07     51562         4.9333       0.11648       
   2E+06        0.98508      0             2E+06        0             1.2E+07      56530         5.2          0.12075       
   2.1E+06      0.98548      0             2.1E+06      0             1.21E+07     60773         5.4667       0.12461       
   2.2E+06      0.98462      0             2.2E+06      0             1.22E+07     63911         5.7333       0.12823       
   2.3E+06      0.98496      0             2.3E+06      0             1.23E+07     69218         6            0.13153       
   2.4E+06      0.98808      0             2.4E+06      0             1.24E+07     67351         6.2667       0.13495       
   2.5E+06      0.98836      0             2.5E+06      0             1.25E+07     71445         6.5333       0.13788       
   2.6E+06      0.98484      0             2.6E+06      0             1.26E+07     65742         6.8          0.14088       
   2.7E+06      0.98613      0             2.7E+06      0             1.27E+07     66650         7.0667       0.14366       
   2.8E+06      0.98507      0             2.8E+06      0             1.28E+07     66832         7.3333       0.14593       
   2.9E+06      0.98523      0             2.9E+06      0             1.29E+07     68489         7.6          0.14848       
   3E+06        0.98082      0             3E+06        0             1.3E+07      72710         7.8667       0.15049       
   3.1E+06      0.9871       0             3.1E+06      0             1.31E+07     74044         8.1333       0.15198       
   3.2E+06      0.98882      0             3.2E+06      0             1.32E+07     78246         8.4          0.15365       
   3.3E+06      0.98644      0             3.3E+06      0             1.33E+07     82427         8.6667       0.1545        
   3.4E+06      0.98638      0             3.4E+06      0             1.34E+07     83375         8.9333       0.15582       
   3.5E+06      0.98882      0             3.5E+06      0             1.35E+07     86294         9.2          0.15658       
   3.6E+06      0.984        0             3.6E+06      0             1.36E+07     82064         9.4667       0.15744       
   3.7E+06      0.98827      0             3.7E+06      0             1.37E+07     85472         9.7333       0.15696       
   3.8E+06      0.98509      0             3.8E+06      0             1.38E+07     89519         10           0.15755       
   3.9E+06      0.9855       0             3.9E+06      0             1.39E+07     93376         10.267       0.15747       
   4E+06        0.98555      0             4E+06        0             1.4E+07      96789         10.533       0.15722       
   4.1E+06      0.98556      0             4.1E+06      0             1.41E+07     95518         10.8         0.15635       
   4.2E+06      0.98551      0             4.2E+06      0             1.42E+07     95197         11.067       0.15558       
   4.3E+06      0.98417      0             4.3E+06      0             1.43E+07     99048         11.333       0.15447       
   4.4E+06      0.98009      0             4.4E+06      0             1.44E+07     1.0254E+05    11.6         0.15309       
   4.5E+06      0.98552      0             4.5E+06      0             1.45E+07     1.0461E+05    11.867       0.1517        
   4.6E+06      0.98848      0             4.6E+06      0             1.46E+07     95959         12.133       0.14957       
   4.7E+06      0.98181      0             4.7E+06      0             1.47E+07     97447         12.4         0.14805       
   4.8E+06      0.98755      0             4.8E+06      0             1.48E+07     1.0001E+05    12.667       0.14561       
   4.9E+06      0.98663      0             4.9E+06      0             1.49E+07     1.0155E+05    12.933       0.14296       
   5E+06        0.9869       0             5E+06        0             1.5E+07      1.0118E+05    13.2         0.14056       
   5.1E+06      0.98509      0             5.1E+06      0             1.51E+07     1.0072E+05    13.467       0.13777       
   5.2E+06      0.98685      0             5.2E+06      0             1.52E+07     99979         13.733       0.13476       
   5.3E+06      0.98526      0             5.3E+06      0             1.53E+07     1.0021E+05    14           0.13124       
   5.4E+06      0.98882      0             5.4E+06      0             1.54E+07     1.0265E+05    14.267       0.12752       
   5.5E+06      0.98637      0             5.5E+06      0             1.55E+07     1.0294E+05    14.533       0.12395       
   5.6E+06      0.98331      0             5.6E+06      0             1.56E+07     1.0602E+05    14.8         0.12031       
   5.7E+06      0.98742      0             5.7E+06      0             1.57E+07     1.0911E+05    15.067       0.11616       
   5.8E+06      0.98688      0             5.8E+06      0             1.58E+07     1.1122E+05    15.333       0.11155       
   5.9E+06      0.98768      0             5.9E+06      0             1.59E+07     1.1405E+05    15.6         0.10702       
   6E+06        0.99065      0             6E+06        0             1.6E+07      1.1043E+05    15.867       0.10258       
   6.1E+06      0.98478      0             6.1E+06      0             1.61E+07     1.1278E+05    16.133       0.098175      
   6.2E+06      0.98186      0             6.2E+06      0             1.62E+07     1.0908E+05    16.4         0.093175      
   6.3E+06      0.98838      0             6.3E+06      0             1.63E+07     1.1191E+05    16.667       0.087827      
   6.4E+06      0.98669      0             6.4E+06      0             1.64E+07     1.1389E+05    16.933       0.082893      
   6.5E+06      0.98697      0             6.5E+06      0             1.65E+07     1.1553E+05    17.2         0.07726       
   6.6E+06      0.99023      0             6.6E+06      0             1.66E+07     1.1749E+05    17.467       0.072098      
   6.7E+06      0.98587      0             6.7E+06      0             1.67E+07     1.2033E+05    17.733       0.066541      
   6.8E+06      0.98432      0             6.8E+06      0             1.68E+07     1.2228E+05    18           0.061107      
   6.9E+06      0.9888       0             6.9E+06      0             1.69E+07     1.251E+05     18.267       0.054942      
   7E+06        0.98616      0             7E+06        0             1.7E+07      1.2775E+05    18.533       0.049432      
   7.1E+06      0.98936      0             7.1E+06      0             1.71E+07     1.2563E+05    18.8         0.043141      
   7.2E+06      0.98334      0             7.2E+06      0             1.72E+07     1.1032E+05    19.067       0.037072      
   7.3E+06      0.98296      0             7.3E+06      0             1.73E+07     1.115E+05     19.333       0.031149      
   7.4E+06      0.98278      0             7.4E+06      0             1.74E+07     1.1243E+05    19.6         0.024512      
   7.5E+06      0.98791      0             7.5E+06      0             1.75E+07     1.1409E+05    19.867       0.017408      
   7.6E+06      0.98342      0             7.6E+06      0             1.76E+07     1.0947E+05    
   7.7E+06      0.989        0             7.7E+06      0             1.77E+07     1.0923E+05    
   7.8E+06      0.98436      0             7.8E+06      0             1.78E+07     1.0844E+05    
   7.9E+06      0.98693      0             7.9E+06      0             1.79E+07     1.0968E+05    
   8E+06        0.98534      0             8E+06        0             1.8E+07      1.115E+05     
   8.1E+06      0.98956      0             8.1E+06      0             1.81E+07     1.1364E+05    
   8.2E+06      0.98305      0             8.2E+06      0             1.82E+07     1.154E+05     
   8.3E+06      0.98875      0             8.3E+06      0             1.83E+07     1.176E+05     
   8.4E+06      0.98364      0             8.4E+06      0             1.84E+07     1.1908E+05    
   8.5E+06      0.99039      0             8.5E+06      0             1.85E+07     1.2002E+05    
   8.6E+06      0.98633      0             8.6E+06      0             1.86E+07     1.2195E+05    
   8.7E+06      0.98588      0             8.7E+06      0             1.87E+07     1.2349E+05    
   8.8E+06      0.98931      0             8.8E+06      0             1.88E+07     1.2558E+05    
   8.9E+06      0.98787      0             8.9E+06      0             1.89E+07     1.2655E+05    
   9E+06        0.98725      0             9E+06        0             1.9E+07      1.2837E+05    
   9.1E+06      0.98538      0             9.1E+06      0             1.91E+07     1.268E+05     
   9.2E+06      0.98589      0             9.2E+06      0             1.92E+07     1.2875E+05    
   9.3E+06      0.98264      0             9.3E+06      0             1.93E+07     1.2981E+05    
   9.4E+06      0.99008      0             9.4E+06      0             1.94E+07     1.3187E+05    
   9.5E+06      0.98286      0             9.5E+06      0             1.95E+07     1.2883E+05    
   9.6E+06      0.98147      0             9.6E+06      0             1.96E+07     1.3089E+05    
   9.7E+06      0.9851       0             9.7E+06      0             1.97E+07     1.2957E+05    
   9.8E+06      0.98831      0             9.8E+06      0             1.98E+07     1.3155E+05    
   9.9E+06      0.98903      0             9.9E+06      0             1.99E+07     1.3343E+05    
   1E+07        0.98549      0             1E+07        0             2E+07        1.3527E+05    
   1.01E+07     0.99062      NAN           1.01E+07     NAN           2.01E+07     1.373E+05     
   1.02E+07     0.98577      0.0034288     1.02E+07     0.0034288     2.02E+07     1.3781E+05    
   1.03E+07     0.98557      0.0022917     1.03E+07     0.0022917     2.03E+07     1.3549E+05    
   1.04E+07     0.98593      0.0017461     1.04E+07     0.0017461     2.04E+07     1.3732E+05    
   1.05E+07     0.986        0.0013984     1.05E+07     0.0013984     2.05E+07     1.366E+05     
   1.06E+07     0.98635      0.0012079     1.06E+07     0.0012079     2.06E+07     1.3836E+05    
   1.07E+07     0.98671      0.001088      1.07E+07     0.001088      2.07E+07     1.3685E+05    
   1.08E+07     0.98653      0.00096663    1.08E+07     0.00096663    2.08E+07     1.3868E+05    
   1.09E+07     0.98608      0.00096011    1.09E+07     0.00096011    2.09E+07     1.4041E+05    
   1.1E+07      0.98608      0.00086411    1.1E+07      0.00086411    2.1E+07      1.3935E+05    
   1.11E+07     0.98598      0.00079207    1.11E+07     0.00079207    2.11E+07     1.3982E+05    
   1.12E+07     0.98592      0.00072832    1.12E+07     0.00072832    2.12E+07     1.4057E+05    
   1.13E+07     0.98633      0.00078261    1.13E+07     0.00078261    2.13E+07     1.4218E+05    
   1.14E+07     0.9864       0.00072935    1.14E+07     0.00072935    2.14E+07     1.4388E+05    
   1.15E+07     0.9862       0.00070667    1.15E+07     0.00070667    2.15E+07     1.4521E+05    
   1.16E+07     0.9861       0.00066961    1.16E+07     0.00066961    2.16E+07     1.4666E+05    
   1.17E+07     0.98627      0.00065264    1.17E+07     0.00065264    2.17E+07     1.4482E+05    
   1.18E+07     0.98636      0.00062191    1.18E+07     0.00062191    2.18E+07     1.41E+05      
   1.19E+07     0.9863       0.00059192    1.19E+07     0.00059192    2.19E+07     1.4253E+05    
   1.2E+07      0.98631      0.00056248    1.2E+07      0.00056248    2.2E+07      1.3853E+05    
   1.21E+07     0.98624      0.00054029    1.21E+07     0.00054029    2.21E+07     1.3829E+05    
   1.22E+07     0.98634      0.0005246     1.22E+07     0.0005246     2.22E+07     1.396E+05     
   1.23E+07     0.98636      0.00050207    1.23E+07     0.00050207    2.23E+07     1.4105E+05    
   1.24E+07     0.9862       0.00050658    1.24E+07     0.00050658    2.24E+07     1.4059E+05    
   1.25E+07     0.98626      0.00048992    1.25E+07     0.00048992    2.25E+07     1.3942E+05    
   1.26E+07     0.98606      0.00050863    1.26E+07     0.00050863    2.26E+07     1.3632E+05    
   1.27E+07     0.98618      0.0005032     1.27E+07     0.0005032     2.27E+07     1.3551E+05    
   1.28E+07     0.9863       0.00050045    1.28E+07     0.00050045    2.28E+07     1.366E+05     
   1.29E+07     0.9864       0.00049232    1.29E+07     0.00049232    2.29E+07     1.3546E+05    
   1.3E+07      0.9864       0.00047592    1.3E+07      0.00047592    2.3E+07      1.3527E+05    
   1.31E+07     0.98631      0.00046984    1.31E+07     0.00046984    2.31E+07     1.355E+05     
   1.32E+07     0.98632      0.00045534    1.32E+07     0.00045534    2.32E+07     1.3513E+05    
   1.33E+07     0.98631      0.00044174    1.33E+07     0.00044174    2.33E+07     1.3658E+05    
   1.34E+07     0.9864       0.00043762    1.34E+07     0.00043762    2.34E+07     1.3666E+05    
   1.35E+07     0.98634      0.00042851    1.35E+07     0.00042851    2.35E+07     1.3765E+05    
   1.36E+07     0.98621      0.00043784    1.36E+07     0.00043784    2.36E+07     1.3903E+05    
   1.37E+07     0.98624      0.00042726    1.37E+07     0.00042726    2.37E+07     1.4044E+05    
   1.38E+07     0.98624      0.00041601    1.38E+07     0.00041601    2.38E+07     1.4177E+05    
   1.39E+07     0.98622      0.00040586    1.39E+07     0.00040586    2.39E+07     1.4318E+05    
   1.4E+07      0.98626      0.00039725    1.4E+07      0.00039725    2.4E+07      1.4459E+05    
   1.41E+07     0.98616      0.00039831    1.41E+07     0.00039831    2.41E+07     1.459E+05     
   1.42E+07     0.98608      0.00039762    1.42E+07     0.00039762    2.42E+07     1.4657E+05    
   1.43E+07     0.98609      0.00038848    1.43E+07     0.00038848    2.43E+07     1.4641E+05    
   1.44E+07     0.98611      0.00038045    1.44E+07     0.00038045    2.44E+07     1.4421E+05    
   1.45E+07     0.98606      0.00037523    1.45E+07     0.00037523    2.45E+07     1.4524E+05    
   1.46E+07     0.98593      0.00039042    1.46E+07     0.00039042    2.46E+07     1.4666E+05    
   1.47E+07     0.98598      0.00038614    1.47E+07     0.00038614    2.47E+07     1.4786E+05    
   1.48E+07     0.98595      0.00037984    1.48E+07     0.00037984    2.48E+07     1.4923E+05    
   1.49E+07     0.9859       0.00037559    1.49E+07     0.00037559    2.49E+07     1.5037E+05    
   1.5E+07      0.98597      0.00037497    1.5E+07      0.00037497    2.5E+07      1.5176E+05    
   1.51E+07     0.9859       0.00037461    1.51E+07     0.00037461    2.51E+07     1.5315E+05    
   1.52E+07     0.98597      0.00037471    1.52E+07     0.00037471    2.52E+07     1.5072E+05    
   1.53E+07     0.98603      0.00037308    1.53E+07     0.00037308    2.53E+07     1.5148E+05    
   1.54E+07     0.98601      0.0003672     1.54E+07     0.0003672     2.54E+07     1.5182E+05    
   1.55E+07     0.98607      0.00036553    1.55E+07     0.00036553    2.55E+07     1.5299E+05    
   1.56E+07     0.98607      0.00035904    1.56E+07     0.00035904    2.56E+07     1.5409E+05    
   1.57E+07     0.98607      0.00035275    1.57E+07     0.00035275    2.57E+07     1.5275E+05    
   1.58E+07     0.9861       0.00034815    1.58E+07     0.00034815    2.58E+07     1.5398E+05    
   1.59E+07     0.98609      0.00034268    1.59E+07     0.00034268    2.59E+07     1.5526E+05    
   1.6E+07      0.986        0.00034718    1.6E+07      0.00034718    2.6E+07      1.5577E+05    
   1.61E+07     0.98603      0.00034245    1.61E+07     0.00034245    2.61E+07     1.5531E+05    
   1.62E+07     0.98611      0.000347      1.62E+07     0.000347      2.62E+07     1.5595E+05    
   1.63E+07     0.98611      0.00034149    1.63E+07     0.00034149    2.63E+07     1.55E+05      
   1.64E+07     0.98608      0.00033746    1.64E+07     0.00033746    2.64E+07     1.556E+05     
   1.65E+07     0.98611      0.00033403    1.65E+07     0.00033403    2.65E+07     1.5682E+05    
   1.66E+07     0.98614      0.00033002    1.66E+07     0.00033002    2.66E+07     1.5812E+05    
   1.67E+07     0.98614      0.00032509    1.67E+07     0.00032509    2.67E+07     1.5913E+05    
   1.68E+07     0.98617      0.00032155    1.68E+07     0.00032155    2.68E+07     1.6002E+05    
   1.69E+07     0.98617      0.00031689    1.69E+07     0.00031689    2.69E+07     1.6024E+05    
   1.7E+07      0.98618      0.00031251    1.7E+07      0.00031251    2.7E+07      1.6074E+05    
   1.71E+07     0.98624      0.00031418    1.71E+07     0.00031418    2.71E+07     1.6143E+05    
   1.72E+07     0.98637      0.00033432    1.72E+07     0.00033432    2.72E+07     1.6186E+05    
   1.73E+07     0.98633      0.00033162    1.73E+07     0.00033162    2.73E+07     1.6284E+05    
   1.74E+07     0.98637      0.00032918    1.74E+07     0.00032918    2.74E+07     1.6408E+05    
   1.75E+07     0.98639      0.00032586    1.75E+07     0.00032586    2.75E+07     1.6534E+05    
   1.76E+07     0.98631      0.00033167    1.76E+07     0.00033167    2.76E+07     1.6627E+05    
   1.77E+07     0.98636      0.00033112    1.77E+07     0.00033112    2.77E+07     1.6748E+05    
   1.78E+07     0.98642      0.00033125    1.78E+07     0.00033125    2.78E+07     1.6879E+05    
   1.79E+07     0.98638      0.00032848    1.79E+07     0.00032848    2.79E+07     1.6748E+05    
   1.8E+07      0.9864       0.00032486    1.8E+07      0.00032486    2.8E+07      1.6871E+05    
   1.81E+07     0.9864       0.00032092    1.81E+07     0.00032092    2.81E+07     1.6734E+05    
   1.82E+07     0.98638      0.00031747    1.82E+07     0.00031747    2.82E+07     1.6854E+05    
   1.83E+07     0.98638      0.00031365    1.83E+07     0.00031365    2.83E+07     1.6902E+05    
   1.84E+07     0.9864       0.00031084    1.84E+07     0.00031084    2.84E+07     1.7019E+05    
   1.85E+07     0.98637      0.00030878    1.85E+07     0.00030878    2.85E+07     1.7135E+05    
   1.86E+07     0.98638      0.0003055     1.86E+07     0.0003055     2.86E+07     1.7195E+05    
   1.87E+07     0.98636      0.00030276    1.87E+07     0.00030276    2.87E+07     1.7012E+05    
   1.88E+07     0.98637      0.00029945    1.88E+07     0.00029945    2.88E+07     1.7136E+05    
   1.89E+07     0.98634      0.00029751    1.89E+07     0.00029751    2.89E+07     1.7254E+05    
   1.9E+07      0.98636      0.00029459    1.9E+07      0.00029459    2.9E+07      1.6885E+05    
   1.91E+07     0.98641      0.00029555    1.91E+07     0.00029555    2.91E+07     1.6975E+05    
   1.92E+07     0.98642      0.00029256    1.92E+07     0.00029256    2.92E+07     1.7E+05       
   1.93E+07     0.98639      0.0002906     1.93E+07     0.0002906     2.93E+07     1.7001E+05    
   1.94E+07     0.98639      0.00028759    1.94E+07     0.00028759    2.94E+07     1.7107E+05    
   1.95E+07     0.98644      0.00029012    1.95E+07     0.00029012    2.95E+07     1.7113E+05    
   1.96E+07     0.98644      0.0002871     1.96E+07     0.0002871     2.96E+07     1.7215E+05    
   1.97E+07     0.98649      0.00028785    1.97E+07     0.00028785    2.97E+07     1.7246E+05    
   1.98E+07     0.98648      0.00028494    1.98E+07     0.00028494    2.98E+07     1.7298E+05    
   1.99E+07     0.98648      0.00028211    1.99E+07     0.00028211    2.99E+07     1.7409E+05    
   2E+07        0.98649      0.00027946    2E+07        0.00027946    3E+07        1.7481E+05    
   2.01E+07     0.98649      0.00027671    2.01E+07     0.00027671    3.01E+07     1.7516E+05    
   2.02E+07     0.98646      0.00027549    2.02E+07     0.00027549    3.02E+07     1.7353E+05    
   2.03E+07     0.98641      0.00027711    2.03E+07     0.00027711    3.03E+07     1.7457E+05    
   2.04E+07     0.9864       0.00027457    2.04E+07     0.00027457    3.04E+07     1.7528E+05    
   2.05E+07     0.98637      0.00027463    2.05E+07     0.00027463    3.05E+07     1.7476E+05    
   2.06E+07     0.98636      0.00027222    2.06E+07     0.00027222    3.06E+07     1.7589E+05    
   2.07E+07     0.98631      0.00027297    2.07E+07     0.00027297    3.07E+07     1.7506E+05    
   2.08E+07     0.98632      0.00027051    2.08E+07     0.00027051    3.08E+07     1.76E+05      
   2.09E+07     0.98633      0.00026821    2.09E+07     0.00026821    3.09E+07     1.7715E+05    
   2.1E+07      0.98637      0.0002686     2.1E+07      0.0002686     3.1E+07      1.7551E+05    
   2.11E+07     0.98639      0.00026744    2.11E+07     0.00026744    3.11E+07     1.7606E+05    
   2.12E+07     0.98637      0.00026612    2.12E+07     0.00026612    3.12E+07     1.7711E+05    
   2.13E+07     0.98638      0.00026396    2.13E+07     0.00026396    3.13E+07     1.7724E+05    
   2.14E+07     0.98639      0.0002618     2.14E+07     0.0002618     3.14E+07     1.7611E+05    
   2.15E+07     0.98638      0.0002599     2.15E+07     0.0002599     3.15E+07     1.7262E+05    
   2.16E+07     0.98636      0.00025803    2.16E+07     0.00025803    3.16E+07     1.7311E+05    
   2.17E+07     0.9864       0.00025901    2.17E+07     0.00025901    3.17E+07     1.7371E+05    
   2.18E+07     0.98635      0.00026191    2.18E+07     0.00026191    3.18E+07     1.7293E+05    
   2.19E+07     0.98636      0.00025981    2.19E+07     0.00025981    3.19E+07     1.7326E+05    
   2.2E+07      0.9863       0.00026295    2.2E+07      0.00026295    3.2E+07      1.7427E+05    
   2.21E+07     0.98627      0.00026256    2.21E+07     0.00026256    3.21E+07     1.7528E+05    
   2.22E+07     0.98626      0.00026076    2.22E+07     0.00026076    3.22E+07     1.7593E+05    
   2.23E+07     0.98625      0.00025876    2.23E+07     0.00025876    3.23E+07     1.7676E+05    
   2.24E+07     0.98622      0.00025862    2.24E+07     0.00025862    3.24E+07     1.7414E+05    
   2.25E+07     0.98618      0.00025914    2.25E+07     0.00025914    3.25E+07     1.7371E+05    
   2.26E+07     0.98623      0.00026144    2.26E+07     0.00026144    3.26E+07     1.7467E+05    
   2.27E+07     0.98627      0.00026156    2.27E+07     0.00026156    3.27E+07     1.7489E+05    
   2.28E+07     0.98628      0.00025993    2.28E+07     0.00025993    3.28E+07     1.7547E+05    
   2.29E+07     0.98624      0.00026047    2.29E+07     0.00026047    3.29E+07     1.7444E+05    
   2.3E+07      0.98621      0.00026006    2.3E+07      0.00026006    3.3E+07      1.7543E+05    
   2.31E+07     0.98619      0.00025922    2.31E+07     0.00025922    3.31E+07     1.7573E+05    
   2.32E+07     0.98616      0.00025897    2.32E+07     0.00025897    3.32E+07     1.7191E+05    
   2.33E+07     0.98616      0.00025705    2.33E+07     0.00025705    3.33E+07     1.7161E+05    
   2.34E+07     0.98613      0.00025641    2.34E+07     0.00025641    3.34E+07     1.7205E+05    
   2.35E+07     0.98612      0.00025493    2.35E+07     0.00025493    3.35E+07     1.7259E+05    
   2.36E+07     0.98612      0.00025306    2.36E+07     0.00025306    3.36E+07     1.7321E+05    
   2.37E+07     0.98611      0.00025128    2.37E+07     0.00025128    3.37E+07     1.7404E+05    
   2.38E+07     0.98612      0.00024956    2.38E+07     0.00024956    3.38E+07     1.7491E+05    
   2.39E+07     0.98612      0.00024777    2.39E+07     0.00024777    3.39E+07     1.7313E+05    
   2.4E+07      0.98612      0.000246      2.4E+07      0.000246      3.4E+07      1.7259E+05    
   2.41E+07     0.98613      0.0002444     2.41E+07     0.0002444     3.41E+07     1.7351E+05    
   2.42E+07     0.98614      0.00024336    2.42E+07     0.00024336    3.42E+07     1.713E+05     
   2.43E+07     0.98617      0.00024299    2.43E+07     0.00024299    3.43E+07     1.72E+05      
   2.44E+07     0.98621      0.00024426    2.44E+07     0.00024426    3.44E+07     1.7012E+05    
   2.45E+07     0.98622      0.00024289    2.45E+07     0.00024289    3.45E+07     1.7027E+05    
   2.46E+07     0.98622      0.00024124    2.46E+07     0.00024124    3.46E+07     1.7103E+05    
   2.47E+07     0.98623      0.00023976    2.47E+07     0.00023976    3.47E+07     1.7078E+05    
   2.48E+07     0.98623      0.00023814    2.48E+07     0.00023814    3.48E+07     1.716E+05     
   2.49E+07     0.98622      0.00023675    2.49E+07     0.00023675    3.49E+07     1.7224E+05    
   2.5E+07      0.98621      0.00023522    2.5E+07      0.00023522    3.5E+07      1.7267E+05    
   2.51E+07     0.98621      0.00023367    2.51E+07     0.00023367    3.51E+07     1.7144E+05    
   2.52E+07     0.98625      0.00023504    2.52E+07     0.00023504    3.52E+07     1.7207E+05    
   2.53E+07     0.98626      0.00023396    2.53E+07     0.00023396    3.53E+07     1.7297E+05    
   2.54E+07     0.98625      0.00023326    2.54E+07     0.00023326    3.54E+07     1.7277E+05    
   2.55E+07     0.98625      0.00023193    2.55E+07     0.00023193    3.55E+07     1.7298E+05    
   2.56E+07     0.98625      0.00023058    2.56E+07     0.00023058    3.56E+07     1.7338E+05    
   2.57E+07     0.98622      0.00023116    2.57E+07     0.00023116    3.57E+07     1.7344E+05    
   2.58E+07     0.98622      0.00022977    2.58E+07     0.00022977    3.58E+07     1.7426E+05    
   2.59E+07     0.98622      0.0002284     2.59E+07     0.0002284     3.59E+07     1.7463E+05    
   2.6E+07      0.98623      0.00022753    2.6E+07      0.00022753    3.6E+07      1.741E+05     
   2.61E+07     0.98621      0.00022745    2.61E+07     0.00022745    3.61E+07     1.7426E+05    
   2.62E+07     0.98619      0.00022656    2.62E+07     0.00022656    3.62E+07     1.7426E+05    
   2.63E+07     0.98616      0.00022683    2.63E+07     0.00022683    3.63E+07     1.7507E+05    
   2.64E+07     0.98618      0.0002259     2.64E+07     0.0002259     3.64E+07     1.753E+05     
   2.65E+07     0.98617      0.00022461    2.65E+07     0.00022461    3.65E+07     1.7605E+05    
   2.66E+07     0.98617      0.00022326    2.66E+07     0.00022326    3.66E+07     1.7621E+05    
   2.67E+07     0.98616      0.00022215    2.67E+07     0.00022215    3.67E+07     1.7612E+05    
   2.68E+07     0.98617      0.00022108    2.68E+07     0.00022108    3.68E+07     1.7636E+05    
   2.69E+07     0.98615      0.00022053    2.69E+07     0.00022053    3.69E+07     1.7709E+05    
   2.7E+07      0.98617      0.00021979    2.7E+07      0.00021979    3.7E+07      1.7784E+05    
   2.71E+07     0.98618      0.0002189     2.71E+07     0.0002189     3.71E+07     1.7772E+05    
   2.72E+07     0.98617      0.0002182     2.72E+07     0.0002182     3.72E+07     1.7708E+05    
   2.73E+07     0.98616      0.00021711    2.73E+07     0.00021711    3.73E+07     1.7787E+05    
   2.74E+07     0.98615      0.00021591    2.74E+07     0.00021591    3.74E+07     1.7853E+05    
   2.75E+07     0.98616      0.00021469    2.75E+07     0.00021469    3.75E+07     1.7936E+05    
   2.76E+07     0.98615      0.00021372    2.76E+07     0.00021372    3.76E+07     1.7914E+05    
   2.77E+07     0.98615      0.00021252    2.77E+07     0.00021252    3.77E+07     1.7977E+05    
   2.78E+07     0.98615      0.00021133    2.78E+07     0.00021133    3.78E+07     1.8044E+05    
   2.79E+07     0.98612      0.00021177    2.79E+07     0.00021177    3.79E+07     1.8076E+05    
   2.8E+07      0.98612      0.00021063    2.8E+07      0.00021063    3.8E+07      1.8152E+05    
   2.81E+07     0.9861       0.00021107    2.81E+07     0.00021107    3.81E+07     1.8144E+05    
   2.82E+07     0.98609      0.00020995    2.82E+07     0.00020995    3.82E+07     1.8227E+05    
   2.83E+07     0.98611      0.00020929    2.83E+07     0.00020929    3.83E+07     1.8307E+05    
   2.84E+07     0.98611      0.0002082     2.84E+07     0.0002082     3.84E+07     1.8258E+05    
   2.85E+07     0.98612      0.00020711    2.85E+07     0.00020711    3.85E+07     1.8297E+05    
   2.86E+07     0.9861       0.00020638    2.86E+07     0.00020638    3.86E+07     1.8334E+05    
   2.87E+07     0.98608      0.00020712    2.87E+07     0.00020712    3.87E+07     1.8398E+05    
   2.88E+07     0.98608      0.00020602    2.88E+07     0.00020602    3.88E+07     1.8475E+05    
   2.89E+07     0.98608      0.00020494    2.89E+07     0.00020494    3.89E+07     1.8481E+05    
   2.9E+07      0.98611      0.00020681    2.9E+07      0.00020681    3.9E+07      1.8204E+05    
   2.91E+07     0.98612      0.00020592    2.91E+07     0.00020592    3.91E+07     1.828E+05     
   2.92E+07     0.98614      0.00020542    2.92E+07     0.00020542    3.92E+07     1.835E+05     
   2.93E+07     0.98615      0.00020501    2.93E+07     0.00020501    3.93E+07     1.8421E+05    
   2.94E+07     0.98615      0.00020405    2.94E+07     0.00020405    3.94E+07     1.8496E+05    
   2.95E+07     0.98616      0.00020366    2.95E+07     0.00020366    3.95E+07     1.8539E+05    
   2.96E+07     0.98617      0.00020273    2.96E+07     0.00020273    3.96E+07     1.8602E+05    
   2.97E+07     0.98618      0.00020216    2.97E+07     0.00020216    3.97E+07     1.868E+05     
   2.98E+07     0.98617      0.00020153    2.98E+07     0.00020153    3.98E+07     1.8754E+05    
   2.99E+07     0.98618      0.00020056    2.99E+07     0.00020056    3.99E+07     1.8832E+05    
   3E+07        0.98619      0.00019982    3E+07        0.00019982    4E+07        1.8903E+05    
   3.01E+07     0.98617      0.00019921    3.01E+07     0.00019921    4.01E+07     1.8977E+05    
   3.02E+07     0.9862       0.00019983    3.02E+07     0.00019983    4.02E+07     1.9022E+05    
   3.03E+07     0.98619      0.0001989     3.03E+07     0.0001989     4.03E+07     1.8971E+05    
   3.04E+07     0.98618      0.00019818    3.04E+07     0.00019818    4.04E+07     1.9026E+05    
   3.05E+07     0.98617      0.00019811    3.05E+07     0.00019811    4.05E+07     1.9105E+05    
   3.06E+07     0.98616      0.00019715    3.06E+07     0.00019715    4.06E+07     1.9138E+05    
   3.07E+07     0.98614      0.00019729    3.07E+07     0.00019729    4.07E+07     1.8871E+05    
   3.08E+07     0.98614      0.00019645    3.08E+07     0.00019645    4.08E+07     1.8767E+05    
   3.09E+07     0.98614      0.00019551    3.09E+07     0.00019551    4.09E+07     1.8714E+05    
   3.1E+07      0.98611      0.00019606    3.1E+07      0.00019606    4.1E+07      1.8769E+05    
   3.11E+07     0.98612      0.00019546    3.11E+07     0.00019546    4.11E+07     1.8843E+05    
   3.12E+07     0.98612      0.00019456    3.12E+07     0.00019456    4.12E+07     1.8901E+05    
   3.13E+07     0.98611      0.00019419    3.13E+07     0.00019419    4.13E+07     1.8974E+05    
   3.14E+07     0.98609      0.00019445    3.14E+07     0.00019445    4.14E+07     1.9005E+05    
   3.15E+07     0.98612      0.00019611    3.15E+07     0.00019611    4.15E+07     1.9076E+05    
   3.16E+07     0.98611      0.00019552    3.16E+07     0.00019552    4.16E+07     1.9085E+05    
   3.17E+07     0.98612      0.00019488    3.17E+07     0.00019488    4.17E+07     1.9069E+05    
   3.18E+07     0.9861       0.00019498    3.18E+07     0.00019498    4.18E+07     1.9143E+05    
   3.19E+07     0.98611      0.0001945     3.19E+07     0.0001945     4.19E+07     1.9134E+05    
   3.2E+07      0.98611      0.00019362    3.2E+07      0.00019362    4.2E+07      1.9192E+05    
   3.21E+07     0.98611      0.00019276    3.21E+07     0.00019276    4.21E+07     1.9239E+05    
   3.22E+07     0.98612      0.00019205    3.22E+07     0.00019205    4.22E+07     1.9284E+05    
   3.23E+07     0.98612      0.00019132    3.23E+07     0.00019132    4.23E+07     1.9356E+05    
   3.24E+07     0.9861       0.00019246    3.24E+07     0.00019246    4.24E+07     1.9406E+05    
   3.25E+07     0.98611      0.0001924     3.25E+07     0.0001924     4.25E+07     1.9413E+05    
   3.26E+07     0.98611      0.00019154    3.26E+07     0.00019154    4.26E+07     1.9482E+05    
   3.27E+07     0.98613      0.00019112    3.27E+07     0.00019112    4.27E+07     1.9493E+05    
   3.28E+07     0.98612      0.00019052    3.28E+07     0.00019052    4.28E+07     1.9348E+05    
   3.29E+07     0.9861       0.00019077    3.29E+07     0.00019077    4.29E+07     1.9416E+05    
   3.3E+07      0.9861       0.00018995    3.3E+07      0.00018995    4.3E+07      1.9479E+05    
   3.31E+07     0.98609      0.0001895     3.31E+07     0.0001895     4.31E+07     1.941E+05     
   3.32E+07     0.98605      0.00019131    3.32E+07     0.00019131    4.32E+07     1.948E+05     
   3.33E+07     0.98604      0.00019119    3.33E+07     0.00019119    4.33E+07     1.9486E+05    
   3.34E+07     0.98603      0.00019063    3.34E+07     0.00019063    4.34E+07     1.9535E+05    
   3.35E+07     0.98602      0.00019004    3.35E+07     0.00019004    4.35E+07     1.9606E+05    
   3.36E+07     0.98601      0.00018943    3.36E+07     0.00018943    4.36E+07     1.932E+05     
   3.37E+07     0.986        0.0001887     3.37E+07     0.0001887     4.37E+07     1.9374E+05    
   3.38E+07     0.98601      0.00018791    3.38E+07     0.00018791    4.38E+07     1.9404E+05    
   3.39E+07     0.98603      0.00018861    3.39E+07     0.00018861    4.39E+07     1.9468E+05    
   3.4E+07      0.98601      0.00018861    3.4E+07      0.00018861    4.4E+07      1.9416E+05    
   3.41E+07     0.98601      0.00018785    3.41E+07     0.00018785    4.41E+07     1.9441E+05    
   3.42E+07     0.98599      0.00018875    3.42E+07     0.00018875    4.42E+07     1.9504E+05    
   3.43E+07     0.986        0.0001881     3.43E+07     0.0001881     4.43E+07     1.9561E+05    
   3.44E+07     0.98602      0.00018886    3.44E+07     0.00018886    4.44E+07     1.9558E+05    
   3.45E+07     0.98601      0.00018851    3.45E+07     0.00018851    4.45E+07     1.9601E+05    
   3.46E+07     0.98601      0.00018779    3.46E+07     0.00018779    4.46E+07     1.9657E+05    
   3.47E+07     0.98603      0.00018766    3.47E+07     0.00018766    4.47E+07     1.9729E+05    
   3.48E+07     0.98603      0.00018694    3.48E+07     0.00018694    4.48E+07     1.9713E+05    
   3.49E+07     0.98604      0.00018631    3.49E+07     0.00018631    4.49E+07     1.9776E+05    
   3.5E+07      0.98605      0.00018579    3.5E+07      0.00018579    4.5E+07      1.9773E+05    
   3.51E+07     0.98603      0.00018618    3.51E+07     0.00018618    4.51E+07     1.9717E+05    
   3.52E+07     0.98602      0.00018558    3.52E+07     0.00018558    4.52E+07     1.9695E+05    
   3.53E+07     0.98602      0.00018484    3.53E+07     0.00018484    4.53E+07     1.9679E+05    
   3.54E+07     0.986        0.0001847     3.54E+07     0.0001847     4.54E+07     1.9747E+05    
   3.55E+07     0.98599      0.00018429    3.55E+07     0.00018429    4.55E+07     1.9817E+05    
   3.56E+07     0.98598      0.00018383    3.56E+07     0.00018383    4.56E+07     1.9876E+05    
   3.57E+07     0.986        0.00018354    3.57E+07     0.00018354    4.57E+07     1.9939E+05    
   3.58E+07     0.986        0.00018286    3.58E+07     0.00018286    4.58E+07     2.0003E+05    
   3.59E+07     0.98599      0.00018237    3.59E+07     0.00018237    4.59E+07     2.0069E+05    
   3.6E+07      0.98601      0.0001824     3.6E+07      0.0001824     4.6E+07      1.9749E+05    
   3.61E+07     0.98602      0.00018207    3.61E+07     0.00018207    4.61E+07     1.9794E+05    
   3.62E+07     0.98601      0.00018182    3.62E+07     0.00018182    4.62E+07     1.9844E+05    
   3.63E+07     0.986        0.00018114    3.63E+07     0.00018114    4.63E+07     1.9764E+05    
   3.64E+07     0.98599      0.00018078    3.64E+07     0.00018078    4.64E+07     1.983E+05     
   3.65E+07     0.986        0.00018016    3.65E+07     0.00018016    4.65E+07     1.9815E+05    
   3.66E+07     0.98601      0.00017982    3.66E+07     0.00017982    4.66E+07     1.9775E+05    
   3.67E+07     0.98602      0.00017961    3.67E+07     0.00017961    4.67E+07     1.9791E+05    
   3.68E+07     0.98601      0.00017923    3.68E+07     0.00017923    4.68E+07     1.9818E+05    
   3.69E+07     0.98601      0.00017863    3.69E+07     0.00017863    4.69E+07     1.9789E+05    
   3.7E+07      0.986        0.00017801    3.7E+07      0.00017801    4.7E+07      1.9845E+05    
   3.71E+07     0.98602      0.00017781    3.71E+07     0.00017781    4.71E+07     1.9904E+05    
   3.72E+07     0.986        0.00017788    3.72E+07     0.00017788    4.72E+07     1.9938E+05    
   3.73E+07     0.986        0.00017725    3.73E+07     0.00017725    4.73E+07     1.9817E+05    
   3.74E+07     0.98601      0.00017669    3.74E+07     0.00017669    4.74E+07     1.9873E+05    
   3.75E+07     0.98601      0.00017605    3.75E+07     0.00017605    4.75E+07     1.9902E+05    
   3.76E+07     0.98599      0.00017592    3.76E+07     0.00017592    4.76E+07     1.9921E+05    
   3.77E+07     0.986        0.00017539    3.77E+07     0.00017539    4.77E+07     1.9979E+05    
   3.78E+07     0.986        0.00017484    3.78E+07     0.00017484    4.78E+07     1.9937E+05    
   3.79E+07     0.986        0.00017444    3.79E+07     0.00017444    4.79E+07     1.9996E+05    
   3.8E+07      0.986        0.00017385    3.8E+07      0.00017385    4.8E+07      2.0058E+05    
   3.81E+07     0.98599      0.00017365    3.81E+07     0.00017365    4.81E+07     2.0091E+05    
   3.82E+07     0.98599      0.00017304    3.82E+07     0.00017304    4.82E+07     1.9818E+05    
   3.83E+07     0.98598      0.00017244    3.83E+07     0.00017244    4.83E+07     1.9801E+05    
   3.84E+07     0.98597      0.00017242    3.84E+07     0.00017242    4.84E+07     1.9794E+05    
   3.85E+07     0.98598      0.00017201    3.85E+07     0.00017201    4.85E+07     1.9858E+05    
   3.86E+07     0.98597      0.00017162    3.86E+07     0.00017162    4.86E+07     1.9875E+05    
   3.87E+07     0.98597      0.0001711     3.87E+07     0.0001711     4.87E+07     1.9866E+05    
   3.88E+07     0.98597      0.0001705     3.88E+07     0.0001705     4.88E+07     1.987E+05     
   3.89E+07     0.98598      0.00017026    3.89E+07     0.00017026    4.89E+07     1.9928E+05    
   3.9E+07      0.98596      0.00017133    3.9E+07      0.00017133    4.9E+07      1.9785E+05    
   3.91E+07     0.98596      0.00017077    3.91E+07     0.00017077    4.91E+07     1.983E+05     
   3.92E+07     0.98596      0.00017019    3.92E+07     0.00017019    4.92E+07     1.9874E+05    
   3.93E+07     0.98596      0.00016966    3.93E+07     0.00016966    4.93E+07     1.9884E+05    
   3.94E+07     0.98596      0.00016909    3.94E+07     0.00016909    4.94E+07     1.9947E+05    
   3.95E+07     0.98595      0.00016869    3.95E+07     0.00016869    4.95E+07     1.9944E+05    
   3.96E+07     0.98595      0.00016816    3.96E+07     0.00016816    4.96E+07     2.0004E+05    
   3.97E+07     0.98595      0.00016761    3.97E+07     0.00016761    4.97E+07     1.9932E+05    
   3.98E+07     0.98595      0.00016707    3.98E+07     0.00016707    4.98E+07     1.9944E+05    
   3.99E+07     0.98595      0.00016652    3.99E+07     0.00016652    4.99E+07     1.9983E+05    
   4E+07        0.98595      0.00016597    4E+07        0.00016597    5E+07        2.0025E+05    
   4.01E+07     0.98594      0.00016545    4.01E+07     0.00016545    5.01E+07     2.0052E+05    
   4.02E+07     0.98594      0.00016505    4.02E+07     0.00016505    5.02E+07     2.0093E+05    
   4.03E+07     0.98595      0.00016508    4.03E+07     0.00016508    5.03E+07     2.0095E+05    
   4.04E+07     0.98595      0.00016461    4.04E+07     0.00016461    5.04E+07     2.0137E+05    
   4.05E+07     0.98595      0.00016408    4.05E+07     0.00016408    5.05E+07     2.0182E+05    
   4.06E+07     0.98595      0.00016374    4.06E+07     0.00016374    5.06E+07     2.0241E+05    
   4.07E+07     0.98598      0.00016468    4.07E+07     0.00016468    5.07E+07     2.0279E+05    
   4.08E+07     0.98596      0.00016492    4.08E+07     0.00016492    5.08E+07     2.0321E+05    
   4.09E+07     0.98595      0.00016495    4.09E+07     0.00016495    5.09E+07     2E+05         
   4.1E+07      0.98595      0.00016451    4.1E+07      0.00016451    5.1E+07      2.0022E+05    
   4.11E+07     0.98595      0.00016398    4.11E+07     0.00016398    5.11E+07     2.0065E+05    
   4.12E+07     0.98595      0.00016352    4.12E+07     0.00016352    5.12E+07     2.0115E+05    
   4.13E+07     0.98595      0.000163      4.13E+07     0.000163      5.13E+07     2.0174E+05    
   4.14E+07     0.98596      0.00016268    4.14E+07     0.00016268    5.14E+07     2.0145E+05    
   4.15E+07     0.98595      0.00016218    4.15E+07     0.00016218    5.15E+07     2.012E+05     
   4.16E+07     0.98594      0.00016193    4.16E+07     0.00016193    5.16E+07     2.0176E+05    
   4.17E+07     0.98593      0.0001618     4.17E+07     0.0001618     5.17E+07     2.0227E+05    
   4.18E+07     0.98593      0.0001613     4.18E+07     0.0001613     5.18E+07     1.9991E+05    
   4.19E+07     0.98594      0.00016115    4.19E+07     0.00016115    5.19E+07     2.0038E+05    
   4.2E+07      0.98594      0.00016071    4.2E+07      0.00016071    5.2E+07      2.0062E+05    
   4.21E+07     0.98593      0.00016031    4.21E+07     0.00016031    5.21E+07     2.0087E+05    
   4.22E+07     0.98594      0.00015993    4.22E+07     0.00015993    5.22E+07     2.0142E+05    
   4.23E+07     0.98594      0.00015945    4.23E+07     0.00015945    5.23E+07     2.0183E+05    
   4.24E+07     0.98593      0.00015905    4.24E+07     0.00015905    5.24E+07     2.0232E+05    
   4.25E+07     0.98593      0.00015882    4.25E+07     0.00015882    5.25E+07     2.0288E+05    
   4.26E+07     0.98593      0.00015835    4.26E+07     0.00015835    5.26E+07     2.0334E+05    
   4.27E+07     0.98594      0.00015813    4.27E+07     0.00015813    5.27E+07     2.0361E+05    
   4.28E+07     0.98592      0.00015853    4.28E+07     0.00015853    5.28E+07     2.0399E+05    
   4.29E+07     0.98592      0.00015805    4.29E+07     0.00015805    5.29E+07     2.0429E+05    
   4.3E+07      0.98592      0.00015761    4.3E+07      0.00015761    5.3E+07      2.0403E+05    
   4.31E+07     0.9859       0.00015772    4.31E+07     0.00015772    5.31E+07     2.0423E+05    
   4.32E+07     0.98591      0.00015726    4.32E+07     0.00015726    5.32E+07     2.0475E+05    
   4.33E+07     0.98591      0.00015705    4.33E+07     0.00015705    5.33E+07     2.0277E+05    
   4.34E+07     0.98592      0.00015668    4.34E+07     0.00015668    5.34E+07     2.0325E+05    
   4.35E+07     0.98592      0.00015621    4.35E+07     0.00015621    5.35E+07     2.0373E+05    
   4.36E+07     0.9859       0.0001572     4.36E+07     0.0001572     5.36E+07     2.0417E+05    
   4.37E+07     0.9859       0.00015677    4.37E+07     0.00015677    5.37E+07     2.0474E+05    
   4.38E+07     0.9859       0.00015647    4.38E+07     0.00015647    5.38E+07     2.0465E+05    
   4.39E+07     0.9859       0.00015603    4.39E+07     0.00015603    5.39E+07     2.0516E+05    
   4.4E+07      0.98591      0.00015607    4.4E+07      0.00015607    5.4E+07      2.0568E+05    
   4.41E+07     0.9859       0.00015577    4.41E+07     0.00015577    5.41E+07     2.0555E+05    
   4.42E+07     0.9859       0.00015535    4.42E+07     0.00015535    5.42E+07     2.0612E+05    
   4.43E+07     0.9859       0.00015495    4.43E+07     0.00015495    5.43E+07     2.0665E+05    
   4.44E+07     0.98589      0.00015479    4.44E+07     0.00015479    5.44E+07     2.071E+05     
   4.45E+07     0.9859       0.00015442    4.45E+07     0.00015442    5.45E+07     2.0727E+05    
   4.46E+07     0.9859       0.00015403    4.46E+07     0.00015403    5.46E+07     2.0769E+05    
   4.47E+07     0.9859       0.00015359    4.47E+07     0.00015359    5.47E+07     2.0769E+05    
   4.48E+07     0.98591      0.00015347    4.48E+07     0.00015347    5.48E+07     2.0803E+05    
   4.49E+07     0.98591      0.00015304    4.49E+07     0.00015304    5.49E+07     2.0852E+05    
   4.5E+07      0.9859       0.00015289    4.5E+07      0.00015289    5.5E+07      2.0862E+05    
   4.51E+07     0.98589      0.00015295    4.51E+07     0.00015295    5.51E+07     2.0916E+05    
   4.52E+07     0.9859       0.00015285    4.52E+07     0.00015285    5.52E+07     2.0932E+05    
   4.53E+07     0.98591      0.00015275    4.53E+07     0.00015275    5.53E+07     2.0988E+05    
   4.54E+07     0.9859       0.00015232    4.54E+07     0.00015232    5.54E+07     2.1041E+05    
   4.55E+07     0.9859       0.00015189    4.55E+07     0.00015189    5.55E+07     2.1097E+05    
   4.56E+07     0.98591      0.0001515     4.56E+07     0.0001515     5.56E+07     2.114E+05     
   4.57E+07     0.98591      0.00015111    4.57E+07     0.00015111    5.57E+07     2.1187E+05    
   4.58E+07     0.98591      0.00015069    4.58E+07     0.00015069    5.58E+07     2.1195E+05    
   4.59E+07     0.9859       0.00015029    4.59E+07     0.00015029    5.59E+07     2.1245E+05    
   4.6E+07      0.98593      0.00015134    4.6E+07      0.00015134    5.6E+07      2.1164E+05    
   4.61E+07     0.98592      0.000151      4.61E+07     0.000151      5.61E+07     2.1217E+05    
   4.62E+07     0.98593      0.00015064    4.62E+07     0.00015064    5.62E+07     2.1183E+05    
   4.63E+07     0.98594      0.00015079    4.63E+07     0.00015079    5.63E+07     2.1207E+05    
   4.64E+07     0.98594      0.00015038    4.64E+07     0.00015038    5.64E+07     2.1228E+05    
   4.65E+07     0.98595      0.00015027    4.65E+07     0.00015027    5.65E+07     2.1271E+05    
   4.66E+07     0.98594      0.00015025    4.66E+07     0.00015025    5.66E+07     2.1324E+05    
   4.67E+07     0.98593      0.00015002    4.67E+07     0.00015002    5.67E+07     2.1366E+05    
   4.68E+07     0.98594      0.00014977    4.68E+07     0.00014977    5.68E+07     2.1296E+05    
   4.69E+07     0.98595      0.00014973    4.69E+07     0.00014973    5.69E+07     2.132E+05     
   4.7E+07      0.98595      0.00014933    4.7E+07      0.00014933    5.7E+07      2.1371E+05    
   4.71E+07     0.98595      0.00014895    4.71E+07     0.00014895    5.71E+07     2.1405E+05    
   4.72E+07     0.98595      0.00014867    4.72E+07     0.00014867    5.72E+07     2.1452E+05    
   4.73E+07     0.98594      0.00014896    4.73E+07     0.00014896    5.73E+07     2.15E+05      
   4.74E+07     0.98594      0.00014857    4.74E+07     0.00014857    5.74E+07     2.1402E+05    
   4.75E+07     0.98593      0.00014831    4.75E+07     0.00014831    5.75E+07     2.1429E+05    
   4.76E+07     0.98594      0.00014807    4.76E+07     0.00014807    5.76E+07     2.1478E+05    
   4.77E+07     0.98593      0.00014771    4.77E+07     0.00014771    5.77E+07     2.1528E+05    
   4.78E+07     0.98592      0.00014769    4.78E+07     0.00014769    5.78E+07     2.1448E+05    
   4.79E+07     0.98593      0.00014732    4.79E+07     0.00014732    5.79E+07     2.1401E+05    
   4.8E+07      0.98593      0.00014694    4.8E+07      0.00014694    5.8E+07      2.1429E+05    
   4.81E+07     0.98593      0.00014667    4.81E+07     0.00014667    5.81E+07     2.1452E+05    
   4.82E+07     0.98595      0.00014751    4.82E+07     0.00014751    5.82E+07     2.1468E+05    
   4.83E+07     0.98594      0.00014742    4.83E+07     0.00014742    5.83E+07     2.1477E+05    
   4.84E+07     0.98593      0.0001473     4.84E+07     0.0001473     5.84E+07     2.1518E+05    
   4.85E+07     0.98593      0.00014691    4.85E+07     0.00014691    5.85E+07     2.1472E+05    
   4.86E+07     0.98594      0.00014668    4.86E+07     0.00014668    5.86E+07     2.1519E+05    
   4.87E+07     0.98595      0.00014656    4.87E+07     0.00014656    5.87E+07     2.1517E+05    
   4.88E+07     0.98594      0.00014641    4.88E+07     0.00014641    5.88E+07     2.1388E+05    
   4.89E+07     0.98594      0.00014605    4.89E+07     0.00014605    5.89E+07     2.1434E+05    
   4.9E+07      0.98596      0.00014643    4.9E+07      0.00014643    5.9E+07      2.1452E+05    
   4.91E+07     0.98595      0.0001461     4.91E+07     0.0001461     5.91E+07     2.1491E+05    
   4.92E+07     0.98595      0.00014579    4.92E+07     0.00014579    5.92E+07     2.1431E+05    
   4.93E+07     0.98596      0.00014561    4.93E+07     0.00014561    5.93E+07     2.1466E+05    
   4.94E+07     0.98596      0.00014524    4.94E+07     0.00014524    5.94E+07     2.1516E+05    
   4.95E+07     0.98595      0.00014509    4.95E+07     0.00014509    5.95E+07     2.1563E+05    
   4.96E+07     0.98595      0.00014473    4.96E+07     0.00014473    5.96E+07     2.1614E+05    
   4.97E+07     0.98596      0.00014484    4.97E+07     0.00014484    5.97E+07     2.1598E+05    
   4.98E+07     0.98597      0.00014466    4.98E+07     0.00014466    5.98E+07     2.1645E+05    
   4.99E+07     0.98597      0.00014435    4.99E+07     0.00014435    5.99E+07     2.1626E+05    
   5E+07        0.98597      0.00014407    5E+07        0.00014407    6E+07        2.1639E+05    
   5.01E+07     0.98597      0.00014383    5.01E+07     0.00014383    6.01E+07     2.1666E+05    
   5.02E+07     0.98597      0.00014354    5.02E+07     0.00014354    6.02E+07     2.1674E+05    
   5.03E+07     0.98597      0.00014339    5.03E+07     0.00014339    6.03E+07     2.1723E+05    
   5.04E+07     0.98597      0.00014309    5.04E+07     0.00014309    6.04E+07     2.1766E+05    
   5.05E+07     0.98597      0.0001428     5.05E+07     0.0001428     6.05E+07     2.1723E+05    
   5.06E+07     0.98597      0.00014245    5.06E+07     0.00014245    6.06E+07     2.1504E+05    
   5.07E+07     0.98597      0.00014216    5.07E+07     0.00014216    6.07E+07     2.1475E+05    
   5.08E+07     0.98597      0.00014187    5.08E+07     0.00014187    6.08E+07     2.1522E+05    
   5.09E+07     0.98598      0.00014286    5.09E+07     0.00014286    6.09E+07     2.1529E+05    
   5.1E+07      0.98598      0.00014265    5.1E+07      0.00014265    6.1E+07      2.1542E+05    
   5.11E+07     0.98598      0.00014234    5.11E+07     0.00014234    6.11E+07     2.1575E+05    
   5.12E+07     0.98597      0.00014202    5.12E+07     0.00014202    6.12E+07     2.1621E+05    
   5.13E+07     0.98597      0.00014168    5.13E+07     0.00014168    6.13E+07     2.1512E+05    
   5.14E+07     0.98596      0.00014165    5.14E+07     0.00014165    6.14E+07     2.1556E+05    
   5.15E+07     0.98595      0.00014159    5.15E+07     0.00014159    6.15E+07     2.1606E+05    
   5.16E+07     0.98595      0.00014126    5.16E+07     0.00014126    6.16E+07     2.1616E+05    
   5.17E+07     0.98595      0.00014095    5.17E+07     0.00014095    6.17E+07     2.1649E+05    
   5.18E+07     0.98594      0.00014165    5.18E+07     0.00014165    6.18E+07     2.1695E+05    
   5.19E+07     0.98593      0.00014134    5.19E+07     0.00014134    6.19E+07     2.1739E+05    
   5.2E+07      0.98593      0.00014113    5.2E+07      0.00014113    6.2E+07      2.1789E+05    
   5.21E+07     0.98592      0.0001409     5.21E+07     0.0001409     6.21E+07     2.1829E+05    
   5.22E+07     0.98592      0.00014058    5.22E+07     0.00014058    6.22E+07     2.1859E+05    
   5.23E+07     0.98592      0.0001403     5.23E+07     0.0001403     6.23E+07     2.1897E+05    
   5.24E+07     0.98592      0.00013999    5.24E+07     0.00013999    6.24E+07     2.1874E+05    
   5.25E+07     0.98592      0.00013967    5.25E+07     0.00013967    6.25E+07     2.1893E+05    
   5.26E+07     0.98592      0.00013938    5.26E+07     0.00013938    6.26E+07     2.1943E+05    
   5.27E+07     0.98593      0.00013916    5.27E+07     0.00013916    6.27E+07     2.1945E+05    
   5.28E+07     0.98593      0.00013888    5.28E+07     0.00013888    6.28E+07     2.1969E+05    
   5.29E+07     0.98592      0.00013865    5.29E+07     0.00013865    6.29E+07     2.1989E+05    
   5.3E+07      0.98593      0.00013861    5.3E+07      0.00013861    6.3E+07      2.2033E+05    
   5.31E+07     0.98593      0.00013841    5.31E+07     0.00013841    6.31E+07     2.2078E+05    
   5.32E+07     0.98593      0.00013809    5.32E+07     0.00013809    6.32E+07     2.2125E+05    
   5.33E+07     0.98594      0.00013864    5.33E+07     0.00013864    6.33E+07     2.2007E+05    
   5.34E+07     0.98595      0.00013834    5.34E+07     0.00013834    6.34E+07     2.2048E+05    
   5.35E+07     0.98595      0.00013806    5.35E+07     0.00013806    6.35E+07     2.2066E+05    
   5.36E+07     0.98595      0.00013777    5.36E+07     0.00013777    6.36E+07     2.2088E+05    
   5.37E+07     0.98595      0.00013745    5.37E+07     0.00013745    6.37E+07     2.2118E+05    
   5.38E+07     0.98596      0.00013735    5.38E+07     0.00013735    6.38E+07     2.2165E+05    
   5.39E+07     0.98596      0.00013706    5.39E+07     0.00013706    6.39E+07     2.2181E+05    
   5.4E+07      0.98596      0.00013675    5.4E+07      0.00013675    6.4E+07      2.2223E+05    
   5.41E+07     0.98597      0.00013667    5.41E+07     0.00013667    6.41E+07     2.227E+05     
   5.42E+07     0.98597      0.00013636    5.42E+07     0.00013636    6.42E+07     2.2317E+05    
   5.43E+07     0.98597      0.00013606    5.43E+07     0.00013606    6.43E+07     2.2348E+05    
   5.44E+07     0.98597      0.00013578    5.44E+07     0.00013578    6.44E+07     2.2381E+05    
   5.45E+07     0.98596      0.00013561    5.45E+07     0.00013561    6.45E+07     2.2429E+05    
   5.46E+07     0.98596      0.00013535    5.46E+07     0.00013535    6.46E+07     2.2473E+05    
   5.47E+07     0.98597      0.00013522    5.47E+07     0.00013522    6.47E+07     2.2516E+05    
   5.48E+07     0.98597      0.00013497    5.48E+07     0.00013497    6.48E+07     2.2564E+05    
   5.49E+07     0.98597      0.00013469    5.49E+07     0.00013469    6.49E+07     2.2369E+05    
   5.5E+07      0.98596      0.00013454    5.5E+07      0.00013454    6.5E+07      2.2407E+05    
   5.51E+07     0.98596      0.00013425    5.51E+07     0.00013425    6.51E+07     2.2443E+05    
   5.52E+07     0.98596      0.00013406    5.52E+07     0.00013406    6.52E+07     2.2464E+05    
   5.53E+07     0.98596      0.00013376    5.53E+07     0.00013376    6.53E+07     2.2511E+05    
   5.54E+07     0.98596      0.00013347    5.54E+07     0.00013347    6.54E+07     2.2559E+05    
   5.55E+07     0.98596      0.00013318    5.55E+07     0.00013318    6.55E+07     2.2598E+05    
   5.56E+07     0.98595      0.00013291    5.56E+07     0.00013291    6.56E+07     2.2522E+05    
   5.57E+07     0.98596      0.00013264    5.57E+07     0.00013264    6.57E+07     2.2568E+05    
   5.58E+07     0.98595      0.0001325     5.58E+07     0.0001325     6.58E+07     2.261E+05     
   5.59E+07     0.98595      0.00013223    5.59E+07     0.00013223    6.59E+07     2.2617E+05    
   5.6E+07      0.98594      0.00013236    5.6E+07      0.00013236    6.6E+07      2.2663E+05    
   5.61E+07     0.98594      0.00013207    5.61E+07     0.00013207    6.61E+07     2.271E+05     
   5.62E+07     0.98593      0.00013206    5.62E+07     0.00013206    6.62E+07     2.2747E+05    
   5.63E+07     0.98593      0.00013187    5.63E+07     0.00013187    6.63E+07     2.2793E+05    
   5.64E+07     0.98593      0.00013169    5.64E+07     0.00013169    6.64E+07     2.2791E+05    
   5.65E+07     0.98594      0.00013144    5.65E+07     0.00013144    6.65E+07     2.2783E+05    
   5.66E+07     0.98594      0.00013117    5.66E+07     0.00013117    6.66E+07     2.2787E+05    
   5.67E+07     0.98593      0.00013092    5.67E+07     0.00013092    6.67E+07     2.2835E+05    
   5.68E+07     0.98594      0.00013102    5.68E+07     0.00013102    6.68E+07     2.2877E+05    
   5.69E+07     0.98595      0.00013082    5.69E+07     0.00013082    6.69E+07     2.2891E+05    
   5.7E+07      0.98595      0.00013055    5.7E+07      0.00013055    6.7E+07      2.2929E+05    
   5.71E+07     0.98595      0.00013033    5.71E+07     0.00013033    6.71E+07     2.2963E+05    
   5.72E+07     0.98595      0.00013008    5.72E+07     0.00013008    6.72E+07     2.2987E+05    
   5.73E+07     0.98595      0.00012981    5.73E+07     0.00012981    6.73E+07     2.2778E+05    
   5.74E+07     0.98594      0.00013       5.74E+07     0.00013       6.74E+07     2.2602E+05    
   5.75E+07     0.98593      0.0001298     5.75E+07     0.0001298     6.75E+07     2.2645E+05    
   5.76E+07     0.98593      0.00012954    5.76E+07     0.00012954    6.76E+07     2.2657E+05    
   5.77E+07     0.98593      0.00012927    5.77E+07     0.00012927    6.77E+07     2.2697E+05    
   5.78E+07     0.98594      0.0001294     5.78E+07     0.0001294     6.78E+07     2.2734E+05    
   5.79E+07     0.98595      0.00012944    5.79E+07     0.00012944    6.79E+07     2.2778E+05    
   5.8E+07      0.98596      0.00012924    5.8E+07      0.00012924    6.8E+07      2.268E+05     
   5.81E+07     0.98596      0.00012905    5.81E+07     0.00012905    6.81E+07     2.2605E+05    
   5.82E+07     0.98596      0.0001289     5.82E+07     0.0001289     6.82E+07     2.2626E+05    
   5.83E+07     0.98596      0.00012877    5.83E+07     0.00012877    6.83E+07     2.267E+05     
   5.84E+07     0.98596      0.00012853    5.84E+07     0.00012853    6.84E+07     2.271E+05     
   5.85E+07     0.98595      0.00012856    5.85E+07     0.00012856    6.85E+07     2.275E+05     
   5.86E+07     0.98595      0.0001283     5.86E+07     0.0001283     6.86E+07     2.2788E+05    
   5.87E+07     0.98595      0.0001282     5.87E+07     0.0001282     6.87E+07     2.2719E+05    
   5.88E+07     0.98596      0.00012848    5.88E+07     0.00012848    6.88E+07     2.276E+05     
   5.89E+07     0.98596      0.00012823    5.89E+07     0.00012823    6.89E+07     2.2695E+05    
   5.9E+07      0.98596      0.00012806    5.9E+07      0.00012806    6.9E+07      2.2738E+05    
   5.91E+07     0.98597      0.00012784    5.91E+07     0.00012784    6.91E+07     2.2757E+05    
   5.92E+07     0.98596      0.00012791    5.92E+07     0.00012791    6.92E+07     2.2753E+05    
   5.93E+07     0.98596      0.0001277     5.93E+07     0.0001277     6.93E+07     2.2728E+05    
   5.94E+07     0.98596      0.00012744    5.94E+07     0.00012744    6.94E+07     2.277E+05     
   5.95E+07     0.98596      0.0001272     5.95E+07     0.0001272     6.95E+07     2.2815E+05    
   5.96E+07     0.98596      0.00012695    5.96E+07     0.00012695    6.96E+07     2.2852E+05    
   5.97E+07     0.98596      0.00012688    5.97E+07     0.00012688    6.97E+07     2.289E+05     
   5.98E+07     0.98595      0.00012664    5.98E+07     0.00012664    6.98E+07     2.2852E+05    
   5.99E+07     0.98595      0.00012658    5.99E+07     0.00012658    6.99E+07     2.2894E+05    
   6E+07        0.98594      0.00012644    6E+07        0.00012644    7E+07        2.2924E+05    
   6.01E+07     0.98595      0.00012626    6.01E+07     0.00012626    7.01E+07     2.2727E+05    
   6.02E+07     0.98595      0.00012613    6.02E+07     0.00012613    7.02E+07     2.2769E+05    
   6.03E+07     0.98595      0.00012588    6.03E+07     0.00012588    7.03E+07     2.2718E+05    
   6.04E+07     0.98595      0.00012565    6.04E+07     0.00012565    7.04E+07     2.2752E+05    
   6.05E+07     0.98596      0.00012568    6.05E+07     0.00012568    7.05E+07     2.2788E+05    
   6.06E+07     0.98594      0.0001262     6.06E+07     0.0001262     7.06E+07     2.277E+05     
   6.07E+07     0.98593      0.00012618    6.07E+07     0.00012618    7.07E+07     2.2781E+05    
   6.08E+07     0.98594      0.00012594    6.08E+07     0.00012594    7.08E+07     2.275E+05     
   6.09E+07     0.98594      0.00012582    6.09E+07     0.00012582    7.09E+07     2.2781E+05    
   6.1E+07      0.98595      0.00012567    6.1E+07      0.00012567    7.1E+07      2.2783E+05    
   6.11E+07     0.98595      0.00012547    6.11E+07     0.00012547    7.11E+07     2.2779E+05    
   6.12E+07     0.98595      0.00012524    6.12E+07     0.00012524    7.12E+07     2.2757E+05    
   6.13E+07     0.98596      0.00012546    6.13E+07     0.00012546    7.13E+07     2.2781E+05    
   6.14E+07     0.98596      0.00012521    6.14E+07     0.00012521    7.14E+07     2.2674E+05    
   6.15E+07     0.98596      0.00012497    6.15E+07     0.00012497    7.15E+07     2.2715E+05    
   6.16E+07     0.98595      0.00012484    6.16E+07     0.00012484    7.16E+07     2.275E+05     
   6.17E+07     0.98596      0.00012465    6.17E+07     0.00012465    7.17E+07     2.2773E+05    
   6.18E+07     0.98596      0.00012441    6.18E+07     0.00012441    7.18E+07     2.281E+05     
   6.19E+07     0.98595      0.00012418    6.19E+07     0.00012418    7.19E+07     2.285E+05     
   6.2E+07      0.98595      0.00012394    6.2E+07      0.00012394    7.2E+07      2.2843E+05    
   6.21E+07     0.98595      0.00012373    6.21E+07     0.00012373    7.21E+07     2.2832E+05    
   6.22E+07     0.98595      0.00012355    6.22E+07     0.00012355    7.22E+07     2.2798E+05    
   6.23E+07     0.98595      0.00012333    6.23E+07     0.00012333    7.23E+07     2.2838E+05    
   6.24E+07     0.98594      0.0001233     6.24E+07     0.0001233     7.24E+07     2.2725E+05    
   6.25E+07     0.98593      0.00012315    6.25E+07     0.00012315    7.25E+07     2.2728E+05    
   6.26E+07     0.98593      0.00012291    6.26E+07     0.00012291    7.26E+07     2.2768E+05    
   6.27E+07     0.98594      0.0001228     6.27E+07     0.0001228     7.27E+07     2.2809E+05    
   6.28E+07     0.98594      0.00012264    6.28E+07     0.00012264    7.28E+07     2.2769E+05    
   6.29E+07     0.98594      0.00012248    6.29E+07     0.00012248    7.29E+07     2.2806E+05    
   6.3E+07      0.98594      0.00012227    6.3E+07      0.00012227    7.3E+07      2.2442E+05    
   6.31E+07     0.98594      0.00012204    6.31E+07     0.00012204    7.31E+07     2.2482E+05    
   6.32E+07     0.98594      0.00012181    6.32E+07     0.00012181    7.32E+07     2.2464E+05    
   6.33E+07     0.98595      0.00012205    6.33E+07     0.00012205    7.33E+07     2.2495E+05    
   6.34E+07     0.98595      0.00012183    6.34E+07     0.00012183    7.34E+07     2.2528E+05    
   6.35E+07     0.98596      0.00012169    6.35E+07     0.00012169    7.35E+07     2.2445E+05    
   6.36E+07     0.98595      0.00012153    6.36E+07     0.00012153    7.36E+07     2.2436E+05    
   6.37E+07     0.98596      0.00012135    6.37E+07     0.00012135    7.37E+07     2.2457E+05    
   6.38E+07     0.98596      0.00012113    6.38E+07     0.00012113    7.38E+07     2.2445E+05    
   6.39E+07     0.98596      0.00012098    6.39E+07     0.00012098    7.39E+07     2.2482E+05    
   6.4E+07      0.98596      0.00012077    6.4E+07      0.00012077    7.4E+07      2.2523E+05    
   6.41E+07     0.98596      0.00012055    6.41E+07     0.00012055    7.41E+07     2.2504E+05    
   6.42E+07     0.98596      0.00012033    6.42E+07     0.00012033    7.42E+07     2.246E+05     
   6.43E+07     0.98596      0.00012015    6.43E+07     0.00012015    7.43E+07     2.2453E+05    
   6.44E+07     0.98595      0.00011997    6.44E+07     0.00011997    7.44E+07     2.2471E+05    
   6.45E+07     0.98596      0.00011976    6.45E+07     0.00011976    7.45E+07     2.2483E+05    
   6.46E+07     0.98595      0.00011955    6.46E+07     0.00011955    7.46E+07     2.2471E+05    
   6.47E+07     0.98595      0.00011933    6.47E+07     0.00011933    7.47E+07     2.2511E+05    
   6.48E+07     0.98595      0.00011912    6.48E+07     0.00011912    7.48E+07     2.255E+05     
   6.49E+07     0.98596      0.00011954    6.49E+07     0.00011954    7.49E+07     2.2569E+05    
   6.5E+07      0.98597      0.00011935    6.5E+07      0.00011935    7.5E+07      2.2598E+05    
   6.51E+07     0.98597      0.00011915    6.51E+07     0.00011915    7.51E+07     2.2598E+05    
   6.52E+07     0.98597      0.000119      6.52E+07     0.000119      7.52E+07     2.2635E+05    
   6.53E+07     0.98597      0.00011879    6.53E+07     0.00011879    7.53E+07     2.2645E+05    
   6.54E+07     0.98597      0.00011857    6.54E+07     0.00011857    7.54E+07     2.2566E+05    
   6.55E+07     0.98597      0.00011837    6.55E+07     0.00011837    7.55E+07     2.2601E+05    
   6.56E+07     0.98598      0.00011848    6.56E+07     0.00011848    7.56E+07     2.263E+05     
   6.57E+07     0.98598      0.00011827    6.57E+07     0.00011827    7.57E+07     2.2669E+05    
   6.58E+07     0.98598      0.00011807    6.58E+07     0.00011807    7.58E+07     2.2703E+05    
   6.59E+07     0.98599      0.00011795    6.59E+07     0.00011795    7.59E+07     2.2743E+05    
   6.6E+07      0.98598      0.00011774    6.6E+07      0.00011774    7.6E+07      2.2783E+05    
   6.61E+07     0.98598      0.00011753    6.61E+07     0.00011753    7.61E+07     2.2815E+05    
   6.62E+07     0.98599      0.00011735    6.62E+07     0.00011735    7.62E+07     2.2783E+05    
   6.63E+07     0.98599      0.00011715    6.63E+07     0.00011715    7.63E+07     2.2805E+05    
   6.64E+07     0.98598      0.00011705    6.64E+07     0.00011705    7.64E+07     2.2843E+05    
   6.65E+07     0.98598      0.00011699    6.65E+07     0.00011699    7.65E+07     2.2803E+05    
   6.66E+07     0.98598      0.00011689    6.66E+07     0.00011689    7.66E+07     2.2799E+05    
   6.67E+07     0.98598      0.00011668    6.67E+07     0.00011668    7.67E+07     2.2775E+05    
   6.68E+07     0.98598      0.00011648    6.68E+07     0.00011648    7.68E+07     2.28E+05      
   6.69E+07     0.98598      0.00011636    6.69E+07     0.00011636    7.69E+07     2.2827E+05    
   6.7E+07      0.98598      0.00011618    6.7E+07      0.00011618    7.7E+07      2.2861E+05    
   6.71E+07     0.98598      0.00011601    6.71E+07     0.00011601    7.71E+07     2.2891E+05    
   6.72E+07     0.98598      0.00011585    6.72E+07     0.00011585    7.72E+07     2.2896E+05    
   6.73E+07     0.98597      0.0001163     6.73E+07     0.0001163     7.73E+07     2.2913E+05    
   6.74E+07     0.98596      0.00011667    6.74E+07     0.00011667    7.74E+07     2.2917E+05    
   6.75E+07     0.98595      0.00011647    6.75E+07     0.00011647    7.75E+07     2.281E+05     
   6.76E+07     0.98596      0.00011635    6.76E+07     0.00011635    7.76E+07     2.2847E+05    
   6.77E+07     0.98596      0.00011616    6.77E+07     0.00011616    7.77E+07     2.2887E+05    
   6.78E+07     0.98596      0.00011598    6.78E+07     0.00011598    7.78E+07     2.2839E+05    
   6.79E+07     0.98596      0.00011578    6.79E+07     0.00011578    7.79E+07     2.2831E+05    
   6.8E+07      0.98597      0.00011593    6.8E+07      0.00011593    7.8E+07      2.2839E+05    
   6.81E+07     0.98596      0.00011604    6.81E+07     0.00011604    7.81E+07     2.2875E+05    
   6.82E+07     0.98596      0.0001159     6.82E+07     0.0001159     7.82E+07     2.2899E+05    
   6.83E+07     0.98596      0.0001157     6.83E+07     0.0001157     7.83E+07     2.2874E+05    
   6.84E+07     0.98596      0.00011551    6.84E+07     0.00011551    7.84E+07     2.2902E+05    
   6.85E+07     0.98596      0.00011533    6.85E+07     0.00011533    7.85E+07     2.2927E+05    
   6.86E+07     0.98596      0.00011515    6.86E+07     0.00011515    7.86E+07     2.2948E+05    
   6.87E+07     0.98595      0.00011524    6.87E+07     0.00011524    7.87E+07     2.296E+05     
   6.88E+07     0.98595      0.00011504    6.88E+07     0.00011504    7.88E+07     2.2874E+05    
   6.89E+07     0.98596      0.00011513    6.89E+07     0.00011513    7.89E+07     2.2912E+05    
   6.9E+07      0.98596      0.00011494    6.9E+07      0.00011494    7.9E+07      2.2938E+05    
   6.91E+07     0.98596      0.00011481    6.91E+07     0.00011481    7.91E+07     2.2969E+05    
   6.92E+07     0.98597      0.00011472    6.92E+07     0.00011472    7.92E+07     2.296E+05     
   6.93E+07     0.98596      0.00011471    6.93E+07     0.00011471    7.93E+07     2.2967E+05    
   6.94E+07     0.98596      0.00011452    6.94E+07     0.00011452    7.94E+07     2.2887E+05    
   6.95E+07     0.98596      0.00011433    6.95E+07     0.00011433    7.95E+07     2.286E+05     
   6.96E+07     0.98596      0.00011414    6.96E+07     0.00011414    7.96E+07     2.2876E+05    
   6.97E+07     0.98596      0.00011397    6.97E+07     0.00011397    7.97E+07     2.2894E+05    
   6.98E+07     0.98597      0.00011398    6.98E+07     0.00011398    7.98E+07     2.2932E+05    
   6.99E+07     0.98597      0.0001138     6.99E+07     0.0001138     7.99E+07     2.2853E+05    
   7E+07        0.98597      0.00011363    7E+07        0.00011363    8E+07        2.289E+05     
   7.01E+07     0.98596      0.00011405    7.01E+07     0.00011405    8.01E+07     2.2918E+05    
   7.02E+07     0.98596      0.00011386    7.02E+07     0.00011386    8.02E+07     2.2935E+05    
   7.03E+07     0.98596      0.00011391    7.03E+07     0.00011391    8.03E+07     2.296E+05     
   7.04E+07     0.98596      0.00011375    7.04E+07     0.00011375    8.04E+07     2.2996E+05    
   7.05E+07     0.98596      0.00011357    7.05E+07     0.00011357    8.05E+07     2.3031E+05    
   7.06E+07     0.98596      0.00011353    7.06E+07     0.00011353    8.06E+07     2.3033E+05    
   7.07E+07     0.98596      0.00011342    7.07E+07     0.00011342    8.07E+07     2.3059E+05    
   7.08E+07     0.98595      0.00011343    7.08E+07     0.00011343    8.08E+07     2.3082E+05    
   7.09E+07     0.98596      0.00011326    7.09E+07     0.00011326    8.09E+07     2.3107E+05    
   7.1E+07      0.98595      0.00011318    7.1E+07      0.00011318    8.1E+07      2.3137E+05    
   7.11E+07     0.98595      0.00011311    7.11E+07     0.00011311    8.11E+07     2.3169E+05    
   7.12E+07     0.98594      0.00011308    7.12E+07     0.00011308    8.12E+07     2.3124E+05    
   7.13E+07     0.98594      0.00011293    7.13E+07     0.00011293    8.13E+07     2.3128E+05    
   7.14E+07     0.98593      0.00011312    7.14E+07     0.00011312    8.14E+07     2.301E+05     
   7.15E+07     0.98593      0.00011294    7.15E+07     0.00011294    8.15E+07     2.3044E+05    
   7.16E+07     0.98593      0.00011278    7.16E+07     0.00011278    8.16E+07     2.3044E+05    
   7.17E+07     0.98593      0.00011263    7.17E+07     0.00011263    8.17E+07     2.2942E+05    
   7.18E+07     0.98594      0.00011247    7.18E+07     0.00011247    8.18E+07     2.2795E+05    
   7.19E+07     0.98594      0.00011229    7.19E+07     0.00011229    8.19E+07     2.2757E+05    
   7.2E+07      0.98593      0.00011223    7.2E+07      0.00011223    8.2E+07      2.2788E+05    
   7.21E+07     0.98592      0.00011218    7.21E+07     0.00011218    8.21E+07     2.2776E+05    
   7.22E+07     0.98592      0.00011218    7.22E+07     0.00011218    8.22E+07     2.2776E+05    
   7.23E+07     0.98592      0.00011201    7.23E+07     0.00011201    8.23E+07     2.2777E+05    
   7.24E+07     0.98591      0.00011221    7.24E+07     0.00011221    8.24E+07     2.2812E+05    
   7.25E+07     0.98591      0.00011212    7.25E+07     0.00011212    8.25E+07     2.2839E+05    
   7.26E+07     0.98592      0.00011195    7.26E+07     0.00011195    8.26E+07     2.2872E+05    
   7.27E+07     0.98592      0.00011177    7.27E+07     0.00011177    8.27E+07     2.2882E+05    
   7.28E+07     0.98592      0.00011179    7.28E+07     0.00011179    8.28E+07     2.2914E+05    
   7.29E+07     0.98592      0.00011162    7.29E+07     0.00011162    8.29E+07     2.2928E+05    
   7.3E+07      0.98591      0.00011244    7.3E+07      0.00011244    8.3E+07      2.296E+05     
   7.31E+07     0.98591      0.00011227    7.31E+07     0.00011227    8.31E+07     2.2973E+05    
   7.32E+07     0.9859       0.00011224    7.32E+07     0.00011224    8.32E+07     2.2985E+05    
   7.33E+07     0.9859       0.00011207    7.33E+07     0.00011207    8.33E+07     2.2948E+05    
   7.34E+07     0.9859       0.00011192    7.34E+07     0.00011192    8.34E+07     2.2825E+05    
   7.35E+07     0.98589      0.00011205    7.35E+07     0.00011205    8.35E+07     2.2616E+05    
   7.36E+07     0.98588      0.000112      7.36E+07     0.000112      8.36E+07     2.2645E+05    
   7.37E+07     0.98588      0.00011186    7.37E+07     0.00011186    8.37E+07     2.2679E+05    
   7.38E+07     0.98589      0.00011182    7.38E+07     0.00011182    8.38E+07     2.2693E+05    
   7.39E+07     0.98589      0.00011165    7.39E+07     0.00011165    8.39E+07     2.272E+05     
   7.4E+07      0.98589      0.00011148    7.4E+07      0.00011148    8.4E+07      2.2705E+05    
   7.41E+07     0.98589      0.00011144    7.41E+07     0.00011144    8.41E+07     2.2722E+05    
   7.42E+07     0.98589      0.00011148    7.42E+07     0.00011148    8.42E+07     2.2645E+05    
   7.43E+07     0.98589      0.00011142    7.43E+07     0.00011142    8.43E+07     2.2664E+05    
   7.44E+07     0.98589      0.0001113     7.44E+07     0.0001113     8.44E+07     2.2649E+05    
   7.45E+07     0.98589      0.0001112     7.45E+07     0.0001112     8.45E+07     2.2658E+05    
   7.46E+07     0.98588      0.00011115    7.46E+07     0.00011115    8.46E+07     2.2689E+05    
   7.47E+07     0.98588      0.00011098    7.47E+07     0.00011098    8.47E+07     2.2688E+05    
   7.48E+07     0.98588      0.00011081    7.48E+07     0.00011081    8.48E+07     2.2718E+05    
   7.49E+07     0.98589      0.00011069    7.49E+07     0.00011069    8.49E+07     2.2747E+05    
   7.5E+07      0.98589      0.00011054    7.5E+07      0.00011054    8.5E+07      2.2776E+05    
   7.51E+07     0.98589      0.00011047    7.51E+07     0.00011047    8.51E+07     2.2801E+05    
   7.52E+07     0.98589      0.00011031    7.52E+07     0.00011031    8.52E+07     2.2835E+05    
   7.53E+07     0.98588      0.00011021    7.53E+07     0.00011021    8.53E+07     2.2849E+05    
   7.54E+07     0.98587      0.00011032    7.54E+07     0.00011032    8.54E+07     2.2883E+05    
   7.55E+07     0.98587      0.00011016    7.55E+07     0.00011016    8.55E+07     2.2915E+05    
   7.56E+07     0.98588      0.00011002    7.56E+07     0.00011002    8.56E+07     2.2934E+05    
   7.57E+07     0.98588      0.00010986    7.57E+07     0.00010986    8.57E+07     2.2929E+05    
   7.58E+07     0.98588      0.00010969    7.58E+07     0.00010969    8.58E+07     2.2962E+05    
   7.59E+07     0.98588      0.00010953    7.59E+07     0.00010953    8.59E+07     2.2994E+05    
   7.6E+07      0.98587      0.00010936    7.6E+07      0.00010936    8.6E+07      2.2995E+05    
   7.61E+07     0.98588      0.00010921    7.61E+07     0.00010921    8.61E+07     2.3025E+05    
   7.62E+07     0.98588      0.00010921    7.62E+07     0.00010921    8.62E+07     2.3058E+05    
   7.63E+07     0.98588      0.00010909    7.63E+07     0.00010909    8.63E+07     2.3093E+05    
   7.64E+07     0.98588      0.00010893    7.64E+07     0.00010893    8.64E+07     2.3112E+05    
   7.65E+07     0.98587      0.00010895    7.65E+07     0.00010895    8.65E+07     2.3077E+05    
   7.66E+07     0.98587      0.00010888    7.66E+07     0.00010888    8.66E+07     2.311E+05     
   7.67E+07     0.98586      0.00010887    7.67E+07     0.00010887    8.67E+07     2.3144E+05    
   7.68E+07     0.98587      0.00010874    7.68E+07     0.00010874    8.68E+07     2.3161E+05    
   7.69E+07     0.98586      0.00010861    7.69E+07     0.00010861    8.69E+07     2.3188E+05    
   7.7E+07      0.98586      0.00010845    7.7E+07      0.00010845    8.7E+07      2.2987E+05    
   7.71E+07     0.98586      0.00010831    7.71E+07     0.00010831    8.71E+07     2.3017E+05    
   7.72E+07     0.98587      0.00010823    7.72E+07     0.00010823    8.72E+07     2.2979E+05    
   7.73E+07     0.98587      0.00010812    7.73E+07     0.00010812    8.73E+07     2.2991E+05    
   7.74E+07     0.98587      0.00010804    7.74E+07     0.00010804    8.74E+07     2.302E+05     
   7.75E+07     0.98586      0.00010823    7.75E+07     0.00010823    8.75E+07     2.3051E+05    
   7.76E+07     0.98587      0.00010807    7.76E+07     0.00010807    8.76E+07     2.3079E+05    
   7.77E+07     0.98587      0.00010791    7.77E+07     0.00010791    8.77E+07     2.3108E+05    
   7.78E+07     0.98587      0.00010795    7.78E+07     0.00010795    8.78E+07     2.3128E+05    
   7.79E+07     0.98587      0.0001079     7.79E+07     0.0001079     8.79E+07     2.3083E+05    
   7.8E+07      0.98587      0.00010781    7.8E+07      0.00010781    8.8E+07      2.3118E+05    
   7.81E+07     0.98587      0.00010766    7.81E+07     0.00010766    8.81E+07     2.3112E+05    
   7.82E+07     0.98587      0.00010753    7.82E+07     0.00010753    8.82E+07     2.3136E+05    
   7.83E+07     0.98586      0.00010751    7.83E+07     0.00010751    8.83E+07     2.316E+05     
   7.84E+07     0.98587      0.00010738    7.84E+07     0.00010738    8.84E+07     2.3192E+05    
   7.85E+07     0.98586      0.00010726    7.85E+07     0.00010726    8.85E+07     2.3169E+05    
   7.86E+07     0.98587      0.00010714    7.86E+07     0.00010714    8.86E+07     2.3184E+05    
   7.87E+07     0.98586      0.00010703    7.87E+07     0.00010703    8.87E+07     2.3216E+05    
   7.88E+07     0.98587      0.00010717    7.88E+07     0.00010717    8.88E+07     2.3196E+05    
   7.89E+07     0.98587      0.00010701    7.89E+07     0.00010701    8.89E+07     2.3207E+05    
   7.9E+07      0.98587      0.00010689    7.9E+07      0.00010689    8.9E+07      2.3225E+05    
   7.91E+07     0.98587      0.00010674    7.91E+07     0.00010674    8.91E+07     2.3253E+05    
   7.92E+07     0.98587      0.0001067     7.92E+07     0.0001067     8.92E+07     2.3284E+05    
   7.93E+07     0.98586      0.00010662    7.93E+07     0.00010662    8.93E+07     2.3317E+05    
   7.94E+07     0.98587      0.00010674    7.94E+07     0.00010674    8.94E+07     2.3343E+05    
   7.95E+07     0.98586      0.00010672    7.95E+07     0.00010672    8.95E+07     2.3377E+05    
   7.96E+07     0.98586      0.00010662    7.96E+07     0.00010662    8.96E+07     2.341E+05     
   7.97E+07     0.98586      0.00010651    7.97E+07     0.00010651    8.97E+07     2.3431E+05    
   7.98E+07     0.98586      0.00010636    7.98E+07     0.00010636    8.98E+07     2.3453E+05    
   7.99E+07     0.98586      0.00010647    7.99E+07     0.00010647    8.99E+07     2.3484E+05    
   8E+07        0.98586      0.00010632    8E+07        0.00010632    9E+07        2.3506E+05    
   8.01E+07     0.98586      0.00010619    8.01E+07     0.00010619    9.01E+07     2.3527E+05    
   8.02E+07     0.98586      0.00010609    8.02E+07     0.00010609    9.02E+07     2.3548E+05    
   8.03E+07     0.98586      0.00010596    8.03E+07     0.00010596    9.03E+07     2.3566E+05    
   8.04E+07     0.98586      0.00010581    8.04E+07     0.00010581    9.04E+07     2.3569E+05    
   8.05E+07     0.98586      0.00010567    8.05E+07     0.00010567    9.05E+07     2.36E+05      
   8.06E+07     0.98586      0.0001056     8.06E+07     0.0001056     9.06E+07     2.3618E+05    
   8.07E+07     0.98586      0.00010547    8.07E+07     0.00010547    9.07E+07     2.3649E+05    
   8.08E+07     0.98585      0.00010536    8.08E+07     0.00010536    9.08E+07     2.3678E+05    
   8.09E+07     0.98585      0.00010524    8.09E+07     0.00010524    9.09E+07     2.3711E+05    
   8.1E+07      0.98585      0.0001051     8.1E+07      0.0001051     9.1E+07      2.366E+05     
   8.11E+07     0.98586      0.00010497    8.11E+07     0.00010497    9.11E+07     2.3692E+05    
   8.12E+07     0.98585      0.000105      8.12E+07     0.000105      9.12E+07     2.3714E+05    
   8.13E+07     0.98585      0.00010493    8.13E+07     0.00010493    9.13E+07     2.3736E+05    
   8.14E+07     0.98585      0.00010513    8.14E+07     0.00010513    9.14E+07     2.3764E+05    
   8.15E+07     0.98585      0.00010499    8.15E+07     0.00010499    9.15E+07     2.3796E+05    
   8.16E+07     0.98586      0.00010492    8.16E+07     0.00010492    9.16E+07     2.3776E+05    
   8.17E+07     0.98585      0.00010509    8.17E+07     0.00010509    9.17E+07     2.3809E+05    
   8.18E+07     0.98584      0.00010536    8.18E+07     0.00010536    9.18E+07     2.3746E+05    
   8.19E+07     0.98585      0.00010539    8.19E+07     0.00010539    9.19E+07     2.3639E+05    
   8.2E+07      0.98585      0.00010525    8.2E+07      0.00010525    9.2E+07      2.3661E+05    
   8.21E+07     0.98585      0.00010521    8.21E+07     0.00010521    9.21E+07     2.369E+05     
   8.22E+07     0.98586      0.00010515    8.22E+07     0.00010515    9.22E+07     2.3645E+05    
   8.23E+07     0.98586      0.00010508    8.23E+07     0.00010508    9.23E+07     2.3674E+05    
   8.24E+07     0.98586      0.00010494    8.24E+07     0.00010494    9.24E+07     2.3702E+05    
   8.25E+07     0.98586      0.00010482    8.25E+07     0.00010482    9.25E+07     2.3735E+05    
   8.26E+07     0.98586      0.00010468    8.26E+07     0.00010468    9.26E+07     2.3763E+05    
   8.27E+07     0.98586      0.00010459    8.27E+07     0.00010459    9.27E+07     2.3733E+05    
   8.28E+07     0.98586      0.00010445    8.28E+07     0.00010445    9.28E+07     2.3693E+05    
   8.29E+07     0.98586      0.00010436    8.29E+07     0.00010436    9.29E+07     2.3649E+05    
   8.3E+07      0.98587      0.00010422    8.3E+07      0.00010422    9.3E+07      2.3658E+05    
   8.31E+07     0.98586      0.00010413    8.31E+07     0.00010413    9.31E+07     2.3682E+05    
   8.32E+07     0.98586      0.00010403    8.32E+07     0.00010403    9.32E+07     2.3684E+05    
   8.33E+07     0.98585      0.00010406    8.33E+07     0.00010406    9.33E+07     2.369E+05     
   8.34E+07     0.98586      0.00010428    8.34E+07     0.00010428    9.34E+07     2.3717E+05    
   8.35E+07     0.98585      0.0001047     8.35E+07     0.0001047     9.35E+07     2.3687E+05    
   8.36E+07     0.98585      0.00010456    8.36E+07     0.00010456    9.36E+07     2.3681E+05    
   8.37E+07     0.98585      0.00010442    8.37E+07     0.00010442    9.37E+07     2.3706E+05    
   8.38E+07     0.98586      0.00010433    8.38E+07     0.00010433    9.38E+07     2.3715E+05    
   8.39E+07     0.98585      0.00010421    8.39E+07     0.00010421    9.39E+07     2.3739E+05    
   8.4E+07      0.98586      0.00010418    8.4E+07      0.00010418    9.4E+07      2.3754E+05    
   8.41E+07     0.98586      0.00010407    8.41E+07     0.00010407    9.41E+07     2.3707E+05    
   8.42E+07     0.98587      0.00010419    8.42E+07     0.00010419    9.42E+07     2.373E+05     
   8.43E+07     0.98587      0.00010409    8.43E+07     0.00010409    9.43E+07     2.3724E+05    
   8.44E+07     0.98588      0.00010406    8.44E+07     0.00010406    9.44E+07     2.3747E+05    
   8.45E+07     0.98587      0.00010397    8.45E+07     0.00010397    9.45E+07     2.3731E+05    
   8.46E+07     0.98588      0.00010384    8.46E+07     0.00010384    9.46E+07     2.3738E+05    
   8.47E+07     0.98588      0.00010378    8.47E+07     0.00010378    9.47E+07     2.3752E+05    
   8.48E+07     0.98588      0.00010365    8.48E+07     0.00010365    9.48E+07     2.376E+05     
   8.49E+07     0.98588      0.00010352    8.49E+07     0.00010352    9.49E+07     2.3733E+05    
   8.5E+07      0.98588      0.00010339    8.5E+07      0.00010339    9.5E+07      2.3745E+05    
   8.51E+07     0.98588      0.00010328    8.51E+07     0.00010328    9.51E+07     2.3771E+05    
   8.52E+07     0.98588      0.00010314    8.52E+07     0.00010314    9.52E+07     2.3787E+05    
   8.53E+07     0.98588      0.00010304    8.53E+07     0.00010304    9.53E+07     2.3775E+05    
   8.54E+07     0.98588      0.00010291    8.54E+07     0.00010291    9.54E+07     2.3799E+05    
   8.55E+07     0.98588      0.00010278    8.55E+07     0.00010278    9.55E+07     2.3821E+05    
   8.56E+07     0.98588      0.00010268    8.56E+07     0.00010268    9.56E+07     2.3846E+05    
   8.57E+07     0.98589      0.00010262    8.57E+07     0.00010262    9.57E+07     2.3875E+05    
   8.58E+07     0.98589      0.00010249    8.58E+07     0.00010249    9.58E+07     2.3897E+05    
   8.59E+07     0.98588      0.00010236    8.59E+07     0.00010236    9.59E+07     2.383E+05     
   8.6E+07      0.98588      0.00010229    8.6E+07      0.00010229    9.6E+07      2.3781E+05    
   8.61E+07     0.98588      0.00010217    8.61E+07     0.00010217    9.61E+07     2.3812E+05    
   8.62E+07     0.98588      0.00010203    8.62E+07     0.00010203    9.62E+07     2.3843E+05    
   8.63E+07     0.98588      0.0001019     8.63E+07     0.0001019     9.63E+07     2.3871E+05    
   8.64E+07     0.98588      0.0001018     8.64E+07     0.0001018     9.64E+07     2.3758E+05    
   8.65E+07     0.98588      0.00010181    8.65E+07     0.00010181    9.65E+07     2.3782E+05    
   8.66E+07     0.98588      0.00010168    8.66E+07     0.00010168    9.66E+07     2.3611E+05    
   8.67E+07     0.98588      0.00010155    8.67E+07     0.00010155    9.67E+07     2.3604E+05    
   8.68E+07     0.98589      0.00010146    8.68E+07     0.00010146    9.68E+07     2.3609E+05    
   8.69E+07     0.98589      0.00010133    8.69E+07     0.00010133    9.69E+07     2.3638E+05    
   8.7E+07      0.98588      0.00010172    8.7E+07      0.00010172    9.7E+07      2.3656E+05    
   8.71E+07     0.98588      0.00010159    8.71E+07     0.00010159    9.71E+07     2.3687E+05    
   8.72E+07     0.98588      0.00010162    8.72E+07     0.00010162    9.72E+07     2.3711E+05    
   8.73E+07     0.98588      0.00010153    8.73E+07     0.00010153    9.73E+07     2.3733E+05    
   8.74E+07     0.98588      0.00010141    8.74E+07     0.00010141    9.74E+07     2.3738E+05    
   8.75E+07     0.98588      0.00010128    8.75E+07     0.00010128    9.75E+07     2.3768E+05    
   8.76E+07     0.98588      0.00010117    8.76E+07     0.00010117    9.76E+07     2.3778E+05    
   8.77E+07     0.98588      0.00010104    8.77E+07     0.00010104    9.77E+07     2.3738E+05    
   8.78E+07     0.98588      0.00010094    8.78E+07     0.00010094    9.78E+07     2.3734E+05    
   8.79E+07     0.98589      0.00010098    8.79E+07     0.00010098    9.79E+07     2.3752E+05    
   8.8E+07      0.98589      0.00010085    8.8E+07      0.00010085    9.8E+07      2.3781E+05    
   8.81E+07     0.98589      0.0001008     8.81E+07     0.0001008     9.81E+07     2.381E+05     
   8.82E+07     0.9859       0.00010069    8.82E+07     0.00010069    9.82E+07     2.3822E+05    
   8.83E+07     0.9859       0.00010058    8.83E+07     0.00010058    9.83E+07     2.3844E+05    
   8.84E+07     0.9859       0.00010046    8.84E+07     0.00010046    9.84E+07     2.3866E+05    
   8.85E+07     0.98589      0.00010044    8.85E+07     0.00010044    9.85E+07     2.3736E+05    
   8.86E+07     0.98589      0.00010035    8.86E+07     0.00010035    9.86E+07     2.3751E+05    
   8.87E+07     0.98589      0.00010023    8.87E+07     0.00010023    9.87E+07     2.3725E+05    
   8.88E+07     0.9859       0.00010021    8.88E+07     0.00010021    9.88E+07     2.374E+05     
   8.89E+07     0.9859       0.00010014    8.89E+07     0.00010014    9.89E+07     2.3758E+05    
   8.9E+07      0.9859       0.00010003    8.9E+07      0.00010003    9.9E+07      2.3755E+05    
   8.91E+07     0.9859       9.9921E-05    8.91E+07     9.9921E-05    9.91E+07     2.3742E+05    
   8.92E+07     0.9859       9.9799E-05    8.92E+07     9.9799E-05    9.92E+07     2.3767E+05    
   8.93E+07     0.9859       9.9675E-05    8.93E+07     9.9675E-05    9.93E+07     2.3786E+05    
   8.94E+07     0.9859       9.9555E-05    8.94E+07     9.9555E-05    9.94E+07     2.3816E+05    
   8.95E+07     0.9859       9.9429E-05    8.95E+07     9.9429E-05    9.95E+07     2.3839E+05    
   8.96E+07     0.98591      9.9305E-05    8.96E+07     9.9305E-05    9.96E+07     2.3828E+05    
   8.97E+07     0.98591      9.9205E-05    8.97E+07     9.9205E-05    9.97E+07     2.3836E+05    
   8.98E+07     0.98591      9.9095E-05    8.98E+07     9.9095E-05    9.98E+07     2.3854E+05    
   8.99E+07     0.9859       9.8974E-05    8.99E+07     9.8974E-05    9.99E+07     2.3875E+05    
   9E+07        0.9859       9.8876E-05    9E+07        9.8876E-05    1E+08        2.389E+05     
   9.01E+07     0.9859       9.8776E-05    9.01E+07     9.8776E-05    
   9.02E+07     0.98591      9.8673E-05    9.02E+07     9.8673E-05    
   9.03E+07     0.9859       9.858E-05     9.03E+07     9.858E-05     
   9.04E+07     0.98591      9.8522E-05    9.04E+07     9.8522E-05    
   9.05E+07     0.98591      9.8403E-05    9.05E+07     9.8403E-05    
   9.06E+07     0.98591      9.8306E-05    9.06E+07     9.8306E-05    
   9.07E+07     0.98591      9.8188E-05    9.07E+07     9.8188E-05    
   9.08E+07     0.98591      9.8076E-05    9.08E+07     9.8076E-05    
   9.09E+07     0.98591      9.7955E-05    9.09E+07     9.7955E-05    
   9.1E+07      0.98591      9.8001E-05    9.1E+07      9.8001E-05    
   9.11E+07     0.98591      9.7883E-05    9.11E+07     9.7883E-05    
   9.12E+07     0.98591      9.7784E-05    9.12E+07     9.7784E-05    
   9.13E+07     0.98591      9.7687E-05    9.13E+07     9.7687E-05    
   9.14E+07     0.98591      9.7571E-05    9.14E+07     9.7571E-05    
   9.15E+07     0.98591      9.7454E-05    9.15E+07     9.7454E-05    
   9.16E+07     0.98592      9.7442E-05    9.16E+07     9.7442E-05    
   9.17E+07     0.98591      9.7324E-05    9.17E+07     9.7324E-05    
   9.18E+07     0.98591      9.7392E-05    9.18E+07     9.7392E-05    
   9.19E+07     0.9859       9.7563E-05    9.19E+07     9.7563E-05    
   9.2E+07      0.9859       9.7464E-05    9.2E+07      9.7464E-05    
   9.21E+07     0.9859       9.7354E-05    9.21E+07     9.7354E-05    
   9.22E+07     0.9859       9.7385E-05    9.22E+07     9.7385E-05    
   9.23E+07     0.9859       9.7275E-05    9.23E+07     9.7275E-05    
   9.24E+07     0.9859       9.7165E-05    9.24E+07     9.7165E-05    
   9.25E+07     0.9859       9.7049E-05    9.25E+07     9.7049E-05    
   9.26E+07     0.9859       9.6936E-05    9.26E+07     9.6936E-05    
   9.27E+07     0.98589      9.6944E-05    9.27E+07     9.6944E-05    
   9.28E+07     0.9859       9.6976E-05    9.28E+07     9.6976E-05    
   9.29E+07     0.9859       9.7014E-05    9.29E+07     9.7014E-05    
   9.3E+07      0.98591      9.6947E-05    9.3E+07      9.6947E-05    
   9.31E+07     0.98591      9.6839E-05    9.31E+07     9.6839E-05    
   9.32E+07     0.98591      9.6787E-05    9.32E+07     9.6787E-05    
   9.33E+07     0.98591      9.6723E-05    9.33E+07     9.6723E-05    
   9.34E+07     0.98592      9.6618E-05    9.34E+07     9.6618E-05    
   9.35E+07     0.98591      9.662E-05     9.35E+07     9.662E-05     
   9.36E+07     0.98591      9.6582E-05    9.36E+07     9.6582E-05    
   9.37E+07     0.98592      9.648E-05     9.37E+07     9.648E-05     
   9.38E+07     0.98592      9.6412E-05    9.38E+07     9.6412E-05    
   9.39E+07     0.98592      9.6307E-05    9.39E+07     9.6307E-05    
   9.4E+07      0.98592      9.6225E-05    9.4E+07      9.6225E-05    
   9.41E+07     0.98593      9.6272E-05    9.41E+07     9.6272E-05    
   9.42E+07     0.98593      9.6175E-05    9.42E+07     9.6175E-05    
   9.43E+07     0.98593      9.6131E-05    9.43E+07     9.6131E-05    
   9.44E+07     0.98593      9.6036E-05    9.44E+07     9.6036E-05    
   9.45E+07     0.98593      9.602E-05     9.45E+07     9.602E-05     
   9.46E+07     0.98593      9.5954E-05    9.46E+07     9.5954E-05    
   9.47E+07     0.98593      9.5873E-05    9.47E+07     9.5873E-05    
   9.48E+07     0.98592      9.5807E-05    9.48E+07     9.5807E-05    
   9.49E+07     0.98593      9.5813E-05    9.49E+07     9.5813E-05    
   9.5E+07      0.98593      9.5738E-05    9.5E+07      9.5738E-05    
   9.51E+07     0.98593      9.5633E-05    9.51E+07     9.5633E-05    
   9.52E+07     0.98593      9.5553E-05    9.52E+07     9.5553E-05    
   9.53E+07     0.98592      9.5527E-05    9.53E+07     9.5527E-05    
   9.54E+07     0.98593      9.5432E-05    9.54E+07     9.5432E-05    
   9.55E+07     0.98593      9.5331E-05    9.55E+07     9.5331E-05    
   9.56E+07     0.98593      9.5235E-05    9.56E+07     9.5235E-05    
   9.57E+07     0.98593      9.5126E-05    9.57E+07     9.5126E-05    
   9.58E+07     0.98593      9.5035E-05    9.58E+07     9.5035E-05    
   9.59E+07     0.98594      9.5112E-05    9.59E+07     9.5112E-05    
   9.6E+07      0.98593      9.5163E-05    9.6E+07      9.5163E-05    
   9.61E+07     0.98593      9.5053E-05    9.61E+07     9.5053E-05    
   9.62E+07     0.98593      9.4945E-05    9.62E+07     9.4945E-05    
   9.63E+07     0.98593      9.4838E-05    9.63E+07     9.4838E-05    
   9.64E+07     0.98594      9.5011E-05    9.64E+07     9.5011E-05    
   9.65E+07     0.98594      9.4916E-05    9.65E+07     9.4916E-05    
   9.66E+07     0.98593      9.5208E-05    9.66E+07     9.5208E-05    
   9.67E+07     0.98593      9.5175E-05    9.67E+07     9.5175E-05    
   9.68E+07     0.98593      9.5108E-05    9.68E+07     9.5108E-05    
   9.69E+07     0.98593      9.5002E-05    9.69E+07     9.5002E-05    
   9.7E+07      0.98593      9.4918E-05    9.7E+07      9.4918E-05    
   9.71E+07     0.98593      9.481E-05     9.71E+07     9.481E-05     
   9.72E+07     0.98593      9.4705E-05    9.72E+07     9.4705E-05    
   9.73E+07     0.98593      9.4615E-05    9.73E+07     9.4615E-05    
   9.74E+07     0.98593      9.4557E-05    9.74E+07     9.4557E-05    
   9.75E+07     0.98593      9.445E-05     9.75E+07     9.445E-05     
   9.76E+07     0.98593      9.4369E-05    9.76E+07     9.4369E-05    
   9.77E+07     0.98593      9.4402E-05    9.77E+07     9.4402E-05    
   9.78E+07     0.98593      9.4363E-05    9.78E+07     9.4363E-05    
   9.79E+07     0.98593      9.4257E-05    9.79E+07     9.4257E-05    
   9.8E+07      0.98593      9.4151E-05    9.8E+07      9.4151E-05    
   9.81E+07     0.98593      9.4047E-05    9.81E+07     9.4047E-05    
   9.82E+07     0.98593      9.3975E-05    9.82E+07     9.3975E-05    
   9.83E+07     0.98593      9.388E-05     9.83E+07     9.388E-05     
   9.84E+07     0.98593      9.379E-05     9.84E+07     9.379E-05     
   9.85E+07     0.98594      9.4001E-05    9.85E+07     9.4001E-05    
   9.86E+07     0.98594      9.3925E-05    9.86E+07     9.3925E-05    
   9.87E+07     0.98593      9.3923E-05    9.87E+07     9.3923E-05    
   9.88E+07     0.98594      9.3848E-05    9.88E+07     9.3848E-05    
   9.89E+07     0.98594      9.3763E-05    9.89E+07     9.3763E-05    
   9.9E+07      0.98594      9.3724E-05    9.9E+07      9.3724E-05    
   9.91E+07     0.98595      9.3703E-05    9.91E+07     9.3703E-05    
   9.92E+07     0.98595      9.3603E-05    9.92E+07     9.3603E-05    
   9.93E+07     0.98594      9.3518E-05    9.93E+07     9.3518E-05    
   9.94E+07     0.98594      9.3414E-05    9.94E+07     9.3414E-05    
   9.95E+07     0.98595      9.3323E-05    9.95E+07     9.3323E-05    
   9.96E+07     0.98594      9.3293E-05    9.96E+07     9.3293E-05    
   9.97E+07     0.98594      9.3229E-05    9.97E+07     9.3229E-05    
   9.98E+07     0.98594      9.3149E-05    9.98E+07     9.3149E-05    
   9.99E+07     0.98594      9.3062E-05    9.99E+07     9.3062E-05    
   1E+08        0.98594      9.2983E-05    1E+08        9.2983E-05    
