# This file is written with the intent of being used to plot the data with 
# Gnuplot.  It contains no information regarding how the plot should be 
# formatted.
# =========================================================================
# Research/ArnoldivsPower -f Power1-36.dat -t 100000 -A -c 100 -C 900 -w 20 -b 75 -r  seed = 2733432653
# filename = Power1-36.dat, run = true, power = true, Arnoldi = false, storevectors = 0, raw = false, evectors = 2, evalues = 2, residual = false, arnoldimethod = implicit, tol = 2.22045e-16, verbose = 1, seed = 0, width = 20, bins = 75, acycles = 900, incycles = 100, active = 20, inactive = 0, Iterations = 10, numValues = 2, relaxed = 0, tracks = 100000, ignore_rest = false, version = false, help = false, 

#  1            2            3             4            5             6            7             8            9            
# |-            Power values           -| |-   Power eValues SD   -| |-       FOM-Power      -| |-     Power vector     -| 
#  x-coord      y-coord      error         x-coord      y-coord       x-coord      y-coord       x-coord      y-coord       
   1E+05        0.95874      0             1E+05        0             1.01E+07     0             0.13333      0.017613      
   2E+05        0.96612      0             2E+05        0             1.02E+07     1.345E+06     0.4          0.024883      
   3E+05        0.96737      0             3E+05        0             1.03E+07     66950         0.66667      0.031214      
   4E+05        0.97322      0             4E+05        0             1.04E+07     65975         0.93333      0.037203      
   5E+05        0.97701      0             5E+05        0             1.05E+07     21801         1.2          0.043308      
   6E+05        0.98039      0             6E+05        0             1.06E+07     31059         1.4667       0.049634      
   7E+05        0.97473      0             7E+05        0             1.07E+07     36358         1.7333       0.05548       
   8E+05        0.98132      0             8E+05        0             1.08E+07     39325         2            0.061173      
   9E+05        0.98056      0             9E+05        0             1.09E+07     27022         2.2667       0.066751      
   1E+06        0.97828      0             1E+06        0             1.1E+07      33011         2.5333       0.072041      
   1.1E+06      0.98458      0             1.1E+06      0             1.11E+07     38130         2.8          0.077637      
   1.2E+06      0.98066      0             1.2E+06      0             1.12E+07     43567         3.0667       0.08259       
   1.3E+06      0.97928      0             1.3E+06      0             1.13E+07     39594         3.3333       0.088203      
   1.4E+06      0.9873       0             1.4E+06      0             1.14E+07     43526         3.6          0.093155      
   1.5E+06      0.97934      0             1.5E+06      0             1.15E+07     47067         3.8667       0.098127      
   1.6E+06      0.97997      0             1.6E+06      0             1.16E+07     41390         4.1333       0.10269       
   1.7E+06      0.98289      0             1.7E+06      0             1.17E+07     46160         4.4          0.1075        
   1.8E+06      0.988        0             1.8E+06      0             1.18E+07     50961         4.6667       0.11194       
   1.9E+06      0.98197      0             1.9E+06      0             1.19E+07     55849         4.9333       0.1161        
   2E+06        0.98388      0             2E+06        0             1.2E+07      48833         5.2          0.12042       
   2.1E+06      0.98728      0             2.1E+06      0             1.21E+07     53385         5.4667       0.12403       
   2.2E+06      0.98601      0             2.2E+06      0             1.22E+07     56741         5.7333       0.12829       
   2.3E+06      0.98453      0             2.3E+06      0             1.23E+07     59590         6            0.13142       
   2.4E+06      0.98545      0             2.4E+06      0             1.24E+07     62787         6.2667       0.13518       
   2.5E+06      0.98551      0             2.5E+06      0             1.25E+07     58013         6.5333       0.13833       
   2.6E+06      0.98431      0             2.6E+06      0             1.26E+07     61999         6.8          0.14106       
   2.7E+06      0.98291      0             2.7E+06      0             1.27E+07     59316         7.0667       0.14354       
   2.8E+06      0.98432      0             2.8E+06      0             1.28E+07     63075         7.3333       0.14597       
   2.9E+06      0.99057      0             2.9E+06      0             1.29E+07     65729         7.6          0.14838       
   3E+06        0.98335      0             3E+06        0             1.3E+07      61890         7.8667       0.15019       
   3.1E+06      0.98779      0             3.1E+06      0             1.31E+07     64046         8.1333       0.15201       
   3.2E+06      0.99001      0             3.2E+06      0             1.32E+07     67086         8.4          0.15398       
   3.3E+06      0.98391      0             3.3E+06      0             1.33E+07     69564         8.6667       0.15504       
   3.4E+06      0.98407      0             3.4E+06      0             1.34E+07     65358         8.9333       0.15602       
   3.5E+06      0.98796      0             3.5E+06      0             1.35E+07     64601         9.2          0.15727       
   3.6E+06      0.98321      0             3.6E+06      0             1.36E+07     61349         9.4667       0.15749       
   3.7E+06      0.98447      0             3.7E+06      0             1.37E+07     63958         9.7333       0.15762       
   3.8E+06      0.9838       0             3.8E+06      0             1.38E+07     63692         10           0.15836       
   3.9E+06      0.98917      0             3.9E+06      0             1.39E+07     65122         10.267       0.15775       
   4E+06        0.9832       0             4E+06        0             1.4E+07      66324         10.533       0.15743       
   4.1E+06      0.98454      0             4.1E+06      0             1.41E+07     68141         10.8         0.15657       
   4.2E+06      0.98183      0             4.2E+06      0             1.42E+07     70810         11.067       0.15578       
   4.3E+06      0.98765      0             4.3E+06      0             1.43E+07     69427         11.333       0.15457       
   4.4E+06      0.99137      0             4.4E+06      0             1.44E+07     72123         11.6         0.1535        
   4.5E+06      0.98295      0             4.5E+06      0             1.45E+07     73822         11.867       0.15184       
   4.6E+06      0.98629      0             4.6E+06      0             1.46E+07     75530         12.133       0.15001       
   4.7E+06      0.98594      0             4.7E+06      0             1.47E+07     78181         12.4         0.14827       
   4.8E+06      0.98639      0             4.8E+06      0             1.48E+07     79768         12.667       0.14572       
   4.9E+06      0.9863       0             4.9E+06      0             1.49E+07     79568         12.933       0.14319       
   5E+06        0.98829      0             5E+06        0             1.5E+07      76702         13.2         0.14035       
   5.1E+06      0.99008      0             5.1E+06      0             1.51E+07     79090         13.467       0.13754       
   5.2E+06      0.98431      0             5.2E+06      0             1.52E+07     78914         13.733       0.13476       
   5.3E+06      0.98623      0             5.3E+06      0             1.53E+07     81435         14           0.13107       
   5.4E+06      0.9883       0             5.4E+06      0             1.54E+07     80176         14.267       0.12773       
   5.5E+06      0.98378      0             5.5E+06      0             1.55E+07     82363         14.533       0.12409       
   5.6E+06      0.98184      0             5.6E+06      0             1.56E+07     84338         14.8         0.11996       
   5.7E+06      0.98688      0             5.7E+06      0             1.57E+07     80877         15.067       0.11554       
   5.8E+06      0.98579      0             5.8E+06      0             1.58E+07     82973         15.333       0.11125       
   5.9E+06      0.98509      0             5.9E+06      0             1.59E+07     85271         15.6         0.10722       
   6E+06        0.9848       0             6E+06        0             1.6E+07      87577         15.867       0.10216       
   6.1E+06      0.98793      0             6.1E+06      0             1.61E+07     89911         16.133       0.097747      
   6.2E+06      0.98784      0             6.2E+06      0             1.62E+07     91951         16.4         0.092921      
   6.3E+06      0.98785      0             6.3E+06      0             1.63E+07     93272         16.667       0.088185      
   6.4E+06      0.98584      0             6.4E+06      0             1.64E+07     92993         16.933       0.082599      
   6.5E+06      0.98402      0             6.5E+06      0             1.65E+07     77392         17.2         0.077049      
   6.6E+06      0.98145      0             6.6E+06      0             1.66E+07     76367         17.467       0.072148      
   6.7E+06      0.98284      0             6.7E+06      0             1.67E+07     78173         17.733       0.066738      
   6.8E+06      0.98418      0             6.8E+06      0             1.68E+07     80046         18           0.060761      
   6.9E+06      0.98035      0             6.9E+06      0             1.69E+07     81701         18.267       0.055284      
   7E+06        0.98364      0             7E+06        0             1.7E+07      83531         18.533       0.04924       
   7.1E+06      0.98569      0             7.1E+06      0             1.71E+07     85285         18.8         0.043326      
   7.2E+06      0.98426      0             7.2E+06      0             1.72E+07     86563         19.067       0.03711       
   7.3E+06      0.98524      0             7.3E+06      0             1.73E+07     86548         19.333       0.031169      
   7.4E+06      0.98556      0             7.4E+06      0             1.74E+07     88366         19.6         0.024665      
   7.5E+06      0.99037      0             7.5E+06      0             1.75E+07     90085         19.867       0.017562      
   7.6E+06      0.98692      0             7.6E+06      0             1.76E+07     91041         
   7.7E+06      0.98574      0             7.7E+06      0             1.77E+07     92652         
   7.8E+06      0.98584      0             7.8E+06      0             1.78E+07     93065         
   7.9E+06      0.98518      0             7.9E+06      0             1.79E+07     86943         
   8E+06        0.98539      0             8E+06        0             1.8E+07      88337         
   8.1E+06      0.98969      0             8.1E+06      0             1.81E+07     89581         
   8.2E+06      0.98442      0             8.2E+06      0             1.82E+07     89839         
   8.3E+06      0.98639      0             8.3E+06      0             1.83E+07     91445         
   8.4E+06      0.98654      0             8.4E+06      0             1.84E+07     92028         
   8.5E+06      0.98081      0             8.5E+06      0             1.85E+07     90539         
   8.6E+06      0.98223      0             8.6E+06      0             1.86E+07     91861         
   8.7E+06      0.98241      0             8.7E+06      0             1.87E+07     93466         
   8.8E+06      0.98991      0             8.8E+06      0             1.88E+07     94716         
   8.9E+06      0.98516      0             8.9E+06      0             1.89E+07     93849         
   9E+06        0.98409      0             9E+06        0             1.9E+07      95478         
   9.1E+06      0.98728      0             9.1E+06      0             1.91E+07     96842         
   9.2E+06      0.98619      0             9.2E+06      0             1.92E+07     97627         
   9.3E+06      0.98963      0             9.3E+06      0             1.93E+07     99180         
   9.4E+06      0.99062      0             9.4E+06      0             1.94E+07     1.0067E+05    
   9.5E+06      0.98224      0             9.5E+06      0             1.95E+07     1.0224E+05    
   9.6E+06      0.98571      0             9.6E+06      0             1.96E+07     1.0376E+05    
   9.7E+06      0.98502      0             9.7E+06      0             1.97E+07     1.0375E+05    
   9.8E+06      0.98623      0             9.8E+06      0             1.98E+07     1.0514E+05    
   9.9E+06      0.98485      0             9.9E+06      0             1.99E+07     1.0546E+05    
   1E+07        0.98369      0             1E+07        0             2E+07        1.0705E+05    
   1.01E+07     0.98547      NAN           1.01E+07     NAN           2.01E+07     1.0768E+05    
   1.02E+07     0.98565      0.00012543    1.02E+07     0.00012543    2.02E+07     1.0916E+05    
   1.03E+07     0.98497      0.00055902    1.03E+07     0.00055902    2.03E+07     1.1037E+05    
   1.04E+07     0.98454      0.00056046    1.04E+07     0.00056046    2.04E+07     1.0936E+05    
   1.05E+07     0.98358      0.00097       1.05E+07     0.00097       2.05E+07     1.1071E+05    
   1.06E+07     0.98355      0.00080892    1.06E+07     0.00080892    2.06E+07     1.1184E+05    
   1.07E+07     0.98384      0.00074421    1.07E+07     0.00074421    2.07E+07     1.1335E+05    
   1.08E+07     0.98353      0.00071171    1.08E+07     0.00071171    2.08E+07     1.1484E+05    
   1.09E+07     0.98414      0.00085468    1.09E+07     0.00085468    2.09E+07     1.1452E+05    
   1.1E+07      0.98417      0.00076963    1.1E+07      0.00076963    2.1E+07      1.1412E+05    
   1.11E+07     0.98403      0.00071295    1.11E+07     0.00071295    2.11E+07     1.1518E+05    
   1.12E+07     0.98415      0.00066345    1.12E+07     0.00066345    2.12E+07     1.1654E+05    
   1.13E+07     0.98448      0.00069263    1.13E+07     0.00069263    2.13E+07     1.1802E+05    
   1.14E+07     0.98462      0.00065765    1.14E+07     0.00065765    2.14E+07     1.1445E+05    
   1.15E+07     0.98477      0.00062977    1.15E+07     0.00062977    2.15E+07     1.158E+05     
   1.16E+07     0.98445      0.00066823    1.16E+07     0.00066823    2.16E+07     1.1725E+05    
   1.17E+07     0.98449      0.00063014    1.17E+07     0.00063014    2.17E+07     1.1861E+05    
   1.18E+07     0.98454      0.00059708    1.18E+07     0.00059708    2.18E+07     1.1911E+05    
   1.19E+07     0.98448      0.00056802    1.19E+07     0.00056802    2.19E+07     1.2055E+05    
   1.2E+07      0.98476      0.00060478    1.2E+07      0.00060478    2.2E+07      1.2202E+05    
   1.21E+07     0.98477      0.00057598    1.21E+07     0.00057598    2.21E+07     1.2297E+05    
   1.22E+07     0.98468      0.00055647    1.22E+07     0.00055647    2.22E+07     1.215E+05     
   1.23E+07     0.98458      0.00054073    1.23E+07     0.00054073    2.23E+07     1.2277E+05    
   1.24E+07     0.98466      0.00052448    1.24E+07     0.00052448    2.24E+07     1.2312E+05    
   1.25E+07     0.98487      0.00054342    1.25E+07     0.00054342    2.25E+07     1.2391E+05    
   1.26E+07     0.98491      0.00052364    1.26E+07     0.00052364    2.26E+07     1.25E+05      
   1.27E+07     0.98508      0.00053319    1.27E+07     0.00053319    2.27E+07     1.2631E+05    
   1.28E+07     0.98511      0.00051481    1.28E+07     0.00051481    2.28E+07     1.2639E+05    
   1.29E+07     0.98504      0.00050233    1.29E+07     0.00050233    2.29E+07     1.2747E+05    
   1.3E+07      0.98521      0.00051575    1.3E+07      0.00051575    2.3E+07      1.2888E+05    
   1.31E+07     0.98513      0.00050513    1.31E+07     0.00050513    2.31E+07     1.2554E+05    
   1.32E+07     0.98509      0.00049156    1.32E+07     0.00049156    2.32E+07     1.2607E+05    
   1.33E+07     0.98515      0.00048085    1.33E+07     0.00048085    2.33E+07     1.2732E+05    
   1.34E+07     0.98531      0.00049422    1.34E+07     0.00049422    2.34E+07     1.2843E+05    
   1.35E+07     0.98544      0.00049531    1.35E+07     0.00049531    2.35E+07     1.293E+05     
   1.36E+07     0.9856       0.00050637    1.36E+07     0.00050637    2.36E+07     1.3046E+05    
   1.37E+07     0.98563      0.0004939     1.37E+07     0.0004939     2.37E+07     1.3111E+05    
   1.38E+07     0.98552      0.00049315    1.38E+07     0.00049315    2.38E+07     1.324E+05     
   1.39E+07     0.98545      0.00048599    1.39E+07     0.00048599    2.39E+07     1.3192E+05    
   1.4E+07      0.98552      0.00047987    1.4E+07      0.00047987    2.4E+07      1.3273E+05    
   1.41E+07     0.98547      0.00047165    1.41E+07     0.00047165    2.41E+07     1.319E+05     
   1.42E+07     0.98549      0.0004611     1.42E+07     0.0004611     2.42E+07     1.3285E+05    
   1.43E+07     0.98561      0.00046402    1.43E+07     0.00046402    2.43E+07     1.3303E+05    
   1.44E+07     0.98562      0.00045374    1.44E+07     0.00045374    2.44E+07     1.3423E+05    
   1.45E+07     0.98557      0.00044665    1.45E+07     0.00044665    2.45E+07     1.3555E+05    
   1.46E+07     0.98562      0.00043999    1.46E+07     0.00043999    2.46E+07     1.3603E+05    
   1.47E+07     0.98564      0.00043103    1.47E+07     0.00043103    2.47E+07     1.3712E+05    
   1.48E+07     0.98569      0.00042533    1.48E+07     0.00042533    2.48E+07     1.3831E+05    
   1.49E+07     0.98577      0.00042417    1.49E+07     0.00042417    2.49E+07     1.3948E+05    
   1.5E+07      0.98566      0.00043065    1.5E+07      0.00043065    2.5E+07      1.404E+05     
   1.51E+07     0.98564      0.00042268    1.51E+07     0.00042268    2.51E+07     1.4125E+05    
   1.52E+07     0.98572      0.0004218     1.52E+07     0.0004218     2.52E+07     1.4249E+05    
   1.53E+07     0.98571      0.00041391    1.53E+07     0.00041391    2.53E+07     1.4374E+05    
   1.54E+07     0.98562      0.00041565    1.54E+07     0.00041565    2.54E+07     1.4393E+05    
   1.55E+07     0.98565      0.00040881    1.55E+07     0.00040881    2.55E+07     1.4521E+05    
   1.56E+07     0.98568      0.00040271    1.56E+07     0.00040271    2.56E+07     1.4631E+05    
   1.57E+07     0.98557      0.00040998    1.57E+07     0.00040998    2.57E+07     1.4695E+05    
   1.58E+07     0.98555      0.00040333    1.58E+07     0.00040333    2.58E+07     1.482E+05     
   1.59E+07     0.98556      0.00039665    1.59E+07     0.00039665    2.59E+07     1.4932E+05    
   1.6E+07      0.98555      0.00039013    1.6E+07      0.00039013    2.6E+07      1.4878E+05    
   1.61E+07     0.98556      0.00038389    1.61E+07     0.00038389    2.61E+07     1.4937E+05    
   1.62E+07     0.98558      0.00037823    1.62E+07     0.00037823    2.62E+07     1.489E+05     
   1.63E+07     0.98554      0.00037443    1.63E+07     0.00037443    2.63E+07     1.5018E+05    
   1.64E+07     0.98548      0.00037389    1.64E+07     0.00037389    2.64E+07     1.5143E+05    
   1.65E+07     0.98566      0.00040857    1.65E+07     0.00040857    2.65E+07     1.5263E+05    
   1.66E+07     0.98558      0.00040994    1.66E+07     0.00040994    2.66E+07     1.5382E+05    
   1.67E+07     0.98559      0.00040392    1.67E+07     0.00040392    2.67E+07     1.5263E+05    
   1.68E+07     0.98559      0.00039799    1.68E+07     0.00039799    2.68E+07     1.5367E+05    
   1.69E+07     0.98557      0.00039273    1.69E+07     0.00039273    2.69E+07     1.5484E+05    
   1.7E+07      0.98556      0.00038716    1.7E+07      0.00038716    2.7E+07      1.5235E+05    
   1.71E+07     0.98554      0.000382      1.71E+07     0.000382      2.71E+07     1.53E+05      
   1.72E+07     0.98551      0.00037809    1.72E+07     0.00037809    2.72E+07     1.5411E+05    
   1.73E+07     0.98546      0.000377      1.73E+07     0.000377      2.73E+07     1.5396E+05    
   1.74E+07     0.98545      0.00037192    1.74E+07     0.00037192    2.74E+07     1.5162E+05    
   1.75E+07     0.98544      0.00036725    1.75E+07     0.00036725    2.75E+07     1.4769E+05    
   1.76E+07     0.9854       0.00036422    1.76E+07     0.00036422    2.76E+07     1.4863E+05    
   1.77E+07     0.98538      0.00036004    1.77E+07     0.00036004    2.77E+07     1.4971E+05    
   1.78E+07     0.98543      0.00035804    1.78E+07     0.00035804    2.78E+07     1.4925E+05    
   1.79E+07     0.98553      0.00036943    1.79E+07     0.00036943    2.79E+07     1.5009E+05    
   1.8E+07      0.98551      0.00036546    1.8E+07      0.00036546    2.8E+07      1.5033E+05    
   1.81E+07     0.98549      0.00036193    1.81E+07     0.00036193    2.81E+07     1.5129E+05    
   1.82E+07     0.98553      0.00036033    1.82E+07     0.00036033    2.82E+07     1.5152E+05    
   1.83E+07     0.98554      0.00035613    1.83E+07     0.00035613    2.83E+07     1.5101E+05    
   1.84E+07     0.98558      0.00035401    1.84E+07     0.00035401    2.84E+07     1.5116E+05    
   1.85E+07     0.98551      0.00035596    1.85E+07     0.00035596    2.85E+07     1.5124E+05    
   1.86E+07     0.98553      0.00035241    1.86E+07     0.00035241    2.86E+07     1.5186E+05    
   1.87E+07     0.98553      0.00034836    1.87E+07     0.00034836    2.87E+07     1.5199E+05    
   1.88E+07     0.98551      0.00034512    1.88E+07     0.00034512    2.88E+07     1.5102E+05    
   1.89E+07     0.98557      0.00034581    1.89E+07     0.00034581    2.89E+07     1.518E+05     
   1.9E+07      0.98557      0.00034197    1.9E+07      0.00034197    2.9E+07      1.5282E+05    
   1.91E+07     0.98558      0.00033851    1.91E+07     0.00033851    2.91E+07     1.5385E+05    
   1.92E+07     0.98561      0.0003363     1.92E+07     0.0003363     2.92E+07     1.5492E+05    
   1.93E+07     0.98562      0.00033276    1.93E+07     0.00033276    2.93E+07     1.5598E+05    
   1.94E+07     0.98561      0.00032945    1.94E+07     0.00032945    2.94E+07     1.5598E+05    
   1.95E+07     0.98561      0.00032598    1.95E+07     0.00032598    2.95E+07     1.5701E+05    
   1.96E+07     0.9856       0.00032278    1.96E+07     0.00032278    2.96E+07     1.5807E+05    
   1.97E+07     0.98564      0.00032196    1.97E+07     0.00032196    2.97E+07     1.5907E+05    
   1.98E+07     0.98562      0.00031905    1.98E+07     0.00031905    2.98E+07     1.6008E+05    
   1.99E+07     0.98559      0.0003176     1.99E+07     0.0003176     2.99E+07     1.6112E+05    
   2E+07        0.98558      0.00031446    2E+07        0.00031446    3E+07        1.6025E+05    
   2.01E+07     0.98555      0.00031274    2.01E+07     0.00031274    3.01E+07     1.609E+05     
   2.02E+07     0.98554      0.00030986    2.02E+07     0.00030986    3.02E+07     1.5878E+05    
   2.03E+07     0.98553      0.00030727    2.03E+07     0.00030727    3.03E+07     1.5982E+05    
   2.04E+07     0.98548      0.00030795    2.04E+07     0.00030795    3.04E+07     1.6061E+05    
   2.05E+07     0.98549      0.00030533    2.05E+07     0.00030533    3.05E+07     1.6019E+05    
   2.06E+07     0.98551      0.00030304    2.06E+07     0.00030304    3.06E+07     1.6105E+05    
   2.07E+07     0.98552      0.00030024    2.07E+07     0.00030024    3.07E+07     1.6201E+05    
   2.08E+07     0.98552      0.00029752    2.08E+07     0.00029752    3.08E+07     1.6298E+05    
   2.09E+07     0.98556      0.00029722    2.09E+07     0.00029722    3.09E+07     1.6365E+05    
   2.1E+07      0.98552      0.00029704    2.1E+07      0.00029704    3.1E+07      1.6204E+05    
   2.11E+07     0.98554      0.00029487    2.11E+07     0.00029487    3.11E+07     1.6301E+05    
   2.12E+07     0.98555      0.00029241    2.12E+07     0.00029241    3.12E+07     1.637E+05     
   2.13E+07     0.98554      0.00028991    2.13E+07     0.00028991    3.13E+07     1.6471E+05    
   2.14E+07     0.9856       0.00029368    2.14E+07     0.00029368    3.14E+07     1.6504E+05    
   2.15E+07     0.98561      0.00029116    2.15E+07     0.00029116    3.15E+07     1.654E+05     
   2.16E+07     0.98561      0.00028866    2.16E+07     0.00028866    3.16E+07     1.6643E+05    
   2.17E+07     0.9856       0.00028636    2.17E+07     0.00028636    3.17E+07     1.6704E+05    
   2.18E+07     0.98563      0.00028509    2.18E+07     0.00028509    3.18E+07     1.667E+05     
   2.19E+07     0.98563      0.0002827     2.19E+07     0.0002827     3.19E+07     1.6728E+05    
   2.2E+07      0.98563      0.00028036    2.2E+07      0.00028036    3.2E+07      1.666E+05     
   2.21E+07     0.98561      0.00027862    2.21E+07     0.00027862    3.21E+07     1.6684E+05    
   2.22E+07     0.98557      0.00027969    2.22E+07     0.00027969    3.22E+07     1.6734E+05    
   2.23E+07     0.98556      0.00027753    2.23E+07     0.00027753    3.23E+07     1.683E+05     
   2.24E+07     0.98553      0.0002765     2.24E+07     0.0002765     3.24E+07     1.693E+05     
   2.25E+07     0.98551      0.000275      2.25E+07     0.000275      3.25E+07     1.6923E+05    
   2.26E+07     0.98553      0.00027321    2.26E+07     0.00027321    3.26E+07     1.6917E+05    
   2.27E+07     0.98552      0.00027117    2.27E+07     0.00027117    3.27E+07     1.6999E+05    
   2.28E+07     0.98555      0.00027042    2.28E+07     0.00027042    3.28E+07     1.7093E+05    
   2.29E+07     0.98556      0.00026867    2.29E+07     0.00026867    3.29E+07     1.7104E+05    
   2.3E+07      0.98556      0.00026663    2.3E+07      0.00026663    3.3E+07      1.7187E+05    
   2.31E+07     0.98561      0.00026957    2.31E+07     0.00026957    3.31E+07     1.7198E+05    
   2.32E+07     0.98559      0.00026837    2.32E+07     0.00026837    3.32E+07     1.7209E+05    
   2.33E+07     0.98558      0.00026646    2.33E+07     0.00026646    3.33E+07     1.7302E+05    
   2.34E+07     0.98559      0.00026475    2.34E+07     0.00026475    3.34E+07     1.7214E+05    
   2.35E+07     0.98561      0.00026331    2.35E+07     0.00026331    3.35E+07     1.7173E+05    
   2.36E+07     0.9856       0.00026151    2.36E+07     0.00026151    3.36E+07     1.7119E+05    
   2.37E+07     0.98558      0.00026032    2.37E+07     0.00026032    3.37E+07     1.7135E+05    
   2.38E+07     0.98558      0.00025849    2.38E+07     0.00025849    3.38E+07     1.7151E+05    
   2.39E+07     0.98561      0.00025844    2.39E+07     0.00025844    3.39E+07     1.722E+05     
   2.4E+07      0.98562      0.00025703    2.4E+07      0.00025703    3.4E+07      1.7281E+05    
   2.41E+07     0.98559      0.00025732    2.41E+07     0.00025732    3.41E+07     1.7372E+05    
   2.42E+07     0.9856       0.00025583    2.42E+07     0.00025583    3.42E+07     1.746E+05     
   2.43E+07     0.98558      0.00025516    2.43E+07     0.00025516    3.43E+07     1.7523E+05    
   2.44E+07     0.98558      0.00025339    2.44E+07     0.00025339    3.44E+07     1.7617E+05    
   2.45E+07     0.98557      0.00025166    2.45E+07     0.00025166    3.45E+07     1.7696E+05    
   2.46E+07     0.98555      0.00025069    2.46E+07     0.00025069    3.46E+07     1.7661E+05    
   2.47E+07     0.98554      0.0002492     2.47E+07     0.0002492     3.47E+07     1.7674E+05    
   2.48E+07     0.98555      0.00024757    2.48E+07     0.00024757    3.48E+07     1.7573E+05    
   2.49E+07     0.98554      0.00024604    2.49E+07     0.00024604    3.49E+07     1.7665E+05    
   2.5E+07      0.98553      0.00024476    2.5E+07      0.00024476    3.5E+07      1.7742E+05    
   2.51E+07     0.98554      0.00024352    2.51E+07     0.00024352    3.51E+07     1.7733E+05    
   2.52E+07     0.98554      0.00024192    2.52E+07     0.00024192    3.52E+07     1.7822E+05    
   2.53E+07     0.98554      0.00024036    2.53E+07     0.00024036    3.53E+07     1.7857E+05    
   2.54E+07     0.98552      0.00023975    2.54E+07     0.00023975    3.54E+07     1.7926E+05    
   2.55E+07     0.98552      0.0002382     2.55E+07     0.0002382     3.55E+07     1.7931E+05    
   2.56E+07     0.98552      0.0002368     2.56E+07     0.0002368     3.56E+07     1.802E+05     
   2.57E+07     0.98554      0.00023582    2.57E+07     0.00023582    3.57E+07     1.7986E+05    
   2.58E+07     0.98555      0.00023438    2.58E+07     0.00023438    3.58E+07     1.7958E+05    
   2.59E+07     0.98555      0.00023304    2.59E+07     0.00023304    3.59E+07     1.8036E+05    
   2.6E+07      0.98558      0.00023299    2.6E+07      0.00023299    3.6E+07      1.8098E+05    
   2.61E+07     0.98556      0.00023207    2.61E+07     0.00023207    3.61E+07     1.8155E+05    
   2.62E+07     0.98554      0.00023201    2.62E+07     0.00023201    3.62E+07     1.8161E+05    
   2.63E+07     0.98554      0.0002306     2.63E+07     0.0002306     3.63E+07     1.8252E+05    
   2.64E+07     0.98554      0.0002292     2.64E+07     0.0002292     3.64E+07     1.8321E+05    
   2.65E+07     0.98554      0.00022786    2.65E+07     0.00022786    3.65E+07     1.841E+05     
   2.66E+07     0.98554      0.00022653    2.66E+07     0.00022653    3.66E+07     1.8436E+05    
   2.67E+07     0.98557      0.000227      2.67E+07     0.000227      3.67E+07     1.8507E+05    
   2.68E+07     0.98556      0.00022579    2.68E+07     0.00022579    3.68E+07     1.8584E+05    
   2.69E+07     0.98556      0.00022447    2.69E+07     0.00022447    3.69E+07     1.8666E+05    
   2.7E+07      0.9856       0.00022588    2.7E+07      0.00022588    3.7E+07      1.8727E+05    
   2.71E+07     0.98561      0.00022499    2.71E+07     0.00022499    3.71E+07     1.8806E+05    
   2.72E+07     0.98562      0.00022376    2.72E+07     0.00022376    3.72E+07     1.8872E+05    
   2.73E+07     0.98564      0.00022342    2.73E+07     0.00022342    3.73E+07     1.8905E+05    
   2.74E+07     0.98567      0.00022472    2.74E+07     0.00022472    3.74E+07     1.8975E+05    
   2.75E+07     0.98572      0.00022729    2.75E+07     0.00022729    3.75E+07     1.9059E+05    
   2.76E+07     0.98571      0.00022618    2.76E+07     0.00022618    3.76E+07     1.9126E+05    
   2.77E+07     0.98571      0.00022493    2.77E+07     0.00022493    3.77E+07     1.9195E+05    
   2.78E+07     0.98573      0.00022488    2.78E+07     0.00022488    3.78E+07     1.9272E+05    
   2.79E+07     0.98572      0.00022386    2.79E+07     0.00022386    3.79E+07     1.9345E+05    
   2.8E+07      0.98574      0.0002233     2.8E+07      0.0002233     3.8E+07      1.9434E+05    
   2.81E+07     0.98574      0.00022212    2.81E+07     0.00022212    3.81E+07     1.9513E+05    
   2.82E+07     0.98575      0.00022157    2.82E+07     0.00022157    3.82E+07     1.948E+05     
   2.83E+07     0.98573      0.00022154    2.83E+07     0.00022154    3.83E+07     1.9444E+05    
   2.84E+07     0.98575      0.00022105    2.84E+07     0.00022105    3.84E+07     1.949E+05     
   2.85E+07     0.98573      0.00022055    2.85E+07     0.00022055    3.85E+07     1.9562E+05    
   2.86E+07     0.98574      0.00021973    2.86E+07     0.00021973    3.86E+07     1.9557E+05    
   2.87E+07     0.98573      0.00021925    2.87E+07     0.00021925    3.87E+07     1.9607E+05    
   2.88E+07     0.98575      0.00021959    2.88E+07     0.00021959    3.88E+07     1.9668E+05    
   2.89E+07     0.98576      0.00021861    2.89E+07     0.00021861    3.89E+07     1.9754E+05    
   2.9E+07      0.98576      0.0002175     2.9E+07      0.0002175     3.9E+07      1.9749E+05    
   2.91E+07     0.98577      0.00021641    2.91E+07     0.00021641    3.91E+07     1.9787E+05    
   2.92E+07     0.98577      0.00021528    2.92E+07     0.00021528    3.92E+07     1.987E+05     
   2.93E+07     0.98577      0.00021417    2.93E+07     0.00021417    3.93E+07     1.9915E+05    
   2.94E+07     0.98579      0.00021378    2.94E+07     0.00021378    3.94E+07     1.9965E+05    
   2.95E+07     0.98579      0.00021273    2.95E+07     0.00021273    3.95E+07     1.9998E+05    
   2.96E+07     0.9858       0.00021165    2.96E+07     0.00021165    3.96E+07     2.0012E+05    
   2.97E+07     0.98579      0.00021064    2.97E+07     0.00021064    3.97E+07     2.0091E+05    
   2.98E+07     0.98579      0.00020958    2.98E+07     0.00020958    3.98E+07     2.017E+05     
   2.99E+07     0.98579      0.00020854    2.99E+07     0.00020854    3.99E+07     2.0189E+05    
   3E+07        0.98581      0.00020874    3E+07        0.00020874    4E+07        2.0255E+05    
   3.01E+07     0.98582      0.00020798    3.01E+07     0.00020798    4.01E+07     2.0338E+05    
   3.02E+07     0.98585      0.00020897    3.02E+07     0.00020897    4.02E+07     2.041E+05     
   3.03E+07     0.98585      0.00020797    3.03E+07     0.00020797    4.03E+07     2.0474E+05    
   3.04E+07     0.98584      0.00020712    3.04E+07     0.00020712    4.04E+07     2.054E+05     
   3.05E+07     0.98586      0.00020704    3.05E+07     0.00020704    4.05E+07     2.0622E+05    
   3.06E+07     0.98585      0.00020611    3.06E+07     0.00020611    4.06E+07     2.0704E+05    
   3.07E+07     0.98586      0.00020516    3.07E+07     0.00020516    4.07E+07     2.0783E+05    
   3.08E+07     0.98585      0.00020423    3.08E+07     0.00020423    4.08E+07     2.0679E+05    
   3.09E+07     0.98584      0.00020347    3.09E+07     0.00020347    4.09E+07     2.0757E+05    
   3.1E+07      0.98582      0.00020414    3.1E+07      0.00020414    4.1E+07      2.0764E+05    
   3.11E+07     0.98581      0.0002032     3.11E+07     0.0002032     4.11E+07     2.0817E+05    
   3.12E+07     0.98582      0.00020246    3.12E+07     0.00020246    4.12E+07     2.077E+05     
   3.13E+07     0.98582      0.00020151    3.13E+07     0.00020151    4.13E+07     2.0748E+05    
   3.14E+07     0.98581      0.00020093    3.14E+07     0.00020093    4.14E+07     2.0829E+05    
   3.15E+07     0.9858       0.00020034    3.15E+07     0.00020034    4.15E+07     2.038E+05     
   3.16E+07     0.9858       0.00019942    3.16E+07     0.00019942    4.16E+07     2.0393E+05    
   3.17E+07     0.98579      0.00019875    3.17E+07     0.00019875    4.17E+07     2.024E+05     
   3.18E+07     0.98578      0.00019851    3.18E+07     0.00019851    4.18E+07     2.0301E+05    
   3.19E+07     0.98577      0.00019784    3.19E+07     0.00019784    4.19E+07     2.0382E+05    
   3.2E+07      0.98579      0.00019795    3.2E+07      0.00019795    4.2E+07      2.0407E+05    
   3.21E+07     0.98577      0.00019748    3.21E+07     0.00019748    4.21E+07     2.0409E+05    
   3.22E+07     0.98576      0.00019684    3.22E+07     0.00019684    4.22E+07     2.0384E+05    
   3.23E+07     0.98576      0.00019597    3.23E+07     0.00019597    4.23E+07     2.0431E+05    
   3.24E+07     0.98576      0.0001951     3.24E+07     0.0001951     4.24E+07     2.025E+05     
   3.25E+07     0.98574      0.00019486    3.25E+07     0.00019486    4.25E+07     2.0053E+05    
   3.26E+07     0.98573      0.00019455    3.26E+07     0.00019455    4.26E+07     2.006E+05     
   3.27E+07     0.98572      0.00019379    3.27E+07     0.00019379    4.27E+07     2.0064E+05    
   3.28E+07     0.98572      0.00019296    3.28E+07     0.00019296    4.28E+07     2.0134E+05    
   3.29E+07     0.98573      0.00019262    3.29E+07     0.00019262    4.29E+07     2.0186E+05    
   3.3E+07      0.98574      0.00019182    3.3E+07      0.00019182    4.3E+07      2.0246E+05    
   3.31E+07     0.98575      0.00019148    3.31E+07     0.00019148    4.31E+07     2.0214E+05    
   3.32E+07     0.98574      0.00019113    3.32E+07     0.00019113    4.32E+07     2.028E+05     
   3.33E+07     0.98574      0.00019034    3.33E+07     0.00019034    4.33E+07     2.0262E+05    
   3.34E+07     0.98576      0.00019051    3.34E+07     0.00019051    4.34E+07     2.0312E+05    
   3.35E+07     0.98578      0.00019046    3.35E+07     0.00019046    4.35E+07     2.0344E+05    
   3.36E+07     0.98579      0.00019047    3.36E+07     0.00019047    4.36E+07     2.0418E+05    
   3.37E+07     0.98578      0.00019011    3.37E+07     0.00019011    4.37E+07     2.0458E+05    
   3.38E+07     0.98577      0.0001897     3.38E+07     0.0001897     4.38E+07     2.0313E+05    
   3.39E+07     0.98578      0.00018905    3.39E+07     0.00018905    4.39E+07     2.0382E+05    
   3.4E+07      0.98578      0.00018844    3.4E+07      0.00018844    4.4E+07      2.0379E+05    
   3.41E+07     0.98578      0.00018767    3.41E+07     0.00018767    4.41E+07     2.0443E+05    
   3.42E+07     0.98578      0.0001869     3.42E+07     0.0001869     4.42E+07     2.0341E+05    
   3.43E+07     0.98579      0.00018628    3.43E+07     0.00018628    4.43E+07     2.0416E+05    
   3.44E+07     0.98579      0.00018551    3.44E+07     0.00018551    4.44E+07     2.0468E+05    
   3.45E+07     0.9858       0.00018483    3.45E+07     0.00018483    4.45E+07     2.0068E+05    
   3.46E+07     0.98581      0.00018473    3.46E+07     0.00018473    4.46E+07     2.0116E+05    
   3.47E+07     0.98582      0.00018439    3.47E+07     0.00018439    4.47E+07     2.0059E+05    
   3.48E+07     0.9858       0.00018466    3.48E+07     0.00018466    4.48E+07     2.0117E+05    
   3.49E+07     0.9858       0.00018392    3.49E+07     0.00018392    4.49E+07     2.0161E+05    
   3.5E+07      0.9858       0.00018323    3.5E+07      0.00018323    4.5E+07      2.0218E+05    
   3.51E+07     0.98581      0.00018301    3.51E+07     0.00018301    4.51E+07     2.0287E+05    
   3.52E+07     0.98581      0.0001823     3.52E+07     0.0001823     4.52E+07     2.0341E+05    
   3.53E+07     0.98582      0.00018188    3.53E+07     0.00018188    4.53E+07     2.0397E+05    
   3.54E+07     0.98583      0.00018123    3.54E+07     0.00018123    4.54E+07     2.0469E+05    
   3.55E+07     0.98584      0.00018096    3.55E+07     0.00018096    4.55E+07     2.0532E+05    
   3.56E+07     0.98584      0.00018025    3.56E+07     0.00018025    4.56E+07     2.0548E+05    
   3.57E+07     0.98585      0.00018018    3.57E+07     0.00018018    4.57E+07     2.0583E+05    
   3.58E+07     0.98584      0.00018005    3.58E+07     0.00018005    4.58E+07     2.0599E+05    
   3.59E+07     0.98584      0.00017941    3.59E+07     0.00017941    4.59E+07     2.066E+05     
   3.6E+07      0.98585      0.00017882    3.6E+07      0.00017882    4.6E+07      2.0724E+05    
   3.61E+07     0.98584      0.0001783     3.61E+07     0.0001783     4.61E+07     2.0722E+05    
   3.62E+07     0.98585      0.00017799    3.62E+07     0.00017799    4.62E+07     2.0792E+05    
   3.63E+07     0.98585      0.00017731    3.63E+07     0.00017731    4.63E+07     2.0839E+05    
   3.64E+07     0.98586      0.00017673    3.64E+07     0.00017673    4.64E+07     2.0908E+05    
   3.65E+07     0.98586      0.00017608    3.65E+07     0.00017608    4.65E+07     2.0954E+05    
   3.66E+07     0.98587      0.00017571    3.66E+07     0.00017571    4.66E+07     2.0867E+05    
   3.67E+07     0.98587      0.00017511    3.67E+07     0.00017511    4.67E+07     2.0934E+05    
   3.68E+07     0.98587      0.00017452    3.68E+07     0.00017452    4.68E+07     2.0959E+05    
   3.69E+07     0.98587      0.0001739     3.69E+07     0.0001739     4.69E+07     2.0971E+05    
   3.7E+07      0.98588      0.00017339    3.7E+07      0.00017339    4.7E+07      2.1025E+05    
   3.71E+07     0.98588      0.00017277    3.71E+07     0.00017277    4.71E+07     2.1056E+05    
   3.72E+07     0.98588      0.00017224    3.72E+07     0.00017224    4.72E+07     2.1026E+05    
   3.73E+07     0.98589      0.00017185    3.73E+07     0.00017185    4.73E+07     2.1036E+05    
   3.74E+07     0.9859       0.00017131    3.74E+07     0.00017131    4.74E+07     2.1103E+05    
   3.75E+07     0.9859       0.00017069    3.75E+07     0.00017069    4.75E+07     2.1173E+05    
   3.76E+07     0.98591      0.00017017    3.76E+07     0.00017017    4.76E+07     2.122E+05     
   3.77E+07     0.9859       0.00016964    3.77E+07     0.00016964    4.77E+07     2.1263E+05    
   3.78E+07     0.9859       0.00016908    3.78E+07     0.00016908    4.78E+07     2.1314E+05    
   3.79E+07     0.9859       0.00016853    3.79E+07     0.00016853    4.79E+07     2.1353E+05    
   3.8E+07      0.9859       0.00016793    3.8E+07      0.00016793    4.8E+07      2.1382E+05    
   3.81E+07     0.9859       0.00016738    3.81E+07     0.00016738    4.81E+07     2.143E+05     
   3.82E+07     0.98589      0.0001673     3.82E+07     0.0001673     4.82E+07     2.1482E+05    
   3.83E+07     0.9859       0.00016721    3.83E+07     0.00016721    4.83E+07     2.1548E+05    
   3.84E+07     0.98591      0.00016679    3.84E+07     0.00016679    4.84E+07     2.1502E+05    
   3.85E+07     0.98592      0.00016628    3.85E+07     0.00016628    4.85E+07     2.152E+05     
   3.86E+07     0.98591      0.00016608    3.86E+07     0.00016608    4.86E+07     2.1582E+05    
   3.87E+07     0.9859       0.00016563    3.87E+07     0.00016563    4.87E+07     2.158E+05     
   3.88E+07     0.9859       0.00016516    3.88E+07     0.00016516    4.88E+07     2.1575E+05    
   3.89E+07     0.9859       0.00016459    3.89E+07     0.00016459    4.89E+07     2.1643E+05    
   3.9E+07      0.98589      0.0001644     3.9E+07      0.0001644     4.9E+07      2.1498E+05    
   3.91E+07     0.9859       0.00016401    3.91E+07     0.00016401    4.91E+07     2.1566E+05    
   3.92E+07     0.9859       0.00016345    3.92E+07     0.00016345    4.92E+07     2.161E+05     
   3.93E+07     0.98591      0.00016307    3.93E+07     0.00016307    4.93E+07     2.1677E+05    
   3.94E+07     0.9859       0.00016267    3.94E+07     0.00016267    4.94E+07     2.1667E+05    
   3.95E+07     0.98591      0.0001623     3.95E+07     0.0001623     4.95E+07     2.1706E+05    
   3.96E+07     0.98592      0.00016205    3.96E+07     0.00016205    4.96E+07     2.1738E+05    
   3.97E+07     0.98592      0.00016152    3.97E+07     0.00016152    4.97E+07     2.1804E+05    
   3.98E+07     0.98592      0.00016101    3.98E+07     0.00016101    4.98E+07     2.1539E+05    
   3.99E+07     0.98591      0.00016075    3.99E+07     0.00016075    4.99E+07     2.1528E+05    
   4E+07        0.98592      0.00016028    4E+07        0.00016028    5E+07        2.1525E+05    
   4.01E+07     0.98592      0.00015975    4.01E+07     0.00015975    5.01E+07     2.1564E+05    
   4.02E+07     0.98592      0.00015928    4.02E+07     0.00015928    5.02E+07     2.1556E+05    
   4.03E+07     0.98593      0.00015884    4.03E+07     0.00015884    5.03E+07     2.1541E+05    
   4.04E+07     0.98593      0.00015836    4.04E+07     0.00015836    5.04E+07     2.1607E+05    
   4.05E+07     0.98593      0.00015786    4.05E+07     0.00015786    5.05E+07     2.1661E+05    
   4.06E+07     0.98593      0.00015734    4.06E+07     0.00015734    5.06E+07     2.1712E+05    
   4.07E+07     0.98593      0.00015686    4.07E+07     0.00015686    5.07E+07     2.1771E+05    
   4.08E+07     0.98594      0.00015703    4.08E+07     0.00015703    5.08E+07     2.1783E+05    
   4.09E+07     0.98594      0.00015655    4.09E+07     0.00015655    5.09E+07     2.1601E+05    
   4.1E+07      0.98593      0.00015633    4.1E+07      0.00015633    5.1E+07      2.1356E+05    
   4.11E+07     0.98594      0.00015594    4.11E+07     0.00015594    5.11E+07     2.1402E+05    
   4.12E+07     0.98593      0.00015591    4.12E+07     0.00015591    5.12E+07     2.1414E+05    
   4.13E+07     0.98592      0.00015581    4.13E+07     0.00015581    5.13E+07     2.1475E+05    
   4.14E+07     0.98592      0.00015531    4.14E+07     0.00015531    5.14E+07     2.1537E+05    
   4.15E+07     0.98589      0.00015683    4.15E+07     0.00015683    5.15E+07     2.1503E+05    
   4.16E+07     0.98588      0.00015658    4.16E+07     0.00015658    5.16E+07     2.1554E+05    
   4.17E+07     0.98587      0.00015698    4.17E+07     0.00015698    5.17E+07     2.1576E+05    
   4.18E+07     0.98586      0.00015656    4.18E+07     0.00015656    5.18E+07     2.1616E+05    
   4.19E+07     0.98586      0.00015607    4.19E+07     0.00015607    5.19E+07     2.1458E+05    
   4.2E+07      0.98587      0.00015578    4.2E+07      0.00015578    5.2E+07      2.1463E+05    
   4.21E+07     0.98588      0.00015559    4.21E+07     0.00015559    5.21E+07     2.1524E+05    
   4.22E+07     0.98587      0.0001555     4.22E+07     0.0001555     5.22E+07     2.1564E+05    
   4.23E+07     0.98586      0.00015513    4.23E+07     0.00015513    5.23E+07     2.1614E+05    
   4.24E+07     0.98584      0.00015562    4.24E+07     0.00015562    5.24E+07     2.166E+05     
   4.25E+07     0.98583      0.0001562     4.25E+07     0.0001562     5.25E+07     2.1714E+05    
   4.26E+07     0.98582      0.000156      4.26E+07     0.000156      5.26E+07     2.1706E+05    
   4.27E+07     0.98583      0.0001558     4.27E+07     0.0001558     5.27E+07     2.1683E+05    
   4.28E+07     0.98583      0.00015533    4.28E+07     0.00015533    5.28E+07     2.1608E+05    
   4.29E+07     0.98583      0.00015495    4.29E+07     0.00015495    5.29E+07     2.1648E+05    
   4.3E+07      0.98584      0.00015455    4.3E+07      0.00015455    5.3E+07      2.1703E+05    
   4.31E+07     0.98585      0.00015449    4.31E+07     0.00015449    5.31E+07     2.173E+05     
   4.32E+07     0.98585      0.00015403    4.32E+07     0.00015403    5.32E+07     2.1785E+05    
   4.33E+07     0.98586      0.00015392    4.33E+07     0.00015392    5.33E+07     2.1846E+05    
   4.34E+07     0.98585      0.00015356    4.34E+07     0.00015356    5.34E+07     2.1894E+05    
   4.35E+07     0.98584      0.00015327    4.35E+07     0.00015327    5.35E+07     2.1864E+05    
   4.36E+07     0.98584      0.00015281    4.36E+07     0.00015281    5.36E+07     2.1881E+05    
   4.37E+07     0.98584      0.00015248    4.37E+07     0.00015248    5.37E+07     2.194E+05     
   4.38E+07     0.98585      0.00015285    4.38E+07     0.00015285    5.38E+07     2.1992E+05    
   4.39E+07     0.98585      0.00015243    4.39E+07     0.00015243    5.39E+07     2.2012E+05    
   4.4E+07      0.98586      0.00015226    4.4E+07      0.00015226    5.4E+07      2.2012E+05    
   4.41E+07     0.98586      0.00015183    4.41E+07     0.00015183    5.41E+07     2.2064E+05    
   4.42E+07     0.98588      0.00015204    4.42E+07     0.00015204    5.42E+07     2.2022E+05    
   4.43E+07     0.98588      0.0001516     4.43E+07     0.0001516     5.43E+07     2.1947E+05    
   4.44E+07     0.98587      0.00015123    4.44E+07     0.00015123    5.44E+07     2.1995E+05    
   4.45E+07     0.9859       0.00015256    4.45E+07     0.00015256    5.45E+07     2.2041E+05    
   4.46E+07     0.98589      0.00015222    4.46E+07     0.00015222    5.46E+07     2.2085E+05    
   4.47E+07     0.9859       0.00015227    4.47E+07     0.00015227    5.47E+07     2.2065E+05    
   4.48E+07     0.98591      0.00015189    4.48E+07     0.00015189    5.48E+07     2.2103E+05    
   4.49E+07     0.98591      0.00015153    4.49E+07     0.00015153    5.49E+07     2.2157E+05    
   4.5E+07      0.98592      0.00015115    4.5E+07      0.00015115    5.5E+07      2.2215E+05    
   4.51E+07     0.98591      0.00015073    4.51E+07     0.00015073    5.51E+07     2.2158E+05    
   4.52E+07     0.98591      0.00015037    4.52E+07     0.00015037    5.52E+07     2.2214E+05    
   4.53E+07     0.98591      0.00014997    4.53E+07     0.00014997    5.53E+07     2.2242E+05    
   4.54E+07     0.98591      0.00014955    4.54E+07     0.00014955    5.54E+07     2.23E+05      
   4.55E+07     0.98591      0.00014915    4.55E+07     0.00014915    5.55E+07     2.2317E+05    
   4.56E+07     0.98591      0.00014894    4.56E+07     0.00014894    5.56E+07     2.2349E+05    
   4.57E+07     0.9859       0.00014862    4.57E+07     0.00014862    5.57E+07     2.2382E+05    
   4.58E+07     0.98589      0.00014841    4.58E+07     0.00014841    5.58E+07     2.2429E+05    
   4.59E+07     0.98589      0.00014803    4.59E+07     0.00014803    5.59E+07     2.2451E+05    
   4.6E+07      0.98589      0.00014764    4.6E+07      0.00014764    5.6E+07      2.2449E+05    
   4.61E+07     0.98588      0.00014747    4.61E+07     0.00014747    5.61E+07     2.2315E+05    
   4.62E+07     0.98588      0.00014706    4.62E+07     0.00014706    5.62E+07     2.2268E+05    
   4.63E+07     0.98587      0.00014674    4.63E+07     0.00014674    5.63E+07     2.2324E+05    
   4.64E+07     0.98587      0.00014634    4.64E+07     0.00014634    5.64E+07     2.2208E+05    
   4.65E+07     0.98587      0.00014601    4.65E+07     0.00014601    5.65E+07     2.2254E+05    
   4.66E+07     0.98586      0.00014616    4.66E+07     0.00014616    5.66E+07     2.2166E+05    
   4.67E+07     0.98586      0.00014578    4.67E+07     0.00014578    5.67E+07     2.2125E+05    
   4.68E+07     0.98586      0.00014553    4.68E+07     0.00014553    5.68E+07     2.2132E+05    
   4.69E+07     0.98586      0.00014533    4.69E+07     0.00014533    5.69E+07     2.2118E+05    
   4.7E+07      0.98585      0.00014498    4.7E+07      0.00014498    5.7E+07      2.2166E+05    
   4.71E+07     0.98585      0.00014473    4.71E+07     0.00014473    5.71E+07     2.219E+05     
   4.72E+07     0.98584      0.00014468    4.72E+07     0.00014468    5.72E+07     2.2218E+05    
   4.73E+07     0.98584      0.00014446    4.73E+07     0.00014446    5.73E+07     2.2251E+05    
   4.74E+07     0.98584      0.00014408    4.74E+07     0.00014408    5.74E+07     2.2228E+05    
   4.75E+07     0.98584      0.00014369    4.75E+07     0.00014369    5.75E+07     2.2223E+05    
   4.76E+07     0.98585      0.00014339    4.76E+07     0.00014339    5.76E+07     2.2251E+05    
   4.77E+07     0.98584      0.00014309    4.77E+07     0.00014309    5.77E+07     2.2299E+05    
   4.78E+07     0.98585      0.00014276    4.78E+07     0.00014276    5.78E+07     2.2282E+05    
   4.79E+07     0.98584      0.00014248    4.79E+07     0.00014248    5.79E+07     2.2187E+05    
   4.8E+07      0.98585      0.00014224    4.8E+07      0.00014224    5.8E+07      2.2235E+05    
   4.81E+07     0.98584      0.00014193    4.81E+07     0.00014193    5.81E+07     2.2257E+05    
   4.82E+07     0.98585      0.0001416     4.82E+07     0.0001416     5.82E+07     2.231E+05     
   4.83E+07     0.98585      0.00014123    4.83E+07     0.00014123    5.83E+07     2.2338E+05    
   4.84E+07     0.98584      0.00014125    4.84E+07     0.00014125    5.84E+07     2.2384E+05    
   4.85E+07     0.98583      0.00014104    4.85E+07     0.00014104    5.85E+07     2.2434E+05    
   4.86E+07     0.98583      0.00014068    4.86E+07     0.00014068    5.86E+07     2.2486E+05    
   4.87E+07     0.98584      0.00014054    4.87E+07     0.00014054    5.87E+07     2.2312E+05    
   4.88E+07     0.98583      0.00014042    4.88E+07     0.00014042    5.88E+07     2.2304E+05    
   4.89E+07     0.98583      0.00014006    4.89E+07     0.00014006    5.89E+07     2.2356E+05    
   4.9E+07      0.98582      0.00014037    4.9E+07      0.00014037    5.9E+07      2.2406E+05    
   4.91E+07     0.98582      0.00014001    4.91E+07     0.00014001    5.91E+07     2.2453E+05    
   4.92E+07     0.98582      0.00013973    4.92E+07     0.00013973    5.92E+07     2.2499E+05    
   4.93E+07     0.98582      0.00013938    4.93E+07     0.00013938    5.93E+07     2.2547E+05    
   4.94E+07     0.98582      0.00013926    4.94E+07     0.00013926    5.94E+07     2.2424E+05    
   4.95E+07     0.98582      0.000139      4.95E+07     0.000139      5.95E+07     2.2445E+05    
   4.96E+07     0.98582      0.00013875    4.96E+07     0.00013875    5.96E+07     2.2439E+05    
   4.97E+07     0.98582      0.00013841    4.97E+07     0.00013841    5.97E+07     2.2374E+05    
   4.98E+07     0.98583      0.0001391     4.98E+07     0.0001391     5.98E+07     2.2428E+05    
   4.99E+07     0.98583      0.000139      4.99E+07     0.000139      5.99E+07     2.2466E+05    
   5E+07        0.98583      0.00013887    5E+07        0.00013887    6E+07        2.249E+05     
   5.01E+07     0.98583      0.00013861    5.01E+07     0.00013861    6.01E+07     2.2481E+05    
   5.02E+07     0.98582      0.00013848    5.02E+07     0.00013848    6.02E+07     2.2324E+05    
   5.03E+07     0.98583      0.0001384     5.03E+07     0.0001384     6.03E+07     2.235E+05     
   5.04E+07     0.98583      0.00013805    5.04E+07     0.00013805    6.04E+07     2.2402E+05    
   5.05E+07     0.98583      0.00013775    5.05E+07     0.00013775    6.05E+07     2.2449E+05    
   5.06E+07     0.98583      0.00013744    5.06E+07     0.00013744    6.06E+07     2.25E+05      
   5.07E+07     0.98583      0.00013711    5.07E+07     0.00013711    6.07E+07     2.2507E+05    
   5.08E+07     0.98582      0.00013695    5.08E+07     0.00013695    6.08E+07     2.2548E+05    
   5.09E+07     0.98584      0.00013739    5.09E+07     0.00013739    6.09E+07     2.2589E+05    
   5.1E+07      0.98585      0.00013803    5.1E+07      0.00013803    6.1E+07      2.2639E+05    
   5.11E+07     0.98586      0.00013774    5.11E+07     0.00013774    6.11E+07     2.2607E+05    
   5.12E+07     0.98587      0.00013757    5.12E+07     0.00013757    6.12E+07     2.2623E+05    
   5.13E+07     0.98586      0.00013724    5.13E+07     0.00013724    6.13E+07     2.2603E+05    
   5.14E+07     0.98587      0.00013692    5.14E+07     0.00013692    6.14E+07     2.2636E+05    
   5.15E+07     0.98587      0.00013686    5.15E+07     0.00013686    6.15E+07     2.2663E+05    
   5.16E+07     0.98588      0.00013657    5.16E+07     0.00013657    6.16E+07     2.2715E+05    
   5.17E+07     0.98587      0.00013638    5.17E+07     0.00013638    6.17E+07     2.2755E+05    
   5.18E+07     0.98588      0.00013612    5.18E+07     0.00013612    6.18E+07     2.2782E+05    
   5.19E+07     0.98586      0.00013648    5.19E+07     0.00013648    6.19E+07     2.2825E+05    
   5.2E+07      0.98586      0.00013633    5.2E+07      0.00013633    6.2E+07      2.2845E+05    
   5.21E+07     0.98586      0.00013601    5.21E+07     0.00013601    6.21E+07     2.2885E+05    
   5.22E+07     0.98585      0.00013575    5.22E+07     0.00013575    6.22E+07     2.2934E+05    
   5.23E+07     0.98585      0.00013545    5.23E+07     0.00013545    6.23E+07     2.2983E+05    
   5.24E+07     0.98585      0.00013518    5.24E+07     0.00013518    6.24E+07     2.3034E+05    
   5.25E+07     0.98585      0.00013488    5.25E+07     0.00013488    6.25E+07     2.3042E+05    
   5.26E+07     0.98586      0.00013478    5.26E+07     0.00013478    6.26E+07     2.3092E+05    
   5.27E+07     0.98587      0.00013471    5.27E+07     0.00013471    6.27E+07     2.3071E+05    
   5.28E+07     0.98586      0.00013482    5.28E+07     0.00013482    6.28E+07     2.2994E+05    
   5.29E+07     0.98585      0.00013457    5.29E+07     0.00013457    6.29E+07     2.3011E+05    
   5.3E+07      0.98585      0.00013427    5.3E+07      0.00013427    6.3E+07      2.3046E+05    
   5.31E+07     0.98584      0.00013405    5.31E+07     0.00013405    6.31E+07     2.3063E+05    
   5.32E+07     0.98585      0.00013376    5.32E+07     0.00013376    6.32E+07     2.2882E+05    
   5.33E+07     0.98585      0.00013345    5.33E+07     0.00013345    6.33E+07     2.2788E+05    
   5.34E+07     0.98584      0.00013318    5.34E+07     0.00013318    6.34E+07     2.282E+05     
   5.35E+07     0.98583      0.00013314    5.35E+07     0.00013314    6.35E+07     2.2856E+05    
   5.36E+07     0.98584      0.00013297    5.36E+07     0.00013297    6.36E+07     2.2846E+05    
   5.37E+07     0.98584      0.00013266    5.37E+07     0.00013266    6.37E+07     2.2876E+05    
   5.38E+07     0.98584      0.00013239    5.38E+07     0.00013239    6.38E+07     2.2782E+05    
   5.39E+07     0.98584      0.00013219    5.39E+07     0.00013219    6.39E+07     2.2818E+05    
   5.4E+07      0.98584      0.00013207    5.4E+07      0.00013207    6.4E+07      2.2848E+05    
   5.41E+07     0.98584      0.00013179    5.41E+07     0.00013179    6.41E+07     2.2897E+05    
   5.42E+07     0.98585      0.0001318     5.42E+07     0.0001318     6.42E+07     2.2896E+05    
   5.43E+07     0.98586      0.00013188    5.43E+07     0.00013188    6.43E+07     2.2905E+05    
   5.44E+07     0.98586      0.00013163    5.44E+07     0.00013163    6.44E+07     2.2954E+05    
   5.45E+07     0.98586      0.00013137    5.45E+07     0.00013137    6.45E+07     2.2814E+05    
   5.46E+07     0.98586      0.00013111    5.46E+07     0.00013111    6.46E+07     2.2853E+05    
   5.47E+07     0.98587      0.00013104    5.47E+07     0.00013104    6.47E+07     2.2898E+05    
   5.48E+07     0.98586      0.00013081    5.48E+07     0.00013081    6.48E+07     2.2882E+05    
   5.49E+07     0.98586      0.00013054    5.49E+07     0.00013054    6.49E+07     2.2882E+05    
   5.5E+07      0.98586      0.00013025    5.5E+07      0.00013025    6.5E+07      2.2878E+05    
   5.51E+07     0.98585      0.00013029    5.51E+07     0.00013029    6.51E+07     2.2926E+05    
   5.52E+07     0.98585      0.00013001    5.52E+07     0.00013001    6.52E+07     2.2864E+05    
   5.53E+07     0.98586      0.00012981    5.53E+07     0.00012981    6.53E+07     2.2755E+05    
   5.54E+07     0.98586      0.00012953    5.54E+07     0.00012953    6.54E+07     2.2796E+05    
   5.55E+07     0.98585      0.00012935    5.55E+07     0.00012935    6.55E+07     2.2768E+05    
   5.56E+07     0.98586      0.00012914    5.56E+07     0.00012914    6.56E+07     2.2814E+05    
   5.57E+07     0.98585      0.00012894    5.57E+07     0.00012894    6.57E+07     2.2861E+05    
   5.58E+07     0.98585      0.00012869    5.58E+07     0.00012869    6.58E+07     2.2851E+05    
   5.59E+07     0.98585      0.00012851    5.59E+07     0.00012851    6.59E+07     2.2883E+05    
   5.6E+07      0.98585      0.00012839    5.6E+07      0.00012839    6.6E+07      2.2928E+05    
   5.61E+07     0.98584      0.00012867    5.61E+07     0.00012867    6.61E+07     2.2924E+05    
   5.62E+07     0.98584      0.0001287     5.62E+07     0.0001287     6.62E+07     2.2866E+05    
   5.63E+07     0.98584      0.00012842    5.63E+07     0.00012842    6.63E+07     2.2897E+05    
   5.64E+07     0.98583      0.00012863    5.64E+07     0.00012863    6.64E+07     2.2936E+05    
   5.65E+07     0.98584      0.00012838    5.65E+07     0.00012838    6.65E+07     2.2751E+05    
   5.66E+07     0.98583      0.00012853    5.66E+07     0.00012853    6.66E+07     2.2707E+05    
   5.67E+07     0.98583      0.00012853    5.67E+07     0.00012853    6.67E+07     2.2745E+05    
   5.68E+07     0.98584      0.00012839    5.68E+07     0.00012839    6.68E+07     2.2749E+05    
   5.69E+07     0.98583      0.00012832    5.69E+07     0.00012832    6.69E+07     2.2794E+05    
   5.7E+07      0.98583      0.00012807    5.7E+07      0.00012807    6.7E+07      2.2814E+05    
   5.71E+07     0.98583      0.00012789    5.71E+07     0.00012789    6.71E+07     2.2844E+05    
   5.72E+07     0.98584      0.00012769    5.72E+07     0.00012769    6.72E+07     2.287E+05     
   5.73E+07     0.98584      0.00012749    5.73E+07     0.00012749    6.73E+07     2.2789E+05    
   5.74E+07     0.98585      0.00012745    5.74E+07     0.00012745    6.74E+07     2.2748E+05    
   5.75E+07     0.98586      0.00012735    5.75E+07     0.00012735    6.75E+07     2.2792E+05    
   5.76E+07     0.98585      0.00012715    5.76E+07     0.00012715    6.76E+07     2.2839E+05    
   5.77E+07     0.98586      0.0001269     5.77E+07     0.0001269     6.77E+07     2.2872E+05    
   5.78E+07     0.98586      0.00012684    5.78E+07     0.00012684    6.78E+07     2.2743E+05    
   5.79E+07     0.98585      0.00012701    5.79E+07     0.00012701    6.79E+07     2.2783E+05    
   5.8E+07      0.98585      0.00012675    5.8E+07      0.00012675    6.8E+07      2.2826E+05    
   5.81E+07     0.98586      0.00012658    5.81E+07     0.00012658    6.81E+07     2.2868E+05    
   5.82E+07     0.98586      0.00012632    5.82E+07     0.00012632    6.82E+07     2.2775E+05    
   5.83E+07     0.98586      0.00012614    5.83E+07     0.00012614    6.83E+07     2.2812E+05    
   5.84E+07     0.98586      0.00012589    5.84E+07     0.00012589    6.84E+07     2.2837E+05    
   5.85E+07     0.98586      0.00012565    5.85E+07     0.00012565    6.85E+07     2.2855E+05    
   5.86E+07     0.98586      0.00012539    5.86E+07     0.00012539    6.86E+07     2.2878E+05    
   5.87E+07     0.98587      0.00012578    5.87E+07     0.00012578    6.87E+07     2.2919E+05    
   5.88E+07     0.98587      0.00012569    5.88E+07     0.00012569    6.88E+07     2.2963E+05    
   5.89E+07     0.98587      0.00012543    5.89E+07     0.00012543    6.89E+07     2.3009E+05    
   5.9E+07      0.98586      0.00012519    5.9E+07      0.00012519    6.9E+07      2.2847E+05    
   5.91E+07     0.98587      0.00012496    5.91E+07     0.00012496    6.91E+07     2.2872E+05    
   5.92E+07     0.98586      0.00012473    5.92E+07     0.00012473    6.92E+07     2.2892E+05    
   5.93E+07     0.98586      0.00012447    5.93E+07     0.00012447    6.93E+07     2.2914E+05    
   5.94E+07     0.98585      0.00012472    5.94E+07     0.00012472    6.94E+07     2.2927E+05    
   5.95E+07     0.98585      0.00012455    5.95E+07     0.00012455    6.95E+07     2.2936E+05    
   5.96E+07     0.98585      0.00012447    5.96E+07     0.00012447    6.96E+07     2.2881E+05    
   5.97E+07     0.98585      0.00012454    5.97E+07     0.00012454    6.97E+07     2.2871E+05    
   5.98E+07     0.98585      0.00012429    5.98E+07     0.00012429    6.98E+07     2.2915E+05    
   5.99E+07     0.98584      0.00012408    5.99E+07     0.00012408    6.99E+07     2.2954E+05    
   6E+07        0.98584      0.00012391    6E+07        0.00012391    7E+07        2.2964E+05    
   6.01E+07     0.98584      0.00012381    6.01E+07     0.00012381    7.01E+07     2.2991E+05    
   6.02E+07     0.98583      0.00012415    6.02E+07     0.00012415    7.02E+07     2.3031E+05    
   6.03E+07     0.98583      0.00012398    6.03E+07     0.00012398    7.03E+07     2.3024E+05    
   6.04E+07     0.98583      0.00012373    6.04E+07     0.00012373    7.04E+07     2.2932E+05    
   6.05E+07     0.98583      0.00012349    6.05E+07     0.00012349    7.05E+07     2.2974E+05    
   6.06E+07     0.98583      0.00012325    6.06E+07     0.00012325    7.06E+07     2.2995E+05    
   6.07E+07     0.98583      0.00012312    6.07E+07     0.00012312    7.07E+07     2.3007E+05    
   6.08E+07     0.98584      0.00012291    6.08E+07     0.00012291    7.08E+07     2.2989E+05    
   6.09E+07     0.98584      0.0001227     6.09E+07     0.0001227     7.09E+07     2.2956E+05    
   6.1E+07      0.98584      0.00012246    6.1E+07      0.00012246    7.1E+07      2.2997E+05    
   6.11E+07     0.98583      0.00012245    6.11E+07     0.00012245    7.11E+07     2.3026E+05    
   6.12E+07     0.98582      0.00012231    6.12E+07     0.00012231    7.12E+07     2.2912E+05    
   6.13E+07     0.98582      0.00012226    6.13E+07     0.00012226    7.13E+07     2.2808E+05    
   6.14E+07     0.98581      0.00012206    6.14E+07     0.00012206    7.14E+07     2.2828E+05    
   6.15E+07     0.98581      0.0001219     6.15E+07     0.0001219     7.15E+07     2.2834E+05    
   6.16E+07     0.98581      0.00012166    6.16E+07     0.00012166    7.16E+07     2.2872E+05    
   6.17E+07     0.98581      0.00012144    6.17E+07     0.00012144    7.17E+07     2.2915E+05    
   6.18E+07     0.98582      0.00012128    6.18E+07     0.00012128    7.18E+07     2.2957E+05    
   6.19E+07     0.98581      0.00012106    6.19E+07     0.00012106    7.19E+07     2.2999E+05    
   6.2E+07      0.98582      0.00012092    6.2E+07      0.00012092    7.2E+07      2.3038E+05    
   6.21E+07     0.98582      0.0001207     6.21E+07     0.0001207     7.21E+07     2.2974E+05    
   6.22E+07     0.98582      0.00012048    6.22E+07     0.00012048    7.22E+07     2.298E+05     
   6.23E+07     0.98582      0.00012026    6.23E+07     0.00012026    7.23E+07     2.2888E+05    
   6.24E+07     0.98582      0.00012003    6.24E+07     0.00012003    7.24E+07     2.2904E+05    
   6.25E+07     0.98582      0.0001199     6.25E+07     0.0001199     7.25E+07     2.2904E+05    
   6.26E+07     0.98582      0.00011968    6.26E+07     0.00011968    7.26E+07     2.2839E+05    
   6.27E+07     0.98583      0.00011964    6.27E+07     0.00011964    7.27E+07     2.2857E+05    
   6.28E+07     0.98583      0.00011975    6.28E+07     0.00011975    7.28E+07     2.2884E+05    
   6.29E+07     0.98583      0.0001196     6.29E+07     0.0001196     7.29E+07     2.2919E+05    
   6.3E+07      0.98583      0.00011942    6.3E+07      0.00011942    7.3E+07      2.2944E+05    
   6.31E+07     0.98584      0.00011928    6.31E+07     0.00011928    7.31E+07     2.2977E+05    
   6.32E+07     0.98585      0.00011966    6.32E+07     0.00011966    7.32E+07     2.301E+05     
   6.33E+07     0.98586      0.00011982    6.33E+07     0.00011982    7.33E+07     2.3047E+05    
   6.34E+07     0.98586      0.00011962    6.34E+07     0.00011962    7.34E+07     2.3089E+05    
   6.35E+07     0.98587      0.00011944    6.35E+07     0.00011944    7.35E+07     2.3119E+05    
   6.36E+07     0.98586      0.00011937    6.36E+07     0.00011937    7.36E+07     2.3124E+05    
   6.37E+07     0.98586      0.0001192     6.37E+07     0.0001192     7.37E+07     2.3163E+05    
   6.38E+07     0.98585      0.00011933    6.38E+07     0.00011933    7.38E+07     2.3145E+05    
   6.39E+07     0.98584      0.00011915    6.39E+07     0.00011915    7.39E+07     2.3111E+05    
   6.4E+07      0.98584      0.00011898    6.4E+07      0.00011898    7.4E+07      2.3094E+05    
   6.41E+07     0.98584      0.00011876    6.41E+07     0.00011876    7.41E+07     2.3113E+05    
   6.42E+07     0.98584      0.00011866    6.42E+07     0.00011866    7.42E+07     2.3078E+05    
   6.43E+07     0.98584      0.00011854    6.43E+07     0.00011854    7.43E+07     2.3051E+05    
   6.44E+07     0.98584      0.00011833    6.44E+07     0.00011833    7.44E+07     2.2964E+05    
   6.45E+07     0.98585      0.0001186     6.45E+07     0.0001186     7.45E+07     2.2939E+05    
   6.46E+07     0.98585      0.0001184     6.46E+07     0.0001184     7.46E+07     2.2976E+05    
   6.47E+07     0.98585      0.00011819    6.47E+07     0.00011819    7.47E+07     2.3008E+05    
   6.48E+07     0.98585      0.00011815    6.48E+07     0.00011815    7.48E+07     2.3014E+05    
   6.49E+07     0.98585      0.00011806    6.49E+07     0.00011806    7.49E+07     2.3039E+05    
   6.5E+07      0.98586      0.00011797    6.5E+07      0.00011797    7.5E+07      2.2924E+05    
   6.51E+07     0.98586      0.00011776    6.51E+07     0.00011776    7.51E+07     2.2963E+05    
   6.52E+07     0.98585      0.00011783    6.52E+07     0.00011783    7.52E+07     2.3E+05       
   6.53E+07     0.98584      0.00011802    6.53E+07     0.00011802    7.53E+07     2.2952E+05    
   6.54E+07     0.98584      0.00011781    6.54E+07     0.00011781    7.54E+07     2.2939E+05    
   6.55E+07     0.98583      0.0001178     6.55E+07     0.0001178     7.55E+07     2.2966E+05    
   6.56E+07     0.98583      0.00011759    6.56E+07     0.00011759    7.56E+07     2.3006E+05    
   6.57E+07     0.98583      0.00011738    6.57E+07     0.00011738    7.57E+07     2.3042E+05    
   6.58E+07     0.98584      0.00011732    6.58E+07     0.00011732    7.58E+07     2.3068E+05    
   6.59E+07     0.98583      0.00011715    6.59E+07     0.00011715    7.59E+07     2.3107E+05    
   6.6E+07      0.98583      0.00011695    6.6E+07      0.00011695    7.6E+07      2.3074E+05    
   6.61E+07     0.98583      0.00011687    6.61E+07     0.00011687    7.61E+07     2.3082E+05    
   6.62E+07     0.98584      0.00011692    6.62E+07     0.00011692    7.62E+07     2.3106E+05    
   6.63E+07     0.98583      0.00011676    6.63E+07     0.00011676    7.63E+07     2.3113E+05    
   6.64E+07     0.98583      0.00011657    6.64E+07     0.00011657    7.64E+07     2.3152E+05    
   6.65E+07     0.98582      0.00011695    6.65E+07     0.00011695    7.65E+07     2.3187E+05    
   6.66E+07     0.98583      0.00011697    6.66E+07     0.00011697    7.66E+07     2.3225E+05    
   6.67E+07     0.98582      0.00011679    6.67E+07     0.00011679    7.67E+07     2.3241E+05    
   6.68E+07     0.98582      0.00011669    6.68E+07     0.00011669    7.68E+07     2.3262E+05    
   6.69E+07     0.98582      0.00011649    6.69E+07     0.00011649    7.69E+07     2.3282E+05    
   6.7E+07      0.98582      0.00011633    6.7E+07      0.00011633    7.7E+07      2.3316E+05    
   6.71E+07     0.98581      0.00011618    6.71E+07     0.00011618    7.71E+07     2.3322E+05    
   6.72E+07     0.98582      0.00011602    6.72E+07     0.00011602    7.72E+07     2.3357E+05    
   6.73E+07     0.98581      0.00011615    6.73E+07     0.00011615    7.73E+07     2.3372E+05    
   6.74E+07     0.98581      0.00011616    6.74E+07     0.00011616    7.74E+07     2.3411E+05    
   6.75E+07     0.98581      0.00011596    6.75E+07     0.00011596    7.75E+07     2.3446E+05    
   6.76E+07     0.98581      0.00011576    6.76E+07     0.00011576    7.76E+07     2.3464E+05    
   6.77E+07     0.98582      0.00011559    6.77E+07     0.00011559    7.77E+07     2.3392E+05    
   6.78E+07     0.98581      0.00011584    6.78E+07     0.00011584    7.78E+07     2.3428E+05    
   6.79E+07     0.98581      0.00011564    6.79E+07     0.00011564    7.79E+07     2.3434E+05    
   6.8E+07      0.98581      0.00011545    6.8E+07      0.00011545    7.8E+07      2.3444E+05    
   6.81E+07     0.98581      0.00011526    6.81E+07     0.00011526    7.81E+07     2.3362E+05    
   6.82E+07     0.98582      0.00011542    6.82E+07     0.00011542    7.82E+07     2.3317E+05    
   6.83E+07     0.98582      0.00011523    6.83E+07     0.00011523    7.83E+07     2.3352E+05    
   6.84E+07     0.98582      0.00011508    6.84E+07     0.00011508    7.84E+07     2.3379E+05    
   6.85E+07     0.98582      0.00011495    6.85E+07     0.00011495    7.85E+07     2.3394E+05    
   6.86E+07     0.98582      0.00011482    6.86E+07     0.00011482    7.86E+07     2.3421E+05    
   6.87E+07     0.98582      0.00011462    6.87E+07     0.00011462    7.87E+07     2.344E+05     
   6.88E+07     0.98582      0.00011443    6.88E+07     0.00011443    7.88E+07     2.3466E+05    
   6.89E+07     0.98582      0.00011424    6.89E+07     0.00011424    7.89E+07     2.3494E+05    
   6.9E+07      0.98581      0.00011455    6.9E+07      0.00011455    7.9E+07      2.3511E+05    
   6.91E+07     0.9858       0.00011441    6.91E+07     0.00011441    7.91E+07     2.3538E+05    
   6.92E+07     0.98581      0.00011428    6.92E+07     0.00011428    7.92E+07     2.3489E+05    
   6.93E+07     0.9858       0.00011415    6.93E+07     0.00011415    7.93E+07     2.3456E+05    
   6.94E+07     0.9858       0.00011403    6.94E+07     0.00011403    7.94E+07     2.3482E+05    
   6.95E+07     0.98579      0.00011392    6.95E+07     0.00011392    7.95E+07     2.3519E+05    
   6.96E+07     0.98579      0.00011398    6.96E+07     0.00011398    7.96E+07     2.3558E+05    
   6.97E+07     0.98579      0.00011392    6.97E+07     0.00011392    7.97E+07     2.3587E+05    
   6.98E+07     0.98579      0.00011374    6.98E+07     0.00011374    7.98E+07     2.3621E+05    
   6.99E+07     0.98579      0.00011355    6.99E+07     0.00011355    7.99E+07     2.3652E+05    
   7E+07        0.98579      0.00011345    7E+07        0.00011345    8E+07        2.3667E+05    
   7.01E+07     0.98579      0.0001133     7.01E+07     0.0001133     8.01E+07     2.3672E+05    
   7.02E+07     0.98579      0.00011312    7.02E+07     0.00011312    8.02E+07     2.37E+05      
   7.03E+07     0.9858       0.00011305    7.03E+07     0.00011305    8.03E+07     2.3725E+05    
   7.04E+07     0.98579      0.0001132     7.04E+07     0.0001132     8.04E+07     2.3757E+05    
   7.05E+07     0.98579      0.00011302    7.05E+07     0.00011302    8.05E+07     2.3796E+05    
   7.06E+07     0.98579      0.00011289    7.06E+07     0.00011289    8.06E+07     2.383E+05     
   7.07E+07     0.98579      0.00011277    7.07E+07     0.00011277    8.07E+07     2.3852E+05    
   7.08E+07     0.98579      0.00011274    7.08E+07     0.00011274    8.08E+07     2.3843E+05    
   7.09E+07     0.9858       0.00011274    7.09E+07     0.00011274    8.09E+07     2.3874E+05    
   7.1E+07      0.9858       0.00011256    7.1E+07      0.00011256    8.1E+07      2.389E+05     
   7.11E+07     0.9858       0.00011241    7.11E+07     0.00011241    8.11E+07     2.3877E+05    
   7.12E+07     0.98579      0.00011261    7.12E+07     0.00011261    8.12E+07     2.3851E+05    
   7.13E+07     0.98578      0.00011279    7.13E+07     0.00011279    8.13E+07     2.3883E+05    
   7.14E+07     0.98578      0.00011266    7.14E+07     0.00011266    8.14E+07     2.3902E+05    
   7.15E+07     0.98577      0.00011257    7.15E+07     0.00011257    8.15E+07     2.3935E+05    
   7.16E+07     0.98577      0.00011239    7.16E+07     0.00011239    8.16E+07     2.3904E+05    
   7.17E+07     0.98577      0.00011221    7.17E+07     0.00011221    8.17E+07     2.3938E+05    
   7.18E+07     0.98577      0.00011203    7.18E+07     0.00011203    8.18E+07     2.3914E+05    
   7.19E+07     0.98577      0.00011185    7.19E+07     0.00011185    8.19E+07     2.3951E+05    
   7.2E+07      0.98577      0.00011167    7.2E+07      0.00011167    8.2E+07      2.3967E+05    
   7.21E+07     0.98576      0.00011175    7.21E+07     0.00011175    8.21E+07     2.4004E+05    
   7.22E+07     0.98576      0.00011166    7.22E+07     0.00011166    8.22E+07     2.4035E+05    
   7.23E+07     0.98577      0.00011181    7.23E+07     0.00011181    8.23E+07     2.4051E+05    
   7.24E+07     0.98577      0.00011169    7.24E+07     0.00011169    8.24E+07     2.4086E+05    
   7.25E+07     0.98577      0.00011162    7.25E+07     0.00011162    8.25E+07     2.4096E+05    
   7.26E+07     0.98576      0.0001117     7.26E+07     0.0001117     8.26E+07     2.4097E+05    
   7.27E+07     0.98576      0.00011158    7.27E+07     0.00011158    8.27E+07     2.41E+05      
   7.28E+07     0.98575      0.00011144    7.28E+07     0.00011144    8.28E+07     2.4136E+05    
   7.29E+07     0.98575      0.00011128    7.29E+07     0.00011128    8.29E+07     2.4173E+05    
   7.3E+07      0.98576      0.00011114    7.3E+07      0.00011114    8.3E+07      2.4181E+05    
   7.31E+07     0.98576      0.00011098    7.31E+07     0.00011098    8.31E+07     2.4173E+05    
   7.32E+07     0.98576      0.00011081    7.32E+07     0.00011081    8.32E+07     2.4185E+05    
   7.33E+07     0.98576      0.00011065    7.33E+07     0.00011065    8.33E+07     2.4219E+05    
   7.34E+07     0.98576      0.00011048    7.34E+07     0.00011048    8.34E+07     2.4224E+05    
   7.35E+07     0.98576      0.00011033    7.35E+07     0.00011033    8.35E+07     2.4229E+05    
   7.36E+07     0.98575      0.00011023    7.36E+07     0.00011023    8.36E+07     2.4247E+05    
   7.37E+07     0.98575      0.00011006    7.37E+07     0.00011006    8.37E+07     2.4284E+05    
   7.38E+07     0.98576      0.00011004    7.38E+07     0.00011004    8.38E+07     2.4287E+05    
   7.39E+07     0.98577      0.00011004    7.39E+07     0.00011004    8.39E+07     2.4282E+05    
   7.4E+07      0.98577      0.00011001    7.4E+07      0.00011001    8.4E+07      2.4316E+05    
   7.41E+07     0.98578      0.00010989    7.41E+07     0.00010989    8.41E+07     2.4321E+05    
   7.42E+07     0.98577      0.00010989    7.42E+07     0.00010989    8.42E+07     2.436E+05     
   7.43E+07     0.98578      0.00010989    7.43E+07     0.00010989    8.43E+07     2.4361E+05    
   7.44E+07     0.98577      0.00011001    7.44E+07     0.00011001    8.44E+07     2.4397E+05    
   7.45E+07     0.98576      0.00011       7.45E+07     0.00011       8.45E+07     2.4425E+05    
   7.46E+07     0.98576      0.00010984    7.46E+07     0.00010984    8.46E+07     2.4456E+05    
   7.47E+07     0.98576      0.00010969    7.47E+07     0.00010969    8.47E+07     2.4313E+05    
   7.48E+07     0.98576      0.0001096     7.48E+07     0.0001096     8.48E+07     2.4344E+05    
   7.49E+07     0.98576      0.00010946    7.49E+07     0.00010946    8.49E+07     2.4324E+05    
   7.5E+07      0.98577      0.00010966    7.5E+07      0.00010966    8.5E+07      2.4328E+05    
   7.51E+07     0.98577      0.0001095     7.51E+07     0.0001095     8.51E+07     2.4342E+05    
   7.52E+07     0.98577      0.00010934    7.52E+07     0.00010934    8.52E+07     2.438E+05     
   7.53E+07     0.98577      0.00010937    7.53E+07     0.00010937    8.53E+07     2.4404E+05    
   7.54E+07     0.98578      0.00010933    7.54E+07     0.00010933    8.54E+07     2.4433E+05    
   7.55E+07     0.98578      0.0001092     7.55E+07     0.0001092     8.55E+07     2.4454E+05    
   7.56E+07     0.98578      0.00010903    7.56E+07     0.00010903    8.56E+07     2.449E+05     
   7.57E+07     0.98578      0.00010887    7.57E+07     0.00010887    8.57E+07     2.4442E+05    
   7.58E+07     0.98578      0.00010874    7.58E+07     0.00010874    8.58E+07     2.4477E+05    
   7.59E+07     0.98578      0.00010858    7.59E+07     0.00010858    8.59E+07     2.4489E+05    
   7.6E+07      0.98578      0.00010859    7.6E+07      0.00010859    8.6E+07      2.4414E+05    
   7.61E+07     0.98579      0.00010849    7.61E+07     0.00010849    8.61E+07     2.4385E+05    
   7.62E+07     0.98579      0.00010836    7.62E+07     0.00010836    8.62E+07     2.4307E+05    
   7.63E+07     0.98579      0.00010827    7.63E+07     0.00010827    8.63E+07     2.4322E+05    
   7.64E+07     0.98579      0.00010811    7.64E+07     0.00010811    8.64E+07     2.4354E+05    
   7.65E+07     0.98579      0.00010796    7.65E+07     0.00010796    8.65E+07     2.4371E+05    
   7.66E+07     0.98578      0.0001078     7.66E+07     0.0001078     8.66E+07     2.4407E+05    
   7.67E+07     0.98578      0.00010769    7.67E+07     0.00010769    8.67E+07     2.4444E+05    
   7.68E+07     0.98578      0.00010758    7.68E+07     0.00010758    8.68E+07     2.4402E+05    
   7.69E+07     0.98579      0.00010746    7.69E+07     0.00010746    8.69E+07     2.4428E+05    
   7.7E+07      0.98578      0.00010731    7.7E+07      0.00010731    8.7E+07      2.4286E+05    
   7.71E+07     0.98578      0.00010723    7.71E+07     0.00010723    8.71E+07     2.4257E+05    
   7.72E+07     0.98578      0.00010708    7.72E+07     0.00010708    8.72E+07     2.4274E+05    
   7.73E+07     0.98578      0.00010697    7.73E+07     0.00010697    8.73E+07     2.43E+05      
   7.74E+07     0.98578      0.00010681    7.74E+07     0.00010681    8.74E+07     2.4327E+05    
   7.75E+07     0.98578      0.00010667    7.75E+07     0.00010667    8.75E+07     2.4303E+05    
   7.76E+07     0.98578      0.00010656    7.76E+07     0.00010656    8.76E+07     2.4325E+05    
   7.77E+07     0.98579      0.00010665    7.77E+07     0.00010665    8.77E+07     2.4329E+05    
   7.78E+07     0.98579      0.0001065     7.78E+07     0.0001065     8.78E+07     2.4364E+05    
   7.79E+07     0.98579      0.00010642    7.79E+07     0.00010642    8.79E+07     2.4383E+05    
   7.8E+07      0.9858       0.00010633    7.8E+07      0.00010633    8.8E+07      2.4367E+05    
   7.81E+07     0.98579      0.00010644    7.81E+07     0.00010644    8.81E+07     2.44E+05      
   7.82E+07     0.98578      0.00010648    7.82E+07     0.00010648    8.82E+07     2.4414E+05    
   7.83E+07     0.98578      0.00010633    7.83E+07     0.00010633    8.83E+07     2.4427E+05    
   7.84E+07     0.98579      0.0001062     7.84E+07     0.0001062     8.84E+07     2.4446E+05    
   7.85E+07     0.98579      0.0001061     7.85E+07     0.0001061     8.85E+07     2.4476E+05    
   7.86E+07     0.98579      0.00010597    7.86E+07     0.00010597    8.86E+07     2.4473E+05    
   7.87E+07     0.98579      0.00010586    7.87E+07     0.00010586    8.87E+07     2.4409E+05    
   7.88E+07     0.98579      0.00010574    7.88E+07     0.00010574    8.88E+07     2.4437E+05    
   7.89E+07     0.98579      0.00010561    7.89E+07     0.00010561    8.89E+07     2.447E+05     
   7.9E+07      0.98579      0.0001055     7.9E+07      0.0001055     8.9E+07      2.4419E+05    
   7.91E+07     0.98579      0.00010537    7.91E+07     0.00010537    8.91E+07     2.4453E+05    
   7.92E+07     0.9858       0.00010541    7.92E+07     0.00010541    8.92E+07     2.4457E+05    
   7.93E+07     0.9858       0.00010542    7.93E+07     0.00010542    8.93E+07     2.4408E+05    
   7.94E+07     0.9858       0.00010528    7.94E+07     0.00010528    8.94E+07     2.444E+05     
   7.95E+07     0.9858       0.00010514    7.95E+07     0.00010514    8.95E+07     2.4474E+05    
   7.96E+07     0.9858       0.00010499    7.96E+07     0.00010499    8.96E+07     2.4446E+05    
   7.97E+07     0.9858       0.00010486    7.97E+07     0.00010486    8.97E+07     2.4479E+05    
   7.98E+07     0.9858       0.00010471    7.98E+07     0.00010471    8.98E+07     2.4514E+05    
   7.99E+07     0.98581      0.00010458    7.99E+07     0.00010458    8.99E+07     2.4519E+05    
   8E+07        0.98581      0.00010448    8E+07        0.00010448    9E+07        2.4471E+05    
   8.01E+07     0.98581      0.00010441    8.01E+07     0.00010441    9.01E+07     2.4495E+05    
   8.02E+07     0.98581      0.00010427    8.02E+07     0.00010427    9.02E+07     2.4527E+05    
   8.03E+07     0.98581      0.00010416    8.03E+07     0.00010416    9.03E+07     2.4553E+05    
   8.04E+07     0.98581      0.00010402    8.04E+07     0.00010402    9.04E+07     2.4588E+05    
   8.05E+07     0.98581      0.00010388    8.05E+07     0.00010388    9.05E+07     2.4592E+05    
   8.06E+07     0.98581      0.00010373    8.06E+07     0.00010373    9.06E+07     2.4448E+05    
   8.07E+07     0.98581      0.00010362    8.07E+07     0.00010362    9.07E+07     2.4473E+05    
   8.08E+07     0.9858       0.00010357    8.08E+07     0.00010357    9.08E+07     2.449E+05     
   8.09E+07     0.9858       0.00010345    8.09E+07     0.00010345    9.09E+07     2.4503E+05    
   8.1E+07      0.98581      0.00010334    8.1E+07      0.00010334    9.1E+07      2.4497E+05    
   8.11E+07     0.9858       0.00010331    8.11E+07     0.00010331    9.11E+07     2.446E+05     
   8.12E+07     0.98581      0.0001033     8.12E+07     0.0001033     9.12E+07     2.4492E+05    
   8.13E+07     0.98581      0.00010317    8.13E+07     0.00010317    9.13E+07     2.45E+05      
   8.14E+07     0.98581      0.00010306    8.14E+07     0.00010306    9.14E+07     2.4533E+05    
   8.15E+07     0.98581      0.00010293    8.15E+07     0.00010293    9.15E+07     2.4506E+05    
   8.16E+07     0.9858       0.00010293    8.16E+07     0.00010293    9.16E+07     2.4494E+05    
   8.17E+07     0.9858       0.0001028     8.17E+07     0.0001028     9.17E+07     2.451E+05     
   8.18E+07     0.98581      0.00010278    8.18E+07     0.00010278    9.18E+07     2.4537E+05    
   8.19E+07     0.98581      0.00010264    8.19E+07     0.00010264    9.19E+07     2.4571E+05    
   8.2E+07      0.9858       0.00010255    8.2E+07      0.00010255    9.2E+07      2.4549E+05    
   8.21E+07     0.9858       0.00010241    8.21E+07     0.00010241    9.21E+07     2.4539E+05    
   8.22E+07     0.9858       0.00010227    8.22E+07     0.00010227    9.22E+07     2.4544E+05    
   8.23E+07     0.9858       0.00010217    8.23E+07     0.00010217    9.23E+07     2.4491E+05    
   8.24E+07     0.9858       0.00010204    8.24E+07     0.00010204    9.24E+07     2.4517E+05    
   8.25E+07     0.9858       0.00010196    8.25E+07     0.00010196    9.25E+07     2.4534E+05    
   8.26E+07     0.9858       0.00010188    8.26E+07     0.00010188    9.26E+07     2.4566E+05    
   8.27E+07     0.98581      0.00010182    8.27E+07     0.00010182    9.27E+07     2.4588E+05    
   8.28E+07     0.98581      0.00010168    8.28E+07     0.00010168    9.28E+07     2.4623E+05    
   8.29E+07     0.98581      0.00010155    8.29E+07     0.00010155    9.29E+07     2.465E+05     
   8.3E+07      0.98581      0.00010147    8.3E+07      0.00010147    9.3E+07      2.4659E+05    
   8.31E+07     0.98581      0.00010142    8.31E+07     0.00010142    9.31E+07     2.4607E+05    
   8.32E+07     0.98581      0.00010133    8.32E+07     0.00010133    9.32E+07     2.464E+05     
   8.33E+07     0.98581      0.0001012     8.33E+07     0.0001012     9.33E+07     2.4666E+05    
   8.34E+07     0.98581      0.00010113    8.34E+07     0.00010113    9.34E+07     2.4686E+05    
   8.35E+07     0.98581      0.00010105    8.35E+07     0.00010105    9.35E+07     2.472E+05     
   8.36E+07     0.98581      0.00010095    8.36E+07     0.00010095    9.36E+07     2.4704E+05    
   8.37E+07     0.98581      0.00010082    8.37E+07     0.00010082    9.37E+07     2.4732E+05    
   8.38E+07     0.98581      0.00010075    8.38E+07     0.00010075    9.38E+07     2.4751E+05    
   8.39E+07     0.98581      0.0001007     8.39E+07     0.0001007     9.39E+07     2.4708E+05    
   8.4E+07      0.98581      0.00010057    8.4E+07      0.00010057    9.4E+07      2.4677E+05    
   8.41E+07     0.98581      0.0001005     8.41E+07     0.0001005     9.41E+07     2.471E+05     
   8.42E+07     0.98581      0.00010036    8.42E+07     0.00010036    9.42E+07     2.4727E+05    
   8.43E+07     0.9858       0.00010029    8.43E+07     0.00010029    9.43E+07     2.476E+05     
   8.44E+07     0.9858       0.00010017    8.44E+07     0.00010017    9.44E+07     2.4737E+05    
   8.45E+07     0.9858       0.00010005    8.45E+07     0.00010005    9.45E+07     2.463E+05     
   8.46E+07     0.9858       9.9929E-05    8.46E+07     9.9929E-05    9.46E+07     2.4654E+05    
   8.47E+07     0.98581      0.00010015    8.47E+07     0.00010015    9.47E+07     2.4683E+05    
   8.48E+07     0.98581      0.00010004    8.48E+07     0.00010004    9.48E+07     2.4711E+05    
   8.49E+07     0.9858       0.00010002    8.49E+07     0.00010002    9.49E+07     2.4729E+05    
   8.5E+07      0.9858       9.9954E-05    8.5E+07      9.9954E-05    9.5E+07      2.4753E+05    
   8.51E+07     0.9858       9.9858E-05    8.51E+07     9.9858E-05    9.51E+07     2.4785E+05    
   8.52E+07     0.9858       9.9726E-05    8.52E+07     9.9726E-05    9.52E+07     2.4803E+05    
   8.53E+07     0.9858       9.9622E-05    8.53E+07     9.9622E-05    9.53E+07     2.4816E+05    
   8.54E+07     0.98579      9.9504E-05    8.54E+07     9.9504E-05    9.54E+07     2.4829E+05    
   8.55E+07     0.9858       9.9397E-05    8.55E+07     9.9397E-05    9.55E+07     2.4849E+05    
   8.56E+07     0.9858       9.9266E-05    8.56E+07     9.9266E-05    9.56E+07     2.4874E+05    
   8.57E+07     0.9858       9.9308E-05    8.57E+07     9.9308E-05    9.57E+07     2.4873E+05    
   8.58E+07     0.9858       9.9178E-05    8.58E+07     9.9178E-05    9.58E+07     2.4902E+05    
   8.59E+07     0.9858       9.9093E-05    8.59E+07     9.9093E-05    9.59E+07     2.4819E+05    
   8.6E+07      0.98579      9.9188E-05    8.6E+07      9.9188E-05    9.6E+07      2.4839E+05    
   8.61E+07     0.98579      9.9191E-05    8.61E+07     9.9191E-05    9.61E+07     2.4851E+05    
   8.62E+07     0.98579      9.9291E-05    8.62E+07     9.9291E-05    9.62E+07     2.487E+05     
   8.63E+07     0.98579      9.9198E-05    8.63E+07     9.9198E-05    9.63E+07     2.49E+05      
   8.64E+07     0.98579      9.9076E-05    8.64E+07     9.9076E-05    9.64E+07     2.4925E+05    
   8.65E+07     0.98579      9.8986E-05    8.65E+07     9.8986E-05    9.65E+07     2.4901E+05    
   8.66E+07     0.9858       9.8857E-05    8.66E+07     9.8857E-05    9.66E+07     2.4902E+05    
   8.67E+07     0.9858       9.8728E-05    8.67E+07     9.8728E-05    9.67E+07     2.4918E+05    
   8.68E+07     0.98579      9.8751E-05    8.68E+07     9.8751E-05    9.68E+07     2.4922E+05    
   8.69E+07     0.98579      9.8643E-05    8.69E+07     9.8643E-05    9.69E+07     2.4923E+05    
   8.7E+07      0.9858       9.8875E-05    8.7E+07      9.8875E-05    9.7E+07      2.4946E+05    
   8.71E+07     0.98581      9.8878E-05    8.71E+07     9.8878E-05    9.71E+07     2.4953E+05    
   8.72E+07     0.9858       9.8782E-05    8.72E+07     9.8782E-05    9.72E+07     2.4976E+05    
   8.73E+07     0.9858       9.8671E-05    8.73E+07     9.8671E-05    9.73E+07     2.499E+05     
   8.74E+07     0.9858       9.8564E-05    8.74E+07     9.8564E-05    9.74E+07     2.5016E+05    
   8.75E+07     0.98579      9.8556E-05    8.75E+07     9.8556E-05    9.75E+07     2.5045E+05    
   8.76E+07     0.98579      9.8454E-05    8.76E+07     9.8454E-05    9.76E+07     2.5066E+05    
   8.77E+07     0.98579      9.8389E-05    8.77E+07     9.8389E-05    9.77E+07     2.5099E+05    
   8.78E+07     0.98579      9.8264E-05    8.78E+07     9.8264E-05    9.78E+07     2.512E+05     
   8.79E+07     0.98579      9.817E-05     8.79E+07     9.817E-05     9.79E+07     2.5035E+05    
   8.8E+07      0.98578      9.8145E-05    8.8E+07      9.8145E-05    9.8E+07      2.5053E+05    
   8.81E+07     0.98578      9.8026E-05    8.81E+07     9.8026E-05    9.81E+07     2.5072E+05    
   8.82E+07     0.98578      9.7942E-05    8.82E+07     9.7942E-05    9.82E+07     2.5101E+05    
   8.83E+07     0.98578      9.7864E-05    8.83E+07     9.7864E-05    9.83E+07     2.5129E+05    
   8.84E+07     0.98578      9.7761E-05    8.84E+07     9.7761E-05    9.84E+07     2.5159E+05    
   8.85E+07     0.98578      9.7646E-05    8.85E+07     9.7646E-05    9.85E+07     2.5189E+05    
   8.86E+07     0.98578      9.7597E-05    8.86E+07     9.7597E-05    9.86E+07     2.5215E+05    
   8.87E+07     0.98579      9.7672E-05    8.87E+07     9.7672E-05    9.87E+07     2.5171E+05    
   8.88E+07     0.98579      9.7557E-05    8.88E+07     9.7557E-05    9.88E+07     2.5165E+05    
   8.89E+07     0.98579      9.7438E-05    8.89E+07     9.7438E-05    9.89E+07     2.5179E+05    
   8.9E+07      0.98579      9.7484E-05    8.9E+07      9.7484E-05    9.9E+07      2.5097E+05    
   8.91E+07     0.98579      9.7363E-05    8.91E+07     9.7363E-05    9.91E+07     2.5029E+05    
   8.92E+07     0.98579      9.7293E-05    8.92E+07     9.7293E-05    9.92E+07     2.5026E+05    
   8.93E+07     0.98579      9.7339E-05    8.93E+07     9.7339E-05    9.93E+07     2.5041E+05    
   8.94E+07     0.98579      9.7222E-05    8.94E+07     9.7222E-05    9.94E+07     2.4999E+05    
   8.95E+07     0.98579      9.7103E-05    8.95E+07     9.7103E-05    9.95E+07     2.5017E+05    
   8.96E+07     0.9858       9.7099E-05    8.96E+07     9.7099E-05    9.96E+07     2.5043E+05    
   8.97E+07     0.9858       9.6978E-05    8.97E+07     9.6978E-05    9.97E+07     2.507E+05     
   8.98E+07     0.9858       9.6857E-05    8.98E+07     9.6857E-05    9.98E+07     2.5038E+05    
   8.99E+07     0.9858       9.6794E-05    8.99E+07     9.6794E-05    9.99E+07     2.5058E+05    
   9E+07        0.9858       9.6833E-05    9E+07        9.6833E-05    1E+08        2.5066E+05    
   9.01E+07     0.9858       9.6735E-05    9.01E+07     9.6735E-05    
   9.02E+07     0.9858       9.662E-05     9.02E+07     9.662E-05     
   9.03E+07     0.9858       9.6517E-05    9.03E+07     9.6517E-05    
   9.04E+07     0.9858       9.6397E-05    9.04E+07     9.6397E-05    
   9.05E+07     0.98581      9.6329E-05    9.05E+07     9.6329E-05    
   9.06E+07     0.98581      9.6561E-05    9.06E+07     9.6561E-05    
   9.07E+07     0.98581      9.6457E-05    9.07E+07     9.6457E-05    
   9.08E+07     0.98582      9.6374E-05    9.08E+07     9.6374E-05    
   9.09E+07     0.98581      9.6295E-05    9.09E+07     9.6295E-05    
   9.1E+07      0.98581      9.6255E-05    9.1E+07      9.6255E-05    
   9.11E+07     0.9858       9.6278E-05    9.11E+07     9.6278E-05    
   9.12E+07     0.9858       9.6162E-05    9.12E+07     9.6162E-05    
   9.13E+07     0.9858       9.6087E-05    9.13E+07     9.6087E-05    
   9.14E+07     0.9858       9.5971E-05    9.14E+07     9.5971E-05    
   9.15E+07     0.9858       9.5973E-05    9.15E+07     9.5973E-05    
   9.16E+07     0.9858       9.5941E-05    9.16E+07     9.5941E-05    
   9.17E+07     0.9858       9.5857E-05    9.17E+07     9.5857E-05    
   9.18E+07     0.9858       9.5752E-05    9.18E+07     9.5752E-05    
   9.19E+07     0.9858       9.5637E-05    9.19E+07     9.5637E-05    
   9.2E+07      0.9858       9.5626E-05    9.2E+07      9.5626E-05    
   9.21E+07     0.9858       9.5586E-05    9.21E+07     9.5586E-05    
   9.22E+07     0.98579      9.5524E-05    9.22E+07     9.5524E-05    
   9.23E+07     0.9858       9.5578E-05    9.23E+07     9.5578E-05    
   9.24E+07     0.9858       9.5477E-05    9.24E+07     9.5477E-05    
   9.25E+07     0.9858       9.5389E-05    9.25E+07     9.5389E-05    
   9.26E+07     0.9858       9.5279E-05    9.26E+07     9.5279E-05    
   9.27E+07     0.9858       9.5184E-05    9.27E+07     9.5184E-05    
   9.28E+07     0.9858       9.5069E-05    9.28E+07     9.5069E-05    
   9.29E+07     0.9858       9.4961E-05    9.29E+07     9.4961E-05    
   9.3E+07      0.9858       9.4896E-05    9.3E+07      9.4896E-05    
   9.31E+07     0.9858       9.4943E-05    9.31E+07     9.4943E-05    
   9.32E+07     0.98581      9.4832E-05    9.32E+07     9.4832E-05    
   9.33E+07     0.98581      9.4725E-05    9.33E+07     9.4725E-05    
   9.34E+07     0.98581      9.4637E-05    9.34E+07     9.4637E-05    
   9.35E+07     0.98581      9.4524E-05    9.35E+07     9.4524E-05    
   9.36E+07     0.9858       9.4502E-05    9.36E+07     9.4502E-05    
   9.37E+07     0.98581      9.4396E-05    9.37E+07     9.4396E-05    
   9.38E+07     0.9858       9.4307E-05    9.38E+07     9.4307E-05    
   9.39E+07     0.9858       9.4341E-05    9.39E+07     9.4341E-05    
   9.4E+07      0.98579      9.4348E-05    9.4E+07      9.4348E-05    
   9.41E+07     0.98579      9.4237E-05    9.41E+07     9.4237E-05    
   9.42E+07     0.98579      9.4149E-05    9.42E+07     9.4149E-05    
   9.43E+07     0.98579      9.4039E-05    9.43E+07     9.4039E-05    
   9.44E+07     0.98579      9.4032E-05    9.44E+07     9.4032E-05    
   9.45E+07     0.98579      9.4188E-05    9.45E+07     9.4188E-05    
   9.46E+07     0.98579      9.4082E-05    9.46E+07     9.4082E-05    
   9.47E+07     0.9858       9.398E-05     9.47E+07     9.398E-05     
   9.48E+07     0.98579      9.3876E-05    9.48E+07     9.3876E-05    
   9.49E+07     0.9858       9.3795E-05    9.49E+07     9.3795E-05    
   9.5E+07      0.9858       9.3693E-05    9.5E+07      9.3693E-05    
   9.51E+07     0.9858       9.3587E-05    9.51E+07     9.3587E-05    
   9.52E+07     0.98579      9.3505E-05    9.52E+07     9.3505E-05    
   9.53E+07     0.98579      9.3434E-05    9.53E+07     9.3434E-05    
   9.54E+07     0.98579      9.3357E-05    9.54E+07     9.3357E-05    
   9.55E+07     0.98579      9.327E-05     9.55E+07     9.327E-05     
   9.56E+07     0.98579      9.3176E-05    9.56E+07     9.3176E-05    
   9.57E+07     0.98579      9.3129E-05    9.57E+07     9.3129E-05    
   9.58E+07     0.98579      9.3022E-05    9.58E+07     9.3022E-05    
   9.59E+07     0.98579      9.3129E-05    9.59E+07     9.3129E-05    
   9.6E+07      0.98578      9.3045E-05    9.6E+07      9.3045E-05    
   9.61E+07     0.98578      9.2975E-05    9.61E+07     9.2975E-05    
   9.62E+07     0.98578      9.2892E-05    9.62E+07     9.2892E-05    
   9.63E+07     0.98578      9.2785E-05    9.63E+07     9.2785E-05    
   9.64E+07     0.98578      9.2694E-05    9.64E+07     9.2694E-05    
   9.65E+07     0.98579      9.2693E-05    9.65E+07     9.2693E-05    
   9.66E+07     0.98579      9.2635E-05    9.66E+07     9.2635E-05    
   9.67E+07     0.98579      9.2559E-05    9.67E+07     9.2559E-05    
   9.68E+07     0.98579      9.2505E-05    9.68E+07     9.2505E-05    
   9.69E+07     0.98578      9.2458E-05    9.69E+07     9.2458E-05    
   9.7E+07      0.98578      9.2362E-05    9.7E+07      9.2362E-05    
   9.71E+07     0.98578      9.2304E-05    9.71E+07     9.2304E-05    
   9.72E+07     0.98578      9.2212E-05    9.72E+07     9.2212E-05    
   9.73E+07     0.98578      9.2143E-05    9.73E+07     9.2143E-05    
   9.74E+07     0.98578      9.2041E-05    9.74E+07     9.2041E-05    
   9.75E+07     0.98578      9.1944E-05    9.75E+07     9.1944E-05    
   9.76E+07     0.98578      9.1857E-05    9.76E+07     9.1857E-05    
   9.77E+07     0.98578      9.1752E-05    9.77E+07     9.1752E-05    
   9.78E+07     0.98578      9.1658E-05    9.78E+07     9.1658E-05    
   9.79E+07     0.98579      9.1768E-05    9.79E+07     9.1768E-05    
   9.8E+07      0.98579      9.1691E-05    9.8E+07      9.1691E-05    
   9.81E+07     0.98579      9.1609E-05    9.81E+07     9.1609E-05    
   9.82E+07     0.98579      9.1505E-05    9.82E+07     9.1505E-05    
   9.83E+07     0.98579      9.1407E-05    9.83E+07     9.1407E-05    
   9.84E+07     0.98579      9.1309E-05    9.84E+07     9.1309E-05    
   9.85E+07     0.98579      9.1208E-05    9.85E+07     9.1208E-05    
   9.86E+07     0.98579      9.1114E-05    9.86E+07     9.1114E-05    
   9.87E+07     0.98579      9.1144E-05    9.87E+07     9.1144E-05    
   9.88E+07     0.98579      9.1111E-05    9.88E+07     9.1111E-05    
   9.89E+07     0.98579      9.1038E-05    9.89E+07     9.1038E-05    
   9.9E+07      0.98578      9.1143E-05    9.9E+07      9.1143E-05    
   9.91E+07     0.98579      9.1216E-05    9.91E+07     9.1216E-05    
   9.92E+07     0.98579      9.1177E-05    9.92E+07     9.1177E-05    
   9.93E+07     0.98579      9.1106E-05    9.93E+07     9.1106E-05    
   9.94E+07     0.98578      9.1137E-05    9.94E+07     9.1137E-05    
   9.95E+07     0.98579      9.1054E-05    9.95E+07     9.1054E-05    
   9.96E+07     0.98578      9.0962E-05    9.96E+07     9.0962E-05    
   9.97E+07     0.98579      9.0869E-05    9.97E+07     9.0869E-05    
   9.98E+07     0.98579      9.088E-05     9.98E+07     9.088E-05     
   9.99E+07     0.98579      9.0795E-05    9.99E+07     9.0795E-05    
   1E+08        0.98579      9.0734E-05    1E+08        9.0734E-05    
