# This file is written with the intent of being used to plot the data with 
# Gnuplot.  It contains no information regarding how the plot should be 
# formatted.
# =========================================================================
# Research/ArnoldivsPower -f Power1-61.dat -t 100000 -A -c 100 -C 900 -w 20 -b 75 -r  seed = 3399001376
# filename = Power1-61.dat, run = true, power = true, Arnoldi = false, storevectors = 0, raw = false, evectors = 2, evalues = 2, residual = false, arnoldimethod = implicit, tol = 2.22045e-16, verbose = 1, seed = 0, width = 20, bins = 75, acycles = 900, incycles = 100, active = 20, inactive = 0, Iterations = 10, numValues = 2, relaxed = 0, tracks = 100000, ignore_rest = false, version = false, help = false, 

#  1            2            3             4            5             6            7             8            9            
# |-            Power values           -| |-   Power eValues SD   -| |-       FOM-Power      -| |-     Power vector     -| 
#  x-coord      y-coord      error         x-coord      y-coord       x-coord      y-coord       x-coord      y-coord       
   1E+05        0.95474      0             1E+05        0             1.01E+07     0             0.13333      0.017618      
   2E+05        0.96719      0             2E+05        0             1.02E+07     3005.9        0.4          0.024508      
   3E+05        0.9746       0             3E+05        0             1.03E+07     6560.4        0.66667      0.03107       
   4E+05        0.97641      0             4E+05        0             1.04E+07     11028         0.93333      0.037329      
   5E+05        0.97695      0             5E+05        0             1.05E+07     12882         1.2          0.043072      
   6E+05        0.97551      0             6E+05        0             1.06E+07     13899         1.4667       0.04907       
   7E+05        0.97946      0             7E+05        0             1.07E+07     15838         1.7333       0.055135      
   8E+05        0.97858      0             8E+05        0             1.08E+07     20100         2            0.060854      
   9E+05        0.98131      0             9E+05        0             1.09E+07     24737         2.2667       0.066684      
   1E+06        0.98234      0             1E+06        0             1.1E+07      29158         2.5333       0.072013      
   1.1E+06      0.98318      0             1.1E+06      0             1.11E+07     20891         2.8          0.077423      
   1.2E+06      0.97996      0             1.2E+06      0             1.12E+07     23347         3.0667       0.082803      
   1.3E+06      0.9818       0             1.3E+06      0             1.13E+07     27058         3.3333       0.088226      
   1.4E+06      0.98061      0             1.4E+06      0             1.14E+07     30639         3.6          0.093429      
   1.5E+06      0.98764      0             1.5E+06      0             1.15E+07     33998         3.8667       0.098136      
   1.6E+06      0.98232      0             1.6E+06      0             1.16E+07     36164         4.1333       0.10304       
   1.7E+06      0.98348      0             1.7E+06      0             1.17E+07     36608         4.4          0.10763       
   1.8E+06      0.98709      0             1.8E+06      0             1.18E+07     40118         4.6667       0.11186       
   1.9E+06      0.98772      0             1.9E+06      0             1.19E+07     43393         4.9333       0.11594       
   2E+06        0.98387      0             2E+06        0             1.2E+07      47604         5.2          0.11977       
   2.1E+06      0.98325      0             2.1E+06      0             1.21E+07     43536         5.4667       0.12395       
   2.2E+06      0.98395      0             2.2E+06      0             1.22E+07     47251         5.7333       0.12763       
   2.3E+06      0.98633      0             2.3E+06      0             1.23E+07     40621         6            0.13087       
   2.4E+06      0.98515      0             2.4E+06      0             1.24E+07     43458         6.2667       0.13441       
   2.5E+06      0.98952      0             2.5E+06      0             1.25E+07     45845         6.5333       0.13771       
   2.6E+06      0.98047      0             2.6E+06      0             1.26E+07     49128         6.8          0.1408        
   2.7E+06      0.98248      0             2.7E+06      0             1.27E+07     51440         7.0667       0.14326       
   2.8E+06      0.98555      0             2.8E+06      0             1.28E+07     54684         7.3333       0.14589       
   2.9E+06      0.98312      0             2.9E+06      0             1.29E+07     57473         7.6          0.14792       
   3E+06        0.98296      0             3E+06        0             1.3E+07      60964         7.8667       0.14999       
   3.1E+06      0.98526      0             3.1E+06      0             1.31E+07     64572         8.1333       0.15176       
   3.2E+06      0.98714      0             3.2E+06      0             1.32E+07     67893         8.4          0.1537        
   3.3E+06      0.98669      0             3.3E+06      0             1.33E+07     71079         8.6667       0.15478       
   3.4E+06      0.98496      0             3.4E+06      0             1.34E+07     74779         8.9333       0.15555       
   3.5E+06      0.98054      0             3.5E+06      0             1.35E+07     78082         9.2          0.15681       
   3.6E+06      0.98584      0             3.6E+06      0             1.36E+07     68240         9.4667       0.15721       
   3.7E+06      0.98782      0             3.7E+06      0             1.37E+07     69412         9.7333       0.15778       
   3.8E+06      0.98908      0             3.8E+06      0             1.38E+07     71887         10           0.15783       
   3.9E+06      0.98202      0             3.9E+06      0             1.39E+07     75062         10.267       0.15769       
   4E+06        0.9861       0             4E+06        0             1.4E+07      78326         10.533       0.15669       
   4.1E+06      0.98622      0             4.1E+06      0             1.41E+07     81183         10.8         0.15671       
   4.2E+06      0.98213      0             4.2E+06      0             1.42E+07     78133         11.067       0.15608       
   4.3E+06      0.98395      0             4.3E+06      0             1.43E+07     80102         11.333       0.15506       
   4.4E+06      0.98872      0             4.4E+06      0             1.44E+07     81960         11.6         0.154         
   4.5E+06      0.98215      0             4.5E+06      0             1.45E+07     84630         11.867       0.15234       
   4.6E+06      0.9824       0             4.6E+06      0             1.46E+07     86994         12.133       0.15079       
   4.7E+06      0.98876      0             4.7E+06      0             1.47E+07     90040         12.4         0.14859       
   4.8E+06      0.98769      0             4.8E+06      0             1.48E+07     88681         12.667       0.14602       
   4.9E+06      0.98809      0             4.9E+06      0             1.49E+07     88249         12.933       0.14379       
   5E+06        0.98373      0             5E+06        0             1.5E+07      89333         13.2         0.14111       
   5.1E+06      0.98177      0             5.1E+06      0             1.51E+07     92169         13.467       0.13816       
   5.2E+06      0.98817      0             5.2E+06      0             1.52E+07     88892         13.733       0.13497       
   5.3E+06      0.98896      0             5.3E+06      0             1.53E+07     90596         14           0.13183       
   5.4E+06      0.9871       0             5.4E+06      0             1.54E+07     88019         14.267       0.12829       
   5.5E+06      0.98576      0             5.5E+06      0             1.55E+07     84550         14.533       0.12501       
   5.6E+06      0.98915      0             5.6E+06      0             1.56E+07     86824         14.8         0.12071       
   5.7E+06      0.98507      0             5.7E+06      0             1.57E+07     88527         15.067       0.11645       
   5.8E+06      0.98654      0             5.8E+06      0             1.58E+07     91034         15.333       0.1117        
   5.9E+06      0.98373      0             5.9E+06      0             1.59E+07     93264         15.6         0.10756       
   6E+06        0.9866       0             6E+06        0             1.6E+07      91785         15.867       0.10257       
   6.1E+06      0.9869       0             6.1E+06      0             1.61E+07     92398         16.133       0.097555      
   6.2E+06      0.98252      0             6.2E+06      0             1.62E+07     94875         16.4         0.092446      
   6.3E+06      0.98575      0             6.3E+06      0             1.63E+07     95763         16.667       0.087527      
   6.4E+06      0.98537      0             6.4E+06      0             1.64E+07     92672         16.933       0.082553      
   6.5E+06      0.98906      0             6.5E+06      0             1.65E+07     93117         17.2         0.077242      
   6.6E+06      0.98693      0             6.6E+06      0             1.66E+07     95433         17.467       0.071825      
   6.7E+06      0.98809      0             6.7E+06      0             1.67E+07     97146         17.733       0.066319      
   6.8E+06      0.98283      0             6.8E+06      0             1.68E+07     99005         18           0.060504      
   6.9E+06      0.9804       0             6.9E+06      0             1.69E+07     1.0101E+05    18.267       0.054713      
   7E+06        0.98522      0             7E+06        0             1.7E+07      1.033E+05     18.533       0.049132      
   7.1E+06      0.98584      0             7.1E+06      0             1.71E+07     1.0544E+05    18.8         0.043093      
   7.2E+06      0.98959      0             7.2E+06      0             1.72E+07     1.054E+05     19.067       0.036901      
   7.3E+06      0.98084      0             7.3E+06      0             1.73E+07     1.0774E+05    19.333       0.031028      
   7.4E+06      0.98384      0             7.4E+06      0             1.74E+07     1.0873E+05    19.6         0.024404      
   7.5E+06      0.98343      0             7.5E+06      0             1.75E+07     1.1076E+05    19.867       0.017607      
   7.6E+06      0.98178      0             7.6E+06      0             1.76E+07     1.1304E+05    
   7.7E+06      0.98467      0             7.7E+06      0             1.77E+07     1.1489E+05    
   7.8E+06      0.98399      0             7.8E+06      0             1.78E+07     1.1719E+05    
   7.9E+06      0.98555      0             7.9E+06      0             1.79E+07     1.1925E+05    
   8E+06        0.98884      0             8E+06        0             1.8E+07      1.215E+05     
   8.1E+06      0.98387      0             8.1E+06      0             1.81E+07     1.1551E+05    
   8.2E+06      0.98805      0             8.2E+06      0             1.82E+07     1.1745E+05    
   8.3E+06      0.9876       0             8.3E+06      0             1.83E+07     1.1943E+05    
   8.4E+06      0.98879      0             8.4E+06      0             1.84E+07     1.2148E+05    
   8.5E+06      0.99304      0             8.5E+06      0             1.85E+07     1.2371E+05    
   8.6E+06      0.98754      0             8.6E+06      0             1.86E+07     1.2598E+05    
   8.7E+06      0.98644      0             8.7E+06      0             1.87E+07     1.2566E+05    
   8.8E+06      0.98474      0             8.8E+06      0             1.88E+07     1.2724E+05    
   8.9E+06      0.9841       0             8.9E+06      0             1.89E+07     1.2917E+05    
   9E+06        0.98578      0             9E+06        0             1.9E+07      1.3142E+05    
   9.1E+06      0.98836      0             9.1E+06      0             1.91E+07     1.3144E+05    
   9.2E+06      0.99098      0             9.2E+06      0             1.92E+07     1.3334E+05    
   9.3E+06      0.98437      0             9.3E+06      0             1.93E+07     1.338E+05     
   9.4E+06      0.98187      0             9.4E+06      0             1.94E+07     1.2966E+05    
   9.5E+06      0.98879      0             9.5E+06      0             1.95E+07     1.3134E+05    
   9.6E+06      0.98875      0             9.6E+06      0             1.96E+07     1.3327E+05    
   9.7E+06      0.98122      0             9.7E+06      0             1.97E+07     1.3435E+05    
   9.8E+06      0.98523      0             9.8E+06      0             1.98E+07     1.3645E+05    
   9.9E+06      0.98643      0             9.9E+06      0             1.99E+07     1.3854E+05    
   1E+07        0.98628      0             1E+07        0             2E+07        1.4051E+05    
   1.01E+07     0.98682      NAN           1.01E+07     NAN           2.01E+07     1.4262E+05    
   1.02E+07     0.99055      0.0026342     1.02E+07     0.0026342     2.02E+07     1.4306E+05    
   1.03E+07     0.99024      0.0017742     1.03E+07     0.0017742     2.03E+07     1.446E+05     
   1.04E+07     0.9899       0.0013619     1.04E+07     0.0013619     2.04E+07     1.4601E+05    
   1.05E+07     0.98921      0.0012538     1.05E+07     0.0012538     2.05E+07     1.481E+05     
   1.06E+07     0.98856      0.0012008     1.06E+07     0.0012008     2.06E+07     1.502E+05     
   1.07E+07     0.98809      0.0011195     1.07E+07     0.0011195     2.07E+07     1.5091E+05    
   1.08E+07     0.98823      0.00098914    1.08E+07     0.00098914    2.08E+07     1.5266E+05    
   1.09E+07     0.98811      0.00088742    1.09E+07     0.00088742    2.09E+07     1.5425E+05    
   1.1E+07      0.98827      0.00081289    1.1E+07      0.00081289    2.1E+07      1.5456E+05    
   1.11E+07     0.98763      0.00095596    1.11E+07     0.00095596    2.11E+07     1.5557E+05    
   1.12E+07     0.98785      0.00090031    1.12E+07     0.00090031    2.12E+07     1.5607E+05    
   1.13E+07     0.9879       0.00083249    1.13E+07     0.00083249    2.13E+07     1.5811E+05    
   1.14E+07     0.98799      0.00077852    1.14E+07     0.00077852    2.14E+07     1.5863E+05    
   1.15E+07     0.98787      0.00073592    1.15E+07     0.00073592    2.15E+07     1.6013E+05    
   1.16E+07     0.9877       0.00071036    1.16E+07     0.00071036    2.16E+07     1.6094E+05    
   1.17E+07     0.98747      0.00070309    1.17E+07     0.00070309    2.17E+07     1.6154E+05    
   1.18E+07     0.98755      0.00066826    1.18E+07     0.00066826    2.18E+07     1.6356E+05    
   1.19E+07     0.98764      0.00063975    1.19E+07     0.00063975    2.19E+07     1.6556E+05    
   1.2E+07      0.98762      0.00060815    1.2E+07      0.00060815    2.2E+07      1.639E+05     
   1.21E+07     0.98736      0.00063337    1.21E+07     0.00063337    2.21E+07     1.6576E+05    
   1.22E+07     0.98733      0.00060506    1.22E+07     0.00060506    2.22E+07     1.6755E+05    
   1.23E+07     0.98703      0.00065       1.23E+07     0.00065       2.23E+07     1.6931E+05    
   1.24E+07     0.98709      0.0006258     1.24E+07     0.0006258     2.24E+07     1.7068E+05    
   1.25E+07     0.98718      0.00060693    1.25E+07     0.00060693    2.25E+07     1.7237E+05    
   1.26E+07     0.98719      0.00058373    1.26E+07     0.00058373    2.26E+07     1.7431E+05    
   1.27E+07     0.98711      0.00056828    1.27E+07     0.00056828    2.27E+07     1.7592E+05    
   1.28E+07     0.98714      0.00054904    1.28E+07     0.00054904    2.28E+07     1.7702E+05    
   1.29E+07     0.98721      0.00053354    1.29E+07     0.00053354    2.29E+07     1.7668E+05    
   1.3E+07      0.98721      0.00051579    1.3E+07      0.00051579    2.3E+07      1.7831E+05    
   1.31E+07     0.98722      0.00049919    1.31E+07     0.00049919    2.31E+07     1.7565E+05    
   1.32E+07     0.98718      0.00048503    1.32E+07     0.00048503    2.32E+07     1.7384E+05    
   1.33E+07     0.98714      0.00047222    1.33E+07     0.00047222    2.33E+07     1.7571E+05    
   1.34E+07     0.98712      0.00045848    1.34E+07     0.00045848    2.34E+07     1.7756E+05    
   1.35E+07     0.98709      0.00044698    1.35E+07     0.00044698    2.35E+07     1.7798E+05    
   1.36E+07     0.98689      0.0004764     1.36E+07     0.0004764     2.36E+07     1.7961E+05    
   1.37E+07     0.98697      0.00047054    1.37E+07     0.00047054    2.37E+07     1.8098E+05    
   1.38E+07     0.98692      0.00046053    1.38E+07     0.00046053    2.38E+07     1.8139E+05    
   1.39E+07     0.98691      0.000449      1.39E+07     0.000449      2.39E+07     1.8322E+05    
   1.4E+07      0.98689      0.00043803    1.4E+07      0.00043803    2.4E+07      1.8511E+05    
   1.41E+07     0.98686      0.0004287     1.41E+07     0.0004287     2.41E+07     1.8322E+05    
   1.42E+07     0.98674      0.00043539    1.42E+07     0.00043539    2.42E+07     1.8075E+05    
   1.43E+07     0.98668      0.00042835    1.43E+07     0.00042835    2.43E+07     1.822E+05     
   1.44E+07     0.98663      0.00042205    1.44E+07     0.00042205    2.44E+07     1.8352E+05    
   1.45E+07     0.98666      0.00041395    1.45E+07     0.00041395    2.45E+07     1.8486E+05    
   1.46E+07     0.98662      0.00040688    1.46E+07     0.00040688    2.46E+07     1.8547E+05    
   1.47E+07     0.98661      0.00039844    1.47E+07     0.00039844    2.47E+07     1.8448E+05    
   1.48E+07     0.98652      0.00040014    1.48E+07     0.00040014    2.48E+07     1.8627E+05    
   1.49E+07     0.98644      0.0003998     1.49E+07     0.0003998     2.49E+07     1.847E+05     
   1.5E+07      0.98638      0.00039603    1.5E+07      0.00039603    2.5E+07      1.8617E+05    
   1.51E+07     0.98639      0.00038845    1.51E+07     0.00038845    2.51E+07     1.8754E+05    
   1.52E+07     0.98629      0.00039421    1.52E+07     0.00039421    2.52E+07     1.8921E+05    
   1.53E+07     0.98625      0.00038924    1.53E+07     0.00038924    2.53E+07     1.9013E+05    
   1.54E+07     0.98634      0.00039359    1.54E+07     0.00039359    2.54E+07     1.9134E+05    
   1.55E+07     0.98624      0.00040018    1.55E+07     0.00040018    2.55E+07     1.9278E+05    
   1.56E+07     0.98626      0.0003936     1.56E+07     0.0003936     2.56E+07     1.9062E+05    
   1.57E+07     0.98622      0.0003886     1.57E+07     0.0003886     2.57E+07     1.8689E+05    
   1.58E+07     0.98623      0.00038204    1.58E+07     0.00038204    2.58E+07     1.8586E+05    
   1.59E+07     0.98625      0.00037605    1.59E+07     0.00037605    2.59E+07     1.8707E+05    
   1.6E+07      0.98633      0.00037792    1.6E+07      0.00037792    2.6E+07      1.8862E+05    
   1.61E+07     0.98638      0.00037547    1.61E+07     0.00037547    2.61E+07     1.8979E+05    
   1.62E+07     0.98639      0.00036944    1.62E+07     0.00036944    2.62E+07     1.8654E+05    
   1.63E+07     0.98643      0.00036642    1.63E+07     0.00036642    2.63E+07     1.8782E+05    
   1.64E+07     0.98652      0.00037138    1.64E+07     0.00037138    2.64E+07     1.8745E+05    
   1.65E+07     0.98657      0.00036936    1.65E+07     0.00036936    2.65E+07     1.8901E+05    
   1.66E+07     0.98657      0.00036379    1.66E+07     0.00036379    2.66E+07     1.9028E+05    
   1.67E+07     0.98654      0.00035933    1.67E+07     0.00035933    2.67E+07     1.9171E+05    
   1.68E+07     0.98652      0.00035492    1.68E+07     0.00035492    2.68E+07     1.9315E+05    
   1.69E+07     0.9865       0.00035031    1.69E+07     0.00035031    2.69E+07     1.934E+05     
   1.7E+07      0.98649      0.00034541    1.7E+07      0.00034541    2.7E+07      1.9277E+05    
   1.71E+07     0.98648      0.00034075    1.71E+07     0.00034075    2.71E+07     1.9417E+05    
   1.72E+07     0.98653      0.00033984    1.72E+07     0.00033984    2.72E+07     1.9573E+05    
   1.73E+07     0.98653      0.0003352     1.73E+07     0.0003352     2.73E+07     1.9282E+05    
   1.74E+07     0.9865       0.00033268    1.74E+07     0.00033268    2.74E+07     1.9423E+05    
   1.75E+07     0.98648      0.00032861    1.75E+07     0.00032861    2.75E+07     1.9572E+05    
   1.76E+07     0.98649      0.00032435    1.76E+07     0.00032435    2.76E+07     1.969E+05     
   1.77E+07     0.98651      0.00032086    1.77E+07     0.00032086    2.77E+07     1.9708E+05    
   1.78E+07     0.9865       0.00031677    1.78E+07     0.00031677    2.78E+07     1.9829E+05    
   1.79E+07     0.98652      0.00031315    1.79E+07     0.00031315    2.79E+07     1.9657E+05    
   1.8E+07      0.98652      0.00030924    1.8E+07      0.00030924    2.8E+07      1.9679E+05    
   1.81E+07     0.9866       0.00031632    1.81E+07     0.00031632    2.81E+07     1.9786E+05    
   1.82E+07     0.98662      0.00031283    1.82E+07     0.00031283    2.82E+07     1.9899E+05    
   1.83E+07     0.9866       0.00030939    1.83E+07     0.00030939    2.83E+07     2.0038E+05    
   1.84E+07     0.98659      0.00030584    1.84E+07     0.00030584    2.84E+07     1.9661E+05    
   1.85E+07     0.9866       0.00030229    1.85E+07     0.00030229    2.85E+07     1.9802E+05    
   1.86E+07     0.9866       0.00029877    1.86E+07     0.00029877    2.86E+07     1.9886E+05    
   1.87E+07     0.98656      0.00029832    1.87E+07     0.00029832    2.87E+07     1.9682E+05    
   1.88E+07     0.98654      0.0002956     1.88E+07     0.0002956     2.88E+07     1.9277E+05    
   1.89E+07     0.98652      0.00029259    1.89E+07     0.00029259    2.89E+07     1.9409E+05    
   1.9E+07      0.98652      0.00028934    1.9E+07      0.00028934    2.9E+07      1.9173E+05    
   1.91E+07     0.98656      0.00028856    1.91E+07     0.00028856    2.91E+07     1.9282E+05    
   1.92E+07     0.98655      0.00028569    1.92E+07     0.00028569    2.92E+07     1.9415E+05    
   1.93E+07     0.98652      0.00028445    1.93E+07     0.00028445    2.93E+07     1.9417E+05    
   1.94E+07     0.98658      0.00028824    1.94E+07     0.00028824    2.94E+07     1.9555E+05    
   1.95E+07     0.9866       0.00028564    1.95E+07     0.00028564    2.95E+07     1.9581E+05    
   1.96E+07     0.98659      0.0002828     1.96E+07     0.0002828     2.96E+07     1.971E+05     
   1.97E+07     0.98656      0.00028092    1.97E+07     0.00028092    2.97E+07     1.9834E+05    
   1.98E+07     0.98657      0.00027807    1.98E+07     0.00027807    2.98E+07     1.9899E+05    
   1.99E+07     0.98656      0.0002753     1.99E+07     0.0002753     2.99E+07     1.9954E+05    
   2E+07        0.98656      0.00027259    2E+07        0.00027259    3E+07        1.9802E+05    
   2.01E+07     0.98656      0.00026992    2.01E+07     0.00026992    3.01E+07     1.9923E+05    
   2.02E+07     0.98653      0.00026884    2.02E+07     0.00026884    3.02E+07     1.9937E+05    
   2.03E+07     0.98655      0.00026676    2.03E+07     0.00026676    3.03E+07     1.996E+05     
   2.04E+07     0.98656      0.00026474    2.04E+07     0.00026474    3.04E+07     2.0036E+05    
   2.05E+07     0.98656      0.00026225    2.05E+07     0.00026225    3.05E+07     2.0006E+05    
   2.06E+07     0.98656      0.00025978    2.06E+07     0.00025978    3.06E+07     1.9929E+05    
   2.07E+07     0.98653      0.00025856    2.07E+07     0.00025856    3.07E+07     1.9998E+05    
   2.08E+07     0.98654      0.00025633    2.08E+07     0.00025633    3.08E+07     1.9961E+05    
   2.09E+07     0.98653      0.00025442    2.09E+07     0.00025442    3.09E+07     2.009E+05     
   2.1E+07      0.9865       0.00025356    2.1E+07      0.00025356    3.1E+07      2.0156E+05    
   2.11E+07     0.98652      0.00025216    2.11E+07     0.00025216    3.11E+07     2.0277E+05    
   2.12E+07     0.9865       0.00025111    2.12E+07     0.00025111    3.12E+07     1.9866E+05    
   2.13E+07     0.98649      0.00024892    2.13E+07     0.00024892    3.13E+07     1.9949E+05    
   2.14E+07     0.98652      0.00024795    2.14E+07     0.00024795    3.14E+07     1.9739E+05    
   2.15E+07     0.98653      0.0002462     2.15E+07     0.0002462     3.15E+07     1.9859E+05    
   2.16E+07     0.98651      0.00024502    2.16E+07     0.00024502    3.16E+07     1.934E+05     
   2.17E+07     0.98653      0.00024394    2.17E+07     0.00024394    3.17E+07     1.943E+05     
   2.18E+07     0.98654      0.00024189    2.18E+07     0.00024189    3.18E+07     1.9545E+05    
   2.19E+07     0.98653      0.00023988    2.19E+07     0.00023988    3.19E+07     1.9565E+05    
   2.2E+07      0.9865       0.00024056    2.2E+07      0.00024056    3.2E+07      1.9479E+05    
   2.21E+07     0.98649      0.00023864    2.21E+07     0.00023864    3.21E+07     1.9596E+05    
   2.22E+07     0.98648      0.00023684    2.22E+07     0.00023684    3.22E+07     1.9488E+05    
   2.23E+07     0.98649      0.00023508    2.23E+07     0.00023508    3.23E+07     1.9385E+05    
   2.24E+07     0.98651      0.00023363    2.24E+07     0.00023363    3.24E+07     1.882E+05     
   2.25E+07     0.98651      0.00023192    2.25E+07     0.00023192    3.25E+07     1.8888E+05    
   2.26E+07     0.98652      0.00023012    2.26E+07     0.00023012    3.26E+07     1.8703E+05    
   2.27E+07     0.98653      0.00022858    2.27E+07     0.00022858    3.27E+07     1.8808E+05    
   2.28E+07     0.98651      0.00022736    2.28E+07     0.00022736    3.28E+07     1.8847E+05    
   2.29E+07     0.98654      0.00022705    2.29E+07     0.00022705    3.29E+07     1.8951E+05    
   2.3E+07      0.98655      0.00022552    2.3E+07      0.00022552    3.3E+07      1.9038E+05    
   2.31E+07     0.98659      0.00022674    2.31E+07     0.00022674    3.31E+07     1.9132E+05    
   2.32E+07     0.98655      0.00022743    2.32E+07     0.00022743    3.32E+07     1.8951E+05    
   2.33E+07     0.98655      0.00022572    2.33E+07     0.00022572    3.33E+07     1.8983E+05    
   2.34E+07     0.98655      0.00022405    2.34E+07     0.00022405    3.34E+07     1.8926E+05    
   2.35E+07     0.98657      0.00022334    2.35E+07     0.00022334    3.35E+07     1.9031E+05    
   2.36E+07     0.98656      0.00022185    2.36E+07     0.00022185    3.36E+07     1.9047E+05    
   2.37E+07     0.98655      0.00022054    2.37E+07     0.00022054    3.37E+07     1.9142E+05    
   2.38E+07     0.98657      0.00021985    2.38E+07     0.00021985    3.38E+07     1.917E+05     
   2.39E+07     0.98657      0.00021829    2.39E+07     0.00021829    3.39E+07     1.9277E+05    
   2.4E+07      0.98657      0.00021673    2.4E+07      0.00021673    3.4E+07      1.9352E+05    
   2.41E+07     0.98654      0.00021738    2.41E+07     0.00021738    3.41E+07     1.9443E+05    
   2.42E+07     0.98651      0.00021838    2.42E+07     0.00021838    3.42E+07     1.9547E+05    
   2.43E+07     0.9865       0.00021706    2.43E+07     0.00021706    3.43E+07     1.9415E+05    
   2.44E+07     0.98651      0.00021585    2.44E+07     0.00021585    3.44E+07     1.9472E+05    
   2.45E+07     0.9865       0.00021463    2.45E+07     0.00021463    3.45E+07     1.9557E+05    
   2.46E+07     0.98648      0.0002138     2.46E+07     0.0002138     3.46E+07     1.9657E+05    
   2.47E+07     0.98646      0.00021395    2.47E+07     0.00021395    3.47E+07     1.9555E+05    
   2.48E+07     0.98646      0.0002125     2.48E+07     0.0002125     3.48E+07     1.9459E+05    
   2.49E+07     0.98643      0.00021299    2.49E+07     0.00021299    3.49E+07     1.9462E+05    
   2.5E+07      0.98643      0.00021165    2.5E+07      0.00021165    3.5E+07      1.9508E+05    
   2.51E+07     0.98644      0.00021047    2.51E+07     0.00021047    3.51E+07     1.9608E+05    
   2.52E+07     0.98644      0.00020911    2.52E+07     0.00020911    3.52E+07     1.9673E+05    
   2.53E+07     0.98643      0.00020822    2.53E+07     0.00020822    3.53E+07     1.9569E+05    
   2.54E+07     0.98642      0.00020709    2.54E+07     0.00020709    3.54E+07     1.9436E+05    
   2.55E+07     0.98641      0.00020593    2.55E+07     0.00020593    3.55E+07     1.9518E+05    
   2.56E+07     0.98644      0.00020668    2.56E+07     0.00020668    3.56E+07     1.9496E+05    
   2.57E+07     0.98647      0.00020834    2.57E+07     0.00020834    3.57E+07     1.9591E+05    
   2.58E+07     0.98645      0.00020843    2.58E+07     0.00020843    3.58E+07     1.9363E+05    
   2.59E+07     0.98644      0.00020738    2.59E+07     0.00020738    3.59E+07     1.9409E+05    
   2.6E+07      0.98643      0.00020612    2.6E+07      0.00020612    3.6E+07      1.9479E+05    
   2.61E+07     0.98644      0.00020511    2.61E+07     0.00020511    3.61E+07     1.9557E+05    
   2.62E+07     0.98641      0.00020643    2.62E+07     0.00020643    3.62E+07     1.9562E+05    
   2.63E+07     0.9864       0.00020535    2.63E+07     0.00020535    3.63E+07     1.9656E+05    
   2.64E+07     0.98638      0.00020518    2.64E+07     0.00020518    3.64E+07     1.9748E+05    
   2.65E+07     0.98638      0.00020395    2.65E+07     0.00020395    3.65E+07     1.981E+05     
   2.66E+07     0.98639      0.00020284    2.66E+07     0.00020284    3.66E+07     1.9827E+05    
   2.67E+07     0.98639      0.00020169    2.67E+07     0.00020169    3.67E+07     1.9922E+05    
   2.68E+07     0.98638      0.00020058    2.68E+07     0.00020058    3.68E+07     2.0015E+05    
   2.69E+07     0.98636      0.00020008    2.69E+07     0.00020008    3.69E+07     2.0051E+05    
   2.7E+07      0.98638      0.00019999    2.7E+07      0.00019999    3.7E+07      2.0083E+05    
   2.71E+07     0.98638      0.0001989     2.71E+07     0.0001989     3.71E+07     2.0049E+05    
   2.72E+07     0.98638      0.00019775    2.72E+07     0.00019775    3.72E+07     2.0025E+05    
   2.73E+07     0.98635      0.00019888    2.73E+07     0.00019888    3.73E+07     1.9963E+05    
   2.74E+07     0.98635      0.00019778    2.74E+07     0.00019778    3.74E+07     2.004E+05     
   2.75E+07     0.98635      0.00019666    2.75E+07     0.00019666    3.75E+07     2.0132E+05    
   2.76E+07     0.98636      0.00019573    2.76E+07     0.00019573    3.76E+07     2.0202E+05    
   2.77E+07     0.98638      0.00019529    2.77E+07     0.00019529    3.77E+07     2.0293E+05    
   2.78E+07     0.98638      0.00019432    2.78E+07     0.00019432    3.78E+07     2.0232E+05    
   2.79E+07     0.98641      0.00019482    2.79E+07     0.00019482    3.79E+07     2.0275E+05    
   2.8E+07      0.98639      0.00019435    2.8E+07      0.00019435    3.8E+07      2.0352E+05    
   2.81E+07     0.98638      0.0001935     2.81E+07     0.0001935     3.81E+07     2.0409E+05    
   2.82E+07     0.98639      0.0001926     2.82E+07     0.0001926     3.82E+07     2.0423E+05    
   2.83E+07     0.98639      0.00019156    2.83E+07     0.00019156    3.83E+07     2.0494E+05    
   2.84E+07     0.98636      0.00019305    2.84E+07     0.00019305    3.84E+07     2.0434E+05    
   2.85E+07     0.98637      0.00019203    2.85E+07     0.00019203    3.85E+07     2.0518E+05    
   2.86E+07     0.98638      0.00019128    2.86E+07     0.00019128    3.86E+07     2.059E+05     
   2.87E+07     0.9864       0.00019189    2.87E+07     0.00019189    3.87E+07     1.9947E+05    
   2.88E+07     0.98643      0.00019355    2.88E+07     0.00019355    3.88E+07     2.0036E+05    
   2.89E+07     0.98644      0.00019257    2.89E+07     0.00019257    3.89E+07     2.0035E+05    
   2.9E+07      0.98647      0.00019342    2.9E+07      0.00019342    3.9E+07      2.0122E+05    
   2.91E+07     0.98646      0.00019252    2.91E+07     0.00019252    3.91E+07     2.0209E+05    
   2.92E+07     0.98646      0.00019153    2.92E+07     0.00019153    3.92E+07     2.0268E+05    
   2.93E+07     0.98644      0.00019121    2.93E+07     0.00019121    3.93E+07     2.0236E+05    
   2.94E+07     0.98644      0.00019022    2.94E+07     0.00019022    3.94E+07     2.0317E+05    
   2.95E+07     0.98643      0.00018975    2.95E+07     0.00018975    3.95E+07     2.0401E+05    
   2.96E+07     0.98642      0.00018882    2.96E+07     0.00018882    3.96E+07     2.0169E+05    
   2.97E+07     0.98643      0.0001879     2.97E+07     0.0001879     3.97E+07     2.0254E+05    
   2.98E+07     0.98642      0.00018729    2.98E+07     0.00018729    3.98E+07     1.9886E+05    
   2.99E+07     0.9864       0.00018667    2.99E+07     0.00018667    3.99E+07     1.9964E+05    
   3E+07        0.98643      0.00018708    3E+07        0.00018708    4E+07        2.0047E+05    
   3.01E+07     0.98642      0.0001862     3.01E+07     0.0001862     4.01E+07     2.0126E+05    
   3.02E+07     0.98644      0.00018583    3.02E+07     0.00018583    4.02E+07     2.0147E+05    
   3.03E+07     0.98645      0.00018537    3.03E+07     0.00018537    4.03E+07     2.0227E+05    
   3.04E+07     0.98644      0.0001847     3.04E+07     0.0001847     4.04E+07     2.0306E+05    
   3.05E+07     0.98646      0.00018453    3.05E+07     0.00018453    4.05E+07     2.038E+05     
   3.06E+07     0.98644      0.00018459    3.06E+07     0.00018459    4.06E+07     2.0438E+05    
   3.07E+07     0.98643      0.00018394    3.07E+07     0.00018394    4.07E+07     2.0523E+05    
   3.08E+07     0.98641      0.00018383    3.08E+07     0.00018383    4.08E+07     2.0595E+05    
   3.09E+07     0.98641      0.00018296    3.09E+07     0.00018296    4.09E+07     2.0483E+05    
   3.1E+07      0.98642      0.00018236    3.1E+07      0.00018236    4.1E+07      2.0547E+05    
   3.11E+07     0.98642      0.0001815     3.11E+07     0.0001815     4.11E+07     2.0629E+05    
   3.12E+07     0.98639      0.00018307    3.12E+07     0.00018307    4.12E+07     2.07E+05      
   3.13E+07     0.98638      0.00018241    3.13E+07     0.00018241    4.13E+07     2.0778E+05    
   3.14E+07     0.98636      0.00018308    3.14E+07     0.00018308    4.14E+07     2.0797E+05    
   3.15E+07     0.98636      0.00018223    3.15E+07     0.00018223    4.15E+07     2.0856E+05    
   3.16E+07     0.98639      0.00018436    3.16E+07     0.00018436    4.16E+07     2.0938E+05    
   3.17E+07     0.9864       0.00018365    3.17E+07     0.00018365    4.17E+07     2.0961E+05    
   3.18E+07     0.9864       0.00018282    3.18E+07     0.00018282    4.18E+07     2.1019E+05    
   3.19E+07     0.98639      0.00018242    3.19E+07     0.00018242    4.19E+07     2.1094E+05    
   3.2E+07      0.98637      0.00018254    3.2E+07      0.00018254    4.2E+07      2.0982E+05    
   3.21E+07     0.98637      0.00018172    3.21E+07     0.00018172    4.21E+07     2.1018E+05    
   3.22E+07     0.98635      0.00018195    3.22E+07     0.00018195    4.22E+07     2.0963E+05    
   3.23E+07     0.98633      0.00018215    3.23E+07     0.00018215    4.23E+07     2.104E+05     
   3.24E+07     0.9863       0.00018455    3.24E+07     0.00018455    4.24E+07     2.1118E+05    
   3.25E+07     0.98629      0.00018393    3.25E+07     0.00018393    4.25E+07     2.1198E+05    
   3.26E+07     0.98626      0.00018456    3.26E+07     0.00018456    4.26E+07     2.112E+05     
   3.27E+07     0.98626      0.00018376    3.27E+07     0.00018376    4.27E+07     2.1092E+05    
   3.28E+07     0.98627      0.00018327    3.28E+07     0.00018327    4.28E+07     2.1114E+05    
   3.29E+07     0.98627      0.00018249    3.29E+07     0.00018249    4.29E+07     2.1093E+05    
   3.3E+07      0.98626      0.0001818     3.3E+07      0.0001818     4.3E+07      2.1149E+05    
   3.31E+07     0.98626      0.00018106    3.31E+07     0.00018106    4.31E+07     2.1097E+05    
   3.32E+07     0.98628      0.00018164    3.32E+07     0.00018164    4.32E+07     2.1164E+05    
   3.33E+07     0.98627      0.00018121    3.33E+07     0.00018121    4.33E+07     2.1171E+05    
   3.34E+07     0.98629      0.00018122    3.34E+07     0.00018122    4.34E+07     2.1241E+05    
   3.35E+07     0.98629      0.00018046    3.35E+07     0.00018046    4.35E+07     2.1193E+05    
   3.36E+07     0.98627      0.00018009    3.36E+07     0.00018009    4.36E+07     2.1258E+05    
   3.37E+07     0.98628      0.00017939    3.37E+07     0.00017939    4.37E+07     2.1254E+05    
   3.38E+07     0.98629      0.00017899    3.38E+07     0.00017899    4.38E+07     2.1241E+05    
   3.39E+07     0.98629      0.00017825    3.39E+07     0.00017825    4.39E+07     2.1292E+05    
   3.4E+07      0.98628      0.00017761    3.4E+07      0.00017761    4.4E+07      2.1344E+05    
   3.41E+07     0.98628      0.00017695    3.41E+07     0.00017695    4.41E+07     2.1361E+05    
   3.42E+07     0.98628      0.00017622    3.42E+07     0.00017622    4.42E+07     2.1429E+05    
   3.43E+07     0.9863       0.00017657    3.43E+07     0.00017657    4.43E+07     2.1507E+05    
   3.44E+07     0.98629      0.00017602    3.44E+07     0.00017602    4.44E+07     2.1586E+05    
   3.45E+07     0.98629      0.00017538    3.45E+07     0.00017538    4.45E+07     2.1639E+05    
   3.46E+07     0.9863       0.00017468    3.46E+07     0.00017468    4.46E+07     2.1467E+05    
   3.47E+07     0.98631      0.00017489    3.47E+07     0.00017489    4.47E+07     2.1532E+05    
   3.48E+07     0.9863       0.00017504    3.48E+07     0.00017504    4.48E+07     2.1588E+05    
   3.49E+07     0.98628      0.00017479    3.49E+07     0.00017479    4.49E+07     2.1536E+05    
   3.5E+07      0.98627      0.00017434    3.5E+07      0.00017434    4.5E+07      2.1606E+05    
   3.51E+07     0.98627      0.00017365    3.51E+07     0.00017365    4.51E+07     2.1615E+05    
   3.52E+07     0.98628      0.0001731     3.52E+07     0.0001731     4.52E+07     2.1298E+05    
   3.53E+07     0.98626      0.00017331    3.53E+07     0.00017331    4.53E+07     2.136E+05     
   3.54E+07     0.98624      0.00017367    3.54E+07     0.00017367    4.54E+07     2.1431E+05    
   3.55E+07     0.98624      0.00017306    3.55E+07     0.00017306    4.55E+07     2.1496E+05    
   3.56E+07     0.98623      0.0001729     3.56E+07     0.0001729     4.56E+07     2.1519E+05    
   3.57E+07     0.98622      0.00017224    3.57E+07     0.00017224    4.57E+07     2.1565E+05    
   3.58E+07     0.98625      0.00017302    3.58E+07     0.00017302    4.58E+07     2.1638E+05    
   3.59E+07     0.98624      0.00017258    3.59E+07     0.00017258    4.59E+07     2.1701E+05    
   3.6E+07      0.98624      0.00017204    3.6E+07      0.00017204    4.6E+07      2.163E+05     
   3.61E+07     0.98625      0.00017142    3.61E+07     0.00017142    4.61E+07     2.1615E+05    
   3.62E+07     0.98626      0.00017118    3.62E+07     0.00017118    4.62E+07     2.1688E+05    
   3.63E+07     0.98626      0.00017054    3.63E+07     0.00017054    4.63E+07     2.1746E+05    
   3.64E+07     0.98626      0.00016991    3.64E+07     0.00016991    4.64E+07     2.1628E+05    
   3.65E+07     0.98627      0.0001694     3.65E+07     0.0001694     4.65E+07     2.1655E+05    
   3.66E+07     0.98628      0.00016909    3.66E+07     0.00016909    4.66E+07     2.1721E+05    
   3.67E+07     0.98627      0.00016847    3.67E+07     0.00016847    4.67E+07     2.1783E+05    
   3.68E+07     0.98627      0.00016784    3.68E+07     0.00016784    4.68E+07     2.1855E+05    
   3.69E+07     0.98627      0.00016745    3.69E+07     0.00016745    4.69E+07     2.1848E+05    
   3.7E+07      0.98626      0.00016708    3.7E+07      0.00016708    4.7E+07      2.1862E+05    
   3.71E+07     0.98624      0.000167      3.71E+07     0.000167      4.71E+07     2.1908E+05    
   3.72E+07     0.98623      0.00016688    3.72E+07     0.00016688    4.72E+07     2.198E+05     
   3.73E+07     0.98622      0.00016689    3.73E+07     0.00016689    4.73E+07     2.2039E+05    
   3.74E+07     0.98621      0.00016634    3.74E+07     0.00016634    4.74E+07     2.2064E+05    
   3.75E+07     0.98621      0.00016575    3.75E+07     0.00016575    4.75E+07     2.2131E+05    
   3.76E+07     0.9862       0.00016526    3.76E+07     0.00016526    4.76E+07     2.2179E+05    
   3.77E+07     0.9862       0.00016466    3.77E+07     0.00016466    4.77E+07     2.2242E+05    
   3.78E+07     0.98622      0.0001647     3.78E+07     0.0001647     4.78E+07     2.2285E+05    
   3.79E+07     0.98623      0.0001643     3.79E+07     0.0001643     4.79E+07     2.2322E+05    
   3.8E+07      0.98623      0.00016378    3.8E+07      0.00016378    4.8E+07      2.2373E+05    
   3.81E+07     0.98624      0.0001633     3.81E+07     0.0001633     4.81E+07     2.2435E+05    
   3.82E+07     0.98625      0.00016305    3.82E+07     0.00016305    4.82E+07     2.2502E+05    
   3.83E+07     0.98625      0.0001625     3.83E+07     0.0001625     4.83E+07     2.2484E+05    
   3.84E+07     0.98626      0.00016253    3.84E+07     0.00016253    4.84E+07     2.2555E+05    
   3.85E+07     0.98626      0.00016197    3.85E+07     0.00016197    4.85E+07     2.2261E+05    
   3.86E+07     0.98626      0.00016141    3.86E+07     0.00016141    4.86E+07     2.2254E+05    
   3.87E+07     0.98623      0.00016377    3.87E+07     0.00016377    4.87E+07     2.2286E+05    
   3.88E+07     0.98623      0.00016321    3.88E+07     0.00016321    4.88E+07     2.2297E+05    
   3.89E+07     0.98624      0.00016296    3.89E+07     0.00016296    4.89E+07     2.2347E+05    
   3.9E+07      0.98624      0.00016241    3.9E+07      0.00016241    4.9E+07      2.2416E+05    
   3.91E+07     0.98624      0.00016186    3.91E+07     0.00016186    4.91E+07     2.2477E+05    
   3.92E+07     0.98623      0.00016143    3.92E+07     0.00016143    4.92E+07     2.2542E+05    
   3.93E+07     0.98622      0.00016132    3.93E+07     0.00016132    4.93E+07     2.2611E+05    
   3.94E+07     0.98622      0.00016081    3.94E+07     0.00016081    4.94E+07     2.2637E+05    
   3.95E+07     0.98623      0.00016027    3.95E+07     0.00016027    4.95E+07     2.2655E+05    
   3.96E+07     0.98621      0.00016099    3.96E+07     0.00016099    4.96E+07     2.2628E+05    
   3.97E+07     0.9862       0.00016045    3.97E+07     0.00016045    4.97E+07     2.2693E+05    
   3.98E+07     0.98623      0.00016173    3.98E+07     0.00016173    4.98E+07     2.2762E+05    
   3.99E+07     0.98623      0.00016122    3.99E+07     0.00016122    4.99E+07     2.2816E+05    
   4E+07        0.98623      0.00016068    4E+07        0.00016068    5E+07        2.2839E+05    
   4.01E+07     0.98623      0.00016016    4.01E+07     0.00016016    5.01E+07     2.2806E+05    
   4.02E+07     0.98624      0.00015989    4.02E+07     0.00015989    5.02E+07     2.2856E+05    
   4.03E+07     0.98624      0.00015938    4.03E+07     0.00015938    5.03E+07     2.2832E+05    
   4.04E+07     0.98624      0.00015888    4.04E+07     0.00015888    5.04E+07     2.2729E+05    
   4.05E+07     0.98624      0.00015836    4.05E+07     0.00015836    5.05E+07     2.2746E+05    
   4.06E+07     0.98624      0.00015795    4.06E+07     0.00015795    5.06E+07     2.2783E+05    
   4.07E+07     0.98624      0.00015743    4.07E+07     0.00015743    5.07E+07     2.2852E+05    
   4.08E+07     0.98623      0.00015696    4.08E+07     0.00015696    5.08E+07     2.2909E+05    
   4.09E+07     0.98625      0.00015718    4.09E+07     0.00015718    5.09E+07     2.2713E+05    
   4.1E+07      0.98624      0.00015675    4.1E+07      0.00015675    5.1E+07      2.2774E+05    
   4.11E+07     0.98624      0.00015625    4.11E+07     0.00015625    5.11E+07     2.2841E+05    
   4.12E+07     0.98624      0.0001558     4.12E+07     0.0001558     5.12E+07     2.2907E+05    
   4.13E+07     0.98624      0.00015531    4.13E+07     0.00015531    5.13E+07     2.297E+05     
   4.14E+07     0.98625      0.00015504    4.14E+07     0.00015504    5.14E+07     2.3036E+05    
   4.15E+07     0.98624      0.00015464    4.15E+07     0.00015464    5.15E+07     2.3093E+05    
   4.16E+07     0.98624      0.00015415    4.16E+07     0.00015415    5.16E+07     2.3151E+05    
   4.17E+07     0.98625      0.00015388    4.17E+07     0.00015388    5.17E+07     2.3204E+05    
   4.18E+07     0.98626      0.00015347    4.18E+07     0.00015347    5.18E+07     2.3127E+05    
   4.19E+07     0.98626      0.00015302    4.19E+07     0.00015302    5.19E+07     2.2956E+05    
   4.2E+07      0.98624      0.00015325    4.2E+07      0.00015325    5.2E+07      2.2951E+05    
   4.21E+07     0.98624      0.00015294    4.21E+07     0.00015294    5.21E+07     2.2974E+05    
   4.22E+07     0.98625      0.00015294    4.22E+07     0.00015294    5.22E+07     2.3006E+05    
   4.23E+07     0.98625      0.00015249    4.23E+07     0.00015249    5.23E+07     2.2912E+05    
   4.24E+07     0.98625      0.00015203    4.24E+07     0.00015203    5.24E+07     2.2803E+05    
   4.25E+07     0.98625      0.00015157    4.25E+07     0.00015157    5.25E+07     2.2864E+05    
   4.26E+07     0.98626      0.00015165    4.26E+07     0.00015165    5.26E+07     2.2847E+05    
   4.27E+07     0.98627      0.00015158    4.27E+07     0.00015158    5.27E+07     2.2877E+05    
   4.28E+07     0.98627      0.0001513     4.28E+07     0.0001513     5.28E+07     2.2884E+05    
   4.29E+07     0.98628      0.00015121    4.29E+07     0.00015121    5.29E+07     2.2897E+05    
   4.3E+07      0.98627      0.00015081    4.3E+07      0.00015081    5.3E+07      2.296E+05     
   4.31E+07     0.98626      0.00015083    4.31E+07     0.00015083    5.31E+07     2.2992E+05    
   4.32E+07     0.98627      0.00015042    4.32E+07     0.00015042    5.32E+07     2.2718E+05    
   4.33E+07     0.98626      0.00015023    4.33E+07     0.00015023    5.33E+07     2.2744E+05    
   4.34E+07     0.98626      0.00014978    4.34E+07     0.00014978    5.34E+07     2.2798E+05    
   4.35E+07     0.98624      0.00014979    4.35E+07     0.00014979    5.35E+07     2.2862E+05    
   4.36E+07     0.98625      0.00014939    4.36E+07     0.00014939    5.36E+07     2.2924E+05    
   4.37E+07     0.98626      0.00014924    4.37E+07     0.00014924    5.37E+07     2.2939E+05    
   4.38E+07     0.98627      0.00014909    4.38E+07     0.00014909    5.38E+07     2.3002E+05    
   4.39E+07     0.98626      0.00014875    4.39E+07     0.00014875    5.39E+07     2.2979E+05    
   4.4E+07      0.98626      0.00014841    4.4E+07      0.00014841    5.4E+07      2.3009E+05    
   4.41E+07     0.98626      0.00014818    4.41E+07     0.00014818    5.41E+07     2.303E+05     
   4.42E+07     0.98626      0.00014775    4.42E+07     0.00014775    5.42E+07     2.3091E+05    
   4.43E+07     0.98626      0.00014732    4.43E+07     0.00014732    5.43E+07     2.3152E+05    
   4.44E+07     0.98626      0.00014689    4.44E+07     0.00014689    5.44E+07     2.3194E+05    
   4.45E+07     0.98626      0.00014655    4.45E+07     0.00014655    5.45E+07     2.3248E+05    
   4.46E+07     0.98624      0.00014696    4.46E+07     0.00014696    5.46E+07     2.3176E+05    
   4.47E+07     0.98624      0.00014658    4.47E+07     0.00014658    5.47E+07     2.318E+05     
   4.48E+07     0.98624      0.00014623    4.48E+07     0.00014623    5.48E+07     2.3227E+05    
   4.49E+07     0.98623      0.00014625    4.49E+07     0.00014625    5.49E+07     2.3115E+05    
   4.5E+07      0.98623      0.00014583    4.5E+07      0.00014583    5.5E+07      2.3144E+05    
   4.51E+07     0.98622      0.00014564    4.51E+07     0.00014564    5.51E+07     2.3048E+05    
   4.52E+07     0.9862       0.00014657    4.52E+07     0.00014657    5.52E+07     2.3107E+05    
   4.53E+07     0.9862       0.0001462     4.53E+07     0.0001462     5.53E+07     2.308E+05     
   4.54E+07     0.98619      0.0001458     4.54E+07     0.0001458     5.54E+07     2.3133E+05    
   4.55E+07     0.9862       0.00014541    4.55E+07     0.00014541    5.55E+07     2.2844E+05    
   4.56E+07     0.98619      0.00014517    4.56E+07     0.00014517    5.56E+07     2.2804E+05    
   4.57E+07     0.9862       0.00014486    4.57E+07     0.00014486    5.57E+07     2.278E+05     
   4.58E+07     0.98619      0.00014446    4.58E+07     0.00014446    5.58E+07     2.2832E+05    
   4.59E+07     0.9862       0.00014408    4.59E+07     0.00014408    5.59E+07     2.2852E+05    
   4.6E+07      0.98619      0.00014416    4.6E+07      0.00014416    5.6E+07      2.2879E+05    
   4.61E+07     0.98618      0.00014406    4.61E+07     0.00014406    5.61E+07     2.2798E+05    
   4.62E+07     0.98618      0.00014366    4.62E+07     0.00014366    5.62E+07     2.2738E+05    
   4.63E+07     0.98618      0.00014331    4.63E+07     0.00014331    5.63E+07     2.2792E+05    
   4.64E+07     0.98619      0.00014354    4.64E+07     0.00014354    5.64E+07     2.2793E+05    
   4.65E+07     0.9862       0.0001433     4.65E+07     0.0001433     5.65E+07     2.2834E+05    
   4.66E+07     0.9862       0.00014294    4.66E+07     0.00014294    5.66E+07     2.275E+05     
   4.67E+07     0.9862       0.00014256    4.67E+07     0.00014256    5.67E+07     2.2739E+05    
   4.68E+07     0.9862       0.00014218    4.68E+07     0.00014218    5.68E+07     2.2796E+05    
   4.69E+07     0.98619      0.00014205    4.69E+07     0.00014205    5.69E+07     2.2777E+05    
   4.7E+07      0.9862       0.00014186    4.7E+07      0.00014186    5.7E+07      2.2664E+05    
   4.71E+07     0.9862       0.00014154    4.71E+07     0.00014154    5.71E+07     2.271E+05     
   4.72E+07     0.9862       0.00014117    4.72E+07     0.00014117    5.72E+07     2.2634E+05    
   4.73E+07     0.9862       0.00014083    4.73E+07     0.00014083    5.73E+07     2.2501E+05    
   4.74E+07     0.9862       0.0001406     4.74E+07     0.0001406     5.74E+07     2.2544E+05    
   4.75E+07     0.9862       0.00014023    4.75E+07     0.00014023    5.75E+07     2.2593E+05    
   4.76E+07     0.98619      0.00013994    4.76E+07     0.00013994    5.76E+07     2.2644E+05    
   4.77E+07     0.9862       0.00013959    4.77E+07     0.00013959    5.77E+07     2.2372E+05    
   4.78E+07     0.98619      0.00013932    4.78E+07     0.00013932    5.78E+07     2.2389E+05    
   4.79E+07     0.9862       0.00013905    4.79E+07     0.00013905    5.79E+07     2.2429E+05    
   4.8E+07      0.98619      0.00013875    4.8E+07      0.00013875    5.8E+07      2.243E+05     
   4.81E+07     0.9862       0.00013842    4.81E+07     0.00013842    5.81E+07     2.2438E+05    
   4.82E+07     0.9862       0.00013807    4.82E+07     0.00013807    5.82E+07     2.2491E+05    
   4.83E+07     0.98619      0.00013797    4.83E+07     0.00013797    5.83E+07     2.2531E+05    
   4.84E+07     0.98619      0.00013761    4.84E+07     0.00013761    5.84E+07     2.2421E+05    
   4.85E+07     0.98621      0.00013838    4.85E+07     0.00013838    5.85E+07     2.2383E+05    
   4.86E+07     0.9862       0.00013826    4.86E+07     0.00013826    5.86E+07     2.2432E+05    
   4.87E+07     0.98619      0.00013802    4.87E+07     0.00013802    5.87E+07     2.2483E+05    
   4.88E+07     0.98619      0.00013784    4.88E+07     0.00013784    5.88E+07     2.2536E+05    
   4.89E+07     0.98619      0.00013754    4.89E+07     0.00013754    5.89E+07     2.257E+05     
   4.9E+07      0.98619      0.00013719    4.9E+07      0.00013719    5.9E+07      2.2599E+05    
   4.91E+07     0.98619      0.00013685    4.91E+07     0.00013685    5.91E+07     2.2639E+05    
   4.92E+07     0.98619      0.00013651    4.92E+07     0.00013651    5.92E+07     2.2633E+05    
   4.93E+07     0.98619      0.00013617    4.93E+07     0.00013617    5.93E+07     2.2688E+05    
   4.94E+07     0.98619      0.00013596    4.94E+07     0.00013596    5.94E+07     2.2662E+05    
   4.95E+07     0.98618      0.00013577    4.95E+07     0.00013577    5.95E+07     2.2682E+05    
   4.96E+07     0.98617      0.00013571    4.96E+07     0.00013571    5.96E+07     2.2707E+05    
   4.97E+07     0.98617      0.00013538    4.97E+07     0.00013538    5.97E+07     2.2646E+05    
   4.98E+07     0.98617      0.00013504    4.98E+07     0.00013504    5.98E+07     2.2688E+05    
   4.99E+07     0.98617      0.00013475    4.99E+07     0.00013475    5.99E+07     2.2621E+05    
   5E+07        0.98618      0.00013454    5E+07        0.00013454    6E+07        2.2673E+05    
   5.01E+07     0.98617      0.00013451    5.01E+07     0.00013451    6.01E+07     2.2716E+05    
   5.02E+07     0.98617      0.00013423    5.02E+07     0.00013423    6.02E+07     2.2722E+05    
   5.03E+07     0.98618      0.00013417    5.03E+07     0.00013417    6.03E+07     2.2768E+05    
   5.04E+07     0.98619      0.00013432    5.04E+07     0.00013432    6.04E+07     2.2806E+05    
   5.05E+07     0.98618      0.00013414    5.05E+07     0.00013414    6.05E+07     2.2857E+05    
   5.06E+07     0.98618      0.00013391    5.06E+07     0.00013391    6.06E+07     2.2911E+05    
   5.07E+07     0.98618      0.00013358    5.07E+07     0.00013358    6.07E+07     2.285E+05     
   5.08E+07     0.98617      0.00013326    5.08E+07     0.00013326    6.08E+07     2.2862E+05    
   5.09E+07     0.98616      0.00013371    5.09E+07     0.00013371    6.09E+07     2.285E+05     
   5.1E+07      0.98616      0.0001334     5.1E+07      0.0001334     6.1E+07      2.2772E+05    
   5.11E+07     0.98616      0.00013308    5.11E+07     0.00013308    6.11E+07     2.2813E+05    
   5.12E+07     0.98616      0.00013276    5.12E+07     0.00013276    6.12E+07     2.2865E+05    
   5.13E+07     0.98616      0.00013245    5.13E+07     0.00013245    6.13E+07     2.2913E+05    
   5.14E+07     0.98616      0.00013214    5.14E+07     0.00013214    6.14E+07     2.294E+05     
   5.15E+07     0.98616      0.00013185    5.15E+07     0.00013185    6.15E+07     2.2984E+05    
   5.16E+07     0.98616      0.00013154    5.16E+07     0.00013154    6.16E+07     2.3037E+05    
   5.17E+07     0.98617      0.00013127    5.17E+07     0.00013127    6.17E+07     2.3091E+05    
   5.18E+07     0.98618      0.00013136    5.18E+07     0.00013136    6.18E+07     2.3132E+05    
   5.19E+07     0.98616      0.00013172    5.19E+07     0.00013172    6.19E+07     2.3178E+05    
   5.2E+07      0.98616      0.00013161    5.2E+07      0.00013161    6.2E+07      2.3225E+05    
   5.21E+07     0.98616      0.00013141    5.21E+07     0.00013141    6.21E+07     2.3272E+05    
   5.22E+07     0.98617      0.00013119    5.22E+07     0.00013119    6.22E+07     2.3235E+05    
   5.23E+07     0.98616      0.00013133    5.23E+07     0.00013133    6.23E+07     2.3286E+05    
   5.24E+07     0.98614      0.00013153    5.24E+07     0.00013153    6.24E+07     2.3326E+05    
   5.25E+07     0.98614      0.00013122    5.25E+07     0.00013122    6.25E+07     2.3366E+05    
   5.26E+07     0.98614      0.00013115    5.26E+07     0.00013115    6.26E+07     2.3402E+05    
   5.27E+07     0.98614      0.00013094    5.27E+07     0.00013094    6.27E+07     2.3446E+05    
   5.28E+07     0.98615      0.0001308     5.28E+07     0.0001308     6.28E+07     2.3494E+05    
   5.29E+07     0.98615      0.00013062    5.29E+07     0.00013062    6.29E+07     2.3513E+05    
   5.3E+07      0.98615      0.00013032    5.3E+07      0.00013032    6.3E+07      2.3408E+05    
   5.31E+07     0.98615      0.00013011    5.31E+07     0.00013011    6.31E+07     2.3361E+05    
   5.32E+07     0.98616      0.00013077    5.32E+07     0.00013077    6.32E+07     2.3414E+05    
   5.33E+07     0.98616      0.00013055    5.33E+07     0.00013055    6.33E+07     2.3426E+05    
   5.34E+07     0.98616      0.00013028    5.34E+07     0.00013028    6.34E+07     2.3445E+05    
   5.35E+07     0.98616      0.00012998    5.35E+07     0.00012998    6.35E+07     2.3442E+05    
   5.36E+07     0.98616      0.00012968    5.36E+07     0.00012968    6.36E+07     2.3438E+05    
   5.37E+07     0.98615      0.00012951    5.37E+07     0.00012951    6.37E+07     2.348E+05     
   5.38E+07     0.98615      0.00012922    5.38E+07     0.00012922    6.38E+07     2.3525E+05    
   5.39E+07     0.98616      0.00012917    5.39E+07     0.00012917    6.39E+07     2.3575E+05    
   5.4E+07      0.98615      0.00012896    5.4E+07      0.00012896    6.4E+07      2.3575E+05    
   5.41E+07     0.98616      0.00012878    5.41E+07     0.00012878    6.41E+07     2.3584E+05    
   5.42E+07     0.98616      0.00012849    5.42E+07     0.00012849    6.42E+07     2.363E+05     
   5.43E+07     0.98616      0.0001282     5.43E+07     0.0001282     6.43E+07     2.3663E+05    
   5.44E+07     0.98616      0.00012798    5.44E+07     0.00012798    6.44E+07     2.3651E+05    
   5.45E+07     0.98616      0.0001277     5.45E+07     0.0001277     6.45E+07     2.3702E+05    
   5.46E+07     0.98617      0.00012779    5.46E+07     0.00012779    6.46E+07     2.3733E+05    
   5.47E+07     0.98616      0.00012766    5.47E+07     0.00012766    6.47E+07     2.3783E+05    
   5.48E+07     0.98616      0.00012742    5.48E+07     0.00012742    6.48E+07     2.3807E+05    
   5.49E+07     0.98615      0.0001276     5.49E+07     0.0001276     6.49E+07     2.3844E+05    
   5.5E+07      0.98615      0.00012741    5.5E+07      0.00012741    6.5E+07      2.3893E+05    
   5.51E+07     0.98614      0.00012756    5.51E+07     0.00012756    6.51E+07     2.3944E+05    
   5.52E+07     0.98614      0.00012728    5.52E+07     0.00012728    6.52E+07     2.398E+05     
   5.53E+07     0.98614      0.00012723    5.53E+07     0.00012723    6.53E+07     2.4031E+05    
   5.54E+07     0.98613      0.00012697    5.54E+07     0.00012697    6.54E+07     2.4081E+05    
   5.55E+07     0.98612      0.00012765    5.55E+07     0.00012765    6.55E+07     2.4045E+05    
   5.56E+07     0.98611      0.00012766    5.56E+07     0.00012766    6.56E+07     2.4038E+05    
   5.57E+07     0.9861       0.0001276     5.57E+07     0.0001276     6.57E+07     2.4038E+05    
   5.58E+07     0.9861       0.00012735    5.58E+07     0.00012735    6.58E+07     2.4088E+05    
   5.59E+07     0.98609      0.00012718    5.59E+07     0.00012718    6.59E+07     2.4101E+05    
   5.6E+07      0.98609      0.00012699    5.6E+07      0.00012699    6.6E+07      2.4099E+05    
   5.61E+07     0.98608      0.00012711    5.61E+07     0.00012711    6.61E+07     2.403E+05     
   5.62E+07     0.98607      0.00012715    5.62E+07     0.00012715    6.62E+07     2.4079E+05    
   5.63E+07     0.98607      0.00012689    5.63E+07     0.00012689    6.63E+07     2.412E+05     
   5.64E+07     0.98607      0.00012678    5.64E+07     0.00012678    6.64E+07     2.4168E+05    
   5.65E+07     0.98606      0.00012656    5.65E+07     0.00012656    6.65E+07     2.4212E+05    
   5.66E+07     0.98605      0.00012667    5.66E+07     0.00012667    6.66E+07     2.4263E+05    
   5.67E+07     0.98606      0.00012659    5.67E+07     0.00012659    6.67E+07     2.4273E+05    
   5.68E+07     0.98606      0.00012632    5.68E+07     0.00012632    6.68E+07     2.4324E+05    
   5.69E+07     0.98607      0.00012627    5.69E+07     0.00012627    6.69E+07     2.4372E+05    
   5.7E+07      0.98608      0.00012646    5.7E+07      0.00012646    6.7E+07      2.4373E+05    
   5.71E+07     0.98608      0.00012622    5.71E+07     0.00012622    6.71E+07     2.442E+05     
   5.72E+07     0.98609      0.00012632    5.72E+07     0.00012632    6.72E+07     2.4365E+05    
   5.73E+07     0.98607      0.00012659    5.73E+07     0.00012659    6.73E+07     2.436E+05     
   5.74E+07     0.98608      0.00012635    5.74E+07     0.00012635    6.74E+07     2.4269E+05    
   5.75E+07     0.98607      0.0001261     5.75E+07     0.0001261     6.75E+07     2.4206E+05    
   5.76E+07     0.98607      0.00012586    5.76E+07     0.00012586    6.76E+07     2.4214E+05    
   5.77E+07     0.98606      0.00012651    5.77E+07     0.00012651    6.77E+07     2.4215E+05    
   5.78E+07     0.98605      0.00012634    5.78E+07     0.00012634    6.78E+07     2.4172E+05    
   5.79E+07     0.98605      0.00012612    5.79E+07     0.00012612    6.79E+07     2.4216E+05    
   5.8E+07      0.98605      0.00012602    5.8E+07      0.00012602    6.8E+07      2.4255E+05    
   5.81E+07     0.98606      0.00012589    5.81E+07     0.00012589    6.81E+07     2.4233E+05    
   5.82E+07     0.98606      0.00012563    5.82E+07     0.00012563    6.82E+07     2.4083E+05    
   5.83E+07     0.98606      0.00012541    5.83E+07     0.00012541    6.83E+07     2.4081E+05    
   5.84E+07     0.98605      0.00012562    5.84E+07     0.00012562    6.84E+07     2.4103E+05    
   5.85E+07     0.98604      0.00012562    5.85E+07     0.00012562    6.85E+07     2.4136E+05    
   5.86E+07     0.98605      0.00012537    5.86E+07     0.00012537    6.86E+07     2.4115E+05    
   5.87E+07     0.98605      0.00012512    5.87E+07     0.00012512    6.87E+07     2.416E+05     
   5.88E+07     0.98605      0.00012487    5.88E+07     0.00012487    6.88E+07     2.4153E+05    
   5.89E+07     0.98604      0.00012467    5.89E+07     0.00012467    6.89E+07     2.4048E+05    
   5.9E+07      0.98604      0.00012447    5.9E+07      0.00012447    6.9E+07      2.4094E+05    
   5.91E+07     0.98604      0.00012426    5.91E+07     0.00012426    6.91E+07     2.4085E+05    
   5.92E+07     0.98604      0.00012416    5.92E+07     0.00012416    6.92E+07     2.4108E+05    
   5.93E+07     0.98604      0.00012391    5.93E+07     0.00012391    6.93E+07     2.4144E+05    
   5.94E+07     0.98603      0.00012386    5.94E+07     0.00012386    6.94E+07     2.4151E+05    
   5.95E+07     0.98603      0.00012371    5.95E+07     0.00012371    6.95E+07     2.4157E+05    
   5.96E+07     0.98604      0.00012354    5.96E+07     0.00012354    6.96E+07     2.4179E+05    
   5.97E+07     0.98605      0.00012361    5.97E+07     0.00012361    6.97E+07     2.4208E+05    
   5.98E+07     0.98605      0.00012338    5.98E+07     0.00012338    6.98E+07     2.4248E+05    
   5.99E+07     0.98606      0.00012346    5.99E+07     0.00012346    6.99E+07     2.4273E+05    
   6E+07        0.98606      0.00012321    6E+07        0.00012321    7E+07        2.429E+05     
   6.01E+07     0.98606      0.000123      6.01E+07     0.000123      7.01E+07     2.4332E+05    
   6.02E+07     0.98606      0.00012288    6.02E+07     0.00012288    7.02E+07     2.4305E+05    
   6.03E+07     0.98606      0.00012264    6.03E+07     0.00012264    7.03E+07     2.434E+05     
   6.04E+07     0.98606      0.00012245    6.04E+07     0.00012245    7.04E+07     2.4362E+05    
   6.05E+07     0.98606      0.00012221    6.05E+07     0.00012221    7.05E+07     2.4397E+05    
   6.06E+07     0.98606      0.00012197    6.06E+07     0.00012197    7.06E+07     2.4424E+05    
   6.07E+07     0.98605      0.00012202    6.07E+07     0.00012202    7.07E+07     2.447E+05     
   6.08E+07     0.98604      0.00012189    6.08E+07     0.00012189    7.08E+07     2.447E+05     
   6.09E+07     0.98605      0.00012183    6.09E+07     0.00012183    7.09E+07     2.4459E+05    
   6.1E+07      0.98606      0.00012194    6.1E+07      0.00012194    7.1E+07      2.4387E+05    
   6.11E+07     0.98606      0.00012172    6.11E+07     0.00012172    7.11E+07     2.4328E+05    
   6.12E+07     0.98606      0.00012149    6.12E+07     0.00012149    7.12E+07     2.4354E+05    
   6.13E+07     0.98606      0.00012125    6.13E+07     0.00012125    7.13E+07     2.4391E+05    
   6.14E+07     0.98606      0.00012108    6.14E+07     0.00012108    7.14E+07     2.4425E+05    
   6.15E+07     0.98606      0.00012086    6.15E+07     0.00012086    7.15E+07     2.4441E+05    
   6.16E+07     0.98606      0.00012063    6.16E+07     0.00012063    7.16E+07     2.447E+05     
   6.17E+07     0.98606      0.00012039    6.17E+07     0.00012039    7.17E+07     2.4478E+05    
   6.18E+07     0.98606      0.00012019    6.18E+07     0.00012019    7.18E+07     2.4517E+05    
   6.19E+07     0.98606      0.00011996    6.19E+07     0.00011996    7.19E+07     2.4552E+05    
   6.2E+07      0.98606      0.00011974    6.2E+07      0.00011974    7.2E+07      2.4324E+05    
   6.21E+07     0.98606      0.00011953    6.21E+07     0.00011953    7.21E+07     2.4294E+05    
   6.22E+07     0.98606      0.00011953    6.22E+07     0.00011953    7.22E+07     2.4318E+05    
   6.23E+07     0.98606      0.0001193     6.23E+07     0.0001193     7.23E+07     2.4337E+05    
   6.24E+07     0.98606      0.0001191     6.24E+07     0.0001191     7.24E+07     2.4382E+05    
   6.25E+07     0.98606      0.00011891    6.25E+07     0.00011891    7.25E+07     2.4352E+05    
   6.26E+07     0.98607      0.00011872    6.26E+07     0.00011872    7.26E+07     2.4379E+05    
   6.27E+07     0.98607      0.00011851    6.27E+07     0.00011851    7.27E+07     2.4424E+05    
   6.28E+07     0.98607      0.00011829    6.28E+07     0.00011829    7.28E+07     2.4466E+05    
   6.29E+07     0.98606      0.00011816    6.29E+07     0.00011816    7.29E+07     2.4467E+05    
   6.3E+07      0.98607      0.00011833    6.3E+07      0.00011833    7.3E+07      2.4463E+05    
   6.31E+07     0.98606      0.00011834    6.31E+07     0.00011834    7.31E+07     2.4506E+05    
   6.32E+07     0.98606      0.00011812    6.32E+07     0.00011812    7.32E+07     2.4547E+05    
   6.33E+07     0.98607      0.000118      6.33E+07     0.000118      7.33E+07     2.4582E+05    
   6.34E+07     0.98607      0.00011786    6.34E+07     0.00011786    7.34E+07     2.4603E+05    
   6.35E+07     0.98607      0.00011777    6.35E+07     0.00011777    7.35E+07     2.4634E+05    
   6.36E+07     0.98606      0.00011769    6.36E+07     0.00011769    7.36E+07     2.4634E+05    
   6.37E+07     0.98606      0.00011749    6.37E+07     0.00011749    7.37E+07     2.4622E+05    
   6.38E+07     0.98606      0.00011729    6.38E+07     0.00011729    7.38E+07     2.4555E+05    
   6.39E+07     0.98606      0.00011707    6.39E+07     0.00011707    7.39E+07     2.4597E+05    
   6.4E+07      0.98607      0.00011698    6.4E+07      0.00011698    7.4E+07      2.4624E+05    
   6.41E+07     0.98606      0.00011686    6.41E+07     0.00011686    7.41E+07     2.4668E+05    
   6.42E+07     0.98606      0.00011666    6.42E+07     0.00011666    7.42E+07     2.4691E+05    
   6.43E+07     0.98607      0.0001165     6.43E+07     0.0001165     7.43E+07     2.4735E+05    
   6.44E+07     0.98606      0.00011642    6.44E+07     0.00011642    7.44E+07     2.4768E+05    
   6.45E+07     0.98606      0.00011621    6.45E+07     0.00011621    7.45E+07     2.481E+05     
   6.46E+07     0.98606      0.00011604    6.46E+07     0.00011604    7.46E+07     2.4829E+05    
   6.47E+07     0.98606      0.00011584    6.47E+07     0.00011584    7.47E+07     2.4837E+05    
   6.48E+07     0.98606      0.00011568    6.48E+07     0.00011568    7.48E+07     2.4784E+05    
   6.49E+07     0.98606      0.0001155     6.49E+07     0.0001155     7.49E+07     2.4827E+05    
   6.5E+07      0.98606      0.00011529    6.5E+07      0.00011529    7.5E+07      2.4863E+05    
   6.51E+07     0.98606      0.00011509    6.51E+07     0.00011509    7.51E+07     2.4908E+05    
   6.52E+07     0.98606      0.00011491    6.52E+07     0.00011491    7.52E+07     2.4801E+05    
   6.53E+07     0.98606      0.0001147     6.53E+07     0.0001147     7.53E+07     2.4831E+05    
   6.54E+07     0.98606      0.00011449    6.54E+07     0.00011449    7.54E+07     2.4875E+05    
   6.55E+07     0.98605      0.00011449    6.55E+07     0.00011449    7.55E+07     2.4874E+05    
   6.56E+07     0.98606      0.00011441    6.56E+07     0.00011441    7.56E+07     2.4809E+05    
   6.57E+07     0.98606      0.00011433    6.57E+07     0.00011433    7.57E+07     2.4745E+05    
   6.58E+07     0.98606      0.00011413    6.58E+07     0.00011413    7.58E+07     2.4748E+05    
   6.59E+07     0.98606      0.00011401    6.59E+07     0.00011401    7.59E+07     2.4756E+05    
   6.6E+07      0.98606      0.00011393    6.6E+07      0.00011393    7.6E+07      2.478E+05     
   6.61E+07     0.98605      0.00011401    6.61E+07     0.00011401    7.61E+07     2.4789E+05    
   6.62E+07     0.98605      0.00011381    6.62E+07     0.00011381    7.62E+07     2.4827E+05    
   6.63E+07     0.98606      0.00011362    6.63E+07     0.00011362    7.63E+07     2.4861E+05    
   6.64E+07     0.98606      0.00011342    6.64E+07     0.00011342    7.64E+07     2.4872E+05    
   6.65E+07     0.98606      0.00011323    6.65E+07     0.00011323    7.65E+07     2.491E+05     
   6.66E+07     0.98606      0.00011303    6.66E+07     0.00011303    7.66E+07     2.4937E+05    
   6.67E+07     0.98606      0.00011293    6.67E+07     0.00011293    7.67E+07     2.496E+05     
   6.68E+07     0.98606      0.00011273    6.68E+07     0.00011273    7.68E+07     2.4992E+05    
   6.69E+07     0.98606      0.00011253    6.69E+07     0.00011253    7.69E+07     2.5028E+05    
   6.7E+07      0.98607      0.00011244    6.7E+07      0.00011244    7.7E+07      2.4983E+05    
   6.71E+07     0.98606      0.00011226    6.71E+07     0.00011226    7.71E+07     2.5009E+05    
   6.72E+07     0.98606      0.00011229    6.72E+07     0.00011229    7.72E+07     2.5053E+05    
   6.73E+07     0.98605      0.00011221    6.73E+07     0.00011221    7.73E+07     2.4984E+05    
   6.74E+07     0.98606      0.00011234    6.74E+07     0.00011234    7.74E+07     2.4732E+05    
   6.75E+07     0.98607      0.00011241    6.75E+07     0.00011241    7.75E+07     2.4737E+05    
   6.76E+07     0.98606      0.00011231    6.76E+07     0.00011231    7.76E+07     2.4778E+05    
   6.77E+07     0.98607      0.00011221    6.77E+07     0.00011221    7.77E+07     2.481E+05     
   6.78E+07     0.98607      0.00011223    6.78E+07     0.00011223    7.78E+07     2.4765E+05    
   6.79E+07     0.98608      0.00011205    6.79E+07     0.00011205    7.79E+07     2.4802E+05    
   6.8E+07      0.98608      0.00011188    6.8E+07      0.00011188    7.8E+07      2.4823E+05    
   6.81E+07     0.98607      0.00011184    6.81E+07     0.00011184    7.81E+07     2.4854E+05    
   6.82E+07     0.98608      0.00011211    6.82E+07     0.00011211    7.82E+07     2.4833E+05    
   6.83E+07     0.98609      0.00011203    6.83E+07     0.00011203    7.83E+07     2.4872E+05    
   6.84E+07     0.98608      0.0001119     6.84E+07     0.0001119     7.84E+07     2.4855E+05    
   6.85E+07     0.98609      0.00011174    6.85E+07     0.00011174    7.85E+07     2.487E+05     
   6.86E+07     0.98609      0.00011171    6.86E+07     0.00011171    7.86E+07     2.4716E+05    
   6.87E+07     0.98609      0.00011152    6.87E+07     0.00011152    7.87E+07     2.4613E+05    
   6.88E+07     0.98609      0.00011146    6.88E+07     0.00011146    7.88E+07     2.4607E+05    
   6.89E+07     0.9861       0.00011162    6.89E+07     0.00011162    7.89E+07     2.4643E+05    
   6.9E+07      0.98609      0.00011143    6.9E+07      0.00011143    7.9E+07      2.4679E+05    
   6.91E+07     0.98609      0.00011137    6.91E+07     0.00011137    7.91E+07     2.4702E+05    
   6.92E+07     0.98609      0.00011125    6.92E+07     0.00011125    7.92E+07     2.4738E+05    
   6.93E+07     0.98609      0.00011107    6.93E+07     0.00011107    7.93E+07     2.4713E+05    
   6.94E+07     0.98609      0.00011098    6.94E+07     0.00011098    7.94E+07     2.4727E+05    
   6.95E+07     0.98609      0.00011088    6.95E+07     0.00011088    7.95E+07     2.4596E+05    
   6.96E+07     0.98609      0.00011076    6.96E+07     0.00011076    7.96E+07     2.4555E+05    
   6.97E+07     0.98609      0.0001106     6.97E+07     0.0001106     7.97E+07     2.459E+05     
   6.98E+07     0.98609      0.00011043    6.98E+07     0.00011043    7.98E+07     2.4375E+05    
   6.99E+07     0.98609      0.0001103     6.99E+07     0.0001103     7.99E+07     2.4327E+05    
   7E+07        0.9861       0.00011018    7E+07        0.00011018    8E+07        2.4334E+05    
   7.01E+07     0.9861       0.00011       7.01E+07     0.00011       8.01E+07     2.4221E+05    
   7.02E+07     0.98609      0.00010998    7.02E+07     0.00010998    8.02E+07     2.4262E+05    
   7.03E+07     0.98609      0.00010983    7.03E+07     0.00010983    8.03E+07     2.4292E+05    
   7.04E+07     0.98609      0.0001097     7.04E+07     0.0001097     8.04E+07     2.4326E+05    
   7.05E+07     0.98609      0.00010954    7.05E+07     0.00010954    8.05E+07     2.4365E+05    
   7.06E+07     0.98609      0.0001094     7.06E+07     0.0001094     8.06E+07     2.4337E+05    
   7.07E+07     0.98609      0.00010922    7.07E+07     0.00010922    8.07E+07     2.4359E+05    
   7.08E+07     0.98608      0.00010915    7.08E+07     0.00010915    8.08E+07     2.4394E+05    
   7.09E+07     0.98609      0.00010909    7.09E+07     0.00010909    8.09E+07     2.4425E+05    
   7.1E+07      0.98608      0.00010917    7.1E+07      0.00010917    8.1E+07      2.4465E+05    
   7.11E+07     0.98609      0.00010923    7.11E+07     0.00010923    8.11E+07     2.4505E+05    
   7.12E+07     0.98609      0.0001091     7.12E+07     0.0001091     8.12E+07     2.4501E+05    
   7.13E+07     0.98609      0.00010894    7.13E+07     0.00010894    8.13E+07     2.453E+05     
   7.14E+07     0.98609      0.00010878    7.14E+07     0.00010878    8.14E+07     2.455E+05     
   7.15E+07     0.98609      0.00010866    7.15E+07     0.00010866    8.15E+07     2.4586E+05    
   7.16E+07     0.98608      0.00010853    7.16E+07     0.00010853    8.16E+07     2.4593E+05    
   7.17E+07     0.98608      0.00010843    7.17E+07     0.00010843    8.17E+07     2.4608E+05    
   7.18E+07     0.98608      0.00010826    7.18E+07     0.00010826    8.18E+07     2.4605E+05    
   7.19E+07     0.98608      0.00010811    7.19E+07     0.00010811    8.19E+07     2.464E+05     
   7.2E+07      0.98609      0.00010855    7.2E+07      0.00010855    8.2E+07      2.4669E+05    
   7.21E+07     0.98609      0.00010854    7.21E+07     0.00010854    8.21E+07     2.4709E+05    
   7.22E+07     0.98609      0.0001084     7.22E+07     0.0001084     8.22E+07     2.4738E+05    
   7.23E+07     0.98609      0.00010828    7.23E+07     0.00010828    8.23E+07     2.4777E+05    
   7.24E+07     0.98609      0.00010811    7.24E+07     0.00010811    8.24E+07     2.468E+05     
   7.25E+07     0.98609      0.0001081     7.25E+07     0.0001081     8.25E+07     2.4712E+05    
   7.26E+07     0.98608      0.00010797    7.26E+07     0.00010797    8.26E+07     2.4749E+05    
   7.27E+07     0.98608      0.0001078     7.27E+07     0.0001078     8.27E+07     2.477E+05     
   7.28E+07     0.98608      0.00010763    7.28E+07     0.00010763    8.28E+07     2.481E+05     
   7.29E+07     0.98608      0.00010756    7.29E+07     0.00010756    8.29E+07     2.4812E+05    
   7.3E+07      0.98608      0.00010748    7.3E+07      0.00010748    8.3E+07      2.4841E+05    
   7.31E+07     0.98607      0.00010731    7.31E+07     0.00010731    8.31E+07     2.4821E+05    
   7.32E+07     0.98608      0.00010715    7.32E+07     0.00010715    8.32E+07     2.486E+05     
   7.33E+07     0.98608      0.00010701    7.33E+07     0.00010701    8.33E+07     2.4893E+05    
   7.34E+07     0.98607      0.00010688    7.34E+07     0.00010688    8.34E+07     2.4922E+05    
   7.35E+07     0.98607      0.00010674    7.35E+07     0.00010674    8.35E+07     2.477E+05     
   7.36E+07     0.98608      0.00010667    7.36E+07     0.00010667    8.36E+07     2.4807E+05    
   7.37E+07     0.98607      0.00010663    7.37E+07     0.00010663    8.37E+07     2.4835E+05    
   7.38E+07     0.98608      0.00010669    7.38E+07     0.00010669    8.38E+07     2.4868E+05    
   7.39E+07     0.98608      0.00010653    7.39E+07     0.00010653    8.39E+07     2.4906E+05    
   7.4E+07      0.98608      0.00010639    7.4E+07      0.00010639    8.4E+07      2.4928E+05    
   7.41E+07     0.98608      0.00010623    7.41E+07     0.00010623    8.41E+07     2.4962E+05    
   7.42E+07     0.98607      0.0001061     7.42E+07     0.0001061     8.42E+07     2.4921E+05    
   7.43E+07     0.98607      0.00010594    7.43E+07     0.00010594    8.43E+07     2.4926E+05    
   7.44E+07     0.98607      0.0001058     7.44E+07     0.0001058     8.44E+07     2.4961E+05    
   7.45E+07     0.98607      0.00010564    7.45E+07     0.00010564    8.45E+07     2.4997E+05    
   7.46E+07     0.98607      0.00010553    7.46E+07     0.00010553    8.46E+07     2.499E+05     
   7.47E+07     0.98606      0.00010544    7.47E+07     0.00010544    8.47E+07     2.5028E+05    
   7.48E+07     0.98607      0.00010548    7.48E+07     0.00010548    8.48E+07     2.5057E+05    
   7.49E+07     0.98607      0.00010532    7.49E+07     0.00010532    8.49E+07     2.5049E+05    
   7.5E+07      0.98607      0.00010516    7.5E+07      0.00010516    8.5E+07      2.4893E+05    
   7.51E+07     0.98607      0.000105      7.51E+07     0.000105      8.51E+07     2.4872E+05    
   7.52E+07     0.98606      0.00010516    7.52E+07     0.00010516    8.52E+07     2.4907E+05    
   7.53E+07     0.98606      0.00010503    7.53E+07     0.00010503    8.53E+07     2.494E+05     
   7.54E+07     0.98606      0.00010487    7.54E+07     0.00010487    8.54E+07     2.4976E+05    
   7.55E+07     0.98606      0.00010481    7.55E+07     0.00010481    8.55E+07     2.5013E+05    
   7.56E+07     0.98605      0.00010488    7.56E+07     0.00010488    8.56E+07     2.5047E+05    
   7.57E+07     0.98604      0.00010494    7.57E+07     0.00010494    8.57E+07     2.5062E+05    
   7.58E+07     0.98605      0.00010487    7.58E+07     0.00010487    8.58E+07     2.4844E+05    
   7.59E+07     0.98605      0.00010478    7.59E+07     0.00010478    8.59E+07     2.4867E+05    
   7.6E+07      0.98605      0.00010465    7.6E+07      0.00010465    8.6E+07      2.4889E+05    
   7.61E+07     0.98604      0.00010457    7.61E+07     0.00010457    8.61E+07     2.4863E+05    
   7.62E+07     0.98604      0.00010442    7.62E+07     0.00010442    8.62E+07     2.49E+05      
   7.63E+07     0.98604      0.00010428    7.63E+07     0.00010428    8.63E+07     2.4861E+05    
   7.64E+07     0.98604      0.00010419    7.64E+07     0.00010419    8.64E+07     2.4891E+05    
   7.65E+07     0.98604      0.00010404    7.65E+07     0.00010404    8.65E+07     2.4929E+05    
   7.66E+07     0.98604      0.00010392    7.66E+07     0.00010392    8.66E+07     2.4933E+05    
   7.67E+07     0.98604      0.0001038     7.67E+07     0.0001038     8.67E+07     2.4965E+05    
   7.68E+07     0.98604      0.00010367    7.68E+07     0.00010367    8.68E+07     2.4931E+05    
   7.69E+07     0.98604      0.00010352    7.69E+07     0.00010352    8.69E+07     2.4967E+05    
   7.7E+07      0.98604      0.00010355    7.7E+07      0.00010355    8.7E+07      2.499E+05     
   7.71E+07     0.98604      0.00010342    7.71E+07     0.00010342    8.71E+07     2.4924E+05    
   7.72E+07     0.98604      0.00010327    7.72E+07     0.00010327    8.72E+07     2.4699E+05    
   7.73E+07     0.98605      0.00010335    7.73E+07     0.00010335    8.73E+07     2.4727E+05    
   7.74E+07     0.98606      0.00010381    7.74E+07     0.00010381    8.74E+07     2.4754E+05    
   7.75E+07     0.98606      0.00010372    7.75E+07     0.00010372    8.75E+07     2.4779E+05    
   7.76E+07     0.98605      0.00010357    7.76E+07     0.00010357    8.76E+07     2.4802E+05    
   7.77E+07     0.98606      0.00010344    7.77E+07     0.00010344    8.77E+07     2.4741E+05    
   7.78E+07     0.98606      0.00010347    7.78E+07     0.00010347    8.78E+07     2.4772E+05    
   7.79E+07     0.98606      0.00010332    7.79E+07     0.00010332    8.79E+07     2.4725E+05    
   7.8E+07      0.98606      0.00010321    7.8E+07      0.00010321    8.8E+07      2.4752E+05    
   7.81E+07     0.98607      0.00010308    7.81E+07     0.00010308    8.81E+07     2.4777E+05    
   7.82E+07     0.98606      0.00010306    7.82E+07     0.00010306    8.82E+07     2.4581E+05    
   7.83E+07     0.98606      0.00010291    7.83E+07     0.00010291    8.83E+07     2.4483E+05    
   7.84E+07     0.98607      0.00010288    7.84E+07     0.00010288    8.84E+07     2.448E+05     
   7.85E+07     0.98606      0.00010279    7.85E+07     0.00010279    8.85E+07     2.4464E+05    
   7.86E+07     0.98605      0.00010305    7.86E+07     0.00010305    8.86E+07     2.4488E+05    
   7.87E+07     0.98606      0.00010319    7.87E+07     0.00010319    8.87E+07     2.4516E+05    
   7.88E+07     0.98607      0.00010314    7.88E+07     0.00010314    8.88E+07     2.4552E+05    
   7.89E+07     0.98606      0.000103      7.89E+07     0.000103      8.89E+07     2.4432E+05    
   7.9E+07      0.98606      0.00010286    7.9E+07      0.00010286    8.9E+07      2.4463E+05    
   7.91E+07     0.98606      0.00010275    7.91E+07     0.00010275    8.91E+07     2.44E+05      
   7.92E+07     0.98606      0.0001026     7.92E+07     0.0001026     8.92E+07     2.4414E+05    
   7.93E+07     0.98607      0.00010259    7.93E+07     0.00010259    8.93E+07     2.445E+05     
   7.94E+07     0.98607      0.0001025     7.94E+07     0.0001025     8.94E+07     2.4419E+05    
   7.95E+07     0.98608      0.00010271    7.95E+07     0.00010271    8.95E+07     2.4426E+05    
   7.96E+07     0.98608      0.00010273    7.96E+07     0.00010273    8.96E+07     2.443E+05     
   7.97E+07     0.98608      0.00010259    7.97E+07     0.00010259    8.97E+07     2.4456E+05    
   7.98E+07     0.98609      0.00010297    7.98E+07     0.00010297    8.98E+07     2.4246E+05    
   7.99E+07     0.9861       0.00010301    7.99E+07     0.00010301    8.99E+07     2.4251E+05    
   8E+07        0.9861       0.00010293    8E+07        0.00010293    9E+07        2.4275E+05    
   8.01E+07     0.98611      0.0001031     8.01E+07     0.0001031     9.01E+07     2.4307E+05    
   8.02E+07     0.98611      0.00010296    8.02E+07     0.00010296    9.02E+07     2.4332E+05    
   8.03E+07     0.98611      0.00010283    8.03E+07     0.00010283    9.03E+07     2.4362E+05    
   8.04E+07     0.98611      0.00010269    8.04E+07     0.00010269    9.04E+07     2.4386E+05    
   8.05E+07     0.98611      0.00010254    8.05E+07     0.00010254    9.05E+07     2.4352E+05    
   8.06E+07     0.98612      0.00010254    8.06E+07     0.00010254    9.06E+07     2.4384E+05    
   8.07E+07     0.98612      0.00010243    8.07E+07     0.00010243    9.07E+07     2.4336E+05    
   8.08E+07     0.98612      0.00010229    8.08E+07     0.00010229    9.08E+07     2.4353E+05    
   8.09E+07     0.98612      0.00010216    8.09E+07     0.00010216    9.09E+07     2.4386E+05    
   8.1E+07      0.98612      0.00010202    8.1E+07      0.00010202    9.1E+07      2.44E+05      
   8.11E+07     0.98612      0.00010187    8.11E+07     0.00010187    9.11E+07     2.4415E+05    
   8.12E+07     0.98612      0.00010181    8.12E+07     0.00010181    9.12E+07     2.4444E+05    
   8.13E+07     0.98612      0.00010169    8.13E+07     0.00010169    9.13E+07     2.4433E+05    
   8.14E+07     0.98613      0.00010158    8.14E+07     0.00010158    9.14E+07     2.4453E+05    
   8.15E+07     0.98613      0.00010145    8.15E+07     0.00010145    9.15E+07     2.4473E+05    
   8.16E+07     0.98613      0.00010137    8.16E+07     0.00010137    9.16E+07     2.4479E+05    
   8.17E+07     0.98614      0.00010128    8.17E+07     0.00010128    9.17E+07     2.4512E+05    
   8.18E+07     0.98614      0.00010122    8.18E+07     0.00010122    9.18E+07     2.4529E+05    
   8.19E+07     0.98614      0.00010109    8.19E+07     0.00010109    9.19E+07     2.4528E+05    
   8.2E+07      0.98614      0.00010096    8.2E+07      0.00010096    9.2E+07      2.4562E+05    
   8.21E+07     0.98614      0.00010082    8.21E+07     0.00010082    9.21E+07     2.4591E+05    
   8.22E+07     0.98614      0.0001007     8.22E+07     0.0001007     9.22E+07     2.4619E+05    
   8.23E+07     0.98614      0.00010056    8.23E+07     0.00010056    9.23E+07     2.4643E+05    
   8.24E+07     0.98615      0.00010069    8.24E+07     0.00010069    9.24E+07     2.4667E+05    
   8.25E+07     0.98614      0.00010057    8.25E+07     0.00010057    9.25E+07     2.4632E+05    
   8.26E+07     0.98614      0.00010043    8.26E+07     0.00010043    9.26E+07     2.466E+05     
   8.27E+07     0.98614      0.00010033    8.27E+07     0.00010033    9.27E+07     2.4599E+05    
   8.28E+07     0.98614      0.00010019    8.28E+07     0.00010019    9.28E+07     2.4614E+05    
   8.29E+07     0.98614      0.00010012    8.29E+07     0.00010012    9.29E+07     2.4646E+05    
   8.3E+07      0.98614      0.00010001    8.3E+07      0.00010001    9.3E+07      2.468E+05     
   8.31E+07     0.98614      9.9986E-05    8.31E+07     9.9986E-05    9.31E+07     2.4713E+05    
   8.32E+07     0.98614      9.9851E-05    8.32E+07     9.9851E-05    9.32E+07     2.4744E+05    
   8.33E+07     0.98614      9.9719E-05    8.33E+07     9.9719E-05    9.33E+07     2.4685E+05    
   8.34E+07     0.98614      9.9605E-05    8.34E+07     9.9605E-05    9.34E+07     2.4712E+05    
   8.35E+07     0.98613      9.985E-05     8.35E+07     9.985E-05     9.35E+07     2.4742E+05    
   8.36E+07     0.98613      9.9718E-05    8.36E+07     9.9718E-05    9.36E+07     2.4694E+05    
   8.37E+07     0.98613      9.9595E-05    8.37E+07     9.9595E-05    9.37E+07     2.467E+05     
   8.38E+07     0.98613      9.9472E-05    8.38E+07     9.9472E-05    9.38E+07     2.4676E+05    
   8.39E+07     0.98613      9.9339E-05    8.39E+07     9.9339E-05    9.39E+07     2.468E+05     
   8.4E+07      0.98613      9.9238E-05    8.4E+07      9.9238E-05    9.4E+07      2.4697E+05    
   8.41E+07     0.98613      9.9106E-05    8.41E+07     9.9106E-05    9.41E+07     2.4727E+05    
   8.42E+07     0.98613      9.9127E-05    8.42E+07     9.9127E-05    9.42E+07     2.4756E+05    
   8.43E+07     0.98613      9.9061E-05    8.43E+07     9.9061E-05    9.43E+07     2.4704E+05    
   8.44E+07     0.98613      9.8932E-05    8.44E+07     9.8932E-05    9.44E+07     2.4714E+05    
   8.45E+07     0.98613      9.88E-05      8.45E+07     9.88E-05      9.45E+07     2.4727E+05    
   8.46E+07     0.98612      9.8757E-05    8.46E+07     9.8757E-05    9.46E+07     2.4757E+05    
   8.47E+07     0.98612      9.8626E-05    8.47E+07     9.8626E-05    9.47E+07     2.4759E+05    
   8.48E+07     0.98612      9.8511E-05    8.48E+07     9.8511E-05    9.48E+07     2.4743E+05    
   8.49E+07     0.98613      9.8464E-05    8.49E+07     9.8464E-05    9.49E+07     2.4696E+05    
   8.5E+07      0.98612      9.8713E-05    8.5E+07      9.8713E-05    9.5E+07      2.4724E+05    
   8.51E+07     0.98612      9.87E-05      8.51E+07     9.87E-05      9.51E+07     2.4633E+05    
   8.52E+07     0.98612      9.8576E-05    8.52E+07     9.8576E-05    9.52E+07     2.4606E+05    
   8.53E+07     0.98612      9.8448E-05    8.53E+07     9.8448E-05    9.53E+07     2.4639E+05    
   8.54E+07     0.98612      9.8323E-05    8.54E+07     9.8323E-05    9.54E+07     2.4669E+05    
   8.55E+07     0.98612      9.8192E-05    8.55E+07     9.8192E-05    9.55E+07     2.4696E+05    
   8.56E+07     0.98612      9.8071E-05    8.56E+07     9.8071E-05    9.56E+07     2.4542E+05    
   8.57E+07     0.98613      9.7976E-05    8.57E+07     9.7976E-05    9.57E+07     2.457E+05     
   8.58E+07     0.98612      9.835E-05     8.58E+07     9.835E-05     9.58E+07     2.4543E+05    
   8.59E+07     0.98611      9.8248E-05    8.59E+07     9.8248E-05    9.59E+07     2.4575E+05    
   8.6E+07      0.98611      9.8147E-05    8.6E+07      9.8147E-05    9.6E+07      2.4586E+05    
   8.61E+07     0.98611      9.8135E-05    8.61E+07     9.8135E-05    9.61E+07     2.4617E+05    
   8.62E+07     0.98611      9.8009E-05    8.62E+07     9.8009E-05    9.62E+07     2.4586E+05    
   8.63E+07     0.9861       9.8029E-05    8.63E+07     9.8029E-05    9.63E+07     2.4611E+05    
   8.64E+07     0.9861       9.7916E-05    8.64E+07     9.7916E-05    9.64E+07     2.4636E+05    
   8.65E+07     0.9861       9.7788E-05    8.65E+07     9.7788E-05    9.65E+07     2.4657E+05    
   8.66E+07     0.9861       9.7719E-05    8.66E+07     9.7719E-05    9.66E+07     2.4669E+05    
   8.67E+07     0.9861       9.7602E-05    8.67E+07     9.7602E-05    9.67E+07     2.4701E+05    
   8.68E+07     0.9861       9.7613E-05    8.68E+07     9.7613E-05    9.68E+07     2.4568E+05    
   8.69E+07     0.9861       9.749E-05     8.69E+07     9.749E-05     9.69E+07     2.46E+05      
   8.7E+07      0.9861       9.738E-05     8.7E+07      9.738E-05     9.7E+07      2.4586E+05    
   8.71E+07     0.98609      9.7456E-05    8.71E+07     9.7456E-05    9.71E+07     2.4616E+05    
   8.72E+07     0.9861       9.7842E-05    8.72E+07     9.7842E-05    9.72E+07     2.4642E+05    
   8.73E+07     0.9861       9.7734E-05    8.73E+07     9.7734E-05    9.73E+07     2.4669E+05    
   8.74E+07     0.9861       9.7617E-05    8.74E+07     9.7617E-05    9.74E+07     2.4697E+05    
   8.75E+07     0.9861       9.7515E-05    8.75E+07     9.7515E-05    9.75E+07     2.4728E+05    
   8.76E+07     0.9861       9.7415E-05    8.76E+07     9.7415E-05    9.76E+07     2.4759E+05    
   8.77E+07     0.98611      9.7483E-05    8.77E+07     9.7483E-05    9.77E+07     2.4788E+05    
   8.78E+07     0.98611      9.7362E-05    8.78E+07     9.7362E-05    9.78E+07     2.4819E+05    
   8.79E+07     0.9861       9.7401E-05    8.79E+07     9.7401E-05    9.79E+07     2.4782E+05    
   8.8E+07      0.9861       9.7295E-05    8.8E+07      9.7295E-05    9.8E+07      2.4811E+05    
   8.81E+07     0.9861       9.7192E-05    8.81E+07     9.7192E-05    9.81E+07     2.4821E+05    
   8.82E+07     0.98609      9.752E-05     8.82E+07     9.752E-05     9.82E+07     2.4848E+05    
   8.83E+07     0.98608      9.7659E-05    8.83E+07     9.7659E-05    9.83E+07     2.4868E+05    
   8.84E+07     0.98608      9.7611E-05    8.84E+07     9.7611E-05    9.84E+07     2.4889E+05    
   8.85E+07     0.98608      9.7589E-05    8.85E+07     9.7589E-05    9.85E+07     2.4914E+05    
   8.86E+07     0.98608      9.7481E-05    8.86E+07     9.7481E-05    9.86E+07     2.493E+05     
   8.87E+07     0.98608      9.7369E-05    8.87E+07     9.7369E-05    9.87E+07     2.4953E+05    
   8.88E+07     0.98608      9.7246E-05    8.88E+07     9.7246E-05    9.88E+07     2.4983E+05    
   8.89E+07     0.98607      9.7429E-05    8.89E+07     9.7429E-05    9.89E+07     2.4969E+05    
   8.9E+07      0.98607      9.7307E-05    8.9E+07      9.7307E-05    9.9E+07      2.4994E+05    
   8.91E+07     0.98606      9.738E-05     8.91E+07     9.738E-05     9.91E+07     2.4925E+05    
   8.92E+07     0.98606      9.7298E-05    8.92E+07     9.7298E-05    9.92E+07     2.4952E+05    
   8.93E+07     0.98606      9.7176E-05    8.93E+07     9.7176E-05    9.93E+07     2.4973E+05    
   8.94E+07     0.98607      9.7178E-05    8.94E+07     9.7178E-05    9.94E+07     2.4982E+05    
   8.95E+07     0.98607      9.7112E-05    8.95E+07     9.7112E-05    9.95E+07     2.4991E+05    
   8.96E+07     0.98607      9.705E-05     8.96E+07     9.705E-05     9.96E+07     2.5007E+05    
   8.97E+07     0.98607      9.6947E-05    8.97E+07     9.6947E-05    9.97E+07     2.5033E+05    
   8.98E+07     0.98608      9.7308E-05    8.98E+07     9.7308E-05    9.98E+07     2.5058E+05    
   8.99E+07     0.98608      9.7244E-05    8.99E+07     9.7244E-05    9.99E+07     2.5077E+05    
   9E+07        0.98608      9.7142E-05    9E+07        9.7142E-05    1E+08        2.5109E+05    
   9.01E+07     0.98608      9.7027E-05    9.01E+07     9.7027E-05    
   9.02E+07     0.98608      9.6921E-05    9.02E+07     9.6921E-05    
   9.03E+07     0.98608      9.6805E-05    9.03E+07     9.6805E-05    
   9.04E+07     0.98608      9.6704E-05    9.04E+07     9.6704E-05    
   9.05E+07     0.98609      9.672E-05     9.05E+07     9.672E-05     
   9.06E+07     0.98609      9.6607E-05    9.06E+07     9.6607E-05    
   9.07E+07     0.98608      9.6642E-05    9.07E+07     9.6642E-05    
   9.08E+07     0.98609      9.6558E-05    9.08E+07     9.6558E-05    
   9.09E+07     0.98609      9.6439E-05    9.09E+07     9.6439E-05    
   9.1E+07      0.98609      9.6359E-05    9.1E+07      9.6359E-05    
   9.11E+07     0.98609      9.627E-05     9.11E+07     9.627E-05     
   9.12E+07     0.98609      9.6164E-05    9.12E+07     9.6164E-05    
   9.13E+07     0.98609      9.6133E-05    9.13E+07     9.6133E-05    
   9.14E+07     0.98608      9.6045E-05    9.14E+07     9.6045E-05    
   9.15E+07     0.98608      9.5947E-05    9.15E+07     9.5947E-05    
   9.16E+07     0.98608      9.5885E-05    9.16E+07     9.5885E-05    
   9.17E+07     0.98608      9.5769E-05    9.17E+07     9.5769E-05    
   9.18E+07     0.98608      9.5686E-05    9.18E+07     9.5686E-05    
   9.19E+07     0.98608      9.563E-05     9.19E+07     9.563E-05     
   9.2E+07      0.98608      9.5514E-05    9.2E+07      9.5514E-05    
   9.21E+07     0.98608      9.5409E-05    9.21E+07     9.5409E-05    
   9.22E+07     0.98608      9.53E-05      9.22E+07     9.53E-05      
   9.23E+07     0.98607      9.5199E-05    9.23E+07     9.5199E-05    
   9.24E+07     0.98608      9.5101E-05    9.24E+07     9.5101E-05    
   9.25E+07     0.98607      9.512E-05     9.25E+07     9.512E-05     
   9.26E+07     0.98607      9.5015E-05    9.26E+07     9.5015E-05    
   9.27E+07     0.98608      9.5081E-05    9.27E+07     9.5081E-05    
   9.28E+07     0.98607      9.5001E-05    9.28E+07     9.5001E-05    
   9.29E+07     0.98607      9.489E-05     9.29E+07     9.489E-05     
   9.3E+07      0.98607      9.4775E-05    9.3E+07      9.4775E-05    
   9.31E+07     0.98607      9.4662E-05    9.31E+07     9.4662E-05    
   9.32E+07     0.98607      9.4549E-05    9.32E+07     9.4549E-05    
   9.33E+07     0.98607      9.4614E-05    9.33E+07     9.4614E-05    
   9.34E+07     0.98606      9.4513E-05    9.34E+07     9.4513E-05    
   9.35E+07     0.98606      9.44E-05      9.35E+07     9.44E-05      
   9.36E+07     0.98607      9.4439E-05    9.36E+07     9.4439E-05    
   9.37E+07     0.98607      9.4434E-05    9.37E+07     9.4434E-05    
   9.38E+07     0.98608      9.4375E-05    9.38E+07     9.4375E-05    
   9.39E+07     0.98607      9.4307E-05    9.39E+07     9.4307E-05    
   9.4E+07      0.98608      9.4227E-05    9.4E+07      9.4227E-05    
   9.41E+07     0.98608      9.4119E-05    9.41E+07     9.4119E-05    
   9.42E+07     0.98607      9.4016E-05    9.42E+07     9.4016E-05    
   9.43E+07     0.98608      9.4064E-05    9.43E+07     9.4064E-05    
   9.44E+07     0.98608      9.3996E-05    9.44E+07     9.3996E-05    
   9.45E+07     0.98609      9.3921E-05    9.45E+07     9.3921E-05    
   9.46E+07     0.98608      9.3817E-05    9.46E+07     9.3817E-05    
   9.47E+07     0.98608      9.3766E-05    9.47E+07     9.3766E-05    
   9.48E+07     0.98608      9.3743E-05    9.48E+07     9.3743E-05    
   9.49E+07     0.98607      9.3785E-05    9.49E+07     9.3785E-05    
   9.5E+07      0.98607      9.3683E-05    9.5E+07      9.3683E-05    
   9.51E+07     0.98606      9.3809E-05    9.51E+07     9.3809E-05    
   9.52E+07     0.98607      9.3806E-05    9.52E+07     9.3806E-05    
   9.53E+07     0.98607      9.3696E-05    9.53E+07     9.3696E-05    
   9.54E+07     0.98607      9.3588E-05    9.54E+07     9.3588E-05    
   9.55E+07     0.98607      9.3491E-05    9.55E+07     9.3491E-05    
   9.56E+07     0.98606      9.3726E-05    9.56E+07     9.3726E-05    
   9.57E+07     0.98606      9.3626E-05    9.57E+07     9.3626E-05    
   9.58E+07     0.98605      9.3629E-05    9.58E+07     9.3629E-05    
   9.59E+07     0.98605      9.3521E-05    9.59E+07     9.3521E-05    
   9.6E+07      0.98605      9.3446E-05    9.6E+07      9.3446E-05    
   9.61E+07     0.98605      9.334E-05     9.61E+07     9.334E-05     
   9.62E+07     0.98605      9.335E-05     9.62E+07     9.335E-05     
   9.63E+07     0.98606      9.3254E-05    9.63E+07     9.3254E-05    
   9.64E+07     0.98605      9.3158E-05    9.64E+07     9.3158E-05    
   9.65E+07     0.98605      9.3071E-05    9.65E+07     9.3071E-05    
   9.66E+07     0.98605      9.3001E-05    9.66E+07     9.3001E-05    
   9.67E+07     0.98605      9.2894E-05    9.67E+07     9.2894E-05    
   9.68E+07     0.98604      9.3095E-05    9.68E+07     9.3095E-05    
   9.69E+07     0.98604      9.2989E-05    9.69E+07     9.2989E-05    
   9.7E+07      0.98604      9.297E-05     9.7E+07      9.297E-05     
   9.71E+07     0.98604      9.2866E-05    9.71E+07     9.2866E-05    
   9.72E+07     0.98604      9.277E-05     9.72E+07     9.277E-05     
   9.73E+07     0.98604      9.2671E-05    9.73E+07     9.2671E-05    
   9.74E+07     0.98604      9.2573E-05    9.74E+07     9.2573E-05    
   9.75E+07     0.98604      9.2468E-05    9.75E+07     9.2468E-05    
   9.76E+07     0.98604      9.2363E-05    9.76E+07     9.2363E-05    
   9.77E+07     0.98604      9.2259E-05    9.77E+07     9.2259E-05    
   9.78E+07     0.98604      9.2154E-05    9.78E+07     9.2154E-05    
   9.79E+07     0.98603      9.2177E-05    9.79E+07     9.2177E-05    
   9.8E+07      0.98603      9.2077E-05    9.8E+07      9.2077E-05    
   9.81E+07     0.98604      9.2008E-05    9.81E+07     9.2008E-05    
   9.82E+07     0.98604      9.1912E-05    9.82E+07     9.1912E-05    
   9.83E+07     0.98604      9.1832E-05    9.83E+07     9.1832E-05    
   9.84E+07     0.98604      9.1741E-05    9.84E+07     9.1741E-05    
   9.85E+07     0.98604      9.1642E-05    9.85E+07     9.1642E-05    
   9.86E+07     0.98604      9.1567E-05    9.86E+07     9.1567E-05    
   9.87E+07     0.98604      9.148E-05     9.87E+07     9.148E-05     
   9.88E+07     0.98604      9.1382E-05    9.88E+07     9.1382E-05    
   9.89E+07     0.98604      9.1356E-05    9.89E+07     9.1356E-05    
   9.9E+07      0.98604      9.1266E-05    9.9E+07      9.1266E-05    
   9.91E+07     0.98605      9.1344E-05    9.91E+07     9.1344E-05    
   9.92E+07     0.98605      9.1251E-05    9.92E+07     9.1251E-05    
   9.93E+07     0.98605      9.1159E-05    9.93E+07     9.1159E-05    
   9.94E+07     0.98605      9.1101E-05    9.94E+07     9.1101E-05    
   9.95E+07     0.98605      9.1038E-05    9.95E+07     9.1038E-05    
   9.96E+07     0.98605      9.0966E-05    9.96E+07     9.0966E-05    
   9.97E+07     0.98604      9.0867E-05    9.97E+07     9.0867E-05    
   9.98E+07     0.98604      9.0776E-05    9.98E+07     9.0776E-05    
   9.99E+07     0.98605      9.0697E-05    9.99E+07     9.0697E-05    
   1E+08        0.98605      9.0597E-05    1E+08        9.0597E-05    
