# This file is written with the intent of being used to plot the data with 
# Gnuplot.  It contains no information regarding how the plot should be 
# formatted.
# =========================================================================
# Research/ArnoldivsPower -f Power1-72.dat -t 100000 -A -c 100 -C 900 -w 20 -b 75 -r  seed = 793749916
# filename = Power1-72.dat, run = true, power = true, Arnoldi = false, storevectors = 0, raw = false, evectors = 2, evalues = 2, residual = false, arnoldimethod = implicit, tol = 2.22045e-16, verbose = 1, seed = 0, width = 20, bins = 75, acycles = 900, incycles = 100, active = 20, inactive = 0, Iterations = 10, numValues = 2, relaxed = 0, tracks = 100000, ignore_rest = false, version = false, help = false, 

#  1            2            3             4            5             6            7             8            9            
# |-            Power values           -| |-   Power eValues SD   -| |-       FOM-Power      -| |-     Power vector     -| 
#  x-coord      y-coord      error         x-coord      y-coord       x-coord      y-coord       x-coord      y-coord       
   1E+05        0.96058      0             1E+05        0             1.01E+07     0             0.13333      0.01772       
   2E+05        0.96359      0             2E+05        0             1.02E+07     39845         0.4          0.02488       
   3E+05        0.97144      0             3E+05        0             1.03E+07     21225         0.66667      0.031371      
   4E+05        0.97418      0             4E+05        0             1.04E+07     14851         0.93333      0.037637      
   5E+05        0.97933      0             5E+05        0             1.05E+07     22653         1.2          0.043941      
   6E+05        0.979        0             6E+05        0             1.06E+07     28221         1.4667       0.050167      
   7E+05        0.98092      0             7E+05        0             1.07E+07     34954         1.7333       0.055841      
   8E+05        0.98288      0             8E+05        0             1.08E+07     44001         2            0.06167       
   9E+05        0.97958      0             9E+05        0             1.09E+07     38821         2.2667       0.067375      
   1E+06        0.98222      0             1E+06        0             1.1E+07      31935         2.5333       0.072704      
   1.1E+06      0.98173      0             1.1E+06      0             1.11E+07     36063         2.8          0.078375      
   1.2E+06      0.98226      0             1.2E+06      0             1.12E+07     40424         3.0667       0.083759      
   1.3E+06      0.98392      0             1.3E+06      0             1.13E+07     45715         3.3333       0.088954      
   1.4E+06      0.98299      0             1.4E+06      0             1.14E+07     51732         3.6          0.094105      
   1.5E+06      0.98764      0             1.5E+06      0             1.15E+07     36191         3.8667       0.099234      
   1.6E+06      0.98203      0             1.6E+06      0             1.16E+07     35477         4.1333       0.10386       
   1.7E+06      0.98451      0             1.7E+06      0             1.17E+07     32996         4.4          0.10823       
   1.8E+06      0.98273      0             1.8E+06      0             1.18E+07     34806         4.6667       0.11275       
   1.9E+06      0.98662      0             1.9E+06      0             1.19E+07     38274         4.9333       0.11691       
   2E+06        0.98134      0             2E+06        0             1.2E+07      39795         5.2          0.12094       
   2.1E+06      0.98206      0             2.1E+06      0             1.21E+07     43007         5.4667       0.1249        
   2.2E+06      0.98474      0             2.2E+06      0             1.22E+07     42747         5.7333       0.12857       
   2.3E+06      0.98484      0             2.3E+06      0             1.23E+07     46253         6            0.1322        
   2.4E+06      0.98766      0             2.4E+06      0             1.24E+07     49605         6.2667       0.13525       
   2.5E+06      0.98372      0             2.5E+06      0             1.25E+07     52556         6.5333       0.13858       
   2.6E+06      0.98469      0             2.6E+06      0             1.26E+07     54594         6.8          0.14164       
   2.7E+06      0.98555      0             2.7E+06      0             1.27E+07     56090         7.0667       0.14412       
   2.8E+06      0.98859      0             2.8E+06      0             1.28E+07     58731         7.3333       0.14644       
   2.9E+06      0.98322      0             2.9E+06      0             1.29E+07     62258         7.6          0.14864       
   3E+06        0.98502      0             3E+06        0             1.3E+07      64500         7.8667       0.15048       
   3.1E+06      0.9863       0             3.1E+06      0             1.31E+07     60539         8.1333       0.15231       
   3.2E+06      0.98086      0             3.2E+06      0             1.32E+07     56190         8.4          0.15352       
   3.3E+06      0.98157      0             3.3E+06      0             1.33E+07     59254         8.6667       0.15516       
   3.4E+06      0.98992      0             3.4E+06      0             1.34E+07     61782         8.9333       0.15622       
   3.5E+06      0.98286      0             3.5E+06      0             1.35E+07     62835         9.2          0.15682       
   3.6E+06      0.98551      0             3.6E+06      0             1.36E+07     56622         9.4667       0.15723       
   3.7E+06      0.98703      0             3.7E+06      0             1.37E+07     59064         9.7333       0.15755       
   3.8E+06      0.9811       0             3.8E+06      0             1.38E+07     61247         10           0.15757       
   3.9E+06      0.9914       0             3.9E+06      0             1.39E+07     62342         10.267       0.15753       
   4E+06        0.98749      0             4E+06        0             1.4E+07      64721         10.533       0.15729       
   4.1E+06      0.98608      0             4.1E+06      0             1.41E+07     63602         10.8         0.15668       
   4.2E+06      0.98194      0             4.2E+06      0             1.42E+07     65254         11.067       0.1554        
   4.3E+06      0.98496      0             4.3E+06      0             1.43E+07     67652         11.333       0.15413       
   4.4E+06      0.98643      0             4.4E+06      0             1.44E+07     70268         11.6         0.15309       
   4.5E+06      0.98349      0             4.5E+06      0             1.45E+07     72737         11.867       0.15124       
   4.6E+06      0.98102      0             4.6E+06      0             1.46E+07     74622         12.133       0.14962       
   4.7E+06      0.98595      0             4.7E+06      0             1.47E+07     76590         12.4         0.1474        
   4.8E+06      0.98722      0             4.8E+06      0             1.48E+07     79139         12.667       0.14459       
   4.9E+06      0.98222      0             4.9E+06      0             1.49E+07     80439         12.933       0.14257       
   5E+06        0.98599      0             5E+06        0             1.5E+07      82998         13.2         0.13971       
   5.1E+06      0.98613      0             5.1E+06      0             1.51E+07     85601         13.467       0.13726       
   5.2E+06      0.98437      0             5.2E+06      0             1.52E+07     88178         13.733       0.13379       
   5.3E+06      0.9846       0             5.3E+06      0             1.53E+07     90946         14           0.13056       
   5.4E+06      0.98582      0             5.4E+06      0             1.54E+07     93759         14.267       0.1272        
   5.5E+06      0.9868       0             5.5E+06      0             1.55E+07     96192         14.533       0.12343       
   5.6E+06      0.9872       0             5.6E+06      0             1.56E+07     98994         14.8         0.11953       
   5.7E+06      0.98972      0             5.7E+06      0             1.57E+07     95814         15.067       0.11539       
   5.8E+06      0.98654      0             5.8E+06      0             1.58E+07     94695         15.333       0.11143       
   5.9E+06      0.98574      0             5.9E+06      0             1.59E+07     97288         15.6         0.1068        
   6E+06        0.98684      0             6E+06        0             1.6E+07      97573         15.867       0.10222       
   6.1E+06      0.98349      0             6.1E+06      0             1.61E+07     1.0018E+05    16.133       0.097808      
   6.2E+06      0.98502      0             6.2E+06      0             1.62E+07     1.0101E+05    16.4         0.092754      
   6.3E+06      0.98741      0             6.3E+06      0             1.63E+07     1.007E+05     16.667       0.087834      
   6.4E+06      0.98619      0             6.4E+06      0             1.64E+07     1.0317E+05    16.933       0.08236       
   6.5E+06      0.98682      0             6.5E+06      0             1.65E+07     1.044E+05     17.2         0.077347      
   6.6E+06      0.98654      0             6.6E+06      0             1.66E+07     1.0623E+05    17.467       0.071682      
   6.7E+06      0.98922      0             6.7E+06      0             1.67E+07     1.0747E+05    17.733       0.066413      
   6.8E+06      0.98572      0             6.8E+06      0             1.68E+07     1.094E+05     18           0.06073       
   6.9E+06      0.98128      0             6.9E+06      0             1.69E+07     1.1183E+05    18.267       0.055203      
   7E+06        0.98594      0             7E+06        0             1.7E+07      1.1258E+05    18.533       0.049242      
   7.1E+06      0.98459      0             7.1E+06      0             1.71E+07     1.1438E+05    18.8         0.043166      
   7.2E+06      0.98619      0             7.2E+06      0             1.72E+07     1.1592E+05    19.067       0.037062      
   7.3E+06      0.98423      0             7.3E+06      0             1.73E+07     1.1834E+05    19.333       0.030889      
   7.4E+06      0.98434      0             7.4E+06      0             1.74E+07     1.2014E+05    19.6         0.024549      
   7.5E+06      0.98543      0             7.5E+06      0             1.75E+07     1.2257E+05    19.867       0.017439      
   7.6E+06      0.98345      0             7.6E+06      0             1.76E+07     1.2368E+05    
   7.7E+06      0.98383      0             7.7E+06      0             1.77E+07     1.2607E+05    
   7.8E+06      0.99015      0             7.8E+06      0             1.78E+07     1.2797E+05    
   7.9E+06      0.9836       0             7.9E+06      0             1.79E+07     1.3044E+05    
   8E+06        0.98454      0             8E+06        0             1.8E+07      1.2805E+05    
   8.1E+06      0.9864       0             8.1E+06      0             1.81E+07     1.2845E+05    
   8.2E+06      0.98451      0             8.2E+06      0             1.82E+07     1.305E+05     
   8.3E+06      0.98543      0             8.3E+06      0             1.83E+07     1.3198E+05    
   8.4E+06      0.98976      0             8.4E+06      0             1.84E+07     1.1826E+05    
   8.5E+06      0.98432      0             8.5E+06      0             1.85E+07     1.1391E+05    
   8.6E+06      0.98566      0             8.6E+06      0             1.86E+07     1.1594E+05    
   8.7E+06      0.98405      0             8.7E+06      0             1.87E+07     1.1778E+05    
   8.8E+06      0.98522      0             8.8E+06      0             1.88E+07     1.1927E+05    
   8.9E+06      0.98645      0             8.9E+06      0             1.89E+07     1.2125E+05    
   9E+06        0.9893       0             9E+06        0             1.9E+07      1.2292E+05    
   9.1E+06      0.98677      0             9.1E+06      0             1.91E+07     1.2476E+05    
   9.2E+06      0.9886       0             9.2E+06      0             1.92E+07     1.2676E+05    
   9.3E+06      0.98275      0             9.3E+06      0             1.93E+07     1.284E+05     
   9.4E+06      0.9833       0             9.4E+06      0             1.94E+07     1.2698E+05    
   9.5E+06      0.98641      0             9.5E+06      0             1.95E+07     1.2893E+05    
   9.6E+06      0.98515      0             9.6E+06      0             1.96E+07     1.3088E+05    
   9.7E+06      0.988        0             9.7E+06      0             1.97E+07     1.3186E+05    
   9.8E+06      0.99156      0             9.8E+06      0             1.98E+07     1.335E+05     
   9.9E+06      0.98622      0             9.9E+06      0             1.99E+07     1.345E+05     
   1E+07        0.98306      0             1E+07        0             2E+07        1.3624E+05    
   1.01E+07     0.98723      6.7029E-09    1.01E+07     6.7029E-09    2.01E+07     1.3706E+05    
   1.02E+07     0.9862       0.000726      1.02E+07     0.000726      2.02E+07     1.375E+05     
   1.03E+07     0.98726      0.00098928    1.03E+07     0.00098928    2.03E+07     1.3925E+05    
   1.04E+07     0.98621      0.0011767     1.04E+07     0.0011767     2.04E+07     1.4056E+05    
   1.05E+07     0.98608      0.00094827    1.05E+07     0.00094827    2.05E+07     1.4259E+05    
   1.06E+07     0.98575      0.00084456    1.06E+07     0.00084456    2.06E+07     1.4117E+05    
   1.07E+07     0.98552      0.00075541    1.07E+07     0.00075541    2.07E+07     1.4316E+05    
   1.08E+07     0.98564      0.00067012    1.08E+07     0.00067012    2.08E+07     1.4499E+05    
   1.09E+07     0.98523      0.00071026    1.09E+07     0.00071026    2.09E+07     1.4647E+05    
   1.1E+07      0.9857       0.00077941    1.1E+07      0.00077941    2.1E+07      1.4843E+05    
   1.11E+07     0.98588      0.00073014    1.11E+07     0.00073014    2.11E+07     1.498E+05     
   1.12E+07     0.98572      0.00068652    1.12E+07     0.00068652    2.12E+07     1.5179E+05    
   1.13E+07     0.98561      0.00064271    1.13E+07     0.00064271    2.13E+07     1.5276E+05    
   1.14E+07     0.98553      0.00060161    1.14E+07     0.00060161    2.14E+07     1.5405E+05    
   1.15E+07     0.98599      0.00071575    1.15E+07     0.00071575    2.15E+07     1.5595E+05    
   1.16E+07     0.98626      0.00071988    1.16E+07     0.00071988    2.16E+07     1.5787E+05    
   1.17E+07     0.98595      0.00074313    1.17E+07     0.00074313    2.17E+07     1.5574E+05    
   1.18E+07     0.98578      0.00072057    1.18E+07     0.00072057    2.18E+07     1.5585E+05    
   1.19E+07     0.98574      0.00068374    1.19E+07     0.00068374    2.19E+07     1.5738E+05    
   1.2E+07      0.98558      0.00066784    1.2E+07      0.00066784    2.2E+07      1.5929E+05    
   1.21E+07     0.98551      0.00063971    1.21E+07     0.00063971    2.21E+07     1.6089E+05    
   1.22E+07     0.98532      0.0006391     1.22E+07     0.0006391     2.22E+07     1.618E+05     
   1.23E+07     0.98533      0.00061151    1.23E+07     0.00061151    2.23E+07     1.6335E+05    
   1.24E+07     0.98538      0.00058808    1.24E+07     0.00058808    2.24E+07     1.6464E+05    
   1.25E+07     0.98546      0.00056912    1.25E+07     0.00056912    2.25E+07     1.6307E+05    
   1.26E+07     0.98535      0.0005561     1.26E+07     0.0005561     2.26E+07     1.6313E+05    
   1.27E+07     0.98524      0.0005463     1.27E+07     0.0005463     2.27E+07     1.6479E+05    
   1.28E+07     0.98532      0.00053176    1.28E+07     0.00053176    2.28E+07     1.6656E+05    
   1.29E+07     0.98528      0.00051453    1.29E+07     0.00051453    2.29E+07     1.6838E+05    
   1.3E+07      0.98536      0.00050353    1.3E+07      0.00050353    2.3E+07      1.6818E+05    
   1.31E+07     0.98519      0.0005178     1.31E+07     0.0005178     2.31E+07     1.6352E+05    
   1.32E+07     0.98538      0.00053518    1.32E+07     0.00053518    2.32E+07     1.6426E+05    
   1.33E+07     0.98536      0.00051923    1.33E+07     0.00051923    2.33E+07     1.6602E+05    
   1.34E+07     0.98531      0.00050657    1.34E+07     0.00050657    2.34E+07     1.676E+05     
   1.35E+07     0.98521      0.00050051    1.35E+07     0.00050051    2.35E+07     1.6877E+05    
   1.36E+07     0.98541      0.00052503    1.36E+07     0.00052503    2.36E+07     1.7038E+05    
   1.37E+07     0.98545      0.00051225    1.37E+07     0.00051225    2.37E+07     1.6892E+05    
   1.38E+07     0.9855       0.00050127    1.38E+07     0.00050127    2.38E+07     1.7066E+05    
   1.39E+07     0.98558      0.00049499    1.39E+07     0.00049499    2.39E+07     1.7223E+05    
   1.4E+07      0.98555      0.00048374    1.4E+07      0.00048374    2.4E+07      1.7386E+05    
   1.41E+07     0.98567      0.0004862     1.41E+07     0.0004862     2.41E+07     1.7542E+05    
   1.42E+07     0.98573      0.00047836    1.42E+07     0.00047836    2.42E+07     1.7714E+05    
   1.43E+07     0.9857       0.00046812    1.43E+07     0.00046812    2.43E+07     1.7846E+05    
   1.44E+07     0.98569      0.0004576     1.44E+07     0.0004576     2.44E+07     1.7918E+05    
   1.45E+07     0.98566      0.00044817    1.45E+07     0.00044817    2.45E+07     1.8091E+05    
   1.46E+07     0.98571      0.000441      1.46E+07     0.000441      2.46E+07     1.8235E+05    
   1.47E+07     0.98576      0.0004338     1.47E+07     0.0004338     2.47E+07     1.8195E+05    
   1.48E+07     0.98574      0.00042523    1.48E+07     0.00042523    2.48E+07     1.8344E+05    
   1.49E+07     0.98579      0.00042035    1.49E+07     0.00042035    2.49E+07     1.8514E+05    
   1.5E+07      0.98577      0.00041249    1.5E+07      0.00041249    2.5E+07      1.8608E+05    
   1.51E+07     0.98575      0.00040487    1.51E+07     0.00040487    2.51E+07     1.8779E+05    
   1.52E+07     0.98573      0.00039747    1.52E+07     0.00039747    2.52E+07     1.8892E+05    
   1.53E+07     0.98572      0.00039013    1.53E+07     0.00039013    2.53E+07     1.8909E+05    
   1.54E+07     0.98573      0.00038296    1.54E+07     0.00038296    2.54E+07     1.8986E+05    
   1.55E+07     0.98575      0.00037691    1.55E+07     0.00037691    2.55E+07     1.9153E+05    
   1.56E+07     0.98576      0.00037023    1.56E+07     0.00037023    2.56E+07     1.923E+05     
   1.57E+07     0.98567      0.00037516    1.57E+07     0.00037516    2.57E+07     1.9402E+05    
   1.58E+07     0.98574      0.00037614    1.58E+07     0.00037614    2.58E+07     1.9234E+05    
   1.59E+07     0.98573      0.00036996    1.59E+07     0.00036996    2.59E+07     1.9139E+05    
   1.6E+07      0.98579      0.00036821    1.6E+07      0.00036821    2.6E+07      1.8792E+05    
   1.61E+07     0.98579      0.00036218    1.61E+07     0.00036218    2.61E+07     1.8594E+05    
   1.62E+07     0.98584      0.00035962    1.62E+07     0.00035962    2.62E+07     1.8467E+05    
   1.63E+07     0.98577      0.00035905    1.63E+07     0.00035905    2.63E+07     1.8619E+05    
   1.64E+07     0.98579      0.00035369    1.64E+07     0.00035369    2.64E+07     1.8401E+05    
   1.65E+07     0.98583      0.00035035    1.65E+07     0.00035035    2.65E+07     1.85E+05      
   1.66E+07     0.9858       0.00034631    1.66E+07     0.00034631    2.66E+07     1.8619E+05    
   1.67E+07     0.98584      0.00034325    1.67E+07     0.00034325    2.67E+07     1.8637E+05    
   1.68E+07     0.98581      0.00033922    1.68E+07     0.00033922    2.68E+07     1.8724E+05    
   1.69E+07     0.98581      0.00033432    1.69E+07     0.00033432    2.69E+07     1.8621E+05    
   1.7E+07      0.98585      0.00033225    1.7E+07      0.00033225    2.7E+07      1.8732E+05    
   1.71E+07     0.98583      0.00032862    1.71E+07     0.00032862    2.71E+07     1.8869E+05    
   1.72E+07     0.98586      0.00032551    1.72E+07     0.00032551    2.72E+07     1.9016E+05    
   1.73E+07     0.98586      0.00032111    1.73E+07     0.00032111    2.73E+07     1.9001E+05    
   1.74E+07     0.98584      0.00031781    1.74E+07     0.00031781    2.74E+07     1.9142E+05    
   1.75E+07     0.98585      0.00031378    1.75E+07     0.00031378    2.75E+07     1.9278E+05    
   1.76E+07     0.98588      0.00031147    1.76E+07     0.00031147    2.76E+07     1.9139E+05    
   1.77E+07     0.98589      0.00030746    1.77E+07     0.00030746    2.77E+07     1.9278E+05    
   1.78E+07     0.98591      0.0003043     1.78E+07     0.0003043     2.78E+07     1.9345E+05    
   1.79E+07     0.9859       0.0003006     1.79E+07     0.0003006     2.79E+07     1.9441E+05    
   1.8E+07      0.98596      0.00030259    1.8E+07      0.00030259    2.8E+07      1.9361E+05    
   1.81E+07     0.986        0.00030115    1.81E+07     0.00030115    2.81E+07     1.9503E+05    
   1.82E+07     0.98601      0.00029792    1.82E+07     0.00029792    2.82E+07     1.9644E+05    
   1.83E+07     0.98599      0.00029547    1.83E+07     0.00029547    2.83E+07     1.9594E+05    
   1.84E+07     0.9861       0.0003113     1.84E+07     0.0003113     2.84E+07     1.9537E+05    
   1.85E+07     0.98602      0.00031629    1.85E+07     0.00031629    2.85E+07     1.963E+05     
   1.86E+07     0.98602      0.00031266    1.86E+07     0.00031266    2.86E+07     1.9764E+05    
   1.87E+07     0.986        0.00030936    1.87E+07     0.00030936    2.87E+07     1.9902E+05    
   1.88E+07     0.98603      0.00030664    1.88E+07     0.00030664    2.88E+07     2.0031E+05    
   1.89E+07     0.98602      0.00030323    1.89E+07     0.00030323    2.89E+07     2.0162E+05    
   1.9E+07      0.986        0.00030039    1.9E+07      0.00030039    2.9E+07      2.0307E+05    
   1.91E+07     0.98602      0.00029737    1.91E+07     0.00029737    2.91E+07     2.0414E+05    
   1.92E+07     0.98601      0.00029428    1.92E+07     0.00029428    2.92E+07     2.0417E+05    
   1.93E+07     0.98599      0.00029164    1.93E+07     0.00029164    2.93E+07     2.0557E+05    
   1.94E+07     0.98594      0.00029247    1.94E+07     0.00029247    2.94E+07     2.0583E+05    
   1.95E+07     0.98593      0.00028946    1.95E+07     0.00028946    2.95E+07     2.0708E+05    
   1.96E+07     0.98594      0.00028658    1.96E+07     0.00028658    2.96E+07     2.0655E+05    
   1.97E+07     0.98592      0.00028477    1.97E+07     0.00028477    2.97E+07     2.064E+05     
   1.98E+07     0.98593      0.00028223    1.98E+07     0.00028223    2.98E+07     2.0745E+05    
   1.99E+07     0.98596      0.00028047    1.99E+07     0.00028047    2.99E+07     2.0883E+05    
   2E+07        0.98597      0.000278      2E+07        0.000278      3E+07        2.1026E+05    
   2.01E+07     0.986        0.0002765     2.01E+07     0.0002765     3.01E+07     2.1152E+05    
   2.02E+07     0.98597      0.00027528    2.02E+07     0.00027528    3.02E+07     2.1195E+05    
   2.03E+07     0.98596      0.0002729     2.03E+07     0.0002729     3.03E+07     2.1311E+05    
   2.04E+07     0.98594      0.00027097    2.04E+07     0.00027097    3.04E+07     2.0825E+05    
   2.05E+07     0.98594      0.00026839    2.05E+07     0.00026839    3.05E+07     2.0953E+05    
   2.06E+07     0.98598      0.00026899    2.06E+07     0.00026899    3.06E+07     2.089E+05     
   2.07E+07     0.98598      0.00026649    2.07E+07     0.00026649    3.07E+07     2.0883E+05    
   2.08E+07     0.98599      0.00026416    2.08E+07     0.00026416    3.08E+07     2.0987E+05    
   2.09E+07     0.98598      0.00026221    2.09E+07     0.00026221    3.09E+07     2.1108E+05    
   2.1E+07      0.98598      0.00025983    2.1E+07      0.00025983    3.1E+07      2.1111E+05    
   2.11E+07     0.98596      0.00025806    2.11E+07     0.00025806    3.11E+07     2.1237E+05    
   2.12E+07     0.98596      0.00025577    2.12E+07     0.00025577    3.12E+07     2.1368E+05    
   2.13E+07     0.98594      0.00025436    2.13E+07     0.00025436    3.13E+07     2.1267E+05    
   2.14E+07     0.98595      0.00025271    2.14E+07     0.00025271    3.14E+07     2.1377E+05    
   2.15E+07     0.98596      0.00025054    2.15E+07     0.00025054    3.15E+07     2.1283E+05    
   2.16E+07     0.98596      0.00024847    2.16E+07     0.00024847    3.16E+07     2.0889E+05    
   2.17E+07     0.986        0.00024956    2.17E+07     0.00024956    3.17E+07     2.093E+05     
   2.18E+07     0.98598      0.00024893    2.18E+07     0.00024893    3.18E+07     2.1052E+05    
   2.19E+07     0.98599      0.00024706    2.19E+07     0.00024706    3.19E+07     2.1138E+05    
   2.2E+07      0.98598      0.00024504    2.2E+07      0.00024504    3.2E+07      2.1251E+05    
   2.21E+07     0.98597      0.00024326    2.21E+07     0.00024326    3.21E+07     2.1248E+05    
   2.22E+07     0.98595      0.00024206    2.22E+07     0.00024206    3.22E+07     2.098E+05     
   2.23E+07     0.98596      0.00024032    2.23E+07     0.00024032    3.23E+07     2.1063E+05    
   2.24E+07     0.98598      0.00023885    2.24E+07     0.00023885    3.24E+07     2.1189E+05    
   2.25E+07     0.98601      0.00023948    2.25E+07     0.00023948    3.25E+07     2.1302E+05    
   2.26E+07     0.98599      0.00023891    2.26E+07     0.00023891    3.26E+07     2.1366E+05    
   2.27E+07     0.98598      0.00023713    2.27E+07     0.00023713    3.27E+07     2.1486E+05    
   2.28E+07     0.98598      0.00023532    2.28E+07     0.00023532    3.28E+07     2.1597E+05    
   2.29E+07     0.98598      0.00023356    2.29E+07     0.00023356    3.29E+07     2.1604E+05    
   2.3E+07      0.986        0.00023319    2.3E+07      0.00023319    3.3E+07      2.1693E+05    
   2.31E+07     0.98596      0.00023594    2.31E+07     0.00023594    3.31E+07     2.1798E+05    
   2.32E+07     0.98598      0.0002349     2.32E+07     0.0002349     3.32E+07     2.1819E+05    
   2.33E+07     0.98598      0.00023316    2.33E+07     0.00023316    3.33E+07     2.1501E+05    
   2.34E+07     0.98597      0.00023156    2.34E+07     0.00023156    3.34E+07     2.1602E+05    
   2.35E+07     0.98599      0.00023023    2.35E+07     0.00023023    3.35E+07     2.1473E+05    
   2.36E+07     0.98598      0.00022867    2.36E+07     0.00022867    3.36E+07     2.1535E+05    
   2.37E+07     0.98595      0.00022917    2.37E+07     0.00022917    3.37E+07     2.1636E+05    
   2.38E+07     0.98595      0.00022753    2.38E+07     0.00022753    3.38E+07     2.1494E+05    
   2.39E+07     0.98595      0.00022594    2.39E+07     0.00022594    3.39E+07     2.1613E+05    
   2.4E+07      0.98595      0.00022442    2.4E+07      0.00022442    3.4E+07      2.1672E+05    
   2.41E+07     0.98596      0.00022295    2.41E+07     0.00022295    3.41E+07     2.1291E+05    
   2.42E+07     0.98596      0.00022143    2.42E+07     0.00022143    3.42E+07     2.139E+05     
   2.43E+07     0.98597      0.00022012    2.43E+07     0.00022012    3.43E+07     2.1429E+05    
   2.44E+07     0.98596      0.00021923    2.44E+07     0.00021923    3.44E+07     2.1507E+05    
   2.45E+07     0.98596      0.00021772    2.45E+07     0.00021772    3.45E+07     2.1453E+05    
   2.46E+07     0.98595      0.00021643    2.46E+07     0.00021643    3.46E+07     2.1526E+05    
   2.47E+07     0.98597      0.00021625    2.47E+07     0.00021625    3.47E+07     2.1384E+05    
   2.48E+07     0.98598      0.00021489    2.48E+07     0.00021489    3.48E+07     2.1386E+05    
   2.49E+07     0.98597      0.00021347    2.49E+07     0.00021347    3.49E+07     2.1291E+05    
   2.5E+07      0.98599      0.00021249    2.5E+07      0.00021249    3.5E+07      2.1217E+05    
   2.51E+07     0.98599      0.00021112    2.51E+07     0.00021112    3.51E+07     2.1307E+05    
   2.52E+07     0.986        0.00021       2.52E+07     0.00021       3.52E+07     2.141E+05     
   2.53E+07     0.98598      0.00020951    2.53E+07     0.00020951    3.53E+07     2.1495E+05    
   2.54E+07     0.98597      0.00020867    2.54E+07     0.00020867    3.54E+07     2.1393E+05    
   2.55E+07     0.98597      0.00020737    2.55E+07     0.00020737    3.55E+07     2.1493E+05    
   2.56E+07     0.98596      0.00020651    2.56E+07     0.00020651    3.56E+07     2.1495E+05    
   2.57E+07     0.98596      0.00020521    2.57E+07     0.00020521    3.57E+07     2.1566E+05    
   2.58E+07     0.98593      0.0002057     2.58E+07     0.0002057     3.58E+07     2.167E+05     
   2.59E+07     0.98595      0.00020583    2.59E+07     0.00020583    3.59E+07     2.1711E+05    
   2.6E+07      0.98592      0.0002073     2.6E+07      0.0002073     3.6E+07      2.147E+05     
   2.61E+07     0.98595      0.000208      2.61E+07     0.000208      3.61E+07     2.1486E+05    
   2.62E+07     0.98592      0.00020833    2.62E+07     0.00020833    3.62E+07     2.1456E+05    
   2.63E+07     0.98592      0.00020709    2.63E+07     0.00020709    3.63E+07     2.1471E+05    
   2.64E+07     0.98595      0.00020787    2.64E+07     0.00020787    3.64E+07     2.1493E+05    
   2.65E+07     0.98596      0.00020692    2.65E+07     0.00020692    3.65E+07     2.1539E+05    
   2.66E+07     0.98595      0.00020589    2.66E+07     0.00020589    3.66E+07     2.1635E+05    
   2.67E+07     0.98597      0.00020538    2.67E+07     0.00020538    3.67E+07     2.1589E+05    
   2.68E+07     0.98596      0.00020449    2.68E+07     0.00020449    3.68E+07     2.1667E+05    
   2.69E+07     0.98593      0.00020469    2.69E+07     0.00020469    3.69E+07     2.1727E+05    
   2.7E+07      0.98594      0.00020372    2.7E+07      0.00020372    3.7E+07      2.1451E+05    
   2.71E+07     0.98595      0.0002026     2.71E+07     0.0002026     3.71E+07     2.0954E+05    
   2.72E+07     0.98595      0.00020145    2.72E+07     0.00020145    3.72E+07     2.1054E+05    
   2.73E+07     0.98593      0.00020113    2.73E+07     0.00020113    3.73E+07     2.0918E+05    
   2.74E+07     0.98594      0.00020002    2.74E+07     0.00020002    3.74E+07     2.0948E+05    
   2.75E+07     0.98593      0.00019896    2.75E+07     0.00019896    3.75E+07     2.1035E+05    
   2.76E+07     0.98591      0.00019932    2.76E+07     0.00019932    3.76E+07     2.0643E+05    
   2.77E+07     0.9859       0.00019822    2.77E+07     0.00019822    3.77E+07     2.0738E+05    
   2.78E+07     0.98589      0.00019751    2.78E+07     0.00019751    3.78E+07     2.0825E+05    
   2.79E+07     0.98588      0.00019668    2.79E+07     0.00019668    3.79E+07     2.0819E+05    
   2.8E+07      0.9859       0.00019673    2.8E+07      0.00019673    3.8E+07      2.0882E+05    
   2.81E+07     0.9859       0.00019564    2.81E+07     0.00019564    3.81E+07     2.0756E+05    
   2.82E+07     0.9859       0.0001946     2.82E+07     0.0001946     3.82E+07     2.0826E+05    
   2.83E+07     0.98588      0.00019452    2.83E+07     0.00019452    3.83E+07     2.0882E+05    
   2.84E+07     0.9859       0.00019447    2.84E+07     0.00019447    3.84E+07     2.0811E+05    
   2.85E+07     0.98591      0.00019361    2.85E+07     0.00019361    3.85E+07     2.0733E+05    
   2.86E+07     0.9859       0.00019262    2.86E+07     0.00019262    3.86E+07     2.0796E+05    
   2.87E+07     0.9859       0.00019161    2.87E+07     0.00019161    3.87E+07     2.0877E+05    
   2.88E+07     0.98591      0.00019067    2.88E+07     0.00019067    3.88E+07     2.0643E+05    
   2.89E+07     0.98591      0.00018966    2.89E+07     0.00018966    3.89E+07     2.0665E+05    
   2.9E+07      0.98591      0.00018867    2.9E+07      0.00018867    3.9E+07      2.071E+05     
   2.91E+07     0.98592      0.00018786    2.91E+07     0.00018786    3.91E+07     2.0688E+05    
   2.92E+07     0.98593      0.00018746    2.92E+07     0.00018746    3.92E+07     2.0683E+05    
   2.93E+07     0.98593      0.0001865     2.93E+07     0.0001865     3.93E+07     2.0744E+05    
   2.94E+07     0.98592      0.00018601    2.94E+07     0.00018601    3.94E+07     2.0834E+05    
   2.95E+07     0.98592      0.00018506    2.95E+07     0.00018506    3.95E+07     2.0793E+05    
   2.96E+07     0.98594      0.000185      2.96E+07     0.000185      3.96E+07     2.056E+05     
   2.97E+07     0.98595      0.0001847     2.97E+07     0.0001847     3.97E+07     2.0574E+05    
   2.98E+07     0.98596      0.00018394    2.98E+07     0.00018394    3.98E+07     2.0659E+05    
   2.99E+07     0.98596      0.00018301    2.99E+07     0.00018301    3.99E+07     2.0746E+05    
   3E+07        0.98596      0.0001821     3E+07        0.0001821     4E+07        2.0823E+05    
   3.01E+07     0.98596      0.00018121    3.01E+07     0.00018121    4.01E+07     2.0868E+05    
   3.02E+07     0.98594      0.00018074    3.02E+07     0.00018074    4.02E+07     2.0952E+05    
   3.03E+07     0.98594      0.00017994    3.03E+07     0.00017994    4.03E+07     2.1035E+05    
   3.04E+07     0.98597      0.00018174    3.04E+07     0.00018174    4.04E+07     2.1028E+05    
   3.05E+07     0.98597      0.00018085    3.05E+07     0.00018085    4.05E+07     2.1104E+05    
   3.06E+07     0.98599      0.00018083    3.06E+07     0.00018083    4.06E+07     2.1186E+05    
   3.07E+07     0.986        0.00018058    3.07E+07     0.00018058    4.07E+07     2.1274E+05    
   3.08E+07     0.986        0.00017984    3.08E+07     0.00017984    4.08E+07     2.1177E+05    
   3.09E+07     0.986        0.00017901    3.09E+07     0.00017901    4.09E+07     2.1264E+05    
   3.1E+07      0.98601      0.00017871    3.1E+07      0.00017871    4.1E+07      2.131E+05     
   3.11E+07     0.98602      0.0001779     3.11E+07     0.0001779     4.11E+07     2.1385E+05    
   3.12E+07     0.98602      0.00017707    3.12E+07     0.00017707    4.12E+07     2.1226E+05    
   3.13E+07     0.986        0.00017718    3.13E+07     0.00017718    4.13E+07     2.1101E+05    
   3.14E+07     0.98599      0.00017643    3.14E+07     0.00017643    4.14E+07     2.1136E+05    
   3.15E+07     0.98598      0.00017655    3.15E+07     0.00017655    4.15E+07     2.1156E+05    
   3.16E+07     0.98595      0.00017793    3.16E+07     0.00017793    4.16E+07     2.124E+05     
   3.17E+07     0.98596      0.00017745    3.17E+07     0.00017745    4.17E+07     2.1076E+05    
   3.18E+07     0.98596      0.00017667    3.18E+07     0.00017667    4.18E+07     2.1151E+05    
   3.19E+07     0.98597      0.00017604    3.19E+07     0.00017604    4.19E+07     2.1175E+05    
   3.2E+07      0.98597      0.00017531    3.2E+07      0.00017531    4.2E+07      2.1259E+05    
   3.21E+07     0.98595      0.00017504    3.21E+07     0.00017504    4.21E+07     2.1335E+05    
   3.22E+07     0.98598      0.00017587    3.22E+07     0.00017587    4.22E+07     2.1325E+05    
   3.23E+07     0.98598      0.00017525    3.23E+07     0.00017525    4.23E+07     2.1398E+05    
   3.24E+07     0.98598      0.00017447    3.24E+07     0.00017447    4.24E+07     2.1406E+05    
   3.25E+07     0.98598      0.00017374    3.25E+07     0.00017374    4.25E+07     2.1255E+05    
   3.26E+07     0.98599      0.00017318    3.26E+07     0.00017318    4.26E+07     2.1328E+05    
   3.27E+07     0.98599      0.00017243    3.27E+07     0.00017243    4.27E+07     2.1407E+05    
   3.28E+07     0.98598      0.00017173    3.28E+07     0.00017173    4.28E+07     2.149E+05     
   3.29E+07     0.98597      0.00017145    3.29E+07     0.00017145    4.29E+07     2.1536E+05    
   3.3E+07      0.98596      0.00017081    3.3E+07      0.00017081    4.3E+07      2.1594E+05    
   3.31E+07     0.98597      0.00017015    3.31E+07     0.00017015    4.31E+07     2.1646E+05    
   3.32E+07     0.98598      0.00016981    3.32E+07     0.00016981    4.32E+07     2.1674E+05    
   3.33E+07     0.98596      0.00017082    3.33E+07     0.00017082    4.33E+07     2.1755E+05    
   3.34E+07     0.98596      0.00017013    3.34E+07     0.00017013    4.34E+07     2.1831E+05    
   3.35E+07     0.98594      0.0001704     3.35E+07     0.0001704     4.35E+07     2.185E+05     
   3.36E+07     0.98595      0.0001699     3.36E+07     0.0001699     4.36E+07     2.1897E+05    
   3.37E+07     0.98595      0.00016926    3.37E+07     0.00016926    4.37E+07     2.1948E+05    
   3.38E+07     0.98596      0.00016954    3.38E+07     0.00016954    4.38E+07     2.1779E+05    
   3.39E+07     0.98596      0.00016884    3.39E+07     0.00016884    4.39E+07     2.1745E+05    
   3.4E+07      0.98596      0.00016835    3.4E+07      0.00016835    4.4E+07      2.1776E+05    
   3.41E+07     0.98598      0.00016961    3.41E+07     0.00016961    4.41E+07     2.1816E+05    
   3.42E+07     0.98598      0.00016895    3.42E+07     0.00016895    4.42E+07     2.1878E+05    
   3.43E+07     0.98597      0.00016855    3.43E+07     0.00016855    4.43E+07     2.1891E+05    
   3.44E+07     0.98596      0.00016802    3.44E+07     0.00016802    4.44E+07     2.1856E+05    
   3.45E+07     0.98598      0.00016798    3.45E+07     0.00016798    4.45E+07     2.1844E+05    
   3.46E+07     0.98598      0.00016745    3.46E+07     0.00016745    4.46E+07     2.1891E+05    
   3.47E+07     0.98597      0.00016774    3.47E+07     0.00016774    4.47E+07     2.1788E+05    
   3.48E+07     0.98598      0.00016751    3.48E+07     0.00016751    4.48E+07     2.1769E+05    
   3.49E+07     0.98596      0.00016764    3.49E+07     0.00016764    4.49E+07     2.1824E+05    
   3.5E+07      0.98595      0.00016771    3.5E+07      0.00016771    4.5E+07      2.1891E+05    
   3.51E+07     0.98595      0.00016709    3.51E+07     0.00016709    4.51E+07     2.1883E+05    
   3.52E+07     0.98595      0.00016646    3.52E+07     0.00016646    4.52E+07     2.1942E+05    
   3.53E+07     0.98596      0.0001659     3.53E+07     0.0001659     4.53E+07     2.1971E+05    
   3.54E+07     0.98597      0.00016606    3.54E+07     0.00016606    4.54E+07     2.204E+05     
   3.55E+07     0.98597      0.00016543    3.55E+07     0.00016543    4.55E+07     2.2113E+05    
   3.56E+07     0.98596      0.00016519    3.56E+07     0.00016519    4.56E+07     2.2099E+05    
   3.57E+07     0.98595      0.00016469    3.57E+07     0.00016469    4.57E+07     2.2147E+05    
   3.58E+07     0.98595      0.00016407    3.58E+07     0.00016407    4.58E+07     2.2215E+05    
   3.59E+07     0.98594      0.00016367    3.59E+07     0.00016367    4.59E+07     2.221E+05     
   3.6E+07      0.98592      0.00016436    3.6E+07      0.00016436    4.6E+07      2.2254E+05    
   3.61E+07     0.98591      0.00016408    3.61E+07     0.00016408    4.61E+07     2.2308E+05    
   3.62E+07     0.9859       0.00016397    3.62E+07     0.00016397    4.62E+07     2.235E+05     
   3.63E+07     0.98589      0.00016367    3.63E+07     0.00016367    4.63E+07     2.2426E+05    
   3.64E+07     0.9859       0.00016336    3.64E+07     0.00016336    4.64E+07     2.2351E+05    
   3.65E+07     0.98589      0.00016297    3.65E+07     0.00016297    4.65E+07     2.2351E+05    
   3.66E+07     0.98589      0.0001624     3.66E+07     0.0001624     4.66E+07     2.2423E+05    
   3.67E+07     0.9859       0.00016232    3.67E+07     0.00016232    4.67E+07     2.2487E+05    
   3.68E+07     0.98589      0.00016182    3.68E+07     0.00016182    4.68E+07     2.2524E+05    
   3.69E+07     0.98589      0.00016137    3.69E+07     0.00016137    4.69E+07     2.2556E+05    
   3.7E+07      0.98591      0.0001622     3.7E+07      0.0001622     4.7E+07      2.263E+05     
   3.71E+07     0.98593      0.00016385    3.71E+07     0.00016385    4.71E+07     2.2556E+05    
   3.72E+07     0.98594      0.00016325    3.72E+07     0.00016325    4.72E+07     2.2582E+05    
   3.73E+07     0.98592      0.00016355    3.73E+07     0.00016355    4.73E+07     2.2511E+05    
   3.74E+07     0.98593      0.00016323    3.74E+07     0.00016323    4.74E+07     2.2502E+05    
   3.75E+07     0.98593      0.00016264    3.75E+07     0.00016264    4.75E+07     2.2561E+05    
   3.76E+07     0.9859       0.00016397    3.76E+07     0.00016397    4.76E+07     2.2634E+05    
   3.77E+07     0.9859       0.00016338    3.77E+07     0.00016338    4.77E+07     2.2697E+05    
   3.78E+07     0.98591      0.00016283    3.78E+07     0.00016283    4.78E+07     2.2749E+05    
   3.79E+07     0.9859       0.00016265    3.79E+07     0.00016265    4.79E+07     2.2812E+05    
   3.8E+07      0.9859       0.00016216    3.8E+07      0.00016216    4.8E+07      2.2877E+05    
   3.81E+07     0.98592      0.00016245    3.81E+07     0.00016245    4.81E+07     2.2941E+05    
   3.82E+07     0.98591      0.00016195    3.82E+07     0.00016195    4.82E+07     2.301E+05     
   3.83E+07     0.98591      0.00016153    3.83E+07     0.00016153    4.83E+07     2.3061E+05    
   3.84E+07     0.98592      0.00016157    3.84E+07     0.00016157    4.84E+07     2.3126E+05    
   3.85E+07     0.98591      0.00016167    3.85E+07     0.00016167    4.85E+07     2.3187E+05    
   3.86E+07     0.98591      0.00016121    3.86E+07     0.00016121    4.86E+07     2.326E+05     
   3.87E+07     0.98592      0.0001607     3.87E+07     0.0001607     4.87E+07     2.3231E+05    
   3.88E+07     0.98594      0.00016136    3.88E+07     0.00016136    4.88E+07     2.3242E+05    
   3.89E+07     0.98593      0.00016108    3.89E+07     0.00016108    4.89E+07     2.3307E+05    
   3.9E+07      0.98593      0.0001607     3.9E+07      0.0001607     4.9E+07      2.3376E+05    
   3.91E+07     0.98595      0.00016059    3.91E+07     0.00016059    4.91E+07     2.3447E+05    
   3.92E+07     0.98596      0.00016038    3.92E+07     0.00016038    4.92E+07     2.352E+05     
   3.93E+07     0.98596      0.00015995    3.93E+07     0.00015995    4.93E+07     2.3588E+05    
   3.94E+07     0.98596      0.00015942    3.94E+07     0.00015942    4.94E+07     2.3644E+05    
   3.95E+07     0.98595      0.00015937    3.95E+07     0.00015937    4.95E+07     2.3512E+05    
   3.96E+07     0.98597      0.00016006    3.96E+07     0.00016006    4.96E+07     2.3581E+05    
   3.97E+07     0.98598      0.0001598     3.97E+07     0.0001598     4.97E+07     2.363E+05     
   3.98E+07     0.98598      0.00015928    3.98E+07     0.00015928    4.98E+07     2.3683E+05    
   3.99E+07     0.98598      0.00015874    3.99E+07     0.00015874    4.99E+07     2.3723E+05    
   4E+07        0.98597      0.00015823    4E+07        0.00015823    5E+07        2.374E+05     
   4.01E+07     0.98597      0.00015787    4.01E+07     0.00015787    5.01E+07     2.3808E+05    
   4.02E+07     0.98597      0.00015736    4.02E+07     0.00015736    5.02E+07     2.3873E+05    
   4.03E+07     0.98597      0.00015685    4.03E+07     0.00015685    5.03E+07     2.391E+05     
   4.04E+07     0.98596      0.00015667    4.04E+07     0.00015667    5.04E+07     2.395E+05     
   4.05E+07     0.98596      0.00015619    4.05E+07     0.00015619    5.05E+07     2.3992E+05    
   4.06E+07     0.98596      0.00015571    4.06E+07     0.00015571    5.06E+07     2.4051E+05    
   4.07E+07     0.98596      0.0001552     4.07E+07     0.0001552     5.07E+07     2.4109E+05    
   4.08E+07     0.98595      0.00015536    4.08E+07     0.00015536    5.08E+07     2.4158E+05    
   4.09E+07     0.98595      0.00015485    4.09E+07     0.00015485    5.09E+07     2.4229E+05    
   4.1E+07      0.98594      0.0001545     4.1E+07      0.0001545     5.1E+07      2.4283E+05    
   4.11E+07     0.98594      0.00015405    4.11E+07     0.00015405    5.11E+07     2.4354E+05    
   4.12E+07     0.98592      0.00015443    4.12E+07     0.00015443    5.12E+07     2.4253E+05    
   4.13E+07     0.9859       0.00015469    4.13E+07     0.00015469    5.13E+07     2.4312E+05    
   4.14E+07     0.9859       0.00015437    4.14E+07     0.00015437    5.14E+07     2.4274E+05    
   4.15E+07     0.9859       0.00015412    4.15E+07     0.00015412    5.15E+07     2.409E+05     
   4.16E+07     0.98591      0.00015363    4.16E+07     0.00015363    5.16E+07     2.4152E+05    
   4.17E+07     0.98592      0.00015404    4.17E+07     0.00015404    5.17E+07     2.4224E+05    
   4.18E+07     0.98593      0.0001536     4.18E+07     0.0001536     5.18E+07     2.4295E+05    
   4.19E+07     0.98593      0.00015332    4.19E+07     0.00015332    5.19E+07     2.4362E+05    
   4.2E+07      0.98593      0.00015285    4.2E+07      0.00015285    5.2E+07      2.4215E+05    
   4.21E+07     0.98593      0.00015237    4.21E+07     0.00015237    5.21E+07     2.4259E+05    
   4.22E+07     0.98592      0.00015223    4.22E+07     0.00015223    5.22E+07     2.4325E+05    
   4.23E+07     0.98592      0.00015179    4.23E+07     0.00015179    5.23E+07     2.4377E+05    
   4.24E+07     0.98591      0.00015159    4.24E+07     0.00015159    5.24E+07     2.4404E+05    
   4.25E+07     0.98589      0.00015194    4.25E+07     0.00015194    5.25E+07     2.4442E+05    
   4.26E+07     0.98589      0.00015151    4.26E+07     0.00015151    5.26E+07     2.4478E+05    
   4.27E+07     0.98589      0.00015105    4.27E+07     0.00015105    5.27E+07     2.4514E+05    
   4.28E+07     0.98589      0.00015059    4.28E+07     0.00015059    5.28E+07     2.4553E+05    
   4.29E+07     0.98588      0.00015024    4.29E+07     0.00015024    5.29E+07     2.4565E+05    
   4.3E+07      0.98588      0.00014987    4.3E+07      0.00014987    5.3E+07      2.4447E+05    
   4.31E+07     0.98587      0.00014952    4.31E+07     0.00014952    5.31E+07     2.4499E+05    
   4.32E+07     0.98588      0.00014925    4.32E+07     0.00014925    5.32E+07     2.4192E+05    
   4.33E+07     0.98588      0.0001488     4.33E+07     0.0001488     5.33E+07     2.4251E+05    
   4.34E+07     0.98588      0.00014836    4.34E+07     0.00014836    5.34E+07     2.4213E+05    
   4.35E+07     0.98589      0.00014814    4.35E+07     0.00014814    5.35E+07     2.4144E+05    
   4.36E+07     0.98588      0.0001478     4.36E+07     0.0001478     5.36E+07     2.42E+05      
   4.37E+07     0.98588      0.00014746    4.37E+07     0.00014746    5.37E+07     2.4238E+05    
   4.38E+07     0.98586      0.00014785    4.38E+07     0.00014785    5.38E+07     2.424E+05     
   4.39E+07     0.98587      0.00014781    4.39E+07     0.00014781    5.39E+07     2.43E+05      
   4.4E+07      0.98586      0.00014754    4.4E+07      0.00014754    5.4E+07      2.4337E+05    
   4.41E+07     0.98587      0.00014724    4.41E+07     0.00014724    5.41E+07     2.4359E+05    
   4.42E+07     0.98587      0.00014685    4.42E+07     0.00014685    5.42E+07     2.4282E+05    
   4.43E+07     0.98588      0.00014664    4.43E+07     0.00014664    5.43E+07     2.4349E+05    
   4.44E+07     0.98587      0.0001466     4.44E+07     0.0001466     5.44E+07     2.439E+05     
   4.45E+07     0.98586      0.00014647    4.45E+07     0.00014647    5.45E+07     2.445E+05     
   4.46E+07     0.98587      0.00014614    4.46E+07     0.00014614    5.46E+07     2.4422E+05    
   4.47E+07     0.98585      0.00014632    4.47E+07     0.00014632    5.47E+07     2.4487E+05    
   4.48E+07     0.98586      0.00014623    4.48E+07     0.00014623    5.48E+07     2.4553E+05    
   4.49E+07     0.98587      0.00014588    4.49E+07     0.00014588    5.49E+07     2.461E+05     
   4.5E+07      0.98587      0.00014548    4.5E+07      0.00014548    5.5E+07      2.4676E+05    
   4.51E+07     0.98588      0.00014535    4.51E+07     0.00014535    5.51E+07     2.4737E+05    
   4.52E+07     0.98588      0.000145      4.52E+07     0.000145      5.52E+07     2.4781E+05    
   4.53E+07     0.98589      0.00014472    4.53E+07     0.00014472    5.53E+07     2.4842E+05    
   4.54E+07     0.98589      0.00014431    4.54E+07     0.00014431    5.54E+07     2.469E+05     
   4.55E+07     0.98589      0.00014392    4.55E+07     0.00014392    5.55E+07     2.4699E+05    
   4.56E+07     0.9859       0.0001438     4.56E+07     0.0001438     5.56E+07     2.475E+05     
   4.57E+07     0.98591      0.0001435     4.57E+07     0.0001435     5.57E+07     2.4813E+05    
   4.58E+07     0.98591      0.0001431     4.58E+07     0.0001431     5.58E+07     2.4737E+05    
   4.59E+07     0.98592      0.00014297    4.59E+07     0.00014297    5.59E+07     2.4604E+05    
   4.6E+07      0.98592      0.00014267    4.6E+07      0.00014267    5.6E+07      2.4547E+05    
   4.61E+07     0.98593      0.00014235    4.61E+07     0.00014235    5.61E+07     2.4483E+05    
   4.62E+07     0.98593      0.00014204    4.62E+07     0.00014204    5.62E+07     2.4526E+05    
   4.63E+07     0.98593      0.00014165    4.63E+07     0.00014165    5.63E+07     2.4503E+05    
   4.64E+07     0.98594      0.00014173    4.64E+07     0.00014173    5.64E+07     2.4501E+05    
   4.65E+07     0.98595      0.00014159    4.65E+07     0.00014159    5.65E+07     2.4527E+05    
   4.66E+07     0.98595      0.0001412     4.66E+07     0.0001412     5.66E+07     2.4575E+05    
   4.67E+07     0.98595      0.00014085    4.67E+07     0.00014085    5.67E+07     2.4497E+05    
   4.68E+07     0.98595      0.00014059    4.68E+07     0.00014059    5.68E+07     2.4555E+05    
   4.69E+07     0.98594      0.00014034    4.69E+07     0.00014034    5.69E+07     2.4534E+05    
   4.7E+07      0.98594      0.00013997    4.7E+07      0.00013997    5.7E+07      2.4464E+05    
   4.71E+07     0.98595      0.00014003    4.71E+07     0.00014003    5.71E+07     2.4506E+05    
   4.72E+07     0.98596      0.00013981    4.72E+07     0.00013981    5.72E+07     2.4569E+05    
   4.73E+07     0.98595      0.00013988    4.73E+07     0.00013988    5.73E+07     2.4621E+05    
   4.74E+07     0.98594      0.00013977    4.74E+07     0.00013977    5.74E+07     2.4664E+05    
   4.75E+07     0.98594      0.00013942    4.75E+07     0.00013942    5.75E+07     2.4329E+05    
   4.76E+07     0.98595      0.00013906    4.76E+07     0.00013906    5.76E+07     2.4319E+05    
   4.77E+07     0.98595      0.00013872    4.77E+07     0.00013872    5.77E+07     2.4378E+05    
   4.78E+07     0.98595      0.00013842    4.78E+07     0.00013842    5.78E+07     2.4422E+05    
   4.79E+07     0.98595      0.00013808    4.79E+07     0.00013808    5.79E+07     2.4345E+05    
   4.8E+07      0.98595      0.00013774    4.8E+07      0.00013774    5.8E+07      2.4407E+05    
   4.81E+07     0.98594      0.00013742    4.81E+07     0.00013742    5.81E+07     2.4315E+05    
   4.82E+07     0.98595      0.00013707    4.82E+07     0.00013707    5.82E+07     2.4341E+05    
   4.83E+07     0.98594      0.00013676    4.83E+07     0.00013676    5.83E+07     2.433E+05     
   4.84E+07     0.98594      0.00013643    4.84E+07     0.00013643    5.84E+07     2.437E+05     
   4.85E+07     0.98594      0.00013611    4.85E+07     0.00013611    5.85E+07     2.4426E+05    
   4.86E+07     0.98594      0.00013576    4.86E+07     0.00013576    5.86E+07     2.4425E+05    
   4.87E+07     0.98593      0.0001357     4.87E+07     0.0001357     5.87E+07     2.447E+05     
   4.88E+07     0.98592      0.00013553    4.88E+07     0.00013553    5.88E+07     2.4493E+05    
   4.89E+07     0.98592      0.00013521    4.89E+07     0.00013521    5.89E+07     2.4288E+05    
   4.9E+07      0.98592      0.00013487    4.9E+07      0.00013487    5.9E+07      2.4299E+05    
   4.91E+07     0.98592      0.00013452    4.91E+07     0.00013452    5.91E+07     2.4344E+05    
   4.92E+07     0.98592      0.00013418    4.92E+07     0.00013418    5.92E+07     2.4384E+05    
   4.93E+07     0.98591      0.00013385    4.93E+07     0.00013385    5.93E+07     2.4443E+05    
   4.94E+07     0.98592      0.00013356    4.94E+07     0.00013356    5.94E+07     2.45E+05      
   4.95E+07     0.98593      0.0001338     4.95E+07     0.0001338     5.95E+07     2.4312E+05    
   4.96E+07     0.98593      0.00013346    4.96E+07     0.00013346    5.96E+07     2.437E+05     
   4.97E+07     0.98593      0.00013319    4.97E+07     0.00013319    5.97E+07     2.4424E+05    
   4.98E+07     0.98593      0.00013291    4.98E+07     0.00013291    5.98E+07     2.4473E+05    
   4.99E+07     0.98593      0.00013266    4.99E+07     0.00013266    5.99E+07     2.4506E+05    
   5E+07        0.98594      0.00013247    5E+07        0.00013247    6E+07        2.4485E+05    
   5.01E+07     0.98594      0.00013214    5.01E+07     0.00013214    6.01E+07     2.4542E+05    
   5.02E+07     0.98594      0.00013184    5.02E+07     0.00013184    6.02E+07     2.459E+05     
   5.03E+07     0.98594      0.00013161    5.03E+07     0.00013161    6.03E+07     2.4624E+05    
   5.04E+07     0.98594      0.00013137    5.04E+07     0.00013137    6.04E+07     2.467E+05     
   5.05E+07     0.98595      0.00013113    5.05E+07     0.00013113    6.05E+07     2.4713E+05    
   5.06E+07     0.98594      0.00013084    5.06E+07     0.00013084    6.06E+07     2.4752E+05    
   5.07E+07     0.98595      0.00013056    5.07E+07     0.00013056    6.07E+07     2.4797E+05    
   5.08E+07     0.98594      0.00013028    5.08E+07     0.00013028    6.08E+07     2.4822E+05    
   5.09E+07     0.98594      0.00012997    5.09E+07     0.00012997    6.09E+07     2.482E+05     
   5.1E+07      0.98594      0.0001297     5.1E+07      0.0001297     6.1E+07      2.4843E+05    
   5.11E+07     0.98594      0.00012939    5.11E+07     0.00012939    6.11E+07     2.4833E+05    
   5.12E+07     0.98595      0.00012951    5.12E+07     0.00012951    6.12E+07     2.4594E+05    
   5.13E+07     0.98595      0.00012923    5.13E+07     0.00012923    6.13E+07     2.4515E+05    
   5.14E+07     0.98594      0.0001292     5.14E+07     0.0001292     6.14E+07     2.4546E+05    
   5.15E+07     0.98596      0.00012957    5.15E+07     0.00012957    6.15E+07     2.4454E+05    
   5.16E+07     0.98596      0.00012926    5.16E+07     0.00012926    6.16E+07     2.4507E+05    
   5.17E+07     0.98596      0.00012895    5.17E+07     0.00012895    6.17E+07     2.4526E+05    
   5.18E+07     0.98596      0.00012865    5.18E+07     0.00012865    6.18E+07     2.4514E+05    
   5.19E+07     0.98596      0.00012834    5.19E+07     0.00012834    6.19E+07     2.4539E+05    
   5.2E+07      0.98595      0.00012859    5.2E+07      0.00012859    6.2E+07      2.4527E+05    
   5.21E+07     0.98594      0.00012835    5.21E+07     0.00012835    6.21E+07     2.4553E+05    
   5.22E+07     0.98594      0.00012806    5.22E+07     0.00012806    6.22E+07     2.4604E+05    
   5.23E+07     0.98594      0.0001278     5.23E+07     0.0001278     6.23E+07     2.4655E+05    
   5.24E+07     0.98594      0.0001276     5.24E+07     0.0001276     6.24E+07     2.4704E+05    
   5.25E+07     0.98594      0.00012738    5.25E+07     0.00012738    6.25E+07     2.4552E+05    
   5.26E+07     0.98593      0.00012717    5.26E+07     0.00012717    6.26E+07     2.4604E+05    
   5.27E+07     0.98593      0.00012695    5.27E+07     0.00012695    6.27E+07     2.4535E+05    
   5.28E+07     0.98593      0.00012674    5.28E+07     0.00012674    6.28E+07     2.452E+05     
   5.29E+07     0.98594      0.00012657    5.29E+07     0.00012657    6.29E+07     2.4571E+05    
   5.3E+07      0.98595      0.00012677    5.3E+07      0.00012677    6.3E+07      2.462E+05     
   5.31E+07     0.98595      0.00012652    5.31E+07     0.00012652    6.31E+07     2.4672E+05    
   5.32E+07     0.98597      0.0001272     5.32E+07     0.0001272     6.32E+07     2.472E+05     
   5.33E+07     0.98597      0.0001269     5.33E+07     0.0001269     6.33E+07     2.4765E+05    
   5.34E+07     0.98596      0.00012688    5.34E+07     0.00012688    6.34E+07     2.4815E+05    
   5.35E+07     0.98597      0.00012695    5.35E+07     0.00012695    6.35E+07     2.4859E+05    
   5.36E+07     0.98597      0.00012669    5.36E+07     0.00012669    6.36E+07     2.4904E+05    
   5.37E+07     0.98597      0.00012645    5.37E+07     0.00012645    6.37E+07     2.4942E+05    
   5.38E+07     0.98596      0.00012633    5.38E+07     0.00012633    6.38E+07     2.4772E+05    
   5.39E+07     0.98596      0.00012606    5.39E+07     0.00012606    6.39E+07     2.4788E+05    
   5.4E+07      0.98596      0.00012584    5.4E+07      0.00012584    6.4E+07      2.4834E+05    
   5.41E+07     0.98595      0.00012566    5.41E+07     0.00012566    6.41E+07     2.4871E+05    
   5.42E+07     0.98596      0.00012575    5.42E+07     0.00012575    6.42E+07     2.4815E+05    
   5.43E+07     0.98596      0.00012546    5.43E+07     0.00012546    6.43E+07     2.4867E+05    
   5.44E+07     0.98597      0.00012525    5.44E+07     0.00012525    6.44E+07     2.4911E+05    
   5.45E+07     0.98597      0.00012497    5.45E+07     0.00012497    6.45E+07     2.484E+05     
   5.46E+07     0.98596      0.00012493    5.46E+07     0.00012493    6.46E+07     2.4796E+05    
   5.47E+07     0.98596      0.00012465    5.47E+07     0.00012465    6.47E+07     2.4837E+05    
   5.48E+07     0.98596      0.00012438    5.48E+07     0.00012438    6.48E+07     2.4855E+05    
   5.49E+07     0.98596      0.0001241     5.49E+07     0.0001241     6.49E+07     2.485E+05     
   5.5E+07      0.98596      0.00012383    5.5E+07      0.00012383    6.5E+07      2.486E+05     
   5.51E+07     0.98596      0.00012356    5.51E+07     0.00012356    6.51E+07     2.4886E+05    
   5.52E+07     0.98597      0.00012334    5.52E+07     0.00012334    6.52E+07     2.4919E+05    
   5.53E+07     0.98597      0.00012307    5.53E+07     0.00012307    6.53E+07     2.4878E+05    
   5.54E+07     0.98598      0.00012334    5.54E+07     0.00012334    6.54E+07     2.4821E+05    
   5.55E+07     0.98597      0.00012321    5.55E+07     0.00012321    6.55E+07     2.4868E+05    
   5.56E+07     0.98597      0.00012298    5.56E+07     0.00012298    6.56E+07     2.4733E+05    
   5.57E+07     0.98597      0.00012271    5.57E+07     0.00012271    6.57E+07     2.4736E+05    
   5.58E+07     0.98598      0.00012278    5.58E+07     0.00012278    6.58E+07     2.4772E+05    
   5.59E+07     0.98599      0.00012301    5.59E+07     0.00012301    6.59E+07     2.4822E+05    
   5.6E+07      0.98598      0.00012303    5.6E+07      0.00012303    6.6E+07      2.4868E+05    
   5.61E+07     0.98599      0.00012308    5.61E+07     0.00012308    6.61E+07     2.4772E+05    
   5.62E+07     0.986        0.00012285    5.62E+07     0.00012285    6.62E+07     2.4824E+05    
   5.63E+07     0.98599      0.00012281    5.63E+07     0.00012281    6.63E+07     2.4694E+05    
   5.64E+07     0.98598      0.0001227     5.64E+07     0.0001227     6.64E+07     2.4741E+05    
   5.65E+07     0.98599      0.00012253    5.65E+07     0.00012253    6.65E+07     2.4748E+05    
   5.66E+07     0.98599      0.0001223     5.66E+07     0.0001223     6.66E+07     2.4782E+05    
   5.67E+07     0.98598      0.00012239    5.67E+07     0.00012239    6.67E+07     2.4693E+05    
   5.68E+07     0.98598      0.00012214    5.68E+07     0.00012214    6.68E+07     2.474E+05     
   5.69E+07     0.98599      0.00012209    5.69E+07     0.00012209    6.69E+07     2.4763E+05    
   5.7E+07      0.98598      0.00012214    5.7E+07      0.00012214    6.7E+07      2.4806E+05    
   5.71E+07     0.98598      0.00012193    5.71E+07     0.00012193    6.71E+07     2.4785E+05    
   5.72E+07     0.98599      0.00012167    5.72E+07     0.00012167    6.72E+07     2.4792E+05    
   5.73E+07     0.98598      0.00012144    5.73E+07     0.00012144    6.73E+07     2.479E+05     
   5.74E+07     0.98598      0.00012122    5.74E+07     0.00012122    6.74E+07     2.4836E+05    
   5.75E+07     0.98596      0.00012195    5.75E+07     0.00012195    6.75E+07     2.4798E+05    
   5.76E+07     0.98596      0.00012187    5.76E+07     0.00012187    6.76E+07     2.4846E+05    
   5.77E+07     0.98596      0.00012161    5.77E+07     0.00012161    6.77E+07     2.4875E+05    
   5.78E+07     0.98595      0.00012139    5.78E+07     0.00012139    6.78E+07     2.4924E+05    
   5.79E+07     0.98595      0.00012148    5.79E+07     0.00012148    6.79E+07     2.4921E+05    
   5.8E+07      0.98595      0.00012122    5.8E+07      0.00012122    6.8E+07      2.495E+05     
   5.81E+07     0.98594      0.00012135    5.81E+07     0.00012135    6.81E+07     2.4992E+05    
   5.82E+07     0.98593      0.00012117    5.82E+07     0.00012117    6.82E+07     2.4933E+05    
   5.83E+07     0.98594      0.0001211     5.83E+07     0.0001211     6.83E+07     2.4978E+05    
   5.84E+07     0.98594      0.0001209     5.84E+07     0.0001209     6.84E+07     2.5016E+05    
   5.85E+07     0.98594      0.00012066    5.85E+07     0.00012066    6.85E+07     2.5059E+05    
   5.86E+07     0.98594      0.00012055    5.86E+07     0.00012055    6.86E+07     2.5089E+05    
   5.87E+07     0.98594      0.00012034    5.87E+07     0.00012034    6.87E+07     2.5006E+05    
   5.88E+07     0.98594      0.00012018    5.88E+07     0.00012018    6.88E+07     2.5055E+05    
   5.89E+07     0.98595      0.00012059    5.89E+07     0.00012059    6.89E+07     2.5099E+05    
   5.9E+07      0.98594      0.00012044    5.9E+07      0.00012044    6.9E+07      2.5052E+05    
   5.91E+07     0.98595      0.00012023    5.91E+07     0.00012023    6.91E+07     2.5026E+05    
   5.92E+07     0.98594      0.00012003    5.92E+07     0.00012003    6.92E+07     2.5075E+05    
   5.93E+07     0.98594      0.00011979    5.93E+07     0.00011979    6.93E+07     2.5112E+05    
   5.94E+07     0.98594      0.00011955    5.94E+07     0.00011955    6.94E+07     2.5155E+05    
   5.95E+07     0.98593      0.00011991    5.95E+07     0.00011991    6.95E+07     2.5095E+05    
   5.96E+07     0.98593      0.00011967    5.96E+07     0.00011967    6.96E+07     2.511E+05     
   5.97E+07     0.98593      0.00011944    5.97E+07     0.00011944    6.97E+07     2.5103E+05    
   5.98E+07     0.98593      0.00011922    5.98E+07     0.00011922    6.98E+07     2.5144E+05    
   5.99E+07     0.98593      0.00011903    5.99E+07     0.00011903    6.99E+07     2.5044E+05    
   6E+07        0.98592      0.00011898    6E+07        0.00011898    7E+07        2.5065E+05    
   6.01E+07     0.98592      0.00011875    6.01E+07     0.00011875    7.01E+07     2.506E+05     
   6.02E+07     0.98592      0.00011854    6.02E+07     0.00011854    7.02E+07     2.5082E+05    
   6.03E+07     0.98592      0.00011834    6.03E+07     0.00011834    7.03E+07     2.5121E+05    
   6.04E+07     0.98591      0.00011814    6.04E+07     0.00011814    7.04E+07     2.5021E+05    
   6.05E+07     0.98591      0.00011794    6.05E+07     0.00011794    7.05E+07     2.4897E+05    
   6.06E+07     0.98591      0.00011775    6.06E+07     0.00011775    7.06E+07     2.492E+05     
   6.07E+07     0.98591      0.00011754    6.07E+07     0.00011754    7.07E+07     2.4892E+05    
   6.08E+07     0.98591      0.00011739    6.08E+07     0.00011739    7.08E+07     2.4931E+05    
   6.09E+07     0.9859       0.0001173     6.09E+07     0.0001173     7.09E+07     2.4972E+05    
   6.1E+07      0.9859       0.00011715    6.1E+07      0.00011715    7.1E+07      2.5011E+05    
   6.11E+07     0.9859       0.00011707    6.11E+07     0.00011707    7.11E+07     2.497E+05     
   6.12E+07     0.98589      0.00011754    6.12E+07     0.00011754    7.12E+07     2.5016E+05    
   6.13E+07     0.9859       0.00011764    6.13E+07     0.00011764    7.13E+07     2.4938E+05    
   6.14E+07     0.9859       0.00011747    6.14E+07     0.00011747    7.14E+07     2.4892E+05    
   6.15E+07     0.98589      0.00011759    6.15E+07     0.00011759    7.15E+07     2.4933E+05    
   6.16E+07     0.98589      0.00011737    6.16E+07     0.00011737    7.16E+07     2.4976E+05    
   6.17E+07     0.98588      0.00011723    6.17E+07     0.00011723    7.17E+07     2.4917E+05    
   6.18E+07     0.98589      0.00011717    6.18E+07     0.00011717    7.18E+07     2.4947E+05    
   6.19E+07     0.98589      0.00011701    6.19E+07     0.00011701    7.19E+07     2.4992E+05    
   6.2E+07      0.98589      0.00011694    6.2E+07      0.00011694    7.2E+07      2.5033E+05    
   6.21E+07     0.98588      0.00011679    6.21E+07     0.00011679    7.21E+07     2.4967E+05    
   6.22E+07     0.98588      0.00011657    6.22E+07     0.00011657    7.22E+07     2.5012E+05    
   6.23E+07     0.98588      0.00011635    6.23E+07     0.00011635    7.23E+07     2.4935E+05    
   6.24E+07     0.98589      0.00011614    6.24E+07     0.00011614    7.24E+07     2.4938E+05    
   6.25E+07     0.9859       0.0001164     6.25E+07     0.0001164     7.25E+07     2.4981E+05    
   6.26E+07     0.98589      0.00011619    6.26E+07     0.00011619    7.26E+07     2.5011E+05    
   6.27E+07     0.9859       0.00011626    6.27E+07     0.00011626    7.27E+07     2.5051E+05    
   6.28E+07     0.9859       0.00011619    6.28E+07     0.00011619    7.28E+07     2.5096E+05    
   6.29E+07     0.9859       0.00011598    6.29E+07     0.00011598    7.29E+07     2.5134E+05    
   6.3E+07      0.9859       0.00011577    6.3E+07      0.00011577    7.3E+07      2.5173E+05    
   6.31E+07     0.98589      0.00011556    6.31E+07     0.00011556    7.31E+07     2.5205E+05    
   6.32E+07     0.98589      0.00011534    6.32E+07     0.00011534    7.32E+07     2.5248E+05    
   6.33E+07     0.9859       0.00011515    6.33E+07     0.00011515    7.33E+07     2.5287E+05    
   6.34E+07     0.9859       0.00011495    6.34E+07     0.00011495    7.34E+07     2.5328E+05    
   6.35E+07     0.9859       0.00011475    6.35E+07     0.00011475    7.35E+07     2.5374E+05    
   6.36E+07     0.9859       0.00011455    6.36E+07     0.00011455    7.36E+07     2.5418E+05    
   6.37E+07     0.9859       0.00011437    6.37E+07     0.00011437    7.37E+07     2.546E+05     
   6.38E+07     0.98591      0.00011468    6.38E+07     0.00011468    7.38E+07     2.5469E+05    
   6.39E+07     0.98591      0.00011456    6.39E+07     0.00011456    7.39E+07     2.5509E+05    
   6.4E+07      0.98591      0.00011434    6.4E+07      0.00011434    7.4E+07      2.5484E+05    
   6.41E+07     0.9859       0.00011417    6.41E+07     0.00011417    7.41E+07     2.5524E+05    
   6.42E+07     0.9859       0.00011421    6.42E+07     0.00011421    7.42E+07     2.5544E+05    
   6.43E+07     0.98589      0.00011401    6.43E+07     0.00011401    7.43E+07     2.554E+05     
   6.44E+07     0.98589      0.00011381    6.44E+07     0.00011381    7.44E+07     2.5581E+05    
   6.45E+07     0.98589      0.00011388    6.45E+07     0.00011388    7.45E+07     2.5618E+05    
   6.46E+07     0.98589      0.00011389    6.46E+07     0.00011389    7.46E+07     2.566E+05     
   6.47E+07     0.98589      0.00011372    6.47E+07     0.00011372    7.47E+07     2.56E+05      
   6.48E+07     0.98589      0.00011357    6.48E+07     0.00011357    7.48E+07     2.5642E+05    
   6.49E+07     0.98589      0.0001135     6.49E+07     0.0001135     7.49E+07     2.5684E+05    
   6.5E+07      0.98588      0.00011339    6.5E+07      0.00011339    7.5E+07      2.5721E+05    
   6.51E+07     0.98588      0.00011324    6.51E+07     0.00011324    7.51E+07     2.5595E+05    
   6.52E+07     0.98588      0.00011307    6.52E+07     0.00011307    7.52E+07     2.562E+05     
   6.53E+07     0.98588      0.00011308    6.53E+07     0.00011308    7.53E+07     2.5642E+05    
   6.54E+07     0.98588      0.00011313    6.54E+07     0.00011313    7.54E+07     2.5676E+05    
   6.55E+07     0.98588      0.00011294    6.55E+07     0.00011294    7.55E+07     2.5677E+05    
   6.56E+07     0.98589      0.00011315    6.56E+07     0.00011315    7.56E+07     2.5721E+05    
   6.57E+07     0.98589      0.00011306    6.57E+07     0.00011306    7.57E+07     2.5732E+05    
   6.58E+07     0.98589      0.0001129     6.58E+07     0.0001129     7.58E+07     2.5754E+05    
   6.59E+07     0.98589      0.00011269    6.59E+07     0.00011269    7.59E+07     2.5797E+05    
   6.6E+07      0.98588      0.0001125     6.6E+07      0.0001125     7.6E+07      2.5799E+05    
   6.61E+07     0.98588      0.00011263    6.61E+07     0.00011263    7.61E+07     2.5684E+05    
   6.62E+07     0.98588      0.00011243    6.62E+07     0.00011243    7.62E+07     2.5708E+05    
   6.63E+07     0.98589      0.00011264    6.63E+07     0.00011264    7.63E+07     2.5667E+05    
   6.64E+07     0.98589      0.00011245    6.64E+07     0.00011245    7.64E+07     2.5544E+05    
   6.65E+07     0.98589      0.00011234    6.65E+07     0.00011234    7.65E+07     2.5584E+05    
   6.66E+07     0.98589      0.00011218    6.66E+07     0.00011218    7.66E+07     2.562E+05     
   6.67E+07     0.9859       0.0001123     6.67E+07     0.0001123     7.67E+07     2.5571E+05    
   6.68E+07     0.98589      0.00011211    6.68E+07     0.00011211    7.68E+07     2.5612E+05    
   6.69E+07     0.9859       0.00011197    6.69E+07     0.00011197    7.69E+07     2.5647E+05    
   6.7E+07      0.9859       0.00011179    6.7E+07      0.00011179    7.7E+07      2.5566E+05    
   6.71E+07     0.98589      0.00011176    6.71E+07     0.00011176    7.71E+07     2.5589E+05    
   6.72E+07     0.98589      0.00011166    6.72E+07     0.00011166    7.72E+07     2.5629E+05    
   6.73E+07     0.98589      0.00011158    6.73E+07     0.00011158    7.73E+07     2.5662E+05    
   6.74E+07     0.98589      0.00011139    6.74E+07     0.00011139    7.74E+07     2.5418E+05    
   6.75E+07     0.9859       0.0001114     6.75E+07     0.0001114     7.75E+07     2.5453E+05    
   6.76E+07     0.9859       0.00011121    6.76E+07     0.00011121    7.76E+07     2.5439E+05    
   6.77E+07     0.9859       0.00011105    6.77E+07     0.00011105    7.77E+07     2.5481E+05    
   6.78E+07     0.9859       0.00011086    6.78E+07     0.00011086    7.78E+07     2.5496E+05    
   6.79E+07     0.9859       0.00011079    6.79E+07     0.00011079    7.79E+07     2.5445E+05    
   6.8E+07      0.9859       0.00011065    6.8E+07      0.00011065    7.8E+07      2.5453E+05    
   6.81E+07     0.9859       0.00011046    6.81E+07     0.00011046    7.81E+07     2.5406E+05    
   6.82E+07     0.98589      0.00011051    6.82E+07     0.00011051    7.82E+07     2.5442E+05    
   6.83E+07     0.98589      0.00011033    6.83E+07     0.00011033    7.83E+07     2.5475E+05    
   6.84E+07     0.98589      0.00011016    6.84E+07     0.00011016    7.84E+07     2.5516E+05    
   6.85E+07     0.98589      0.00010997    6.85E+07     0.00010997    7.85E+07     2.5517E+05    
   6.86E+07     0.98589      0.00010983    6.86E+07     0.00010983    7.86E+07     2.5557E+05    
   6.87E+07     0.98588      0.00010993    6.87E+07     0.00010993    7.87E+07     2.5586E+05    
   6.88E+07     0.98588      0.00010975    6.88E+07     0.00010975    7.88E+07     2.55E+05      
   6.89E+07     0.98588      0.00010957    6.89E+07     0.00010957    7.89E+07     2.5503E+05    
   6.9E+07      0.98587      0.00010959    6.9E+07      0.00010959    7.9E+07      2.5534E+05    
   6.91E+07     0.98587      0.00010957    6.91E+07     0.00010957    7.91E+07     2.5531E+05    
   6.92E+07     0.98587      0.00010939    6.92E+07     0.00010939    7.92E+07     2.5467E+05    
   6.93E+07     0.98587      0.00010922    6.93E+07     0.00010922    7.93E+07     2.5403E+05    
   6.94E+07     0.98587      0.00010905    6.94E+07     0.00010905    7.94E+07     2.5442E+05    
   6.95E+07     0.98587      0.0001091     6.95E+07     0.0001091     7.95E+07     2.5478E+05    
   6.96E+07     0.98586      0.00010899    6.96E+07     0.00010899    7.96E+07     2.5446E+05    
   6.97E+07     0.98587      0.00010893    6.97E+07     0.00010893    7.97E+07     2.5472E+05    
   6.98E+07     0.98587      0.00010875    6.98E+07     0.00010875    7.98E+07     2.5502E+05    
   6.99E+07     0.98588      0.00010889    6.99E+07     0.00010889    7.99E+07     2.5423E+05    
   7E+07        0.98587      0.00010877    7E+07        0.00010877    8E+07        2.5455E+05    
   7.01E+07     0.98587      0.00010869    7.01E+07     0.00010869    8.01E+07     2.5496E+05    
   7.02E+07     0.98587      0.00010857    7.02E+07     0.00010857    8.02E+07     2.548E+05     
   7.03E+07     0.98587      0.00010841    7.03E+07     0.00010841    8.03E+07     2.5345E+05    
   7.04E+07     0.98588      0.00010855    7.04E+07     0.00010855    8.04E+07     2.5378E+05    
   7.05E+07     0.98587      0.00010873    7.05E+07     0.00010873    8.05E+07     2.5415E+05    
   7.06E+07     0.98587      0.00010861    7.06E+07     0.00010861    8.06E+07     2.5395E+05    
   7.07E+07     0.98588      0.00010859    7.07E+07     0.00010859    8.07E+07     2.5435E+05    
   7.08E+07     0.98588      0.00010844    7.08E+07     0.00010844    8.08E+07     2.5372E+05    
   7.09E+07     0.98588      0.00010827    7.09E+07     0.00010827    8.09E+07     2.5289E+05    
   7.1E+07      0.98588      0.00010811    7.1E+07      0.00010811    8.1E+07      2.5319E+05    
   7.11E+07     0.98589      0.00010812    7.11E+07     0.00010812    8.11E+07     2.536E+05     
   7.12E+07     0.98589      0.00010794    7.12E+07     0.00010794    8.12E+07     2.5392E+05    
   7.13E+07     0.98588      0.00010803    7.13E+07     0.00010803    8.13E+07     2.5378E+05    
   7.14E+07     0.98589      0.00010806    7.14E+07     0.00010806    8.14E+07     2.5344E+05    
   7.15E+07     0.98589      0.00010789    7.15E+07     0.00010789    8.15E+07     2.5385E+05    
   7.16E+07     0.98589      0.00010772    7.16E+07     0.00010772    8.16E+07     2.5416E+05    
   7.17E+07     0.98588      0.00010777    7.17E+07     0.00010777    8.17E+07     2.5457E+05    
   7.18E+07     0.98588      0.00010762    7.18E+07     0.00010762    8.18E+07     2.5476E+05    
   7.19E+07     0.98588      0.00010745    7.19E+07     0.00010745    8.19E+07     2.5343E+05    
   7.2E+07      0.98588      0.00010729    7.2E+07      0.00010729    8.2E+07      2.5326E+05    
   7.21E+07     0.98588      0.00010736    7.21E+07     0.00010736    8.21E+07     2.5358E+05    
   7.22E+07     0.98588      0.00010719    7.22E+07     0.00010719    8.22E+07     2.5355E+05    
   7.23E+07     0.98587      0.00010728    7.23E+07     0.00010728    8.23E+07     2.5382E+05    
   7.24E+07     0.98588      0.0001072     7.24E+07     0.0001072     8.24E+07     2.5406E+05    
   7.25E+07     0.98588      0.00010704    7.25E+07     0.00010704    8.25E+07     2.5443E+05    
   7.26E+07     0.98588      0.00010689    7.26E+07     0.00010689    8.26E+07     2.5478E+05    
   7.27E+07     0.98588      0.00010673    7.27E+07     0.00010673    8.27E+07     2.5484E+05    
   7.28E+07     0.98588      0.00010656    7.28E+07     0.00010656    8.28E+07     2.5522E+05    
   7.29E+07     0.98587      0.00010641    7.29E+07     0.00010641    8.29E+07     2.5526E+05    
   7.3E+07      0.98587      0.00010625    7.3E+07      0.00010625    8.3E+07      2.5561E+05    
   7.31E+07     0.98587      0.00010611    7.31E+07     0.00010611    8.31E+07     2.5515E+05    
   7.32E+07     0.98587      0.00010595    7.32E+07     0.00010595    8.32E+07     2.5556E+05    
   7.33E+07     0.98587      0.0001058     7.33E+07     0.0001058     8.33E+07     2.5574E+05    
   7.34E+07     0.98587      0.00010563    7.34E+07     0.00010563    8.34E+07     2.5614E+05    
   7.35E+07     0.98587      0.00010546    7.35E+07     0.00010546    8.35E+07     2.5521E+05    
   7.36E+07     0.98587      0.0001053     7.36E+07     0.0001053     8.36E+07     2.5533E+05    
   7.37E+07     0.98587      0.00010515    7.37E+07     0.00010515    8.37E+07     2.5546E+05    
   7.38E+07     0.98588      0.00010505    7.38E+07     0.00010505    8.38E+07     2.5579E+05    
   7.39E+07     0.98588      0.00010489    7.39E+07     0.00010489    8.39E+07     2.5616E+05    
   7.4E+07      0.98588      0.00010488    7.4E+07      0.00010488    8.4E+07      2.5538E+05    
   7.41E+07     0.98588      0.00010473    7.41E+07     0.00010473    8.41E+07     2.5563E+05    
   7.42E+07     0.98589      0.00010461    7.42E+07     0.00010461    8.42E+07     2.5598E+05    
   7.43E+07     0.98589      0.00010455    7.43E+07     0.00010455    8.43E+07     2.563E+05     
   7.44E+07     0.98589      0.0001044     7.44E+07     0.0001044     8.44E+07     2.5578E+05    
   7.45E+07     0.9859       0.00010425    7.45E+07     0.00010425    8.45E+07     2.559E+05     
   7.46E+07     0.9859       0.00010409    7.46E+07     0.00010409    8.46E+07     2.5499E+05    
   7.47E+07     0.98589      0.00010414    7.47E+07     0.00010414    8.47E+07     2.5473E+05    
   7.48E+07     0.98589      0.00010399    7.48E+07     0.00010399    8.48E+07     2.5506E+05    
   7.49E+07     0.98589      0.00010383    7.49E+07     0.00010383    8.49E+07     2.5536E+05    
   7.5E+07      0.98589      0.00010369    7.5E+07      0.00010369    8.5E+07      2.5553E+05    
   7.51E+07     0.98588      0.00010388    7.51E+07     0.00010388    8.51E+07     2.559E+05     
   7.52E+07     0.98588      0.00010376    7.52E+07     0.00010376    8.52E+07     2.5621E+05    
   7.53E+07     0.98587      0.00010365    7.53E+07     0.00010365    8.53E+07     2.5633E+05    
   7.54E+07     0.98587      0.00010351    7.54E+07     0.00010351    8.54E+07     2.5619E+05    
   7.55E+07     0.98587      0.00010343    7.55E+07     0.00010343    8.55E+07     2.561E+05     
   7.56E+07     0.98587      0.00010328    7.56E+07     0.00010328    8.56E+07     2.5638E+05    
   7.57E+07     0.98587      0.00010319    7.57E+07     0.00010319    8.57E+07     2.5665E+05    
   7.58E+07     0.98587      0.00010308    7.58E+07     0.00010308    8.58E+07     2.5699E+05    
   7.59E+07     0.98587      0.00010292    7.59E+07     0.00010292    8.59E+07     2.5716E+05    
   7.6E+07      0.98587      0.00010285    7.6E+07      0.00010285    8.6E+07      2.5686E+05    
   7.61E+07     0.98586      0.00010301    7.61E+07     0.00010301    8.61E+07     2.571E+05     
   7.62E+07     0.98586      0.0001029     7.62E+07     0.0001029     8.62E+07     2.5709E+05    
   7.63E+07     0.98586      0.0001029     7.63E+07     0.0001029     8.63E+07     2.5648E+05    
   7.64E+07     0.98587      0.00010308    7.64E+07     0.00010308    8.64E+07     2.5533E+05    
   7.65E+07     0.98587      0.00010294    7.65E+07     0.00010294    8.65E+07     2.5564E+05    
   7.66E+07     0.98587      0.0001028     7.66E+07     0.0001028     8.66E+07     2.5512E+05    
   7.67E+07     0.98587      0.00010282    7.67E+07     0.00010282    8.67E+07     2.5549E+05    
   7.68E+07     0.98587      0.00010267    7.68E+07     0.00010267    8.68E+07     2.5513E+05    
   7.69E+07     0.98587      0.00010253    7.69E+07     0.00010253    8.69E+07     2.555E+05     
   7.7E+07      0.98587      0.00010263    7.7E+07      0.00010263    8.7E+07      2.5577E+05    
   7.71E+07     0.98587      0.00010251    7.71E+07     0.00010251    8.71E+07     2.5579E+05    
   7.72E+07     0.98587      0.00010237    7.72E+07     0.00010237    8.72E+07     2.5616E+05    
   7.73E+07     0.98587      0.00010223    7.73E+07     0.00010223    8.73E+07     2.5641E+05    
   7.74E+07     0.98586      0.00010266    7.74E+07     0.00010266    8.74E+07     2.5674E+05    
   7.75E+07     0.98586      0.00010251    7.75E+07     0.00010251    8.75E+07     2.5659E+05    
   7.76E+07     0.98586      0.00010248    7.76E+07     0.00010248    8.76E+07     2.5697E+05    
   7.77E+07     0.98586      0.00010233    7.77E+07     0.00010233    8.77E+07     2.5725E+05    
   7.78E+07     0.98587      0.00010223    7.78E+07     0.00010223    8.78E+07     2.5758E+05    
   7.79E+07     0.98586      0.00010226    7.79E+07     0.00010226    8.79E+07     2.5793E+05    
   7.8E+07      0.98586      0.00010218    7.8E+07      0.00010218    8.8E+07      2.5811E+05    
   7.81E+07     0.98587      0.00010222    7.81E+07     0.00010222    8.81E+07     2.5839E+05    
   7.82E+07     0.98587      0.00010208    7.82E+07     0.00010208    8.82E+07     2.5749E+05    
   7.83E+07     0.98587      0.00010194    7.83E+07     0.00010194    8.83E+07     2.5784E+05    
   7.84E+07     0.98587      0.00010179    7.84E+07     0.00010179    8.84E+07     2.5803E+05    
   7.85E+07     0.98588      0.00010173    7.85E+07     0.00010173    8.85E+07     2.5787E+05    
   7.86E+07     0.98588      0.00010158    7.86E+07     0.00010158    8.86E+07     2.5818E+05    
   7.87E+07     0.98588      0.00010145    7.87E+07     0.00010145    8.87E+07     2.5854E+05    
   7.88E+07     0.98589      0.00010156    7.88E+07     0.00010156    8.88E+07     2.5721E+05    
   7.89E+07     0.98589      0.00010149    7.89E+07     0.00010149    8.89E+07     2.5708E+05    
   7.9E+07      0.98589      0.00010137    7.9E+07      0.00010137    8.9E+07      2.5722E+05    
   7.91E+07     0.98588      0.00010131    7.91E+07     0.00010131    8.91E+07     2.5738E+05    
   7.92E+07     0.98589      0.00010136    7.92E+07     0.00010136    8.92E+07     2.5774E+05    
   7.93E+07     0.9859       0.00010143    7.93E+07     0.00010143    8.93E+07     2.5777E+05    
   7.94E+07     0.9859       0.00010129    7.94E+07     0.00010129    8.94E+07     2.5708E+05    
   7.95E+07     0.9859       0.00010116    7.95E+07     0.00010116    8.95E+07     2.5738E+05    
   7.96E+07     0.9859       0.00010115    7.96E+07     0.00010115    8.96E+07     2.577E+05     
   7.97E+07     0.9859       0.00010103    7.97E+07     0.00010103    8.97E+07     2.5785E+05    
   7.98E+07     0.9859       0.00010091    7.98E+07     0.00010091    8.98E+07     2.5783E+05    
   7.99E+07     0.98589      0.00010101    7.99E+07     0.00010101    8.99E+07     2.5804E+05    
   8E+07        0.9859       0.00010088    8E+07        0.00010088    9E+07        2.5797E+05    
   8.01E+07     0.9859       0.00010074    8.01E+07     0.00010074    9.01E+07     2.5752E+05    
   8.02E+07     0.98589      0.00010071    8.02E+07     0.00010071    9.02E+07     2.5789E+05    
   8.03E+07     0.9859       0.00010091    8.03E+07     0.00010091    9.03E+07     2.5795E+05    
   8.04E+07     0.9859       0.00010078    8.04E+07     0.00010078    9.04E+07     2.5818E+05    
   8.05E+07     0.9859       0.00010065    8.05E+07     0.00010065    9.05E+07     2.5843E+05    
   8.06E+07     0.98589      0.00010063    8.06E+07     0.00010063    9.06E+07     2.5849E+05    
   8.07E+07     0.98589      0.00010049    8.07E+07     0.00010049    9.07E+07     2.5849E+05    
   8.08E+07     0.98589      0.00010054    8.08E+07     0.00010054    9.08E+07     2.5773E+05    
   8.09E+07     0.9859       0.00010065    8.09E+07     0.00010065    9.09E+07     2.5791E+05    
   8.1E+07      0.9859       0.00010052    8.1E+07      0.00010052    9.1E+07      2.581E+05     
   8.11E+07     0.9859       0.00010038    8.11E+07     0.00010038    9.11E+07     2.5841E+05    
   8.12E+07     0.9859       0.00010025    8.12E+07     0.00010025    9.12E+07     2.5877E+05    
   8.13E+07     0.98589      0.00010022    8.13E+07     0.00010022    9.13E+07     2.5875E+05    
   8.14E+07     0.98589      0.00010022    8.14E+07     0.00010022    9.14E+07     2.5912E+05    
   8.15E+07     0.98589      0.00010008    8.15E+07     0.00010008    9.15E+07     2.5933E+05    
   8.16E+07     0.98589      9.9953E-05    8.16E+07     9.9953E-05    9.16E+07     2.5904E+05    
   8.17E+07     0.98589      9.9814E-05    8.17E+07     9.9814E-05    9.17E+07     2.5939E+05    
   8.18E+07     0.98588      9.9714E-05    8.18E+07     9.9714E-05    9.18E+07     2.5938E+05    
   8.19E+07     0.98588      9.9918E-05    8.19E+07     9.9918E-05    9.19E+07     2.5967E+05    
   8.2E+07      0.98588      9.9885E-05    8.2E+07      9.9885E-05    9.2E+07      2.6E+05       
   8.21E+07     0.98588      9.9764E-05    8.21E+07     9.9764E-05    9.21E+07     2.6027E+05    
   8.22E+07     0.98588      9.9711E-05    8.22E+07     9.9711E-05    9.22E+07     2.6046E+05    
   8.23E+07     0.98588      9.9595E-05    8.23E+07     9.9595E-05    9.23E+07     2.6037E+05    
   8.24E+07     0.98589      9.9479E-05    8.24E+07     9.9479E-05    9.24E+07     2.5991E+05    
   8.25E+07     0.98589      9.9347E-05    8.25E+07     9.9347E-05    9.25E+07     2.602E+05     
   8.26E+07     0.98589      9.9222E-05    8.26E+07     9.9222E-05    9.26E+07     2.6023E+05    
   8.27E+07     0.98589      9.9151E-05    8.27E+07     9.9151E-05    9.27E+07     2.6053E+05    
   8.28E+07     0.98589      9.9018E-05    8.28E+07     9.9018E-05    9.28E+07     2.6085E+05    
   8.29E+07     0.98588      9.8948E-05    8.29E+07     9.8948E-05    9.29E+07     2.6118E+05    
   8.3E+07      0.98588      9.8823E-05    8.3E+07      9.8823E-05    9.3E+07      2.6154E+05    
   8.31E+07     0.98589      9.8852E-05    8.31E+07     9.8852E-05    9.31E+07     2.6178E+05    
   8.32E+07     0.98589      9.8717E-05    8.32E+07     9.8717E-05    9.32E+07     2.6214E+05    
   8.33E+07     0.98589      9.8614E-05    8.33E+07     9.8614E-05    9.33E+07     2.6213E+05    
   8.34E+07     0.98589      9.8479E-05    8.34E+07     9.8479E-05    9.34E+07     2.6248E+05    
   8.35E+07     0.98588      9.8603E-05    8.35E+07     9.8603E-05    9.35E+07     2.6279E+05    
   8.36E+07     0.98589      9.8518E-05    8.36E+07     9.8518E-05    9.36E+07     2.629E+05     
   8.37E+07     0.98588      9.8431E-05    8.37E+07     9.8431E-05    9.37E+07     2.6324E+05    
   8.38E+07     0.98588      9.8308E-05    8.38E+07     9.8308E-05    9.38E+07     2.6264E+05    
   8.39E+07     0.98589      9.8181E-05    8.39E+07     9.8181E-05    9.39E+07     2.6238E+05    
   8.4E+07      0.98589      9.827E-05     8.4E+07      9.827E-05     9.4E+07      2.6248E+05    
   8.41E+07     0.98589      9.8162E-05    8.41E+07     9.8162E-05    9.41E+07     2.6274E+05    
   8.42E+07     0.98589      9.8037E-05    8.42E+07     9.8037E-05    9.42E+07     2.6309E+05    
   8.43E+07     0.98589      9.792E-05     8.43E+07     9.792E-05     9.43E+07     2.6331E+05    
   8.44E+07     0.98589      9.7961E-05    8.44E+07     9.7961E-05    9.44E+07     2.6361E+05    
   8.45E+07     0.98589      9.7873E-05    8.45E+07     9.7873E-05    9.45E+07     2.6369E+05    
   8.46E+07     0.9859       9.799E-05     8.46E+07     9.799E-05     9.46E+07     2.6339E+05    
   8.47E+07     0.98589      9.7984E-05    8.47E+07     9.7984E-05    9.47E+07     2.637E+05     
   8.48E+07     0.98589      9.7865E-05    8.48E+07     9.7865E-05    9.48E+07     2.6379E+05    
   8.49E+07     0.98589      9.7746E-05    8.49E+07     9.7746E-05    9.49E+07     2.6404E+05    
   8.5E+07      0.9859       9.7659E-05    8.5E+07      9.7659E-05    9.5E+07      2.6426E+05    
   8.51E+07     0.9859       9.753E-05     8.51E+07     9.753E-05     9.51E+07     2.6458E+05    
   8.52E+07     0.9859       9.7417E-05    8.52E+07     9.7417E-05    9.52E+07     2.6485E+05    
   8.53E+07     0.98589      9.7335E-05    8.53E+07     9.7335E-05    9.53E+07     2.6432E+05    
   8.54E+07     0.9859       9.7307E-05    8.54E+07     9.7307E-05    9.54E+07     2.6454E+05    
   8.55E+07     0.9859       9.7265E-05    8.55E+07     9.7265E-05    9.55E+07     2.6434E+05    
   8.56E+07     0.9859       9.7158E-05    8.56E+07     9.7158E-05    9.56E+07     2.6275E+05    
   8.57E+07     0.9859       9.7044E-05    8.57E+07     9.7044E-05    9.57E+07     2.631E+05     
   8.58E+07     0.9859       9.6926E-05    8.58E+07     9.6926E-05    9.58E+07     2.6182E+05    
   8.59E+07     0.9859       9.6836E-05    8.59E+07     9.6836E-05    9.59E+07     2.6077E+05    
   8.6E+07      0.9859       9.6839E-05    8.6E+07      9.6839E-05    9.6E+07      2.6024E+05    
   8.61E+07     0.98589      9.673E-05     8.61E+07     9.673E-05     9.61E+07     2.5908E+05    
   8.62E+07     0.9859       9.6676E-05    8.62E+07     9.6676E-05    9.62E+07     2.589E+05     
   8.63E+07     0.98589      9.6738E-05    8.63E+07     9.6738E-05    9.63E+07     2.5919E+05    
   8.64E+07     0.98588      9.6901E-05    8.64E+07     9.6901E-05    9.64E+07     2.5941E+05    
   8.65E+07     0.98588      9.679E-05     8.65E+07     9.679E-05     9.65E+07     2.5955E+05    
   8.66E+07     0.98588      9.6823E-05    8.66E+07     9.6823E-05    9.66E+07     2.5905E+05    
   8.67E+07     0.98588      9.6699E-05    8.67E+07     9.6699E-05    9.67E+07     2.5935E+05    
   8.68E+07     0.98587      9.6712E-05    8.68E+07     9.6712E-05    9.68E+07     2.5923E+05    
   8.69E+07     0.98587      9.6587E-05    8.69E+07     9.6587E-05    9.69E+07     2.5941E+05    
   8.7E+07      0.98587      9.6476E-05    8.7E+07      9.6476E-05    9.7E+07      2.5942E+05    
   8.71E+07     0.98587      9.6419E-05    8.71E+07     9.6419E-05    9.71E+07     2.5968E+05    
   8.72E+07     0.98587      9.6295E-05    8.72E+07     9.6295E-05    9.72E+07     2.5952E+05    
   8.73E+07     0.98586      9.6195E-05    8.73E+07     9.6195E-05    9.73E+07     2.5978E+05    
   8.74E+07     0.98586      9.6072E-05    8.74E+07     9.6072E-05    9.74E+07     2.5925E+05    
   8.75E+07     0.98586      9.6049E-05    8.75E+07     9.6049E-05    9.75E+07     2.585E+05     
   8.76E+07     0.98586      9.5925E-05    8.76E+07     9.5925E-05    9.76E+07     2.588E+05     
   8.77E+07     0.98586      9.5817E-05    8.77E+07     9.5817E-05    9.77E+07     2.5858E+05    
   8.78E+07     0.98586      9.5698E-05    8.78E+07     9.5698E-05    9.78E+07     2.5889E+05    
   8.79E+07     0.98586      9.5578E-05    8.79E+07     9.5578E-05    9.79E+07     2.5747E+05    
   8.8E+07      0.98586      9.5491E-05    8.8E+07      9.5491E-05    9.8E+07      2.5645E+05    
   8.81E+07     0.98586      9.5385E-05    8.81E+07     9.5385E-05    9.81E+07     2.564E+05     
   8.82E+07     0.98586      9.5497E-05    8.82E+07     9.5497E-05    9.82E+07     2.5591E+05    
   8.83E+07     0.98586      9.5377E-05    8.83E+07     9.5377E-05    9.83E+07     2.562E+05     
   8.84E+07     0.98587      9.5291E-05    8.84E+07     9.5291E-05    9.84E+07     2.5608E+05    
   8.85E+07     0.98586      9.5267E-05    8.85E+07     9.5267E-05    9.85E+07     2.5612E+05    
   8.86E+07     0.98586      9.5157E-05    8.86E+07     9.5157E-05    9.86E+07     2.5641E+05    
   8.87E+07     0.98586      9.5037E-05    8.87E+07     9.5037E-05    9.87E+07     2.5653E+05    
   8.88E+07     0.98585      9.5231E-05    8.88E+07     9.5231E-05    9.88E+07     2.5659E+05    
   8.89E+07     0.98585      9.5203E-05    8.89E+07     9.5203E-05    9.89E+07     2.5685E+05    
   8.9E+07      0.98585      9.5116E-05    8.9E+07      9.5116E-05    9.9E+07      2.5656E+05    
   8.91E+07     0.98584      9.5036E-05    8.91E+07     9.5036E-05    9.91E+07     2.5684E+05    
   8.92E+07     0.98584      9.4917E-05    8.92E+07     9.4917E-05    9.92E+07     2.5703E+05    
   8.93E+07     0.98585      9.486E-05     8.93E+07     9.486E-05     9.93E+07     2.573E+05     
   8.94E+07     0.98584      9.4932E-05    8.94E+07     9.4932E-05    9.94E+07     2.5734E+05    
   8.95E+07     0.98584      9.4822E-05    8.95E+07     9.4822E-05    9.95E+07     2.5725E+05    
   8.96E+07     0.98584      9.4709E-05    8.96E+07     9.4709E-05    9.96E+07     2.5755E+05    
   8.97E+07     0.98584      9.4632E-05    8.97E+07     9.4632E-05    9.97E+07     2.5779E+05    
   8.98E+07     0.98584      9.4581E-05    8.98E+07     9.4581E-05    9.98E+07     2.5811E+05    
   8.99E+07     0.98584      9.4487E-05    8.99E+07     9.4487E-05    9.99E+07     2.5835E+05    
   9E+07        0.98584      9.4447E-05    9E+07        9.4447E-05    1E+08        2.5867E+05    
   9.01E+07     0.98585      9.448E-05     9.01E+07     9.448E-05     
   9.02E+07     0.98585      9.4362E-05    9.02E+07     9.4362E-05    
   9.03E+07     0.98584      9.4291E-05    9.03E+07     9.4291E-05    
   9.04E+07     0.98585      9.4199E-05    9.04E+07     9.4199E-05    
   9.05E+07     0.98585      9.4102E-05    9.05E+07     9.4102E-05    
   9.06E+07     0.98585      9.4041E-05    9.06E+07     9.4041E-05    
   9.07E+07     0.98584      9.3983E-05    9.07E+07     9.3983E-05    
   9.08E+07     0.98584      9.4071E-05    9.08E+07     9.4071E-05    
   9.09E+07     0.98583      9.3988E-05    9.09E+07     9.3988E-05    
   9.1E+07      0.98583      9.3903E-05    9.1E+07      9.3903E-05    
   9.11E+07     0.98583      9.3788E-05    9.11E+07     9.3788E-05    
   9.12E+07     0.98583      9.3673E-05    9.12E+07     9.3673E-05    
   9.13E+07     0.98583      9.3623E-05    9.13E+07     9.3623E-05    
   9.14E+07     0.98583      9.3508E-05    9.14E+07     9.3508E-05    
   9.15E+07     0.98584      9.3416E-05    9.15E+07     9.3416E-05    
   9.16E+07     0.98584      9.3419E-05    9.16E+07     9.3419E-05    
   9.17E+07     0.98584      9.3307E-05    9.17E+07     9.3307E-05    
   9.18E+07     0.98584      9.3257E-05    9.18E+07     9.3257E-05    
   9.19E+07     0.98584      9.3148E-05    9.19E+07     9.3148E-05    
   9.2E+07      0.98584      9.3038E-05    9.2E+07      9.3038E-05    
   9.21E+07     0.98584      9.2941E-05    9.21E+07     9.2941E-05    
   9.22E+07     0.98584      9.2857E-05    9.22E+07     9.2857E-05    
   9.23E+07     0.98585      9.282E-05     9.23E+07     9.282E-05     
   9.24E+07     0.98585      9.2848E-05    9.24E+07     9.2848E-05    
   9.25E+07     0.98585      9.275E-05     9.25E+07     9.275E-05     
   9.26E+07     0.98585      9.2693E-05    9.26E+07     9.2693E-05    
   9.27E+07     0.98585      9.2589E-05    9.27E+07     9.2589E-05    
   9.28E+07     0.98585      9.2482E-05    9.28E+07     9.2482E-05    
   9.29E+07     0.98585      9.2376E-05    9.29E+07     9.2376E-05    
   9.3E+07      0.98585      9.2264E-05    9.3E+07      9.2264E-05    
   9.31E+07     0.98585      9.2167E-05    9.31E+07     9.2167E-05    
   9.32E+07     0.98585      9.2057E-05    9.32E+07     9.2057E-05    
   9.33E+07     0.98585      9.2009E-05    9.33E+07     9.2009E-05    
   9.34E+07     0.98585      9.19E-05      9.34E+07     9.19E-05      
   9.35E+07     0.98585      9.1796E-05    9.35E+07     9.1796E-05    
   9.36E+07     0.98585      9.1725E-05    9.36E+07     9.1725E-05    
   9.37E+07     0.98585      9.1616E-05    9.37E+07     9.1616E-05    
   9.38E+07     0.98584      9.1673E-05    9.38E+07     9.1673E-05    
   9.39E+07     0.98584      9.1671E-05    9.39E+07     9.1671E-05    
   9.4E+07      0.98584      9.1604E-05    9.4E+07      9.1604E-05    
   9.41E+07     0.98584      9.1511E-05    9.41E+07     9.1511E-05    
   9.42E+07     0.98584      9.1402E-05    9.42E+07     9.1402E-05    
   9.43E+07     0.98584      9.1319E-05    9.43E+07     9.1319E-05    
   9.44E+07     0.98584      9.1211E-05    9.44E+07     9.1211E-05    
   9.45E+07     0.98585      9.1153E-05    9.45E+07     9.1153E-05    
   9.46E+07     0.98584      9.1155E-05    9.46E+07     9.1155E-05    
   9.47E+07     0.98584      9.1052E-05    9.47E+07     9.1052E-05    
   9.48E+07     0.98584      9.0983E-05    9.48E+07     9.0983E-05    
   9.49E+07     0.98584      9.0894E-05    9.49E+07     9.0894E-05    
   9.5E+07      0.98584      9.0807E-05    9.5E+07      9.0807E-05    
   9.51E+07     0.98584      9.0707E-05    9.51E+07     9.0707E-05    
   9.52E+07     0.98584      9.0605E-05    9.52E+07     9.0605E-05    
   9.53E+07     0.98584      9.065E-05     9.53E+07     9.065E-05     
   9.54E+07     0.98583      9.0564E-05    9.54E+07     9.0564E-05    
   9.55E+07     0.98584      9.0553E-05    9.55E+07     9.0553E-05    
   9.56E+07     0.98583      9.0775E-05    9.56E+07     9.0775E-05    
   9.57E+07     0.98583      9.067E-05     9.57E+07     9.067E-05     
   9.58E+07     0.98584      9.0846E-05    9.58E+07     9.0846E-05    
   9.59E+07     0.98584      9.098E-05     9.59E+07     9.098E-05     
   9.6E+07      0.98585      9.1023E-05    9.6E+07      9.1023E-05    
   9.61E+07     0.98586      9.1175E-05    9.61E+07     9.1175E-05    
   9.62E+07     0.98585      9.1162E-05    9.62E+07     9.1162E-05    
   9.63E+07     0.98585      9.1064E-05    9.63E+07     9.1064E-05    
   9.64E+07     0.98586      9.0973E-05    9.64E+07     9.0973E-05    
   9.65E+07     0.98586      9.0902E-05    9.65E+07     9.0902E-05    
   9.66E+07     0.98585      9.0946E-05    9.66E+07     9.0946E-05    
   9.67E+07     0.98585      9.0845E-05    9.67E+07     9.0845E-05    
   9.68E+07     0.98585      9.082E-05     9.68E+07     9.082E-05     
   9.69E+07     0.98585      9.0742E-05    9.69E+07     9.0742E-05    
   9.7E+07      0.98585      9.0695E-05    9.7E+07      9.0695E-05    
   9.71E+07     0.98585      9.0605E-05    9.71E+07     9.0605E-05    
   9.72E+07     0.98585      9.0587E-05    9.72E+07     9.0587E-05    
   9.73E+07     0.98586      9.0492E-05    9.73E+07     9.0492E-05    
   9.74E+07     0.98586      9.0535E-05    9.74E+07     9.0535E-05    
   9.75E+07     0.98587      9.0623E-05    9.75E+07     9.0623E-05    
   9.76E+07     0.98587      9.0522E-05    9.76E+07     9.0522E-05    
   9.77E+07     0.98587      9.0512E-05    9.77E+07     9.0512E-05    
   9.78E+07     0.98587      9.041E-05     9.78E+07     9.041E-05     
   9.79E+07     0.98586      9.0615E-05    9.79E+07     9.0615E-05    
   9.8E+07      0.98587      9.0749E-05    9.8E+07      9.0749E-05    
   9.81E+07     0.98587      9.0708E-05    9.81E+07     9.0708E-05    
   9.82E+07     0.98587      9.075E-05     9.82E+07     9.075E-05     
   9.83E+07     0.98587      9.0653E-05    9.83E+07     9.0653E-05    
   9.84E+07     0.98587      9.063E-05     9.84E+07     9.063E-05     
   9.85E+07     0.98587      9.057E-05     9.85E+07     9.057E-05     
   9.86E+07     0.98587      9.0474E-05    9.86E+07     9.0474E-05    
   9.87E+07     0.98587      9.0408E-05    9.87E+07     9.0408E-05    
   9.88E+07     0.98587      9.0353E-05    9.88E+07     9.0353E-05    
   9.89E+07     0.98587      9.0255E-05    9.89E+07     9.0255E-05    
   9.9E+07      0.98587      9.0262E-05    9.9E+07      9.0262E-05    
   9.91E+07     0.98587      9.0166E-05    9.91E+07     9.0166E-05    
   9.92E+07     0.98586      9.0089E-05    9.92E+07     9.0089E-05    
   9.93E+07     0.98587      8.999E-05     9.93E+07     8.999E-05     
   9.94E+07     0.98586      8.994E-05     9.94E+07     8.994E-05     
   9.95E+07     0.98586      8.991E-05     9.95E+07     8.991E-05     
   9.96E+07     0.98586      8.9815E-05    9.96E+07     8.9815E-05    
   9.97E+07     0.98586      8.972E-05     9.97E+07     8.972E-05     
   9.98E+07     0.98586      8.9621E-05    9.98E+07     8.9621E-05    
   9.99E+07     0.98586      8.9533E-05    9.99E+07     8.9533E-05    
   1E+08        0.98586      8.9435E-05    1E+08        8.9435E-05    
