# This file is written with the intent of being used to plot the data with 
# Gnuplot.  It contains no information regarding how the plot should be 
# formatted.
# =========================================================================
# Research/ArnoldivsPower -f Power1-28.dat -t 100000 -A -c 100 -C 900 -w 20 -b 75 -r  seed = 3309516957
# filename = Power1-28.dat, run = true, power = true, Arnoldi = false, storevectors = 0, raw = false, evectors = 2, evalues = 2, residual = false, arnoldimethod = implicit, tol = 2.22045e-16, verbose = 1, seed = 0, width = 20, bins = 75, acycles = 900, incycles = 100, active = 20, inactive = 0, Iterations = 10, numValues = 2, relaxed = 0, tracks = 100000, ignore_rest = false, version = false, help = false, 

#  1            2            3             4            5             6            7             8            9            
# |-            Power values           -| |-   Power eValues SD   -| |-       FOM-Power      -| |-     Power vector     -| 
#  x-coord      y-coord      error         x-coord      y-coord       x-coord      y-coord       x-coord      y-coord       
   1E+05        0.95832      0             1E+05        0             1.01E+07     0             0.13333      0.017638      
   2E+05        0.96286      0             2E+05        0             1.02E+07     3016.5        0.4          0.02476       
   3E+05        0.97409      0             3E+05        0             1.03E+07     6146.5        0.66667      0.03131       
   4E+05        0.97481      0             4E+05        0             1.04E+07     8766.6        0.93333      0.037605      
   5E+05        0.97617      0             5E+05        0             1.05E+07     13193         1.2          0.043419      
   6E+05        0.97924      0             6E+05        0             1.06E+07     11128         1.4667       0.04958       
   7E+05        0.97843      0             7E+05        0             1.07E+07     14698         1.7333       0.05561       
   8E+05        0.9815       0             8E+05        0             1.08E+07     18657         2            0.061155      
   9E+05        0.9799       0             9E+05        0             1.09E+07     22240         2.2667       0.066746      
   1E+06        0.97969      0             1E+06        0             1.1E+07      22579         2.5333       0.072307      
   1.1E+06      0.98219      0             1.1E+06      0             1.11E+07     26788         2.8          0.077864      
   1.2E+06      0.98098      0             1.2E+06      0             1.12E+07     27971         3.0667       0.083179      
   1.3E+06      0.98252      0             1.3E+06      0             1.13E+07     29540         3.3333       0.088414      
   1.4E+06      0.98206      0             1.4E+06      0             1.14E+07     33875         3.6          0.09345       
   1.5E+06      0.98372      0             1.5E+06      0             1.15E+07     36269         3.8667       0.098462      
   1.6E+06      0.98479      0             1.6E+06      0             1.16E+07     40876         4.1333       0.10326       
   1.7E+06      0.98417      0             1.7E+06      0             1.17E+07     45375         4.4          0.10785       
   1.8E+06      0.98727      0             1.8E+06      0             1.18E+07     48649         4.6667       0.11212       
   1.9E+06      0.98694      0             1.9E+06      0             1.19E+07     51887         4.9333       0.11612       
   2E+06        0.98572      0             2E+06        0             1.2E+07      53969         5.2          0.11997       
   2.1E+06      0.9865       0             2.1E+06      0             1.21E+07     56701         5.4667       0.124         
   2.2E+06      0.98463      0             2.2E+06      0             1.22E+07     56566         5.7333       0.12771       
   2.3E+06      0.98671      0             2.3E+06      0             1.23E+07     61142         6            0.13136       
   2.4E+06      0.98323      0             2.4E+06      0             1.24E+07     63336         6.2667       0.13459       
   2.5E+06      0.98442      0             2.5E+06      0             1.25E+07     68118         6.5333       0.13814       
   2.6E+06      0.98357      0             2.6E+06      0             1.26E+07     73066         6.8          0.1404        
   2.7E+06      0.98385      0             2.7E+06      0             1.27E+07     76766         7.0667       0.14336       
   2.8E+06      0.98538      0             2.8E+06      0             1.28E+07     81769         7.3333       0.1457        
   2.9E+06      0.9814       0             2.9E+06      0             1.29E+07     82564         7.6          0.14821       
   3E+06        0.98791      0             3E+06        0             1.3E+07      81531         7.8667       0.15018       
   3.1E+06      0.98408      0             3.1E+06      0             1.31E+07     81519         8.1333       0.15194       
   3.2E+06      0.9824       0             3.2E+06      0             1.32E+07     85377         8.4          0.1533        
   3.3E+06      0.98687      0             3.3E+06      0             1.33E+07     90090         8.6667       0.15432       
   3.4E+06      0.98493      0             3.4E+06      0             1.34E+07     90989         8.9333       0.15553       
   3.5E+06      0.98972      0             3.5E+06      0             1.35E+07     95185         9.2          0.15644       
   3.6E+06      0.98328      0             3.6E+06      0             1.36E+07     99538         9.4667       0.15695       
   3.7E+06      0.98516      0             3.7E+06      0             1.37E+07     96231         9.7333       0.15719       
   3.8E+06      0.9874       0             3.8E+06      0             1.38E+07     98903         10           0.15739       
   3.9E+06      0.98169      0             3.9E+06      0             1.39E+07     1.0108E+05    10.267       0.15752       
   4E+06        0.98434      0             4E+06        0             1.4E+07      1.0516E+05    10.533       0.15723       
   4.1E+06      0.98284      0             4.1E+06      0             1.41E+07     96515         10.8         0.15662       
   4.2E+06      0.98641      0             4.2E+06      0             1.42E+07     99627         11.067       0.15601       
   4.3E+06      0.98477      0             4.3E+06      0             1.43E+07     1.0124E+05    11.333       0.15483       
   4.4E+06      0.99137      0             4.4E+06      0             1.44E+07     92928         11.6         0.15335       
   4.5E+06      0.98913      0             4.5E+06      0             1.45E+07     91600         11.867       0.15191       
   4.6E+06      0.986        0             4.6E+06      0             1.46E+07     94992         12.133       0.15032       
   4.7E+06      0.9858       0             4.7E+06      0             1.47E+07     93048         12.4         0.14798       
   4.8E+06      0.98343      0             4.8E+06      0             1.48E+07     94988         12.667       0.14608       
   4.9E+06      0.98604      0             4.9E+06      0             1.49E+07     97298         12.933       0.14293       
   5E+06        0.98376      0             5E+06        0             1.5E+07      99630         13.2         0.14095       
   5.1E+06      0.98503      0             5.1E+06      0             1.51E+07     1.0048E+05    13.467       0.1377        
   5.2E+06      0.98814      0             5.2E+06      0             1.52E+07     87636         13.733       0.1348        
   5.3E+06      0.98846      0             5.3E+06      0             1.53E+07     87818         14           0.13144       
   5.4E+06      0.9882       0             5.4E+06      0             1.54E+07     90153         14.267       0.12838       
   5.5E+06      0.98922      0             5.5E+06      0             1.55E+07     90069         14.533       0.12465       
   5.6E+06      0.98319      0             5.6E+06      0             1.56E+07     92762         14.8         0.12058       
   5.7E+06      0.98894      0             5.7E+06      0             1.57E+07     94546         15.067       0.11632       
   5.8E+06      0.98483      0             5.8E+06      0             1.58E+07     96287         15.333       0.11241       
   5.9E+06      0.98501      0             5.9E+06      0             1.59E+07     97794         15.6         0.10763       
   6E+06        0.98215      0             6E+06        0             1.6E+07      99734         15.867       0.10289       
   6.1E+06      0.9833       0             6.1E+06      0             1.61E+07     99091         16.133       0.098254      
   6.2E+06      0.98426      0             6.2E+06      0             1.62E+07     1.0129E+05    16.4         0.093261      
   6.3E+06      0.98525      0             6.3E+06      0             1.63E+07     1.0391E+05    16.667       0.088398      
   6.4E+06      0.98626      0             6.4E+06      0             1.64E+07     1.0227E+05    16.933       0.083146      
   6.5E+06      0.98549      0             6.5E+06      0             1.65E+07     1.0486E+05    17.2         0.077631      
   6.6E+06      0.98781      0             6.6E+06      0             1.66E+07     1.0543E+05    17.467       0.072048      
   6.7E+06      0.98654      0             6.7E+06      0             1.67E+07     1.0375E+05    17.733       0.066571      
   6.8E+06      0.98545      0             6.8E+06      0             1.68E+07     1.06E+05      18           0.061144      
   6.9E+06      0.98326      0             6.9E+06      0             1.69E+07     1.0847E+05    18.267       0.055062      
   7E+06        0.98432      0             7E+06        0             1.7E+07      1.1049E+05    18.533       0.049229      
   7.1E+06      0.98469      0             7.1E+06      0             1.71E+07     1.1092E+05    18.8         0.043268      
   7.2E+06      0.98666      0             7.2E+06      0             1.72E+07     1.0731E+05    19.067       0.037115      
   7.3E+06      0.991        0             7.3E+06      0             1.73E+07     1.0829E+05    19.333       0.030893      
   7.4E+06      0.98758      0             7.4E+06      0             1.74E+07     1.1052E+05    19.6         0.024438      
   7.5E+06      0.98736      0             7.5E+06      0             1.75E+07     1.1214E+05    19.867       0.01736       
   7.6E+06      0.98585      0             7.6E+06      0             1.76E+07     1.0674E+05    
   7.7E+06      0.98804      0             7.7E+06      0             1.77E+07     1.0649E+05    
   7.8E+06      0.98726      0             7.8E+06      0             1.78E+07     1.0807E+05    
   7.9E+06      0.98676      0             7.9E+06      0             1.79E+07     1.1025E+05    
   8E+06        0.98247      0             8E+06        0             1.8E+07      1.0974E+05    
   8.1E+06      0.98339      0             8.1E+06      0             1.81E+07     1.1165E+05    
   8.2E+06      0.98231      0             8.2E+06      0             1.82E+07     1.1371E+05    
   8.3E+06      0.98969      0             8.3E+06      0             1.83E+07     1.1579E+05    
   8.4E+06      0.98668      0             8.4E+06      0             1.84E+07     1.1756E+05    
   8.5E+06      0.98687      0             8.5E+06      0             1.85E+07     1.1933E+05    
   8.6E+06      0.99135      0             8.6E+06      0             1.86E+07     1.183E+05     
   8.7E+06      0.987        0             8.7E+06      0             1.87E+07     1.1969E+05    
   8.8E+06      0.98154      0             8.8E+06      0             1.88E+07     1.218E+05     
   8.9E+06      0.99045      0             8.9E+06      0             1.89E+07     1.2201E+05    
   9E+06        0.98684      0             9E+06        0             1.9E+07      1.2393E+05    
   9.1E+06      0.98144      0             9.1E+06      0             1.91E+07     1.2357E+05    
   9.2E+06      0.98242      0             9.2E+06      0             1.92E+07     1.2066E+05    
   9.3E+06      0.98561      0             9.3E+06      0             1.93E+07     1.2025E+05    
   9.4E+06      0.98315      0             9.4E+06      0             1.94E+07     1.2203E+05    
   9.5E+06      0.98759      0             9.5E+06      0             1.95E+07     1.2377E+05    
   9.6E+06      0.985        0             9.6E+06      0             1.96E+07     1.2543E+05    
   9.7E+06      0.98256      0             9.7E+06      0             1.97E+07     1.2311E+05    
   9.8E+06      0.98508      0             9.8E+06      0             1.98E+07     1.249E+05     
   9.9E+06      0.98915      0             9.9E+06      0             1.99E+07     1.227E+05     
   1E+07        0.98307      0             1E+07        0             2E+07        1.2453E+05    
   1.01E+07     0.98989      3.5956E-09    1.01E+07     3.5956E-09    2.01E+07     1.2562E+05    
   1.02E+07     0.98614      0.0026564     1.02E+07     0.0026564     2.02E+07     1.2611E+05    
   1.03E+07     0.9868       0.0018511     1.03E+07     0.0018511     2.03E+07     1.2782E+05    
   1.04E+07     0.98757      0.001542      1.04E+07     0.001542      2.04E+07     1.2787E+05    
   1.05E+07     0.98734      0.0012506     1.05E+07     0.0012506     2.05E+07     1.2695E+05    
   1.06E+07     0.98639      0.0013553     1.06E+07     0.0013553     2.06E+07     1.2826E+05    
   1.07E+07     0.98621      0.0011736     1.07E+07     0.0011736     2.07E+07     1.2982E+05    
   1.08E+07     0.98606      0.0010364     1.08E+07     0.0010364     2.08E+07     1.2958E+05    
   1.09E+07     0.98629      0.00094465    1.09E+07     0.00094465    2.09E+07     1.3119E+05    
   1.1E+07      0.98588      0.00093322    1.1E+07      0.00093322    2.1E+07      1.3297E+05    
   1.11E+07     0.98597      0.00085267    1.11E+07     0.00085267    2.11E+07     1.3405E+05    
   1.12E+07     0.98626      0.00083029    1.12E+07     0.00083029    2.12E+07     1.3377E+05    
   1.13E+07     0.98601      0.00080435    1.13E+07     0.00080435    2.13E+07     1.3419E+05    
   1.14E+07     0.98602      0.00074695    1.14E+07     0.00074695    2.14E+07     1.3345E+05    
   1.15E+07     0.98584      0.00071796    1.15E+07     0.00071796    2.15E+07     1.345E+05     
   1.16E+07     0.98585      0.00067315    1.16E+07     0.00067315    2.16E+07     1.3613E+05    
   1.17E+07     0.98591      0.00063605    1.17E+07     0.00063605    2.17E+07     1.3621E+05    
   1.18E+07     0.98603      0.00061176    1.18E+07     0.00061176    2.18E+07     1.3674E+05    
   1.19E+07     0.98614      0.00058996    1.19E+07     0.00058996    2.19E+07     1.3509E+05    
   1.2E+07      0.98627      0.00057561    1.2E+07      0.00057561    2.2E+07      1.3673E+05    
   1.21E+07     0.98639      0.00055933    1.21E+07     0.00055933    2.21E+07     1.3673E+05    
   1.22E+07     0.98655      0.00055758    1.22E+07     0.00055758    2.22E+07     1.3107E+05    
   1.23E+07     0.98652      0.00053419    1.23E+07     0.00053419    2.23E+07     1.3252E+05    
   1.24E+07     0.98642      0.00052244    1.24E+07     0.00052244    2.24E+07     1.337E+05     
   1.25E+07     0.98643      0.00050181    1.25E+07     0.00050181    2.25E+07     1.3491E+05    
   1.26E+07     0.98644      0.00048257    1.26E+07     0.00048257    2.26E+07     1.3646E+05    
   1.27E+07     0.98638      0.00046899    1.27E+07     0.00046899    2.27E+07     1.3784E+05    
   1.28E+07     0.98638      0.00045226    1.28E+07     0.00045226    2.28E+07     1.3887E+05    
   1.29E+07     0.98628      0.00044838    1.29E+07     0.00044838    2.29E+07     1.4045E+05    
   1.3E+07      0.9864       0.00044953    1.3E+07      0.00044953    2.3E+07      1.4145E+05    
   1.31E+07     0.98629      0.00044786    1.31E+07     0.00044786    2.31E+07     1.3883E+05    
   1.32E+07     0.98633      0.00043586    1.32E+07     0.00043586    2.32E+07     1.3944E+05    
   1.33E+07     0.98633      0.00042265    1.33E+07     0.00042265    2.33E+07     1.4079E+05    
   1.34E+07     0.98642      0.00041903    1.34E+07     0.00041903    2.34E+07     1.4053E+05    
   1.35E+07     0.98645      0.00040815    1.35E+07     0.00040815    2.35E+07     1.4172E+05    
   1.36E+07     0.98647      0.00039738    1.36E+07     0.00039738    2.36E+07     1.431E+05     
   1.37E+07     0.98658      0.00040266    1.37E+07     0.00040266    2.37E+07     1.4374E+05    
   1.38E+07     0.98653      0.0003958     1.38E+07     0.0003958     2.38E+07     1.4505E+05    
   1.39E+07     0.98659      0.00039005    1.39E+07     0.00039005    2.39E+07     1.4638E+05    
   1.4E+07      0.98656      0.00038104    1.4E+07      0.00038104    2.4E+07      1.4693E+05    
   1.41E+07     0.9867       0.00039625    1.41E+07     0.00039625    2.41E+07     1.4563E+05    
   1.42E+07     0.98666      0.00038864    1.42E+07     0.00038864    2.42E+07     1.4668E+05    
   1.43E+07     0.9866       0.00038422    1.43E+07     0.00038422    2.43E+07     1.4801E+05    
   1.44E+07     0.98647      0.00039963    1.44E+07     0.00039963    2.44E+07     1.4883E+05    
   1.45E+07     0.98637      0.00040099    1.45E+07     0.00040099    2.45E+07     1.4968E+05    
   1.46E+07     0.98636      0.0003924     1.46E+07     0.0003924     2.46E+07     1.5048E+05    
   1.47E+07     0.98646      0.00039516    1.47E+07     0.00039516    2.47E+07     1.5075E+05    
   1.48E+07     0.98651      0.00038977    1.48E+07     0.00038977    2.48E+07     1.5209E+05    
   1.49E+07     0.98647      0.00038368    1.49E+07     0.00038368    2.49E+07     1.5317E+05    
   1.5E+07      0.98651      0.00037788    1.5E+07      0.00037788    2.5E+07      1.5233E+05    
   1.51E+07     0.98656      0.00037506    1.51E+07     0.00037506    2.51E+07     1.5175E+05    
   1.52E+07     0.98641      0.00040034    1.52E+07     0.00040034    2.52E+07     1.5253E+05    
   1.53E+07     0.98647      0.00039846    1.53E+07     0.00039846    2.53E+07     1.537E+05     
   1.54E+07     0.98645      0.00039201    1.54E+07     0.00039201    2.54E+07     1.5074E+05    
   1.55E+07     0.98638      0.00039087    1.55E+07     0.00039087    2.55E+07     1.5205E+05    
   1.56E+07     0.98638      0.00038395    1.56E+07     0.00038395    2.56E+07     1.5091E+05    
   1.57E+07     0.98642      0.00037893    1.57E+07     0.00037893    2.57E+07     1.5225E+05    
   1.58E+07     0.98646      0.00037432    1.58E+07     0.00037432    2.58E+07     1.5261E+05    
   1.59E+07     0.9865       0.00037018    1.59E+07     0.00037018    2.59E+07     1.5296E+05    
   1.6E+07      0.98647      0.00036544    1.6E+07      0.00036544    2.6E+07      1.5397E+05    
   1.61E+07     0.9864       0.00036531    1.61E+07     0.00036531    2.61E+07     1.5532E+05    
   1.62E+07     0.98638      0.00036024    1.62E+07     0.00036024    2.62E+07     1.5663E+05    
   1.63E+07     0.98638      0.00035452    1.63E+07     0.00035452    2.63E+07     1.574E+05     
   1.64E+07     0.98645      0.00035629    1.64E+07     0.00035629    2.64E+07     1.5863E+05    
   1.65E+07     0.98645      0.0003508     1.65E+07     0.0003508     2.65E+07     1.5996E+05    
   1.66E+07     0.9865       0.00034867    1.66E+07     0.00034867    2.66E+07     1.6084E+05    
   1.67E+07     0.98657      0.00035046    1.67E+07     0.00035046    2.67E+07     1.6208E+05    
   1.68E+07     0.98658      0.00034565    1.68E+07     0.00034565    2.68E+07     1.6294E+05    
   1.69E+07     0.98658      0.0003407     1.69E+07     0.0003407     2.69E+07     1.6367E+05    
   1.7E+07      0.98656      0.0003364     1.7E+07      0.0003364     2.7E+07      1.6499E+05    
   1.71E+07     0.98651      0.00033478    1.71E+07     0.00033478    2.71E+07     1.6611E+05    
   1.72E+07     0.98643      0.00033935    1.72E+07     0.00033935    2.72E+07     1.6714E+05    
   1.73E+07     0.98639      0.00033685    1.73E+07     0.00033685    2.73E+07     1.6802E+05    
   1.74E+07     0.9864       0.00033232    1.74E+07     0.00033232    2.74E+07     1.6917E+05    
   1.75E+07     0.98642      0.00032899    1.75E+07     0.00032899    2.75E+07     1.6729E+05    
   1.76E+07     0.98633      0.00033619    1.76E+07     0.00033619    2.76E+07     1.6546E+05    
   1.77E+07     0.98628      0.00033565    1.77E+07     0.00033565    2.77E+07     1.6512E+05    
   1.78E+07     0.98626      0.00033213    1.78E+07     0.00033213    2.78E+07     1.6639E+05    
   1.79E+07     0.98626      0.00032792    1.79E+07     0.00032792    2.79E+07     1.6768E+05    
   1.8E+07      0.98621      0.00032778    1.8E+07      0.00032778    2.8E+07      1.6869E+05    
   1.81E+07     0.98622      0.00032405    1.81E+07     0.00032405    2.81E+07     1.6967E+05    
   1.82E+07     0.98622      0.00032016    1.82E+07     0.00032016    2.82E+07     1.708E+05     
   1.83E+07     0.98622      0.00031637    1.83E+07     0.00031637    2.83E+07     1.7159E+05    
   1.84E+07     0.98621      0.00031314    1.84E+07     0.00031314    2.84E+07     1.7283E+05    
   1.85E+07     0.98619      0.0003099     1.85E+07     0.0003099     2.85E+07     1.7404E+05    
   1.86E+07     0.98614      0.00031032    1.86E+07     0.00031032    2.86E+07     1.7524E+05    
   1.87E+07     0.98611      0.00030766    1.87E+07     0.00030766    2.87E+07     1.7408E+05    
   1.88E+07     0.98612      0.00030418    1.88E+07     0.00030418    2.88E+07     1.7518E+05    
   1.89E+07     0.98616      0.00030309    1.89E+07     0.00030309    2.89E+07     1.7405E+05    
   1.9E+07      0.98617      0.00029987    1.9E+07      0.00029987    2.9E+07      1.7529E+05    
   1.91E+07     0.98612      0.00029953    1.91E+07     0.00029953    2.91E+07     1.7392E+05    
   1.92E+07     0.98606      0.00030236    1.92E+07     0.00030236    2.92E+07     1.7517E+05    
   1.93E+07     0.98611      0.00030211    1.93E+07     0.00030211    2.93E+07     1.7623E+05    
   1.94E+07     0.9861       0.00029898    1.94E+07     0.00029898    2.94E+07     1.7699E+05    
   1.95E+07     0.98608      0.00029612    1.95E+07     0.00029612    2.95E+07     1.7706E+05    
   1.96E+07     0.9861       0.00029337    1.96E+07     0.00029337    2.96E+07     1.7731E+05    
   1.97E+07     0.98604      0.0002954     1.97E+07     0.0002954     2.97E+07     1.7834E+05    
   1.98E+07     0.98604      0.00029241    1.98E+07     0.00029241    2.98E+07     1.7896E+05    
   1.99E+07     0.98599      0.0002943     1.99E+07     0.0002943     2.99E+07     1.7977E+05    
   2E+07        0.98599      0.00029137    2E+07        0.00029137    3E+07        1.8093E+05    
   2.01E+07     0.98597      0.00028939    2.01E+07     0.00028939    3.01E+07     1.819E+05     
   2.02E+07     0.986        0.00028794    2.02E+07     0.00028794    3.02E+07     1.8305E+05    
   2.03E+07     0.98599      0.00028532    2.03E+07     0.00028532    3.03E+07     1.8421E+05    
   2.04E+07     0.98602      0.00028453    2.04E+07     0.00028453    3.04E+07     1.8509E+05    
   2.05E+07     0.98606      0.00028488    2.05E+07     0.00028488    3.05E+07     1.8597E+05    
   2.06E+07     0.98608      0.00028261    2.06E+07     0.00028261    3.06E+07     1.8571E+05    
   2.07E+07     0.98606      0.00028025    2.07E+07     0.00028025    3.07E+07     1.8674E+05    
   2.08E+07     0.9861       0.00027986    2.08E+07     0.00027986    3.08E+07     1.8706E+05    
   2.09E+07     0.98611      0.00027748    2.09E+07     0.00027748    3.09E+07     1.8812E+05    
   2.1E+07      0.98611      0.00027497    2.1E+07      0.00027497    3.1E+07      1.8856E+05    
   2.11E+07     0.98609      0.00027312    2.11E+07     0.00027312    3.11E+07     1.8827E+05    
   2.12E+07     0.98606      0.00027278    2.12E+07     0.00027278    3.12E+07     1.8756E+05    
   2.13E+07     0.98603      0.0002717     2.13E+07     0.0002717     3.13E+07     1.8831E+05    
   2.14E+07     0.986        0.00027184    2.14E+07     0.00027184    3.14E+07     1.8946E+05    
   2.15E+07     0.98601      0.00027005    2.15E+07     0.00027005    3.15E+07     1.9042E+05    
   2.16E+07     0.98602      0.00026782    2.16E+07     0.00026782    3.16E+07     1.9108E+05    
   2.17E+07     0.98605      0.00026711    2.17E+07     0.00026711    3.17E+07     1.9115E+05    
   2.18E+07     0.98603      0.000266      2.18E+07     0.000266      3.18E+07     1.9156E+05    
   2.19E+07     0.98599      0.00026689    2.19E+07     0.00026689    3.19E+07     1.9269E+05    
   2.2E+07      0.98598      0.0002647     2.2E+07      0.0002647     3.2E+07      1.9379E+05    
   2.21E+07     0.98595      0.00026409    2.21E+07     0.00026409    3.21E+07     1.9489E+05    
   2.22E+07     0.98601      0.00026914    2.22E+07     0.00026914    3.22E+07     1.9578E+05    
   2.23E+07     0.98602      0.00026702    2.23E+07     0.00026702    3.23E+07     1.9693E+05    
   2.24E+07     0.98601      0.00026523    2.24E+07     0.00026523    3.24E+07     1.9556E+05    
   2.25E+07     0.98602      0.00026346    2.25E+07     0.00026346    3.25E+07     1.9592E+05    
   2.26E+07     0.98602      0.00026137    2.26E+07     0.00026137    3.26E+07     1.9621E+05    
   2.27E+07     0.98603      0.00025942    2.27E+07     0.00025942    3.27E+07     1.9579E+05    
   2.28E+07     0.98604      0.00025786    2.28E+07     0.00025786    3.28E+07     1.9387E+05    
   2.29E+07     0.98604      0.00025587    2.29E+07     0.00025587    3.29E+07     1.9456E+05    
   2.3E+07      0.98603      0.00025439    2.3E+07      0.00025439    3.3E+07      1.9432E+05    
   2.31E+07     0.98607      0.00025617    2.31E+07     0.00025617    3.31E+07     1.9392E+05    
   2.32E+07     0.98605      0.00025504    2.32E+07     0.00025504    3.32E+07     1.9471E+05    
   2.33E+07     0.98606      0.00025328    2.33E+07     0.00025328    3.33E+07     1.9533E+05    
   2.34E+07     0.98603      0.00025298    2.34E+07     0.00025298    3.34E+07     1.9586E+05    
   2.35E+07     0.98602      0.00025137    2.35E+07     0.00025137    3.35E+07     1.9643E+05    
   2.36E+07     0.98601      0.00024963    2.36E+07     0.00024963    3.36E+07     1.9688E+05    
   2.37E+07     0.98599      0.00024855    2.37E+07     0.00024855    3.37E+07     1.9625E+05    
   2.38E+07     0.986        0.00024692    2.38E+07     0.00024692    3.38E+07     1.9659E+05    
   2.39E+07     0.986        0.00024514    2.39E+07     0.00024514    3.39E+07     1.972E+05     
   2.4E+07      0.98598      0.00024419    2.4E+07      0.00024419    3.4E+07      1.9822E+05    
   2.41E+07     0.98601      0.00024474    2.41E+07     0.00024474    3.41E+07     1.993E+05     
   2.42E+07     0.98603      0.00024338    2.42E+07     0.00024338    3.42E+07     2.0003E+05    
   2.43E+07     0.98602      0.00024171    2.43E+07     0.00024171    3.43E+07     2.0038E+05    
   2.44E+07     0.98601      0.00024057    2.44E+07     0.00024057    3.44E+07     2.0127E+05    
   2.45E+07     0.98599      0.00023939    2.45E+07     0.00023939    3.45E+07     1.9861E+05    
   2.46E+07     0.98601      0.00023828    2.46E+07     0.00023828    3.46E+07     1.9903E+05    
   2.47E+07     0.98603      0.00023752    2.47E+07     0.00023752    3.47E+07     1.9985E+05    
   2.48E+07     0.98603      0.000236      2.48E+07     0.000236      3.48E+07     2.009E+05     
   2.49E+07     0.98602      0.00023468    2.49E+07     0.00023468    3.49E+07     2.0182E+05    
   2.5E+07      0.98599      0.00023487    2.5E+07      0.00023487    3.5E+07      2.0253E+05    
   2.51E+07     0.98597      0.00023487    2.51E+07     0.00023487    3.51E+07     2.0259E+05    
   2.52E+07     0.98595      0.00023373    2.52E+07     0.00023373    3.52E+07     2.0293E+05    
   2.53E+07     0.98594      0.00023239    2.53E+07     0.00023239    3.53E+07     2.034E+05     
   2.54E+07     0.9859       0.00023421    2.54E+07     0.00023421    3.54E+07     2.0445E+05    
   2.55E+07     0.9859       0.00023276    2.55E+07     0.00023276    3.55E+07     2.0515E+05    
   2.56E+07     0.98587      0.00023311    2.56E+07     0.00023311    3.56E+07     2.0491E+05    
   2.57E+07     0.98587      0.00023164    2.57E+07     0.00023164    3.57E+07     2.0468E+05    
   2.58E+07     0.98589      0.00023093    2.58E+07     0.00023093    3.58E+07     2.0394E+05    
   2.59E+07     0.98591      0.00023023    2.59E+07     0.00023023    3.59E+07     2.0489E+05    
   2.6E+07      0.9859       0.000229      2.6E+07      0.000229      3.6E+07      2.0592E+05    
   2.61E+07     0.9859       0.00022758    2.61E+07     0.00022758    3.61E+07     2.069E+05     
   2.62E+07     0.9859       0.00022618    2.62E+07     0.00022618    3.62E+07     2.0773E+05    
   2.63E+07     0.98591      0.00022521    2.63E+07     0.00022521    3.63E+07     2.0864E+05    
   2.64E+07     0.98592      0.00022386    2.64E+07     0.00022386    3.64E+07     2.0884E+05    
   2.65E+07     0.98592      0.0002225     2.65E+07     0.0002225     3.65E+07     2.0713E+05    
   2.66E+07     0.98593      0.00022149    2.66E+07     0.00022149    3.66E+07     2.0798E+05    
   2.67E+07     0.98592      0.00022022    2.67E+07     0.00022022    3.67E+07     2.0889E+05    
   2.68E+07     0.98593      0.00021918    2.68E+07     0.00021918    3.68E+07     2.0976E+05    
   2.69E+07     0.98595      0.00021828    2.69E+07     0.00021828    3.69E+07     2.1078E+05    
   2.7E+07      0.98594      0.00021701    2.7E+07      0.00021701    3.7E+07      2.1165E+05    
   2.71E+07     0.98595      0.00021588    2.71E+07     0.00021588    3.71E+07     2.1259E+05    
   2.72E+07     0.98594      0.00021477    2.72E+07     0.00021477    3.72E+07     2.125E+05     
   2.73E+07     0.98593      0.0002138     2.73E+07     0.0002138     3.73E+07     2.1201E+05    
   2.74E+07     0.98593      0.0002127     2.74E+07     0.0002127     3.74E+07     2.1212E+05    
   2.75E+07     0.98596      0.00021349    2.75E+07     0.00021349    3.75E+07     2.0897E+05    
   2.76E+07     0.98598      0.00021427    2.76E+07     0.00021427    3.76E+07     2.066E+05     
   2.77E+07     0.98596      0.00021411    2.77E+07     0.00021411    3.77E+07     2.0742E+05    
   2.78E+07     0.98596      0.00021291    2.78E+07     0.00021291    3.78E+07     2.0598E+05    
   2.79E+07     0.98596      0.00021172    2.79E+07     0.00021172    3.79E+07     2.046E+05     
   2.8E+07      0.98596      0.00021066    2.8E+07      0.00021066    3.8E+07      2.0494E+05    
   2.81E+07     0.98595      0.00020969    2.81E+07     0.00020969    3.81E+07     2.0586E+05    
   2.82E+07     0.98595      0.00020862    2.82E+07     0.00020862    3.82E+07     2.068E+05     
   2.83E+07     0.98594      0.00020778    2.83E+07     0.00020778    3.83E+07     2.0751E+05    
   2.84E+07     0.98594      0.00020666    2.84E+07     0.00020666    3.84E+07     2.0727E+05    
   2.85E+07     0.98594      0.00020554    2.85E+07     0.00020554    3.85E+07     2.0783E+05    
   2.86E+07     0.98594      0.00020448    2.86E+07     0.00020448    3.86E+07     2.0845E+05    
   2.87E+07     0.98596      0.00020482    2.87E+07     0.00020482    3.87E+07     2.0849E+05    
   2.88E+07     0.98597      0.00020381    2.88E+07     0.00020381    3.88E+07     2.0933E+05    
   2.89E+07     0.98594      0.00020407    2.89E+07     0.00020407    3.89E+07     2.0821E+05    
   2.9E+07      0.98594      0.000203      2.9E+07      0.000203      3.9E+07      2.0883E+05    
   2.91E+07     0.98597      0.00020345    2.91E+07     0.00020345    3.91E+07     2.0969E+05    
   2.92E+07     0.98597      0.00020239    2.92E+07     0.00020239    3.92E+07     2.1052E+05    
   2.93E+07     0.98597      0.00020139    2.93E+07     0.00020139    3.93E+07     2.1134E+05    
   2.94E+07     0.98596      0.00020063    2.94E+07     0.00020063    3.94E+07     2.1143E+05    
   2.95E+07     0.98595      0.00020024    2.95E+07     0.00020024    3.95E+07     2.1223E+05    
   2.96E+07     0.98593      0.00019978    2.96E+07     0.00019978    3.96E+07     2.1032E+05    
   2.97E+07     0.98593      0.00019882    2.97E+07     0.00019882    3.97E+07     2.105E+05     
   2.98E+07     0.98594      0.00019816    2.98E+07     0.00019816    3.98E+07     2.1133E+05    
   2.99E+07     0.98593      0.00019737    2.99E+07     0.00019737    3.99E+07     2.0795E+05    
   3E+07        0.98593      0.00019643    3E+07        0.00019643    4E+07        2.0636E+05    
   3.01E+07     0.98594      0.00019552    3.01E+07     0.00019552    4.01E+07     2.0662E+05    
   3.02E+07     0.98594      0.0001946     3.02E+07     0.0001946     4.02E+07     2.0653E+05    
   3.03E+07     0.98594      0.00019365    3.03E+07     0.00019365    4.03E+07     2.0675E+05    
   3.04E+07     0.98595      0.00019288    3.04E+07     0.00019288    4.04E+07     2.0695E+05    
   3.05E+07     0.98596      0.00019209    3.05E+07     0.00019209    4.05E+07     2.078E+05     
   3.06E+07     0.98594      0.00019191    3.06E+07     0.00019191    4.06E+07     2.0743E+05    
   3.07E+07     0.98594      0.00019108    3.07E+07     0.00019108    4.07E+07     2.0787E+05    
   3.08E+07     0.98592      0.0001906     3.08E+07     0.0001906     4.08E+07     2.0807E+05    
   3.09E+07     0.98593      0.00018972    3.09E+07     0.00018972    4.09E+07     2.0846E+05    
   3.1E+07      0.98592      0.00018921    3.1E+07      0.00018921    4.1E+07      2.0755E+05    
   3.11E+07     0.9859       0.00018907    3.11E+07     0.00018907    4.11E+07     2.0742E+05    
   3.12E+07     0.98592      0.00018911    3.12E+07     0.00018911    4.12E+07     2.0798E+05    
   3.13E+07     0.98591      0.00018841    3.13E+07     0.00018841    4.13E+07     2.0711E+05    
   3.14E+07     0.98591      0.00018754    3.14E+07     0.00018754    4.14E+07     2.0794E+05    
   3.15E+07     0.9859       0.00018675    3.15E+07     0.00018675    4.15E+07     2.068E+05     
   3.16E+07     0.98589      0.00018613    3.16E+07     0.00018613    4.16E+07     2.0751E+05    
   3.17E+07     0.98588      0.00018576    3.17E+07     0.00018576    4.17E+07     2.0811E+05    
   3.18E+07     0.98587      0.00018528    3.18E+07     0.00018528    4.18E+07     2.0843E+05    
   3.19E+07     0.98587      0.00018444    3.19E+07     0.00018444    4.19E+07     2.0888E+05    
   3.2E+07      0.98587      0.00018364    3.2E+07      0.00018364    4.2E+07      2.0797E+05    
   3.21E+07     0.98587      0.00018281    3.21E+07     0.00018281    4.21E+07     2.0868E+05    
   3.22E+07     0.98587      0.00018211    3.22E+07     0.00018211    4.22E+07     2.0942E+05    
   3.23E+07     0.98587      0.00018129    3.23E+07     0.00018129    4.23E+07     2.0857E+05    
   3.24E+07     0.98585      0.00018166    3.24E+07     0.00018166    4.24E+07     2.0828E+05    
   3.25E+07     0.98586      0.00018121    3.25E+07     0.00018121    4.25E+07     2.0853E+05    
   3.26E+07     0.98585      0.00018078    3.26E+07     0.00018078    4.26E+07     2.0909E+05    
   3.27E+07     0.98586      0.00018069    3.27E+07     0.00018069    4.27E+07     2.0933E+05    
   3.28E+07     0.98584      0.00018132    3.28E+07     0.00018132    4.28E+07     2.0873E+05    
   3.29E+07     0.98583      0.00018072    3.29E+07     0.00018072    4.29E+07     2.0812E+05    
   3.3E+07      0.98582      0.00018052    3.3E+07      0.00018052    4.3E+07      2.0878E+05    
   3.31E+07     0.98583      0.00018042    3.31E+07     0.00018042    4.31E+07     2.0892E+05    
   3.32E+07     0.98582      0.0001798     3.32E+07     0.0001798     4.32E+07     2.096E+05     
   3.33E+07     0.98581      0.00017925    3.33E+07     0.00017925    4.33E+07     2.1035E+05    
   3.34E+07     0.98582      0.0001787     3.34E+07     0.0001787     4.34E+07     2.1106E+05    
   3.35E+07     0.98583      0.00017819    3.35E+07     0.00017819    4.35E+07     2.1177E+05    
   3.36E+07     0.98584      0.00017771    3.36E+07     0.00017771    4.36E+07     2.1218E+05    
   3.37E+07     0.98583      0.00017774    3.37E+07     0.00017774    4.37E+07     2.1261E+05    
   3.38E+07     0.98582      0.0001773     3.38E+07     0.0001773     4.38E+07     2.1318E+05    
   3.39E+07     0.98582      0.00017677    3.39E+07     0.00017677    4.39E+07     2.1379E+05    
   3.4E+07      0.98582      0.00017606    3.4E+07      0.00017606    4.4E+07      2.1305E+05    
   3.41E+07     0.98582      0.00017533    3.41E+07     0.00017533    4.41E+07     2.1284E+05    
   3.42E+07     0.98583      0.00017473    3.42E+07     0.00017473    4.42E+07     2.1299E+05    
   3.43E+07     0.98584      0.00017433    3.43E+07     0.00017433    4.43E+07     2.1372E+05    
   3.44E+07     0.98584      0.00017368    3.44E+07     0.00017368    4.44E+07     2.1433E+05    
   3.45E+07     0.98586      0.0001746     3.45E+07     0.0001746     4.45E+07     2.1386E+05    
   3.46E+07     0.98587      0.00017414    3.46E+07     0.00017414    4.46E+07     2.0914E+05    
   3.47E+07     0.98586      0.00017353    3.47E+07     0.00017353    4.47E+07     2.0744E+05    
   3.48E+07     0.98586      0.00017283    3.48E+07     0.00017283    4.48E+07     2.0793E+05    
   3.49E+07     0.98586      0.00017219    3.49E+07     0.00017219    4.49E+07     2.085E+05     
   3.5E+07      0.98586      0.00017163    3.5E+07      0.00017163    4.5E+07      2.0727E+05    
   3.51E+07     0.98585      0.00017136    3.51E+07     0.00017136    4.51E+07     2.079E+05     
   3.52E+07     0.98586      0.00017098    3.52E+07     0.00017098    4.52E+07     2.0861E+05    
   3.53E+07     0.98587      0.00017054    3.53E+07     0.00017054    4.53E+07     2.0932E+05    
   3.54E+07     0.98587      0.00016987    3.54E+07     0.00016987    4.54E+07     2.0949E+05    
   3.55E+07     0.98588      0.00016931    3.55E+07     0.00016931    4.55E+07     2.096E+05     
   3.56E+07     0.98586      0.00016918    3.56E+07     0.00016918    4.56E+07     2.1034E+05    
   3.57E+07     0.98585      0.00016904    3.57E+07     0.00016904    4.57E+07     2.1088E+05    
   3.58E+07     0.98587      0.00016906    3.58E+07     0.00016906    4.58E+07     2.1126E+05    
   3.59E+07     0.98587      0.00016842    3.59E+07     0.00016842    4.59E+07     2.114E+05     
   3.6E+07      0.98587      0.00016778    3.6E+07      0.00016778    4.6E+07      2.1186E+05    
   3.61E+07     0.98587      0.00016715    3.61E+07     0.00016715    4.61E+07     2.1213E+05    
   3.62E+07     0.98586      0.00016657    3.62E+07     0.00016657    4.62E+07     2.1205E+05    
   3.63E+07     0.98586      0.00016597    3.63E+07     0.00016597    4.63E+07     2.1063E+05    
   3.64E+07     0.98585      0.00016565    3.64E+07     0.00016565    4.64E+07     2.109E+05     
   3.65E+07     0.98587      0.00016612    3.65E+07     0.00016612    4.65E+07     2.1154E+05    
   3.66E+07     0.98586      0.00016555    3.66E+07     0.00016555    4.66E+07     2.1223E+05    
   3.67E+07     0.98586      0.00016494    3.67E+07     0.00016494    4.67E+07     2.1244E+05    
   3.68E+07     0.98587      0.00016437    3.68E+07     0.00016437    4.68E+07     2.131E+05     
   3.69E+07     0.98587      0.00016376    3.69E+07     0.00016376    4.69E+07     2.1356E+05    
   3.7E+07      0.98586      0.0001632     3.7E+07      0.0001632     4.7E+07      2.139E+05     
   3.71E+07     0.98586      0.0001626     3.71E+07     0.0001626     4.71E+07     2.1417E+05    
   3.72E+07     0.98588      0.00016241    3.72E+07     0.00016241    4.72E+07     2.1485E+05    
   3.73E+07     0.98586      0.00016239    3.73E+07     0.00016239    4.73E+07     2.1524E+05    
   3.74E+07     0.98585      0.00016213    3.74E+07     0.00016213    4.74E+07     2.1586E+05    
   3.75E+07     0.98587      0.0001631     3.75E+07     0.0001631     4.75E+07     2.1595E+05    
   3.76E+07     0.98585      0.00016381    3.76E+07     0.00016381    4.76E+07     2.1551E+05    
   3.77E+07     0.98585      0.00016327    3.77E+07     0.00016327    4.77E+07     2.1618E+05    
   3.78E+07     0.98583      0.00016363    3.78E+07     0.00016363    4.78E+07     2.1628E+05    
   3.79E+07     0.98581      0.00016394    3.79E+07     0.00016394    4.79E+07     2.1699E+05    
   3.8E+07      0.98581      0.00016359    3.8E+07      0.00016359    4.8E+07      2.1683E+05    
   3.81E+07     0.98581      0.00016301    3.81E+07     0.00016301    4.81E+07     2.1573E+05    
   3.82E+07     0.98581      0.00016243    3.82E+07     0.00016243    4.82E+07     2.1626E+05    
   3.83E+07     0.9858       0.00016192    3.83E+07     0.00016192    4.83E+07     2.1679E+05    
   3.84E+07     0.98579      0.00016181    3.84E+07     0.00016181    4.84E+07     2.1691E+05    
   3.85E+07     0.98578      0.00016138    3.85E+07     0.00016138    4.85E+07     2.1452E+05    
   3.86E+07     0.98579      0.00016094    3.86E+07     0.00016094    4.86E+07     2.1492E+05    
   3.87E+07     0.9858       0.00016069    3.87E+07     0.00016069    4.87E+07     2.1556E+05    
   3.88E+07     0.9858       0.00016017    3.88E+07     0.00016017    4.88E+07     2.1621E+05    
   3.89E+07     0.98578      0.0001604     3.89E+07     0.0001604     4.89E+07     2.1621E+05    
   3.9E+07      0.98577      0.00015995    3.9E+07      0.00015995    4.9E+07      2.1611E+05    
   3.91E+07     0.98577      0.0001594     3.91E+07     0.0001594     4.91E+07     2.1672E+05    
   3.92E+07     0.98578      0.00015888    3.92E+07     0.00015888    4.92E+07     2.1706E+05    
   3.93E+07     0.98578      0.00015838    3.93E+07     0.00015838    4.93E+07     2.1656E+05    
   3.94E+07     0.98577      0.00015815    3.94E+07     0.00015815    4.94E+07     2.1668E+05    
   3.95E+07     0.98577      0.00015764    3.95E+07     0.00015764    4.95E+07     2.1732E+05    
   3.96E+07     0.98576      0.00015815    3.96E+07     0.00015815    4.96E+07     2.1789E+05    
   3.97E+07     0.98575      0.00015789    3.97E+07     0.00015789    4.97E+07     2.1668E+05    
   3.98E+07     0.98574      0.00015738    3.98E+07     0.00015738    4.98E+07     2.1649E+05    
   3.99E+07     0.98572      0.00015844    3.99E+07     0.00015844    4.99E+07     2.169E+05     
   4E+07        0.9857       0.00015884    4E+07        0.00015884    5E+07        2.1749E+05    
   4.01E+07     0.98569      0.00015855    4.01E+07     0.00015855    5.01E+07     2.1809E+05    
   4.02E+07     0.98571      0.00015839    4.02E+07     0.00015839    5.02E+07     2.1867E+05    
   4.03E+07     0.98571      0.0001581     4.03E+07     0.0001581     5.03E+07     2.1898E+05    
   4.04E+07     0.98571      0.00015782    4.04E+07     0.00015782    5.04E+07     2.196E+05     
   4.05E+07     0.98571      0.00015731    4.05E+07     0.00015731    5.05E+07     2.2022E+05    
   4.06E+07     0.9857       0.00015727    4.06E+07     0.00015727    5.06E+07     2.208E+05     
   4.07E+07     0.98569      0.00015691    4.07E+07     0.00015691    5.07E+07     2.2122E+05    
   4.08E+07     0.9857       0.00015663    4.08E+07     0.00015663    5.08E+07     2.2174E+05    
   4.09E+07     0.9857       0.00015629    4.09E+07     0.00015629    5.09E+07     2.2227E+05    
   4.1E+07      0.98572      0.00015645    4.1E+07      0.00015645    5.1E+07      2.2276E+05    
   4.11E+07     0.98573      0.0001563     4.11E+07     0.0001563     5.11E+07     2.2281E+05    
   4.12E+07     0.98572      0.00015589    4.12E+07     0.00015589    5.12E+07     2.2305E+05    
   4.13E+07     0.98574      0.00015603    4.13E+07     0.00015603    5.13E+07     2.2369E+05    
   4.14E+07     0.98574      0.00015554    4.14E+07     0.00015554    5.14E+07     2.2429E+05    
   4.15E+07     0.98575      0.00015578    4.15E+07     0.00015578    5.15E+07     2.2485E+05    
   4.16E+07     0.98575      0.0001553     4.16E+07     0.0001553     5.16E+07     2.2527E+05    
   4.17E+07     0.98575      0.0001549     4.17E+07     0.0001549     5.17E+07     2.2575E+05    
   4.18E+07     0.98576      0.0001546     4.18E+07     0.0001546     5.18E+07     2.2623E+05    
   4.19E+07     0.98576      0.00015425    4.19E+07     0.00015425    5.19E+07     2.2664E+05    
   4.2E+07      0.98574      0.00015438    4.2E+07      0.00015438    5.2E+07      2.271E+05     
   4.21E+07     0.98574      0.00015394    4.21E+07     0.00015394    5.21E+07     2.2668E+05    
   4.22E+07     0.98574      0.00015349    4.22E+07     0.00015349    5.22E+07     2.2714E+05    
   4.23E+07     0.98575      0.00015363    4.23E+07     0.00015363    5.23E+07     2.2618E+05    
   4.24E+07     0.98577      0.00015353    4.24E+07     0.00015353    5.24E+07     2.2566E+05    
   4.25E+07     0.98577      0.00015327    4.25E+07     0.00015327    5.25E+07     2.2593E+05    
   4.26E+07     0.98577      0.00015288    4.26E+07     0.00015288    5.26E+07     2.2642E+05    
   4.27E+07     0.98578      0.00015262    4.27E+07     0.00015262    5.27E+07     2.2701E+05    
   4.28E+07     0.98579      0.00015263    4.28E+07     0.00015263    5.28E+07     2.2753E+05    
   4.29E+07     0.9858       0.00015269    4.29E+07     0.00015269    5.29E+07     2.2719E+05    
   4.3E+07      0.9858       0.00015228    4.3E+07      0.00015228    5.3E+07      2.2683E+05    
   4.31E+07     0.98581      0.00015205    4.31E+07     0.00015205    5.31E+07     2.2738E+05    
   4.32E+07     0.98582      0.00015161    4.32E+07     0.00015161    5.32E+07     2.2772E+05    
   4.33E+07     0.98582      0.00015116    4.33E+07     0.00015116    5.33E+07     2.2832E+05    
   4.34E+07     0.98582      0.00015074    4.34E+07     0.00015074    5.34E+07     2.2849E+05    
   4.35E+07     0.98582      0.0001503     4.35E+07     0.0001503     5.35E+07     2.2865E+05    
   4.36E+07     0.98582      0.00014998    4.36E+07     0.00014998    5.36E+07     2.2919E+05    
   4.37E+07     0.98582      0.00014965    4.37E+07     0.00014965    5.37E+07     2.2981E+05    
   4.38E+07     0.98581      0.00014928    4.38E+07     0.00014928    5.38E+07     2.2851E+05    
   4.39E+07     0.98582      0.00014889    4.39E+07     0.00014889    5.39E+07     2.2872E+05    
   4.4E+07      0.98583      0.00014899    4.4E+07      0.00014899    5.4E+07      2.2781E+05    
   4.41E+07     0.98582      0.00014888    4.41E+07     0.00014888    5.41E+07     2.2778E+05    
   4.42E+07     0.98583      0.00014866    4.42E+07     0.00014866    5.42E+07     2.2828E+05    
   4.43E+07     0.98583      0.00014825    4.43E+07     0.00014825    5.43E+07     2.2747E+05    
   4.44E+07     0.98583      0.00014787    4.44E+07     0.00014787    5.44E+07     2.2751E+05    
   4.45E+07     0.98584      0.00014786    4.45E+07     0.00014786    5.45E+07     2.2811E+05    
   4.46E+07     0.98582      0.00014935    4.46E+07     0.00014935    5.46E+07     2.2837E+05    
   4.47E+07     0.9858       0.0001498     4.47E+07     0.0001498     5.47E+07     2.2889E+05    
   4.48E+07     0.9858       0.00014945    4.48E+07     0.00014945    5.48E+07     2.2938E+05    
   4.49E+07     0.9858       0.00014906    4.49E+07     0.00014906    5.49E+07     2.2915E+05    
   4.5E+07      0.98578      0.00014934    4.5E+07      0.00014934    5.5E+07      2.2966E+05    
   4.51E+07     0.98579      0.00014895    4.51E+07     0.00014895    5.51E+07     2.2911E+05    
   4.52E+07     0.98579      0.00014853    4.52E+07     0.00014853    5.52E+07     2.2942E+05    
   4.53E+07     0.98579      0.00014811    4.53E+07     0.00014811    5.53E+07     2.3E+05       
   4.54E+07     0.9858       0.00014789    4.54E+07     0.00014789    5.54E+07     2.2943E+05    
   4.55E+07     0.9858       0.00014769    4.55E+07     0.00014769    5.55E+07     2.3003E+05    
   4.56E+07     0.9858       0.00014728    4.56E+07     0.00014728    5.56E+07     2.3001E+05    
   4.57E+07     0.9858       0.0001469     4.57E+07     0.0001469     5.57E+07     2.3046E+05    
   4.58E+07     0.98581      0.00014662    4.58E+07     0.00014662    5.58E+07     2.2755E+05    
   4.59E+07     0.98581      0.00014641    4.59E+07     0.00014641    5.59E+07     2.2762E+05    
   4.6E+07      0.98581      0.0001461     4.6E+07      0.0001461     5.6E+07      2.2798E+05    
   4.61E+07     0.9858       0.00014581    4.61E+07     0.00014581    5.61E+07     2.2836E+05    
   4.62E+07     0.98579      0.00014569    4.62E+07     0.00014569    5.62E+07     2.2655E+05    
   4.63E+07     0.98578      0.00014602    4.63E+07     0.00014602    5.63E+07     2.2616E+05    
   4.64E+07     0.98579      0.00014577    4.64E+07     0.00014577    5.64E+07     2.2629E+05    
   4.65E+07     0.98579      0.00014538    4.65E+07     0.00014538    5.65E+07     2.266E+05     
   4.66E+07     0.98578      0.00014499    4.66E+07     0.00014499    5.66E+07     2.2705E+05    
   4.67E+07     0.98579      0.00014476    4.67E+07     0.00014476    5.67E+07     2.2759E+05    
   4.68E+07     0.98579      0.00014439    4.68E+07     0.00014439    5.68E+07     2.2767E+05    
   4.69E+07     0.98578      0.00014406    4.69E+07     0.00014406    5.69E+07     2.2818E+05    
   4.7E+07      0.98579      0.00014379    4.7E+07      0.00014379    5.7E+07      2.285E+05     
   4.71E+07     0.98578      0.00014355    4.71E+07     0.00014355    5.71E+07     2.2856E+05    
   4.72E+07     0.98578      0.00014318    4.72E+07     0.00014318    5.72E+07     2.2912E+05    
   4.73E+07     0.98579      0.0001429     4.73E+07     0.0001429     5.73E+07     2.2967E+05    
   4.74E+07     0.98579      0.00014253    4.74E+07     0.00014253    5.74E+07     2.3016E+05    
   4.75E+07     0.98578      0.00014236    4.75E+07     0.00014236    5.75E+07     2.3066E+05    
   4.76E+07     0.98579      0.00014235    4.76E+07     0.00014235    5.76E+07     2.3109E+05    
   4.77E+07     0.98579      0.00014199    4.77E+07     0.00014199    5.77E+07     2.3116E+05    
   4.78E+07     0.9858       0.00014179    4.78E+07     0.00014179    5.78E+07     2.3158E+05    
   4.79E+07     0.9858       0.00014141    4.79E+07     0.00014141    5.79E+07     2.3172E+05    
   4.8E+07      0.98581      0.00014132    4.8E+07      0.00014132    5.8E+07      2.3221E+05    
   4.81E+07     0.98582      0.00014154    4.81E+07     0.00014154    5.81E+07     2.3272E+05    
   4.82E+07     0.98582      0.0001412     4.82E+07     0.0001412     5.82E+07     2.3323E+05    
   4.83E+07     0.98581      0.00014089    4.83E+07     0.00014089    5.83E+07     2.338E+05     
   4.84E+07     0.98582      0.00014071    4.84E+07     0.00014071    5.84E+07     2.3281E+05    
   4.85E+07     0.98584      0.00014135    4.85E+07     0.00014135    5.85E+07     2.3327E+05    
   4.86E+07     0.98583      0.00014105    4.86E+07     0.00014105    5.86E+07     2.3369E+05    
   4.87E+07     0.98583      0.00014069    4.87E+07     0.00014069    5.87E+07     2.3155E+05    
   4.88E+07     0.98584      0.00014034    4.88E+07     0.00014034    5.88E+07     2.3113E+05    
   4.89E+07     0.98583      0.0001402     4.89E+07     0.0001402     5.89E+07     2.3107E+05    
   4.9E+07      0.98584      0.00014009    4.9E+07      0.00014009    5.9E+07      2.3162E+05    
   4.91E+07     0.98584      0.00013975    4.91E+07     0.00013975    5.91E+07     2.3152E+05    
   4.92E+07     0.98584      0.00013951    4.92E+07     0.00013951    5.92E+07     2.2945E+05    
   4.93E+07     0.98585      0.00013953    4.93E+07     0.00013953    5.93E+07     2.2997E+05    
   4.94E+07     0.98586      0.00013934    4.94E+07     0.00013934    5.94E+07     2.3027E+05    
   4.95E+07     0.98586      0.00013899    4.95E+07     0.00013899    5.95E+07     2.2956E+05    
   4.96E+07     0.98586      0.00013867    4.96E+07     0.00013867    5.96E+07     2.301E+05     
   4.97E+07     0.98585      0.00013893    4.97E+07     0.00013893    5.97E+07     2.2992E+05    
   4.98E+07     0.98584      0.00013884    4.98E+07     0.00013884    5.98E+07     2.2664E+05    
   4.99E+07     0.98584      0.00013857    4.99E+07     0.00013857    5.99E+07     2.2716E+05    
   5E+07        0.98584      0.00013824    5E+07        0.00013824    6E+07        2.277E+05     
   5.01E+07     0.98585      0.00013792    5.01E+07     0.00013792    6.01E+07     2.28E+05      
   5.02E+07     0.98585      0.00013758    5.02E+07     0.00013758    6.02E+07     2.279E+05     
   5.03E+07     0.98584      0.00013735    5.03E+07     0.00013735    6.03E+07     2.265E+05     
   5.04E+07     0.98584      0.00013702    5.04E+07     0.00013702    6.04E+07     2.2646E+05    
   5.05E+07     0.98585      0.0001367     5.05E+07     0.0001367     6.05E+07     2.2443E+05    
   5.06E+07     0.98585      0.00013638    5.06E+07     0.00013638    6.06E+07     2.2485E+05    
   5.07E+07     0.98584      0.00013611    5.07E+07     0.00013611    6.07E+07     2.2403E+05    
   5.08E+07     0.98585      0.00013582    5.08E+07     0.00013582    6.08E+07     2.245E+05     
   5.09E+07     0.98584      0.00013553    5.09E+07     0.00013553    6.09E+07     2.2467E+05    
   5.1E+07      0.98585      0.00013525    5.1E+07      0.00013525    6.1E+07      2.2489E+05    
   5.11E+07     0.98585      0.00013509    5.11E+07     0.00013509    6.11E+07     2.2538E+05    
   5.12E+07     0.98586      0.00013489    5.12E+07     0.00013489    6.12E+07     2.2534E+05    
   5.13E+07     0.98586      0.00013456    5.13E+07     0.00013456    6.13E+07     2.2539E+05    
   5.14E+07     0.98586      0.00013426    5.14E+07     0.00013426    6.14E+07     2.2543E+05    
   5.15E+07     0.98586      0.00013395    5.15E+07     0.00013395    6.15E+07     2.2493E+05    
   5.16E+07     0.98586      0.0001337     5.16E+07     0.0001337     6.16E+07     2.247E+05     
   5.17E+07     0.98585      0.00013342    5.17E+07     0.00013342    6.17E+07     2.2513E+05    
   5.18E+07     0.98586      0.00013316    5.18E+07     0.00013316    6.18E+07     2.2524E+05    
   5.19E+07     0.98586      0.00013289    5.19E+07     0.00013289    6.19E+07     2.2576E+05    
   5.2E+07      0.98586      0.00013263    5.2E+07      0.00013263    6.2E+07      2.2217E+05    
   5.21E+07     0.98587      0.00013262    5.21E+07     0.00013262    6.21E+07     2.2263E+05    
   5.22E+07     0.98587      0.00013237    5.22E+07     0.00013237    6.22E+07     2.2293E+05    
   5.23E+07     0.98586      0.00013251    5.23E+07     0.00013251    6.23E+07     2.2321E+05    
   5.24E+07     0.98585      0.00013254    5.24E+07     0.00013254    6.24E+07     2.2369E+05    
   5.25E+07     0.98585      0.00013234    5.25E+07     0.00013234    6.25E+07     2.2412E+05    
   5.26E+07     0.98585      0.00013206    5.26E+07     0.00013206    6.26E+07     2.2459E+05    
   5.27E+07     0.98585      0.00013176    5.27E+07     0.00013176    6.27E+07     2.2506E+05    
   5.28E+07     0.98585      0.00013148    5.28E+07     0.00013148    6.28E+07     2.2467E+05    
   5.29E+07     0.98584      0.00013146    5.29E+07     0.00013146    6.29E+07     2.2516E+05    
   5.3E+07      0.98585      0.00013144    5.3E+07      0.00013144    6.3E+07      2.2563E+05    
   5.31E+07     0.98585      0.00013115    5.31E+07     0.00013115    6.31E+07     2.2596E+05    
   5.32E+07     0.98585      0.00013093    5.32E+07     0.00013093    6.32E+07     2.2646E+05    
   5.33E+07     0.98584      0.00013064    5.33E+07     0.00013064    6.33E+07     2.2697E+05    
   5.34E+07     0.98584      0.00013047    5.34E+07     0.00013047    6.34E+07     2.2743E+05    
   5.35E+07     0.98584      0.0001303     5.35E+07     0.0001303     6.35E+07     2.276E+05     
   5.36E+07     0.98585      0.00013001    5.36E+07     0.00013001    6.36E+07     2.2808E+05    
   5.37E+07     0.98585      0.00012972    5.37E+07     0.00012972    6.37E+07     2.2848E+05    
   5.38E+07     0.98586      0.00012997    5.38E+07     0.00012997    6.38E+07     2.2837E+05    
   5.39E+07     0.98585      0.00012978    5.39E+07     0.00012978    6.39E+07     2.2885E+05    
   5.4E+07      0.98586      0.00012993    5.4E+07      0.00012993    6.4E+07      2.2833E+05    
   5.41E+07     0.98586      0.00012981    5.41E+07     0.00012981    6.41E+07     2.2872E+05    
   5.42E+07     0.98586      0.00012956    5.42E+07     0.00012956    6.42E+07     2.2916E+05    
   5.43E+07     0.98585      0.00012966    5.43E+07     0.00012966    6.43E+07     2.2918E+05    
   5.44E+07     0.98586      0.00012954    5.44E+07     0.00012954    6.44E+07     2.2921E+05    
   5.45E+07     0.98586      0.00012925    5.45E+07     0.00012925    6.45E+07     2.2969E+05    
   5.46E+07     0.98586      0.00012906    5.46E+07     0.00012906    6.46E+07     2.2979E+05    
   5.47E+07     0.98586      0.00012879    5.47E+07     0.00012879    6.47E+07     2.3025E+05    
   5.48E+07     0.98586      0.00012853    5.48E+07     0.00012853    6.48E+07     2.3073E+05    
   5.49E+07     0.98585      0.00012847    5.49E+07     0.00012847    6.49E+07     2.3115E+05    
   5.5E+07      0.98585      0.00012822    5.5E+07      0.00012822    6.5E+07      2.3158E+05    
   5.51E+07     0.98586      0.00012826    5.51E+07     0.00012826    6.51E+07     2.3178E+05    
   5.52E+07     0.98586      0.00012804    5.52E+07     0.00012804    6.52E+07     2.316E+05     
   5.53E+07     0.98586      0.00012776    5.53E+07     0.00012776    6.53E+07     2.3168E+05    
   5.54E+07     0.98587      0.0001278     5.54E+07     0.0001278     6.54E+07     2.3201E+05    
   5.55E+07     0.98587      0.00012753    5.55E+07     0.00012753    6.55E+07     2.3237E+05    
   5.56E+07     0.98586      0.0001274     5.56E+07     0.0001274     6.56E+07     2.3277E+05    
   5.57E+07     0.98586      0.00012717    5.57E+07     0.00012717    6.57E+07     2.329E+05     
   5.58E+07     0.98588      0.00012787    5.58E+07     0.00012787    6.58E+07     2.3339E+05    
   5.59E+07     0.98589      0.00012774    5.59E+07     0.00012774    6.59E+07     2.3252E+05    
   5.6E+07      0.98589      0.00012751    5.6E+07      0.00012751    6.6E+07      2.3284E+05    
   5.61E+07     0.98589      0.00012729    5.61E+07     0.00012729    6.61E+07     2.329E+05     
   5.62E+07     0.9859       0.00012768    5.62E+07     0.00012768    6.62E+07     2.3335E+05    
   5.63E+07     0.98591      0.00012769    5.63E+07     0.00012769    6.63E+07     2.338E+05     
   5.64E+07     0.98591      0.00012752    5.64E+07     0.00012752    6.64E+07     2.3425E+05    
   5.65E+07     0.98591      0.00012732    5.65E+07     0.00012732    6.65E+07     2.3468E+05    
   5.66E+07     0.9859       0.00012709    5.66E+07     0.00012709    6.66E+07     2.3497E+05    
   5.67E+07     0.9859       0.00012683    5.67E+07     0.00012683    6.67E+07     2.352E+05     
   5.68E+07     0.98591      0.00012669    5.68E+07     0.00012669    6.68E+07     2.3554E+05    
   5.69E+07     0.98591      0.00012643    5.69E+07     0.00012643    6.69E+07     2.3602E+05    
   5.7E+07      0.98591      0.00012624    5.7E+07      0.00012624    6.7E+07      2.3613E+05    
   5.71E+07     0.98592      0.00012611    5.71E+07     0.00012611    6.71E+07     2.3596E+05    
   5.72E+07     0.98592      0.00012585    5.72E+07     0.00012585    6.72E+07     2.3593E+05    
   5.73E+07     0.98592      0.00012559    5.73E+07     0.00012559    6.73E+07     2.364E+05     
   5.74E+07     0.98592      0.00012535    5.74E+07     0.00012535    6.74E+07     2.366E+05     
   5.75E+07     0.98592      0.0001251     5.75E+07     0.0001251     6.75E+07     2.3674E+05    
   5.76E+07     0.98591      0.00012486    5.76E+07     0.00012486    6.76E+07     2.3663E+05    
   5.77E+07     0.98591      0.00012474    5.77E+07     0.00012474    6.77E+07     2.3689E+05    
   5.78E+07     0.98591      0.00012452    5.78E+07     0.00012452    6.78E+07     2.3695E+05    
   5.79E+07     0.98591      0.00012438    5.79E+07     0.00012438    6.79E+07     2.3565E+05    
   5.8E+07      0.9859       0.00012414    5.8E+07      0.00012414    6.8E+07      2.3581E+05    
   5.81E+07     0.98591      0.00012389    5.81E+07     0.00012389    6.81E+07     2.3561E+05    
   5.82E+07     0.9859       0.00012364    5.82E+07     0.00012364    6.82E+07     2.3585E+05    
   5.83E+07     0.9859       0.00012339    5.83E+07     0.00012339    6.83E+07     2.3622E+05    
   5.84E+07     0.98589      0.00012355    5.84E+07     0.00012355    6.84E+07     2.3645E+05    
   5.85E+07     0.98589      0.00012332    5.85E+07     0.00012332    6.85E+07     2.3675E+05    
   5.86E+07     0.98589      0.0001231     5.86E+07     0.0001231     6.86E+07     2.371E+05     
   5.87E+07     0.98587      0.00012356    5.87E+07     0.00012356    6.87E+07     2.3718E+05    
   5.88E+07     0.98587      0.00012357    5.88E+07     0.00012357    6.88E+07     2.3736E+05    
   5.89E+07     0.98587      0.00012348    5.89E+07     0.00012348    6.89E+07     2.3782E+05    
   5.9E+07      0.98587      0.00012322    5.9E+07      0.00012322    6.9E+07      2.3824E+05    
   5.91E+07     0.98588      0.00012315    5.91E+07     0.00012315    6.91E+07     2.386E+05     
   5.92E+07     0.98587      0.00012361    5.92E+07     0.00012361    6.92E+07     2.3886E+05    
   5.93E+07     0.98587      0.00012336    5.93E+07     0.00012336    6.93E+07     2.3848E+05    
   5.94E+07     0.98586      0.00012318    5.94E+07     0.00012318    6.94E+07     2.3893E+05    
   5.95E+07     0.98585      0.00012326    5.95E+07     0.00012326    6.95E+07     2.3765E+05    
   5.96E+07     0.98585      0.00012302    5.96E+07     0.00012302    6.96E+07     2.3477E+05    
   5.97E+07     0.98585      0.00012293    5.97E+07     0.00012293    6.97E+07     2.3522E+05    
   5.98E+07     0.98583      0.00012372    5.98E+07     0.00012372    6.98E+07     2.3546E+05    
   5.99E+07     0.98583      0.00012348    5.99E+07     0.00012348    6.99E+07     2.3589E+05    
   6E+07        0.98583      0.00012323    6E+07        0.00012323    7E+07        2.3562E+05    
   6.01E+07     0.98583      0.00012304    6.01E+07     0.00012304    7.01E+07     2.3608E+05    
   6.02E+07     0.98584      0.00012297    6.02E+07     0.00012297    7.02E+07     2.3576E+05    
   6.03E+07     0.98585      0.00012325    6.03E+07     0.00012325    7.03E+07     2.3314E+05    
   6.04E+07     0.98586      0.00012316    6.04E+07     0.00012316    7.04E+07     2.3337E+05    
   6.05E+07     0.98587      0.00012359    6.05E+07     0.00012359    7.05E+07     2.3381E+05    
   6.06E+07     0.98587      0.00012338    6.06E+07     0.00012338    7.06E+07     2.3419E+05    
   6.07E+07     0.98588      0.00012351    6.07E+07     0.00012351    7.07E+07     2.3463E+05    
   6.08E+07     0.98588      0.00012329    6.08E+07     0.00012329    7.08E+07     2.35E+05      
   6.09E+07     0.98588      0.00012313    6.09E+07     0.00012313    7.09E+07     2.3518E+05    
   6.1E+07      0.98588      0.00012296    6.1E+07      0.00012296    7.1E+07      2.3486E+05    
   6.11E+07     0.98588      0.00012273    6.11E+07     0.00012273    7.11E+07     2.3511E+05    
   6.12E+07     0.98589      0.00012264    6.12E+07     0.00012264    7.12E+07     2.3494E+05    
   6.13E+07     0.98588      0.00012254    6.13E+07     0.00012254    7.13E+07     2.3531E+05    
   6.14E+07     0.98588      0.00012241    6.14E+07     0.00012241    7.14E+07     2.3567E+05    
   6.15E+07     0.98588      0.00012245    6.15E+07     0.00012245    7.15E+07     2.3604E+05    
   6.16E+07     0.98589      0.00012242    6.16E+07     0.00012242    7.16E+07     2.3454E+05    
   6.17E+07     0.98589      0.00012221    6.17E+07     0.00012221    7.17E+07     2.3436E+05    
   6.18E+07     0.98589      0.00012206    6.18E+07     0.00012206    7.18E+07     2.3473E+05    
   6.19E+07     0.98589      0.00012183    6.19E+07     0.00012183    7.19E+07     2.3511E+05    
   6.2E+07      0.98591      0.00012271    6.2E+07      0.00012271    7.2E+07      2.3449E+05    
   6.21E+07     0.98591      0.00012249    6.21E+07     0.00012249    7.21E+07     2.3487E+05    
   6.22E+07     0.98591      0.0001223     6.22E+07     0.0001223     7.22E+07     2.3529E+05    
   6.23E+07     0.98591      0.00012212    6.23E+07     0.00012212    7.23E+07     2.339E+05     
   6.24E+07     0.98591      0.00012189    6.24E+07     0.00012189    7.24E+07     2.3409E+05    
   6.25E+07     0.98591      0.00012168    6.25E+07     0.00012168    7.25E+07     2.3193E+05    
   6.26E+07     0.98591      0.00012145    6.26E+07     0.00012145    7.26E+07     2.3197E+05    
   6.27E+07     0.98591      0.00012122    6.27E+07     0.00012122    7.27E+07     2.3224E+05    
   6.28E+07     0.9859       0.00012124    6.28E+07     0.00012124    7.28E+07     2.3148E+05    
   6.29E+07     0.9859       0.00012101    6.29E+07     0.00012101    7.29E+07     2.3184E+05    
   6.3E+07      0.9859       0.00012078    6.3E+07      0.00012078    7.3E+07      2.3225E+05    
   6.31E+07     0.9859       0.0001206     6.31E+07     0.0001206     7.31E+07     2.3267E+05    
   6.32E+07     0.9859       0.00012037    6.32E+07     0.00012037    7.32E+07     2.3305E+05    
   6.33E+07     0.9859       0.00012015    6.33E+07     0.00012015    7.33E+07     2.3138E+05    
   6.34E+07     0.9859       0.00011992    6.34E+07     0.00011992    7.34E+07     2.3178E+05    
   6.35E+07     0.9859       0.00011979    6.35E+07     0.00011979    7.35E+07     2.3118E+05    
   6.36E+07     0.9859       0.00011957    6.36E+07     0.00011957    7.36E+07     2.3149E+05    
   6.37E+07     0.9859       0.00011937    6.37E+07     0.00011937    7.37E+07     2.3156E+05    
   6.38E+07     0.98589      0.0001193     6.38E+07     0.0001193     7.38E+07     2.3161E+05    
   6.39E+07     0.98589      0.00011909    6.39E+07     0.00011909    7.39E+07     2.3132E+05    
   6.4E+07      0.9859       0.00011913    6.4E+07      0.00011913    7.4E+07      2.3145E+05    
   6.41E+07     0.9859       0.00011893    6.41E+07     0.00011893    7.41E+07     2.3019E+05    
   6.42E+07     0.9859       0.00011872    6.42E+07     0.00011872    7.42E+07     2.3054E+05    
   6.43E+07     0.98589      0.00011862    6.43E+07     0.00011862    7.43E+07     2.3038E+05    
   6.44E+07     0.98589      0.00011852    6.44E+07     0.00011852    7.44E+07     2.308E+05     
   6.45E+07     0.98588      0.00011831    6.45E+07     0.00011831    7.45E+07     2.2922E+05    
   6.46E+07     0.98588      0.0001182     6.46E+07     0.0001182     7.46E+07     2.2907E+05    
   6.47E+07     0.98588      0.00011798    6.47E+07     0.00011798    7.47E+07     2.2925E+05    
   6.48E+07     0.98588      0.00011777    6.48E+07     0.00011777    7.48E+07     2.2801E+05    
   6.49E+07     0.98588      0.00011757    6.49E+07     0.00011757    7.49E+07     2.2823E+05    
   6.5E+07      0.98587      0.00011738    6.5E+07      0.00011738    7.5E+07      2.2852E+05    
   6.51E+07     0.98588      0.00011722    6.51E+07     0.00011722    7.51E+07     2.2889E+05    
   6.52E+07     0.98588      0.00011718    6.52E+07     0.00011718    7.52E+07     2.2924E+05    
   6.53E+07     0.98589      0.00011707    6.53E+07     0.00011707    7.53E+07     2.2842E+05    
   6.54E+07     0.98589      0.00011691    6.54E+07     0.00011691    7.54E+07     2.284E+05     
   6.55E+07     0.98589      0.00011671    6.55E+07     0.00011671    7.55E+07     2.2855E+05    
   6.56E+07     0.98589      0.00011653    6.56E+07     0.00011653    7.56E+07     2.2896E+05    
   6.57E+07     0.98589      0.00011641    6.57E+07     0.00011641    7.57E+07     2.2912E+05    
   6.58E+07     0.98589      0.0001162     6.58E+07     0.0001162     7.58E+07     2.2951E+05    
   6.59E+07     0.98588      0.00011633    6.59E+07     0.00011633    7.59E+07     2.2984E+05    
   6.6E+07      0.98587      0.00011616    6.6E+07      0.00011616    7.6E+07      2.3022E+05    
   6.61E+07     0.98587      0.00011606    6.61E+07     0.00011606    7.61E+07     2.3054E+05    
   6.62E+07     0.98587      0.00011586    6.62E+07     0.00011586    7.62E+07     2.3066E+05    
   6.63E+07     0.98587      0.00011566    6.63E+07     0.00011566    7.63E+07     2.3063E+05    
   6.64E+07     0.98587      0.00011545    6.64E+07     0.00011545    7.64E+07     2.3065E+05    
   6.65E+07     0.98587      0.00011526    6.65E+07     0.00011526    7.65E+07     2.31E+05      
   6.66E+07     0.98588      0.0001151     6.66E+07     0.0001151     7.66E+07     2.3141E+05    
   6.67E+07     0.98588      0.00011496    6.67E+07     0.00011496    7.67E+07     2.3166E+05    
   6.68E+07     0.98588      0.00011479    6.68E+07     0.00011479    7.68E+07     2.3202E+05    
   6.69E+07     0.98588      0.00011459    6.69E+07     0.00011459    7.69E+07     2.3236E+05    
   6.7E+07      0.98588      0.00011448    6.7E+07      0.00011448    7.7E+07      2.3267E+05    
   6.71E+07     0.98589      0.00011442    6.71E+07     0.00011442    7.71E+07     2.3303E+05    
   6.72E+07     0.98588      0.00011434    6.72E+07     0.00011434    7.72E+07     2.3341E+05    
   6.73E+07     0.98588      0.00011415    6.73E+07     0.00011415    7.73E+07     2.3371E+05    
   6.74E+07     0.98589      0.00011402    6.74E+07     0.00011402    7.74E+07     2.3412E+05    
   6.75E+07     0.98588      0.00011389    6.75E+07     0.00011389    7.75E+07     2.3276E+05    
   6.76E+07     0.98589      0.00011383    6.76E+07     0.00011383    7.76E+07     2.3308E+05    
   6.77E+07     0.98589      0.00011369    6.77E+07     0.00011369    7.77E+07     2.3342E+05    
   6.78E+07     0.98589      0.00011359    6.78E+07     0.00011359    7.78E+07     2.337E+05     
   6.79E+07     0.98588      0.00011382    6.79E+07     0.00011382    7.79E+07     2.3399E+05    
   6.8E+07      0.98587      0.0001137     6.8E+07      0.0001137     7.8E+07      2.3437E+05    
   6.81E+07     0.98588      0.00011366    6.81E+07     0.00011366    7.81E+07     2.3477E+05    
   6.82E+07     0.98588      0.00011352    6.82E+07     0.00011352    7.82E+07     2.3406E+05    
   6.83E+07     0.98588      0.00011335    6.83E+07     0.00011335    7.83E+07     2.3446E+05    
   6.84E+07     0.98588      0.00011321    6.84E+07     0.00011321    7.84E+07     2.3411E+05    
   6.85E+07     0.98587      0.00011305    6.85E+07     0.00011305    7.85E+07     2.3427E+05    
   6.86E+07     0.98587      0.00011289    6.86E+07     0.00011289    7.86E+07     2.3461E+05    
   6.87E+07     0.98588      0.00011279    6.87E+07     0.00011279    7.87E+07     2.3435E+05    
   6.88E+07     0.98587      0.00011265    6.88E+07     0.00011265    7.88E+07     2.3467E+05    
   6.89E+07     0.98587      0.00011246    6.89E+07     0.00011246    7.89E+07     2.3503E+05    
   6.9E+07      0.98587      0.00011229    6.9E+07      0.00011229    7.9E+07      2.3531E+05    
   6.91E+07     0.98587      0.00011212    6.91E+07     0.00011212    7.91E+07     2.3571E+05    
   6.92E+07     0.98587      0.00011197    6.92E+07     0.00011197    7.92E+07     2.3557E+05    
   6.93E+07     0.98588      0.00011199    6.93E+07     0.00011199    7.93E+07     2.3555E+05    
   6.94E+07     0.98588      0.0001118     6.94E+07     0.0001118     7.94E+07     2.3578E+05    
   6.95E+07     0.98587      0.00011201    6.95E+07     0.00011201    7.95E+07     2.3612E+05    
   6.96E+07     0.98588      0.00011261    6.96E+07     0.00011261    7.96E+07     2.3651E+05    
   6.97E+07     0.98589      0.00011243    6.97E+07     0.00011243    7.97E+07     2.3688E+05    
   6.98E+07     0.98589      0.00011225    6.98E+07     0.00011225    7.98E+07     2.3599E+05    
   6.99E+07     0.98589      0.00011207    6.99E+07     0.00011207    7.99E+07     2.3622E+05    
   7E+07        0.98588      0.00011205    7E+07        0.00011205    8E+07        2.3654E+05    
   7.01E+07     0.98588      0.00011186    7.01E+07     0.00011186    8.01E+07     2.3663E+05    
   7.02E+07     0.98589      0.00011186    7.02E+07     0.00011186    8.02E+07     2.3678E+05    
   7.03E+07     0.98587      0.00011241    7.03E+07     0.00011241    8.03E+07     2.3656E+05    
   7.04E+07     0.98587      0.00011227    7.04E+07     0.00011227    8.04E+07     2.3688E+05    
   7.05E+07     0.98587      0.00011208    7.05E+07     0.00011208    8.05E+07     2.3692E+05    
   7.06E+07     0.98587      0.00011192    7.06E+07     0.00011192    8.06E+07     2.3693E+05    
   7.07E+07     0.98587      0.00011174    7.07E+07     0.00011174    8.07E+07     2.3704E+05    
   7.08E+07     0.98587      0.00011156    7.08E+07     0.00011156    8.08E+07     2.3565E+05    
   7.09E+07     0.98588      0.00011144    7.09E+07     0.00011144    8.09E+07     2.3547E+05    
   7.1E+07      0.98588      0.00011144    7.1E+07      0.00011144    8.1E+07      2.3573E+05    
   7.11E+07     0.98588      0.0001113     7.11E+07     0.0001113     8.11E+07     2.3609E+05    
   7.12E+07     0.98588      0.00011126    7.12E+07     0.00011126    8.12E+07     2.3608E+05    
   7.13E+07     0.98588      0.00011109    7.13E+07     0.00011109    8.13E+07     2.3638E+05    
   7.14E+07     0.98588      0.00011093    7.14E+07     0.00011093    8.14E+07     2.3617E+05    
   7.15E+07     0.98587      0.00011077    7.15E+07     0.00011077    8.15E+07     2.3617E+05    
   7.16E+07     0.98588      0.00011104    7.16E+07     0.00011104    8.16E+07     2.3594E+05    
   7.17E+07     0.98588      0.000111      7.17E+07     0.000111      8.17E+07     2.3513E+05    
   7.18E+07     0.98588      0.00011084    7.18E+07     0.00011084    8.18E+07     2.3546E+05    
   7.19E+07     0.98588      0.00011068    7.19E+07     0.00011068    8.19E+07     2.3574E+05    
   7.2E+07      0.98589      0.00011074    7.2E+07      0.00011074    8.2E+07      2.3599E+05    
   7.21E+07     0.98589      0.00011057    7.21E+07     0.00011057    8.21E+07     2.3484E+05    
   7.22E+07     0.98589      0.0001104     7.22E+07     0.0001104     8.22E+07     2.3521E+05    
   7.23E+07     0.9859       0.00011065    7.23E+07     0.00011065    8.23E+07     2.3534E+05    
   7.24E+07     0.9859       0.00011052    7.24E+07     0.00011052    8.24E+07     2.3514E+05    
   7.25E+07     0.98589      0.00011096    7.25E+07     0.00011096    8.25E+07     2.3537E+05    
   7.26E+07     0.98588      0.00011088    7.26E+07     0.00011088    8.26E+07     2.3559E+05    
   7.27E+07     0.98589      0.00011074    7.27E+07     0.00011074    8.27E+07     2.3485E+05    
   7.28E+07     0.98588      0.00011084    7.28E+07     0.00011084    8.28E+07     2.3488E+05    
   7.29E+07     0.98588      0.00011068    7.29E+07     0.00011068    8.29E+07     2.3515E+05    
   7.3E+07      0.98588      0.0001105     7.3E+07      0.0001105     8.3E+07      2.355E+05     
   7.31E+07     0.98588      0.00011033    7.31E+07     0.00011033    8.31E+07     2.358E+05     
   7.32E+07     0.98588      0.00011016    7.32E+07     0.00011016    8.32E+07     2.3591E+05    
   7.33E+07     0.98589      0.00011048    7.33E+07     0.00011048    8.33E+07     2.3626E+05    
   7.34E+07     0.98589      0.00011031    7.34E+07     0.00011031    8.34E+07     2.3649E+05    
   7.35E+07     0.9859       0.00011038    7.35E+07     0.00011038    8.35E+07     2.3682E+05    
   7.36E+07     0.9859       0.00011022    7.36E+07     0.00011022    8.36E+07     2.37E+05      
   7.37E+07     0.9859       0.00011013    7.37E+07     0.00011013    8.37E+07     2.3737E+05    
   7.38E+07     0.9859       0.00011004    7.38E+07     0.00011004    8.38E+07     2.3772E+05    
   7.39E+07     0.98589      0.00011004    7.39E+07     0.00011004    8.39E+07     2.3796E+05    
   7.4E+07      0.9859       0.00010994    7.4E+07      0.00010994    8.4E+07      2.3823E+05    
   7.41E+07     0.98591      0.00011016    7.41E+07     0.00011016    8.41E+07     2.3819E+05    
   7.42E+07     0.98591      0.00011       7.42E+07     0.00011       8.42E+07     2.3855E+05    
   7.43E+07     0.9859       0.00010997    7.43E+07     0.00010997    8.43E+07     2.3845E+05    
   7.44E+07     0.9859       0.0001098     7.44E+07     0.0001098     8.44E+07     2.3846E+05    
   7.45E+07     0.98591      0.00011009    7.45E+07     0.00011009    8.45E+07     2.3857E+05    
   7.46E+07     0.98591      0.00011006    7.46E+07     0.00011006    8.46E+07     2.3864E+05    
   7.47E+07     0.9859       0.00010994    7.47E+07     0.00010994    8.47E+07     2.3895E+05    
   7.48E+07     0.98591      0.00011016    7.48E+07     0.00011016    8.48E+07     2.3928E+05    
   7.49E+07     0.98591      0.00011003    7.49E+07     0.00011003    8.49E+07     2.3921E+05    
   7.5E+07      0.98592      0.00010989    7.5E+07      0.00010989    8.5E+07      2.3952E+05    
   7.51E+07     0.98592      0.00010973    7.51E+07     0.00010973    8.51E+07     2.3961E+05    
   7.52E+07     0.98592      0.00010957    7.52E+07     0.00010957    8.52E+07     2.3997E+05    
   7.53E+07     0.98591      0.00010969    7.53E+07     0.00010969    8.53E+07     2.4022E+05    
   7.54E+07     0.9859       0.00010962    7.54E+07     0.00010962    8.54E+07     2.4052E+05    
   7.55E+07     0.9859       0.00010952    7.55E+07     0.00010952    8.55E+07     2.4043E+05    
   7.56E+07     0.9859       0.00010935    7.56E+07     0.00010935    8.56E+07     2.4066E+05    
   7.57E+07     0.9859       0.00010923    7.57E+07     0.00010923    8.57E+07     2.4102E+05    
   7.58E+07     0.9859       0.00010907    7.58E+07     0.00010907    8.58E+07     2.4123E+05    
   7.59E+07     0.9859       0.00010892    7.59E+07     0.00010892    8.59E+07     2.4146E+05    
   7.6E+07      0.9859       0.00010876    7.6E+07      0.00010876    8.6E+07      2.4114E+05    
   7.61E+07     0.9859       0.00010861    7.61E+07     0.00010861    8.61E+07     2.4148E+05    
   7.62E+07     0.9859       0.00010851    7.62E+07     0.00010851    8.62E+07     2.4126E+05    
   7.63E+07     0.9859       0.00010844    7.63E+07     0.00010844    8.63E+07     2.4002E+05    
   7.64E+07     0.98589      0.00010837    7.64E+07     0.00010837    8.64E+07     2.3996E+05    
   7.65E+07     0.98589      0.00010821    7.65E+07     0.00010821    8.65E+07     2.3995E+05    
   7.66E+07     0.98589      0.00010805    7.66E+07     0.00010805    8.66E+07     2.389E+05     
   7.67E+07     0.98589      0.00010792    7.67E+07     0.00010792    8.67E+07     2.3925E+05    
   7.68E+07     0.98589      0.00010777    7.68E+07     0.00010777    8.68E+07     2.395E+05     
   7.69E+07     0.98589      0.00010761    7.69E+07     0.00010761    8.69E+07     2.3931E+05    
   7.7E+07      0.98589      0.00010747    7.7E+07      0.00010747    8.7E+07      2.3965E+05    
   7.71E+07     0.98589      0.00010732    7.71E+07     0.00010732    8.71E+07     2.3992E+05    
   7.72E+07     0.98589      0.00010716    7.72E+07     0.00010716    8.72E+07     2.4013E+05    
   7.73E+07     0.98589      0.00010702    7.73E+07     0.00010702    8.73E+07     2.403E+05     
   7.74E+07     0.98589      0.00010686    7.74E+07     0.00010686    8.74E+07     2.4035E+05    
   7.75E+07     0.9859       0.0001071     7.75E+07     0.0001071     8.75E+07     2.4E+05       
   7.76E+07     0.9859       0.00010696    7.76E+07     0.00010696    8.76E+07     2.4028E+05    
   7.77E+07     0.9859       0.00010682    7.77E+07     0.00010682    8.77E+07     2.4032E+05    
   7.78E+07     0.9859       0.00010668    7.78E+07     0.00010668    8.78E+07     2.4008E+05    
   7.79E+07     0.98589      0.00010655    7.79E+07     0.00010655    8.79E+07     2.398E+05     
   7.8E+07      0.98589      0.00010639    7.8E+07      0.00010639    8.8E+07      2.3943E+05    
   7.81E+07     0.98589      0.00010624    7.81E+07     0.00010624    8.81E+07     2.3966E+05    
   7.82E+07     0.98589      0.00010632    7.82E+07     0.00010632    8.82E+07     2.3981E+05    
   7.83E+07     0.98589      0.00010616    7.83E+07     0.00010616    8.83E+07     2.401E+05     
   7.84E+07     0.98588      0.00010617    7.84E+07     0.00010617    8.84E+07     2.3965E+05    
   7.85E+07     0.98588      0.00010607    7.85E+07     0.00010607    8.85E+07     2.3959E+05    
   7.86E+07     0.98588      0.00010592    7.86E+07     0.00010592    8.86E+07     2.3992E+05    
   7.87E+07     0.98588      0.00010592    7.87E+07     0.00010592    8.87E+07     2.3994E+05    
   7.88E+07     0.98588      0.00010578    7.88E+07     0.00010578    8.88E+07     2.4021E+05    
   7.89E+07     0.98588      0.00010563    7.89E+07     0.00010563    8.89E+07     2.402E+05     
   7.9E+07      0.98588      0.00010549    7.9E+07      0.00010549    8.9E+07      2.4042E+05    
   7.91E+07     0.98588      0.00010534    7.91E+07     0.00010534    8.91E+07     2.4068E+05    
   7.92E+07     0.98588      0.0001053     7.92E+07     0.0001053     8.92E+07     2.4082E+05    
   7.93E+07     0.98587      0.00010524    7.93E+07     0.00010524    8.93E+07     2.4107E+05    
   7.94E+07     0.98587      0.00010512    7.94E+07     0.00010512    8.94E+07     2.4108E+05    
   7.95E+07     0.98587      0.00010498    7.95E+07     0.00010498    8.95E+07     2.4133E+05    
   7.96E+07     0.98587      0.00010483    7.96E+07     0.00010483    8.96E+07     2.4164E+05    
   7.97E+07     0.98587      0.00010468    7.97E+07     0.00010468    8.97E+07     2.4196E+05    
   7.98E+07     0.98586      0.00010481    7.98E+07     0.00010481    8.98E+07     2.4194E+05    
   7.99E+07     0.98586      0.00010469    7.99E+07     0.00010469    8.99E+07     2.4226E+05    
   8E+07        0.98586      0.00010456    8E+07        0.00010456    9E+07        2.4244E+05    
   8.01E+07     0.98586      0.00010447    8.01E+07     0.00010447    9.01E+07     2.4237E+05    
   8.02E+07     0.98587      0.00010437    8.02E+07     0.00010437    9.02E+07     2.4207E+05    
   8.03E+07     0.98586      0.00010435    8.03E+07     0.00010435    9.03E+07     2.4235E+05    
   8.04E+07     0.98586      0.00010422    8.04E+07     0.00010422    9.04E+07     2.4269E+05    
   8.05E+07     0.98586      0.00010415    8.05E+07     0.00010415    9.05E+07     2.4269E+05    
   8.06E+07     0.98585      0.00010407    8.06E+07     0.00010407    9.06E+07     2.4257E+05    
   8.07E+07     0.98586      0.00010399    8.07E+07     0.00010399    9.07E+07     2.4284E+05    
   8.08E+07     0.98585      0.00010423    8.08E+07     0.00010423    9.08E+07     2.4306E+05    
   8.09E+07     0.98584      0.0001042     8.09E+07     0.0001042     9.09E+07     2.4334E+05    
   8.1E+07      0.98585      0.00010407    8.1E+07      0.00010407    9.1E+07      2.4369E+05    
   8.11E+07     0.98584      0.00010393    8.11E+07     0.00010393    9.11E+07     2.4398E+05    
   8.12E+07     0.98585      0.00010386    8.12E+07     0.00010386    9.12E+07     2.4432E+05    
   8.13E+07     0.98585      0.00010374    8.13E+07     0.00010374    9.13E+07     2.4446E+05    
   8.14E+07     0.98586      0.00010371    8.14E+07     0.00010371    9.14E+07     2.4472E+05    
   8.15E+07     0.98585      0.00010365    8.15E+07     0.00010365    9.15E+07     2.4504E+05    
   8.16E+07     0.98586      0.00010364    8.16E+07     0.00010364    9.16E+07     2.4538E+05    
   8.17E+07     0.98585      0.00010376    8.17E+07     0.00010376    9.17E+07     2.4528E+05    
   8.18E+07     0.98585      0.00010362    8.18E+07     0.00010362    9.18E+07     2.4539E+05    
   8.19E+07     0.98585      0.00010349    8.19E+07     0.00010349    9.19E+07     2.4542E+05    
   8.2E+07      0.98585      0.00010338    8.2E+07      0.00010338    9.2E+07      2.4552E+05    
   8.21E+07     0.98584      0.00010357    8.21E+07     0.00010357    9.21E+07     2.4582E+05    
   8.22E+07     0.98584      0.00010342    8.22E+07     0.00010342    9.22E+07     2.4602E+05    
   8.23E+07     0.98584      0.00010333    8.23E+07     0.00010333    9.23E+07     2.4547E+05    
   8.24E+07     0.98584      0.00010331    8.24E+07     0.00010331    9.24E+07     2.4509E+05    
   8.25E+07     0.98584      0.0001032     8.25E+07     0.0001032     9.25E+07     2.4539E+05    
   8.26E+07     0.98584      0.00010309    8.26E+07     0.00010309    9.26E+07     2.4571E+05    
   8.27E+07     0.98584      0.00010318    8.27E+07     0.00010318    9.27E+07     2.4604E+05    
   8.28E+07     0.98584      0.00010312    8.28E+07     0.00010312    9.28E+07     2.4585E+05    
   8.29E+07     0.98584      0.000103      8.29E+07     0.000103      9.29E+07     2.4543E+05    
   8.3E+07      0.98584      0.00010286    8.3E+07      0.00010286    9.3E+07      2.4547E+05    
   8.31E+07     0.98585      0.00010273    8.31E+07     0.00010273    9.31E+07     2.4566E+05    
   8.32E+07     0.98584      0.00010264    8.32E+07     0.00010264    9.32E+07     2.456E+05     
   8.33E+07     0.98584      0.00010251    8.33E+07     0.00010251    9.33E+07     2.459E+05     
   8.34E+07     0.98585      0.0001024     8.34E+07     0.0001024     9.34E+07     2.462E+05     
   8.35E+07     0.98585      0.00010226    8.35E+07     0.00010226    9.35E+07     2.4619E+05    
   8.36E+07     0.98584      0.00010216    8.36E+07     0.00010216    9.36E+07     2.4639E+05    
   8.37E+07     0.98584      0.00010202    8.37E+07     0.00010202    9.37E+07     2.4664E+05    
   8.38E+07     0.98584      0.00010188    8.38E+07     0.00010188    9.38E+07     2.4683E+05    
   8.39E+07     0.98584      0.00010177    8.39E+07     0.00010177    9.39E+07     2.4703E+05    
   8.4E+07      0.98584      0.00010165    8.4E+07      0.00010165    9.4E+07      2.4696E+05    
   8.41E+07     0.98585      0.0001016     8.41E+07     0.0001016     9.41E+07     2.4723E+05    
   8.42E+07     0.98585      0.00010146    8.42E+07     0.00010146    9.42E+07     2.4755E+05    
   8.43E+07     0.98584      0.00010142    8.43E+07     0.00010142    9.43E+07     2.4784E+05    
   8.44E+07     0.98584      0.00010135    8.44E+07     0.00010135    9.44E+07     2.4748E+05    
   8.45E+07     0.98583      0.00010127    8.45E+07     0.00010127    9.45E+07     2.4767E+05    
   8.46E+07     0.98584      0.0001012     8.46E+07     0.0001012     9.46E+07     2.4799E+05    
   8.47E+07     0.98584      0.00010107    8.47E+07     0.00010107    9.47E+07     2.4803E+05    
   8.48E+07     0.98584      0.00010094    8.48E+07     0.00010094    9.48E+07     2.4832E+05    
   8.49E+07     0.98584      0.0001009     8.49E+07     0.0001009     9.49E+07     2.4864E+05    
   8.5E+07      0.98584      0.00010078    8.5E+07      0.00010078    9.5E+07      2.4869E+05    
   8.51E+07     0.98584      0.00010069    8.51E+07     0.00010069    9.51E+07     2.4901E+05    
   8.52E+07     0.98584      0.00010056    8.52E+07     0.00010056    9.52E+07     2.493E+05     
   8.53E+07     0.98585      0.00010045    8.53E+07     0.00010045    9.53E+07     2.4851E+05    
   8.54E+07     0.98585      0.00010033    8.54E+07     0.00010033    9.54E+07     2.4849E+05    
   8.55E+07     0.98585      0.00010028    8.55E+07     0.00010028    9.55E+07     2.4877E+05    
   8.56E+07     0.98585      0.00010017    8.56E+07     0.00010017    9.56E+07     2.4887E+05    
   8.57E+07     0.98585      0.00010004    8.57E+07     0.00010004    9.57E+07     2.489E+05     
   8.58E+07     0.98585      9.9942E-05    8.58E+07     9.9942E-05    9.58E+07     2.488E+05     
   8.59E+07     0.98585      9.983E-05     8.59E+07     9.983E-05     9.59E+07     2.4913E+05    
   8.6E+07      0.98586      9.9841E-05    8.6E+07      9.9841E-05    9.6E+07      2.4945E+05    
   8.61E+07     0.98586      9.9711E-05    8.61E+07     9.9711E-05    9.61E+07     2.4971E+05    
   8.62E+07     0.98585      9.9702E-05    8.62E+07     9.9702E-05    9.62E+07     2.4951E+05    
   8.63E+07     0.98584      9.9904E-05    8.63E+07     9.9904E-05    9.63E+07     2.4919E+05    
   8.64E+07     0.98585      9.9851E-05    8.64E+07     9.9851E-05    9.64E+07     2.4885E+05    
   8.65E+07     0.98585      9.9798E-05    8.65E+07     9.9798E-05    9.65E+07     2.4907E+05    
   8.66E+07     0.98584      9.996E-05     8.66E+07     9.996E-05     9.66E+07     2.4907E+05    
   8.67E+07     0.98585      9.9833E-05    8.67E+07     9.9833E-05    9.67E+07     2.4851E+05    
   8.68E+07     0.98585      9.9716E-05    8.68E+07     9.9716E-05    9.68E+07     2.4859E+05    
   8.69E+07     0.98585      9.9702E-05    8.69E+07     9.9702E-05    9.69E+07     2.4854E+05    
   8.7E+07      0.98585      9.9573E-05    8.7E+07      9.9573E-05    9.7E+07      2.4831E+05    
   8.71E+07     0.98585      9.9461E-05    8.71E+07     9.9461E-05    9.71E+07     2.4862E+05    
   8.72E+07     0.98586      9.9351E-05    8.72E+07     9.9351E-05    9.72E+07     2.4864E+05    
   8.73E+07     0.98585      9.926E-05     8.73E+07     9.926E-05     9.73E+07     2.4863E+05    
   8.74E+07     0.98585      9.9194E-05    8.74E+07     9.9194E-05    9.74E+07     2.4875E+05    
   8.75E+07     0.98584      9.9212E-05    8.75E+07     9.9212E-05    9.75E+07     2.4866E+05    
   8.76E+07     0.98585      9.9093E-05    8.76E+07     9.9093E-05    9.76E+07     2.4896E+05    
   8.77E+07     0.98585      9.903E-05     8.77E+07     9.903E-05     9.77E+07     2.4907E+05    
   8.78E+07     0.98584      9.9025E-05    8.78E+07     9.9025E-05    9.78E+07     2.4935E+05    
   8.79E+07     0.98585      9.9026E-05    8.79E+07     9.9026E-05    9.79E+07     2.4962E+05    
   8.8E+07      0.98585      9.9041E-05    8.8E+07      9.9041E-05    9.8E+07      2.4919E+05    
   8.81E+07     0.98586      9.8937E-05    8.81E+07     9.8937E-05    9.81E+07     2.4841E+05    
   8.82E+07     0.98585      9.8852E-05    8.82E+07     9.8852E-05    9.82E+07     2.4812E+05    
   8.83E+07     0.98585      9.8737E-05    8.83E+07     9.8737E-05    9.83E+07     2.4841E+05    
   8.84E+07     0.98586      9.8771E-05    8.84E+07     9.8771E-05    9.84E+07     2.4837E+05    
   8.85E+07     0.98586      9.8725E-05    8.85E+07     9.8725E-05    9.85E+07     2.4866E+05    
   8.86E+07     0.98586      9.8603E-05    8.86E+07     9.8603E-05    9.86E+07     2.4849E+05    
   8.87E+07     0.98587      9.8542E-05    8.87E+07     9.8542E-05    9.87E+07     2.4878E+05    
   8.88E+07     0.98587      9.8425E-05    8.88E+07     9.8425E-05    9.88E+07     2.4907E+05    
   8.89E+07     0.98586      9.8372E-05    8.89E+07     9.8372E-05    9.89E+07     2.4923E+05    
   8.9E+07      0.98586      9.8275E-05    8.9E+07      9.8275E-05    9.9E+07      2.4948E+05    
   8.91E+07     0.98586      9.8169E-05    8.91E+07     9.8169E-05    9.91E+07     2.4933E+05    
   8.92E+07     0.98586      9.8078E-05    8.92E+07     9.8078E-05    9.92E+07     2.4962E+05    
   8.93E+07     0.98586      9.7975E-05    8.93E+07     9.7975E-05    9.93E+07     2.4979E+05    
   8.94E+07     0.98585      9.7919E-05    8.94E+07     9.7919E-05    9.94E+07     2.4994E+05    
   8.95E+07     0.98585      9.7815E-05    8.95E+07     9.7815E-05    9.95E+07     2.4936E+05    
   8.96E+07     0.98585      9.7699E-05    8.96E+07     9.7699E-05    9.96E+07     2.4937E+05    
   8.97E+07     0.98585      9.7581E-05    8.97E+07     9.7581E-05    9.97E+07     2.4727E+05    
   8.98E+07     0.98585      9.7532E-05    8.98E+07     9.7532E-05    9.98E+07     2.4752E+05    
   8.99E+07     0.98585      9.7415E-05    8.99E+07     9.7415E-05    9.99E+07     2.4777E+05    
   9E+07        0.98585      9.7325E-05    9E+07        9.7325E-05    1E+08        2.4754E+05    
   9.01E+07     0.98585      9.7282E-05    9.01E+07     9.7282E-05    
   9.02E+07     0.98584      9.7285E-05    9.02E+07     9.7285E-05    
   9.03E+07     0.98584      9.7176E-05    9.03E+07     9.7176E-05    
   9.04E+07     0.98584      9.7059E-05    9.04E+07     9.7059E-05    
   9.05E+07     0.98585      9.6997E-05    9.05E+07     9.6997E-05    
   9.06E+07     0.98585      9.697E-05     9.06E+07     9.697E-05     
   9.07E+07     0.98585      9.6863E-05    9.07E+07     9.6863E-05    
   9.08E+07     0.98585      9.6767E-05    9.08E+07     9.6767E-05    
   9.09E+07     0.98585      9.665E-05     9.09E+07     9.665E-05     
   9.1E+07      0.98585      9.6531E-05    9.1E+07      9.6531E-05    
   9.11E+07     0.98585      9.6419E-05    9.11E+07     9.6419E-05    
   9.12E+07     0.98585      9.6303E-05    9.12E+07     9.6303E-05    
   9.13E+07     0.98585      9.6212E-05    9.13E+07     9.6212E-05    
   9.14E+07     0.98585      9.6112E-05    9.14E+07     9.6112E-05    
   9.15E+07     0.98585      9.5996E-05    9.15E+07     9.5996E-05    
   9.16E+07     0.98585      9.5879E-05    9.16E+07     9.5879E-05    
   9.17E+07     0.98584      9.5836E-05    9.17E+07     9.5836E-05    
   9.18E+07     0.98585      9.5766E-05    9.18E+07     9.5766E-05    
   9.19E+07     0.98584      9.5706E-05    9.19E+07     9.5706E-05    
   9.2E+07      0.98585      9.5638E-05    9.2E+07      9.5638E-05    
   9.21E+07     0.98585      9.5523E-05    9.21E+07     9.5523E-05    
   9.22E+07     0.98585      9.5432E-05    9.22E+07     9.5432E-05    
   9.23E+07     0.98585      9.549E-05     9.23E+07     9.549E-05     
   9.24E+07     0.98586      9.5512E-05    9.24E+07     9.5512E-05    
   9.25E+07     0.98586      9.5397E-05    9.25E+07     9.5397E-05    
   9.26E+07     0.98586      9.5283E-05    9.26E+07     9.5283E-05    
   9.27E+07     0.98586      9.5171E-05    9.27E+07     9.5171E-05    
   9.28E+07     0.98585      9.5157E-05    9.28E+07     9.5157E-05    
   9.29E+07     0.98585      9.5182E-05    9.29E+07     9.5182E-05    
   9.3E+07      0.98585      9.512E-05     9.3E+07      9.512E-05     
   9.31E+07     0.98585      9.5036E-05    9.31E+07     9.5036E-05    
   9.32E+07     0.98585      9.4991E-05    9.32E+07     9.4991E-05    
   9.33E+07     0.98585      9.4879E-05    9.33E+07     9.4879E-05    
   9.34E+07     0.98585      9.477E-05     9.34E+07     9.477E-05     
   9.35E+07     0.98586      9.4725E-05    9.35E+07     9.4725E-05    
   9.36E+07     0.98586      9.4637E-05    9.36E+07     9.4637E-05    
   9.37E+07     0.98586      9.4529E-05    9.37E+07     9.4529E-05    
   9.38E+07     0.98586      9.4445E-05    9.38E+07     9.4445E-05    
   9.39E+07     0.98585      9.4356E-05    9.39E+07     9.4356E-05    
   9.4E+07      0.98586      9.4321E-05    9.4E+07      9.4321E-05    
   9.41E+07     0.98586      9.4209E-05    9.41E+07     9.4209E-05    
   9.42E+07     0.98586      9.4102E-05    9.42E+07     9.4102E-05    
   9.43E+07     0.98586      9.3997E-05    9.43E+07     9.3997E-05    
   9.44E+07     0.98585      9.4018E-05    9.44E+07     9.4018E-05    
   9.45E+07     0.98586      9.3929E-05    9.45E+07     9.3929E-05    
   9.46E+07     0.98586      9.3821E-05    9.46E+07     9.3821E-05    
   9.47E+07     0.98586      9.3765E-05    9.47E+07     9.3765E-05    
   9.48E+07     0.98586      9.3664E-05    9.48E+07     9.3664E-05    
   9.49E+07     0.98586      9.3553E-05    9.49E+07     9.3553E-05    
   9.5E+07      0.98586      9.3491E-05    9.5E+07      9.3491E-05    
   9.51E+07     0.98586      9.3386E-05    9.51E+07     9.3386E-05    
   9.52E+07     0.98586      9.3279E-05    9.52E+07     9.3279E-05    
   9.53E+07     0.98585      9.3382E-05    9.53E+07     9.3382E-05    
   9.54E+07     0.98585      9.3329E-05    9.54E+07     9.3329E-05    
   9.55E+07     0.98585      9.3231E-05    9.55E+07     9.3231E-05    
   9.56E+07     0.98585      9.3162E-05    9.56E+07     9.3162E-05    
   9.57E+07     0.98585      9.311E-05     9.57E+07     9.311E-05     
   9.58E+07     0.98585      9.3073E-05    9.58E+07     9.3073E-05    
   9.59E+07     0.98585      9.2964E-05    9.59E+07     9.2964E-05    
   9.6E+07      0.98585      9.2856E-05    9.6E+07      9.2856E-05    
   9.61E+07     0.98585      9.2763E-05    9.61E+07     9.2763E-05    
   9.62E+07     0.98584      9.2745E-05    9.62E+07     9.2745E-05    
   9.63E+07     0.98585      9.2758E-05    9.63E+07     9.2758E-05    
   9.64E+07     0.98584      9.2775E-05    9.64E+07     9.2775E-05    
   9.65E+07     0.98584      9.2688E-05    9.65E+07     9.2688E-05    
   9.66E+07     0.98585      9.2637E-05    9.66E+07     9.2637E-05    
   9.67E+07     0.98585      9.2693E-05    9.67E+07     9.2693E-05    
   9.68E+07     0.98586      9.2632E-05    9.68E+07     9.2632E-05    
   9.69E+07     0.98585      9.2593E-05    9.69E+07     9.2593E-05    
   9.7E+07      0.98585      9.2584E-05    9.7E+07      9.2584E-05    
   9.71E+07     0.98585      9.2479E-05    9.71E+07     9.2479E-05    
   9.72E+07     0.98584      9.2431E-05    9.72E+07     9.2431E-05    
   9.73E+07     0.98584      9.2385E-05    9.73E+07     9.2385E-05    
   9.74E+07     0.98584      9.2308E-05    9.74E+07     9.2308E-05    
   9.75E+07     0.98585      9.2278E-05    9.75E+07     9.2278E-05    
   9.76E+07     0.98585      9.2178E-05    9.76E+07     9.2178E-05    
   9.77E+07     0.98584      9.2109E-05    9.77E+07     9.2109E-05    
   9.78E+07     0.98584      9.2005E-05    9.78E+07     9.2005E-05    
   9.79E+07     0.98584      9.1909E-05    9.79E+07     9.1909E-05    
   9.8E+07      0.98584      9.1943E-05    9.8E+07      9.1943E-05    
   9.81E+07     0.98585      9.2043E-05    9.81E+07     9.2043E-05    
   9.82E+07     0.98584      9.2042E-05    9.82E+07     9.2042E-05    
   9.83E+07     0.98584      9.1944E-05    9.83E+07     9.1944E-05    
   9.84E+07     0.98584      9.1906E-05    9.84E+07     9.1906E-05    
   9.85E+07     0.98584      9.1807E-05    9.85E+07     9.1807E-05    
   9.86E+07     0.98583      9.1788E-05    9.86E+07     9.1788E-05    
   9.87E+07     0.98583      9.1689E-05    9.87E+07     9.1689E-05    
   9.88E+07     0.98583      9.1589E-05    9.88E+07     9.1589E-05    
   9.89E+07     0.98583      9.1515E-05    9.89E+07     9.1515E-05    
   9.9E+07      0.98583      9.1419E-05    9.9E+07      9.1419E-05    
   9.91E+07     0.98583      9.1402E-05    9.91E+07     9.1402E-05    
   9.92E+07     0.98583      9.1304E-05    9.92E+07     9.1304E-05    
   9.93E+07     0.98583      9.1229E-05    9.93E+07     9.1229E-05    
   9.94E+07     0.98583      9.1148E-05    9.94E+07     9.1148E-05    
   9.95E+07     0.98582      9.1211E-05    9.95E+07     9.1211E-05    
   9.96E+07     0.98582      9.1167E-05    9.96E+07     9.1167E-05    
   9.97E+07     0.98582      9.1506E-05    9.97E+07     9.1506E-05    
   9.98E+07     0.98581      9.1416E-05    9.98E+07     9.1416E-05    
   9.99E+07     0.98582      9.1318E-05    9.99E+07     9.1318E-05    
   1E+08        0.98582      9.1318E-05    1E+08        9.1318E-05    
