# This file is written with the intent of being used to plot the data with 
# Gnuplot.  It contains no information regarding how the plot should be 
# formatted.
# =========================================================================
# Research/ArnoldivsPower -f Power1-44.dat -t 100000 -A -c 100 -C 900 -w 20 -b 75 -r  seed = 217839288
# filename = Power1-44.dat, run = true, power = true, Arnoldi = false, storevectors = 0, raw = false, evectors = 2, evalues = 2, residual = false, arnoldimethod = implicit, tol = 2.22045e-16, verbose = 1, seed = 0, width = 20, bins = 75, acycles = 900, incycles = 100, active = 20, inactive = 0, Iterations = 10, numValues = 2, relaxed = 0, tracks = 100000, ignore_rest = false, version = false, help = false, 

#  1            2            3             4            5             6            7             8            9            
# |-            Power values           -| |-   Power eValues SD   -| |-       FOM-Power      -| |-     Power vector     -| 
#  x-coord      y-coord      error         x-coord      y-coord       x-coord      y-coord       x-coord      y-coord       
   1E+05        0.95551      0             1E+05        0             1.01E+07     0             0.13333      0.017575      
   2E+05        0.96794      0             2E+05        0             1.02E+07     38010         0.4          0.024584      
   3E+05        0.97226      0             3E+05        0             1.03E+07     13102         0.66667      0.031053      
   4E+05        0.9762       0             4E+05        0             1.04E+07     18152         0.93333      0.037202      
   5E+05        0.97603      0             5E+05        0             1.05E+07     26193         1.2          0.043427      
   6E+05        0.97822      0             6E+05        0             1.06E+07     37243         1.4667       0.049419      
   7E+05        0.98045      0             7E+05        0             1.07E+07     48141         1.7333       0.055455      
   8E+05        0.9826       0             8E+05        0             1.08E+07     24495         2            0.060976      
   9E+05        0.97928      0             9E+05        0             1.09E+07     20740         2.2667       0.066948      
   1E+06        0.97971      0             1E+06        0             1.1E+07      24591         2.5333       0.072504      
   1.1E+06      0.98171      0             1.1E+06      0             1.11E+07     27621         2.8          0.078187      
   1.2E+06      0.98236      0             1.2E+06      0             1.12E+07     32520         3.0667       0.083324      
   1.3E+06      0.98053      0             1.3E+06      0             1.13E+07     36942         3.3333       0.088296      
   1.4E+06      0.98295      0             1.4E+06      0             1.14E+07     41586         3.6          0.093562      
   1.5E+06      0.98849      0             1.5E+06      0             1.15E+07     46435         3.8667       0.098419      
   1.6E+06      0.98123      0             1.6E+06      0             1.16E+07     45486         4.1333       0.10296       
   1.7E+06      0.98578      0             1.7E+06      0             1.17E+07     43411         4.4          0.10751       
   1.8E+06      0.98799      0             1.8E+06      0             1.18E+07     38134         4.6667       0.11172       
   1.9E+06      0.98608      0             1.9E+06      0             1.19E+07     41906         4.9333       0.11606       
   2E+06        0.98723      0             2E+06        0             1.2E+07      43860         5.2          0.11991       
   2.1E+06      0.98436      0             2.1E+06      0             1.21E+07     47935         5.4667       0.12398       
   2.2E+06      0.98154      0             2.2E+06      0             1.22E+07     51545         5.7333       0.12713       
   2.3E+06      0.9894       0             2.3E+06      0             1.23E+07     54925         6            0.13083       
   2.4E+06      0.98401      0             2.4E+06      0             1.24E+07     59034         6.2667       0.13407       
   2.5E+06      0.98699      0             2.5E+06      0             1.25E+07     63433         6.5333       0.13731       
   2.6E+06      0.9876       0             2.6E+06      0             1.26E+07     67928         6.8          0.14033       
   2.7E+06      0.98926      0             2.7E+06      0             1.27E+07     72511         7.0667       0.14277       
   2.8E+06      0.98659      0             2.8E+06      0             1.28E+07     77254         7.3333       0.14479       
   2.9E+06      0.97947      0             2.9E+06      0             1.29E+07     81971         7.6          0.14721       
   3E+06        0.98096      0             3E+06        0             1.3E+07      86244         7.8667       0.14904       
   3.1E+06      0.98772      0             3.1E+06      0             1.31E+07     91409         8.1333       0.15134       
   3.2E+06      0.98463      0             3.2E+06      0             1.32E+07     95034         8.4          0.15302       
   3.3E+06      0.98455      0             3.3E+06      0             1.33E+07     97745         8.6667       0.15409       
   3.4E+06      0.98901      0             3.4E+06      0             1.34E+07     1.0057E+05    8.9333       0.15509       
   3.5E+06      0.98812      0             3.5E+06      0             1.35E+07     93848         9.2          0.15637       
   3.6E+06      0.98512      0             3.6E+06      0             1.36E+07     98408         9.4667       0.15651       
   3.7E+06      0.98405      0             3.7E+06      0             1.37E+07     99369         9.7333       0.15682       
   3.8E+06      0.98392      0             3.8E+06      0             1.38E+07     1.0319E+05    10           0.15688       
   3.9E+06      0.99026      0             3.9E+06      0             1.39E+07     1.0549E+05    10.267       0.15721       
   4E+06        0.98211      0             4E+06        0             1.4E+07      1.0025E+05    10.533       0.15736       
   4.1E+06      0.98619      0             4.1E+06      0             1.41E+07     1.0032E+05    10.8         0.15664       
   4.2E+06      0.98793      0             4.2E+06      0             1.42E+07     1.041E+05     11.067       0.15565       
   4.3E+06      0.98592      0             4.3E+06      0             1.43E+07     1.0831E+05    11.333       0.1546        
   4.4E+06      0.98599      0             4.4E+06      0             1.44E+07     1.1195E+05    11.6         0.1538        
   4.5E+06      0.98242      0             4.5E+06      0             1.45E+07     1.1377E+05    11.867       0.15187       
   4.6E+06      0.98738      0             4.6E+06      0             1.46E+07     1.1672E+05    12.133       0.15007       
   4.7E+06      0.9858       0             4.7E+06      0             1.47E+07     1.092E+05     12.4         0.14864       
   4.8E+06      0.9853       0             4.8E+06      0             1.48E+07     1.1314E+05    12.667       0.14621       
   4.9E+06      0.98503      0             4.9E+06      0             1.49E+07     1.132E+05     12.933       0.14358       
   5E+06        0.98522      0             5E+06        0             1.5E+07      1.142E+05     13.2         0.14116       
   5.1E+06      0.99168      0             5.1E+06      0             1.51E+07     1.1708E+05    13.467       0.13853       
   5.2E+06      0.98346      0             5.2E+06      0             1.52E+07     1.2081E+05    13.733       0.13514       
   5.3E+06      0.98882      0             5.3E+06      0             1.53E+07     1.2427E+05    14           0.13211       
   5.4E+06      0.98031      0             5.4E+06      0             1.54E+07     1.2766E+05    14.267       0.12859       
   5.5E+06      0.98151      0             5.5E+06      0             1.55E+07     1.3048E+05    14.533       0.12516       
   5.6E+06      0.98891      0             5.6E+06      0             1.56E+07     1.2795E+05    14.8         0.12109       
   5.7E+06      0.98444      0             5.7E+06      0             1.57E+07     1.3141E+05    15.067       0.11702       
   5.8E+06      0.98823      0             5.8E+06      0             1.58E+07     1.3018E+05    15.333       0.11265       
   5.9E+06      0.98736      0             5.9E+06      0             1.59E+07     1.3357E+05    15.6         0.10838       
   6E+06        0.988        0             6E+06        0             1.6E+07      1.3682E+05    15.867       0.1039        
   6.1E+06      0.98668      0             6.1E+06      0             1.61E+07     1.4042E+05    16.133       0.098805      
   6.2E+06      0.98779      0             6.2E+06      0             1.62E+07     1.4386E+05    16.4         0.094057      
   6.3E+06      0.98533      0             6.3E+06      0             1.63E+07     1.4642E+05    16.667       0.088725      
   6.4E+06      0.98404      0             6.4E+06      0             1.64E+07     1.4783E+05    16.933       0.083606      
   6.5E+06      0.98542      0             6.5E+06      0             1.65E+07     1.4992E+05    17.2         0.078566      
   6.6E+06      0.98458      0             6.6E+06      0             1.66E+07     1.5252E+05    17.467       0.073105      
   6.7E+06      0.98747      0             6.7E+06      0             1.67E+07     1.5544E+05    17.733       0.067426      
   6.8E+06      0.98648      0             6.8E+06      0             1.68E+07     1.5434E+05    18           0.061749      
   6.9E+06      0.98848      0             6.9E+06      0             1.69E+07     1.5784E+05    18.267       0.05575       
   7E+06        0.98673      0             7E+06        0             1.7E+07      1.6106E+05    18.533       0.049961      
   7.1E+06      0.99         0             7.1E+06      0             1.71E+07     1.6287E+05    18.8         0.043723      
   7.2E+06      0.98826      0             7.2E+06      0             1.72E+07     1.6175E+05    19.067       0.037414      
   7.3E+06      0.98839      0             7.3E+06      0             1.73E+07     1.625E+05     19.333       0.03138       
   7.4E+06      0.9844       0             7.4E+06      0             1.74E+07     1.627E+05     19.6         0.024971      
   7.5E+06      0.98578      0             7.5E+06      0             1.75E+07     1.6585E+05    19.867       0.017751      
   7.6E+06      0.9814       0             7.6E+06      0             1.76E+07     1.6654E+05    
   7.7E+06      0.99087      0             7.7E+06      0             1.77E+07     1.7003E+05    
   7.8E+06      0.98277      0             7.8E+06      0             1.78E+07     1.7008E+05    
   7.9E+06      0.98588      0             7.9E+06      0             1.79E+07     1.718E+05     
   8E+06        0.98589      0             8E+06        0             1.8E+07      1.7514E+05    
   8.1E+06      0.98424      0             8.1E+06      0             1.81E+07     1.7631E+05    
   8.2E+06      0.98476      0             8.2E+06      0             1.82E+07     1.77E+05      
   8.3E+06      0.98563      0             8.3E+06      0             1.83E+07     1.7218E+05    
   8.4E+06      0.98444      0             8.4E+06      0             1.84E+07     1.7364E+05    
   8.5E+06      0.98528      0             8.5E+06      0             1.85E+07     1.7673E+05    
   8.6E+06      0.98584      0             8.6E+06      0             1.86E+07     1.7878E+05    
   8.7E+06      0.98331      0             8.7E+06      0             1.87E+07     1.8187E+05    
   8.8E+06      0.98284      0             8.8E+06      0             1.88E+07     1.8508E+05    
   8.9E+06      0.98513      0             8.9E+06      0             1.89E+07     1.8772E+05    
   9E+06        0.9869       0             9E+06        0             1.9E+07      1.8731E+05    
   9.1E+06      0.98837      0             9.1E+06      0             1.91E+07     1.8971E+05    
   9.2E+06      0.98537      0             9.2E+06      0             1.92E+07     1.8923E+05    
   9.3E+06      0.98647      0             9.3E+06      0             1.93E+07     1.8775E+05    
   9.4E+06      0.98789      0             9.4E+06      0             1.94E+07     1.9019E+05    
   9.5E+06      0.98585      0             9.5E+06      0             1.95E+07     1.9316E+05    
   9.6E+06      0.98738      0             9.6E+06      0             1.96E+07     1.9573E+05    
   9.7E+06      0.9884       0             9.7E+06      0             1.97E+07     1.9496E+05    
   9.8E+06      0.9849       0             9.8E+06      0             1.98E+07     1.9433E+05    
   9.9E+06      0.98382      0             9.9E+06      0             1.99E+07     1.9672E+05    
   1E+07        0.99142      0             1E+07        0             2E+07        1.997E+05     
   1.01E+07     0.98755      2.1699E-09    1.01E+07     2.1699E-09    2.01E+07     2.0111E+05    
   1.02E+07     0.98649      0.00074369    1.02E+07     0.00074369    2.02E+07     2.0248E+05    
   1.03E+07     0.98508      0.0012596     1.03E+07     0.0012596     2.03E+07     2.0205E+05    
   1.04E+07     0.98564      0.001065      1.04E+07     0.001065      2.04E+07     2.0261E+05    
   1.05E+07     0.9859       0.0008822     1.05E+07     0.0008822     2.05E+07     2.0502E+05    
   1.06E+07     0.98595      0.00073643    1.06E+07     0.00073643    2.06E+07     2.0724E+05    
   1.07E+07     0.98581      0.00064432    1.07E+07     0.00064432    2.07E+07     2.0784E+05    
   1.08E+07     0.98506      0.00089901    1.08E+07     0.00089901    2.08E+07     2.1076E+05    
   1.09E+07     0.98565      0.00097263    1.09E+07     0.00097263    2.09E+07     2.1175E+05    
   1.1E+07      0.98548      0.00088914    1.1E+07      0.00088914    2.1E+07      1.9617E+05    
   1.11E+07     0.98526      0.00083517    1.11E+07     0.00083517    2.11E+07     1.9881E+05    
   1.12E+07     0.98523      0.00076625    1.12E+07     0.00076625    2.12E+07     2.0105E+05    
   1.13E+07     0.98511      0.00071587    1.13E+07     0.00071587    2.13E+07     2.0245E+05    
   1.14E+07     0.98521      0.00067174    1.14E+07     0.00067174    2.14E+07     1.9886E+05    
   1.15E+07     0.98512      0.00063277    1.15E+07     0.00063277    2.15E+07     1.9773E+05    
   1.16E+07     0.98536      0.0006366     1.16E+07     0.0006366     2.16E+07     1.9388E+05    
   1.17E+07     0.98511      0.00064883    1.17E+07     0.00064883    2.17E+07     1.9335E+05    
   1.18E+07     0.98543      0.00068941    1.18E+07     0.00068941    2.18E+07     1.9444E+05    
   1.19E+07     0.98547      0.00065441    1.19E+07     0.00065441    2.19E+07     1.9667E+05    
   1.2E+07      0.98562      0.00063709    1.2E+07      0.00063709    2.2E+07      1.9729E+05    
   1.21E+07     0.98562      0.00060681    1.21E+07     0.00060681    2.21E+07     1.8596E+05    
   1.22E+07     0.98569      0.00058284    1.22E+07     0.00058284    2.22E+07     1.8665E+05    
   1.23E+07     0.98576      0.00056215    1.23E+07     0.00056215    2.23E+07     1.8885E+05    
   1.24E+07     0.9858       0.00053993    1.24E+07     0.00053993    2.24E+07     1.8741E+05    
   1.25E+07     0.98578      0.00051872    1.25E+07     0.00051872    2.25E+07     1.8954E+05    
   1.26E+07     0.98581      0.00049933    1.26E+07     0.00049933    2.26E+07     1.9169E+05    
   1.27E+07     0.98578      0.0004814     1.27E+07     0.0004814     2.27E+07     1.8873E+05    
   1.28E+07     0.98579      0.00046434    1.28E+07     0.00046434    2.28E+07     1.9039E+05    
   1.29E+07     0.98577      0.0004491     1.29E+07     0.0004491     2.29E+07     1.9244E+05    
   1.3E+07      0.98581      0.00043609    1.3E+07      0.00043609    2.3E+07      1.9285E+05    
   1.31E+07     0.9858       0.00042204    1.31E+07     0.00042204    2.31E+07     1.9482E+05    
   1.32E+07     0.98586      0.0004122     1.32E+07     0.0004122     2.32E+07     1.9603E+05    
   1.33E+07     0.98579      0.00040497    1.33E+07     0.00040497    2.33E+07     1.9588E+05    
   1.34E+07     0.98585      0.00039772    1.34E+07     0.00039772    2.34E+07     1.9768E+05    
   1.35E+07     0.98599      0.00041024    1.35E+07     0.00041024    2.35E+07     1.935E+05     
   1.36E+07     0.98598      0.00039894    1.36E+07     0.00039894    2.36E+07     1.9467E+05    
   1.37E+07     0.98591      0.00039562    1.37E+07     0.00039562    2.37E+07     1.9656E+05    
   1.38E+07     0.98594      0.00038684    1.38E+07     0.00038684    2.38E+07     1.9377E+05    
   1.39E+07     0.98588      0.00038128    1.39E+07     0.00038128    2.39E+07     1.9063E+05    
   1.4E+07      0.98577      0.00038974    1.4E+07      0.00038974    2.4E+07      1.919E+05     
   1.41E+07     0.98569      0.00038811    1.41E+07     0.00038811    2.41E+07     1.9314E+05    
   1.42E+07     0.98571      0.00037972    1.42E+07     0.00037972    2.42E+07     1.9479E+05    
   1.43E+07     0.98571      0.00037094    1.43E+07     0.00037094    2.43E+07     1.9615E+05    
   1.44E+07     0.98574      0.00036365    1.44E+07     0.00036365    2.44E+07     1.9748E+05    
   1.45E+07     0.98579      0.00035935    1.45E+07     0.00035935    2.45E+07     1.9893E+05    
   1.46E+07     0.98575      0.00035361    1.46E+07     0.00035361    2.46E+07     1.9312E+05    
   1.47E+07     0.98563      0.00036433    1.47E+07     0.00036433    2.47E+07     1.9478E+05    
   1.48E+07     0.98564      0.00035678    1.48E+07     0.00035678    2.48E+07     1.9579E+05    
   1.49E+07     0.98557      0.00035539    1.49E+07     0.00035539    2.49E+07     1.9752E+05    
   1.5E+07      0.98552      0.00035264    1.5E+07      0.00035264    2.5E+07      1.9924E+05    
   1.51E+07     0.98549      0.00034717    1.51E+07     0.00034717    2.51E+07     1.9905E+05    
   1.52E+07     0.98548      0.0003406     1.52E+07     0.0003406     2.52E+07     2.0037E+05    
   1.53E+07     0.98546      0.00033463    1.53E+07     0.00033463    2.53E+07     2.0215E+05    
   1.54E+07     0.98548      0.00032907    1.54E+07     0.00032907    2.54E+07     2.0363E+05    
   1.55E+07     0.98551      0.00032449    1.55E+07     0.00032449    2.55E+07     2.0533E+05    
   1.56E+07     0.98544      0.00032664    1.56E+07     0.00032664    2.56E+07     1.9913E+05    
   1.57E+07     0.98545      0.00032117    1.57E+07     0.00032117    2.57E+07     2.0088E+05    
   1.58E+07     0.98552      0.00032162    1.58E+07     0.00032162    2.58E+07     1.9784E+05    
   1.59E+07     0.98553      0.00031657    1.59E+07     0.00031657    2.59E+07     1.9077E+05    
   1.6E+07      0.98555      0.00031183    1.6E+07      0.00031183    2.6E+07      1.9222E+05    
   1.61E+07     0.98556      0.0003068     1.61E+07     0.0003068     2.61E+07     1.937E+05     
   1.62E+07     0.98557      0.00030214    1.62E+07     0.00030214    2.62E+07     1.9503E+05    
   1.63E+07     0.9856       0.00029855    1.63E+07     0.00029855    2.63E+07     1.9668E+05    
   1.64E+07     0.98563      0.00029625    1.64E+07     0.00029625    2.64E+07     1.976E+05     
   1.65E+07     0.9856       0.00029328    1.65E+07     0.00029328    2.65E+07     1.9928E+05    
   1.66E+07     0.98558      0.00028984    1.66E+07     0.00028984    2.66E+07     2.0082E+05    
   1.67E+07     0.98556      0.00028623    1.67E+07     0.00028623    2.67E+07     2.0237E+05    
   1.68E+07     0.98551      0.00028643    1.68E+07     0.00028643    2.68E+07     2.0372E+05    
   1.69E+07     0.98552      0.00028239    1.69E+07     0.00028239    2.69E+07     2.0422E+05    
   1.7E+07      0.98553      0.00027859    1.7E+07      0.00027859    2.7E+07      2.0151E+05    
   1.71E+07     0.9855       0.00027626    1.71E+07     0.00027626    2.71E+07     2.0239E+05    
   1.72E+07     0.98545      0.00027639    1.72E+07     0.00027639    2.72E+07     2.0372E+05    
   1.73E+07     0.98549      0.00027499    1.73E+07     0.00027499    2.73E+07     2.0461E+05    
   1.74E+07     0.98553      0.00027381    1.74E+07     0.00027381    2.74E+07     2.0298E+05    
   1.75E+07     0.98551      0.00027042    1.75E+07     0.00027042    2.75E+07     2.0453E+05    
   1.76E+07     0.98555      0.00026905    1.76E+07     0.00026905    2.76E+07     2.0615E+05    
   1.77E+07     0.98555      0.00026556    1.77E+07     0.00026556    2.77E+07     2.0752E+05    
   1.78E+07     0.98559      0.00026469    1.78E+07     0.00026469    2.78E+07     2.0906E+05    
   1.79E+07     0.98561      0.00026265    1.79E+07     0.00026265    2.79E+07     2.1036E+05    
   1.8E+07      0.98562      0.00025938    1.8E+07      0.00025938    2.8E+07      2.1169E+05    
   1.81E+07     0.98564      0.00025784    1.81E+07     0.00025784    2.81E+07     2.0989E+05    
   1.82E+07     0.98568      0.00025651    1.82E+07     0.00025651    2.82E+07     2.1127E+05    
   1.83E+07     0.98573      0.0002594     1.83E+07     0.0002594     2.83E+07     2.0905E+05    
   1.84E+07     0.9857       0.00025762    1.84E+07     0.00025762    2.84E+07     2.106E+05     
   1.85E+07     0.9857       0.00025468    1.85E+07     0.00025468    2.85E+07     2.1189E+05    
   1.86E+07     0.98572      0.00025246    1.86E+07     0.00025246    2.86E+07     2.1308E+05    
   1.87E+07     0.98572      0.00024963    1.87E+07     0.00024963    2.87E+07     2.139E+05     
   1.88E+07     0.98572      0.00024682    1.88E+07     0.00024682    2.88E+07     2.1538E+05    
   1.89E+07     0.98571      0.00024442    1.89E+07     0.00024442    2.89E+07     2.1613E+05    
   1.9E+07      0.98574      0.00024408    1.9E+07      0.00024408    2.9E+07      2.1758E+05    
   1.91E+07     0.98575      0.00024181    1.91E+07     0.00024181    2.91E+07     2.1457E+05    
   1.92E+07     0.98572      0.00024152    1.92E+07     0.00024152    2.92E+07     2.1552E+05    
   1.93E+07     0.98576      0.00024183    1.93E+07     0.00024183    2.93E+07     2.1704E+05    
   1.94E+07     0.98574      0.00023968    1.94E+07     0.00023968    2.94E+07     2.1805E+05    
   1.95E+07     0.98575      0.00023717    1.95E+07     0.00023717    2.95E+07     2.1789E+05    
   1.96E+07     0.98573      0.00023502    1.96E+07     0.00023502    2.96E+07     2.1382E+05    
   1.97E+07     0.98577      0.00023491    1.97E+07     0.00023491    2.97E+07     2.1515E+05    
   1.98E+07     0.9858       0.00023468    1.98E+07     0.00023468    2.98E+07     2.1027E+05    
   1.99E+07     0.98578      0.00023267    1.99E+07     0.00023267    2.99E+07     2.1118E+05    
   2E+07        0.98578      0.00023036    2E+07        0.00023036    3E+07        2.1262E+05    
   2.01E+07     0.98576      0.000229      2.01E+07     0.000229      3.01E+07     2.1113E+05    
   2.02E+07     0.98574      0.00022765    2.02E+07     0.00022765    3.02E+07     2.1223E+05    
   2.03E+07     0.98577      0.00022731    2.03E+07     0.00022731    3.03E+07     2.1321E+05    
   2.04E+07     0.9858       0.00022643    2.04E+07     0.00022643    3.04E+07     2.1395E+05    
   2.05E+07     0.98578      0.00022457    2.05E+07     0.00022457    3.05E+07     2.1389E+05    
   2.06E+07     0.98577      0.00022284    2.06E+07     0.00022284    3.06E+07     2.1515E+05    
   2.07E+07     0.98579      0.00022189    2.07E+07     0.00022189    3.07E+07     2.164E+05     
   2.08E+07     0.98579      0.00021984    2.08E+07     0.00021984    3.08E+07     2.1719E+05    
   2.09E+07     0.98581      0.00021881    2.09E+07     0.00021881    3.09E+07     2.184E+05     
   2.1E+07      0.98588      0.0002268     2.1E+07      0.0002268     3.1E+07      2.1573E+05    
   2.11E+07     0.98588      0.00022476    2.11E+07     0.00022476    3.11E+07     2.1393E+05    
   2.12E+07     0.98589      0.00022296    2.12E+07     0.00022296    3.12E+07     2.1477E+05    
   2.13E+07     0.98587      0.00022166    2.13E+07     0.00022166    3.13E+07     2.1442E+05    
   2.14E+07     0.98583      0.00022315    2.14E+07     0.00022315    3.14E+07     2.1566E+05    
   2.15E+07     0.98587      0.00022329    2.15E+07     0.00022329    3.15E+07     2.1694E+05    
   2.16E+07     0.98583      0.00022492    2.16E+07     0.00022492    3.16E+07     2.1759E+05    
   2.17E+07     0.98585      0.00022474    2.17E+07     0.00022474    3.17E+07     2.1891E+05    
   2.18E+07     0.98583      0.00022359    2.18E+07     0.00022359    3.18E+07     2.1837E+05    
   2.19E+07     0.98583      0.00022184    2.19E+07     0.00022184    3.19E+07     2.1931E+05    
   2.2E+07      0.98585      0.00022093    2.2E+07      0.00022093    3.2E+07      2.2048E+05    
   2.21E+07     0.98591      0.00022707    2.21E+07     0.00022707    3.21E+07     2.2181E+05    
   2.22E+07     0.98593      0.00022612    2.22E+07     0.00022612    3.22E+07     2.1951E+05    
   2.23E+07     0.98593      0.00022429    2.23E+07     0.00022429    3.23E+07     2.206E+05     
   2.24E+07     0.9859       0.00022459    2.24E+07     0.00022459    3.24E+07     2.2167E+05    
   2.25E+07     0.98589      0.00022285    2.25E+07     0.00022285    3.25E+07     2.2194E+05    
   2.26E+07     0.98589      0.00022114    2.26E+07     0.00022114    3.26E+07     2.2269E+05    
   2.27E+07     0.98585      0.00022235    2.27E+07     0.00022235    3.27E+07     2.2382E+05    
   2.28E+07     0.98584      0.00022087    2.28E+07     0.00022087    3.28E+07     2.2382E+05    
   2.29E+07     0.98585      0.00021919    2.29E+07     0.00021919    3.29E+07     2.2513E+05    
   2.3E+07      0.98587      0.00021851    2.3E+07      0.00021851    3.3E+07      2.2359E+05    
   2.31E+07     0.98586      0.00021692    2.31E+07     0.00021692    3.31E+07     2.1243E+05    
   2.32E+07     0.98588      0.00021581    2.32E+07     0.00021581    3.32E+07     2.1351E+05    
   2.33E+07     0.9859       0.00021536    2.33E+07     0.00021536    3.33E+07     2.1451E+05    
   2.34E+07     0.98591      0.00021394    2.34E+07     0.00021394    3.34E+07     2.1567E+05    
   2.35E+07     0.98595      0.00021577    2.35E+07     0.00021577    3.35E+07     2.1665E+05    
   2.36E+07     0.98593      0.00021469    2.36E+07     0.00021469    3.36E+07     2.1553E+05    
   2.37E+07     0.98593      0.00021314    2.37E+07     0.00021314    3.37E+07     2.1636E+05    
   2.38E+07     0.9859       0.00021423    2.38E+07     0.00021423    3.38E+07     2.1443E+05    
   2.39E+07     0.98594      0.00021555    2.39E+07     0.00021555    3.39E+07     2.1402E+05    
   2.4E+07      0.98592      0.00021439    2.4E+07      0.00021439    3.4E+07      2.15E+05      
   2.41E+07     0.98594      0.00021322    2.41E+07     0.00021322    3.41E+07     2.1568E+05    
   2.42E+07     0.98594      0.00021187    2.42E+07     0.00021187    3.42E+07     2.1564E+05    
   2.43E+07     0.98596      0.00021072    2.43E+07     0.00021072    3.43E+07     2.1656E+05    
   2.44E+07     0.98597      0.00020957    2.44E+07     0.00020957    3.44E+07     2.1669E+05    
   2.45E+07     0.98598      0.00020835    2.45E+07     0.00020835    3.45E+07     2.1705E+05    
   2.46E+07     0.98602      0.000211      2.46E+07     0.000211      3.46E+07     2.1811E+05    
   2.47E+07     0.98601      0.00020969    2.47E+07     0.00020969    3.47E+07     2.1686E+05    
   2.48E+07     0.98602      0.00020873    2.48E+07     0.00020873    3.48E+07     2.1744E+05    
   2.49E+07     0.98603      0.00020735    2.49E+07     0.00020735    3.49E+07     2.1264E+05    
   2.5E+07      0.98602      0.00020606    2.5E+07      0.00020606    3.5E+07      2.1315E+05    
   2.51E+07     0.986        0.00020575    2.51E+07     0.00020575    3.51E+07     2.1388E+05    
   2.52E+07     0.98599      0.00020467    2.52E+07     0.00020467    3.52E+07     2.1489E+05    
   2.53E+07     0.98599      0.00020336    2.53E+07     0.00020336    3.53E+07     2.1543E+05    
   2.54E+07     0.986        0.0002022     2.54E+07     0.0002022     3.54E+07     2.1499E+05    
   2.55E+07     0.98601      0.00020096    2.55E+07     0.00020096    3.55E+07     2.1588E+05    
   2.56E+07     0.98605      0.00020368    2.56E+07     0.00020368    3.56E+07     2.117E+05     
   2.57E+07     0.98604      0.0002024     2.57E+07     0.0002024     3.57E+07     2.1236E+05    
   2.58E+07     0.98601      0.00020351    2.58E+07     0.00020351    3.58E+07     2.1344E+05    
   2.59E+07     0.98606      0.00020685    2.59E+07     0.00020685    3.59E+07     2.1442E+05    
   2.6E+07      0.98605      0.00020568    2.6E+07      0.00020568    3.6E+07      2.1433E+05    
   2.61E+07     0.98604      0.00020451    2.61E+07     0.00020451    3.61E+07     2.1522E+05    
   2.62E+07     0.98605      0.00020339    2.62E+07     0.00020339    3.62E+07     2.1616E+05    
   2.63E+07     0.98605      0.00020215    2.63E+07     0.00020215    3.63E+07     2.1638E+05    
   2.64E+07     0.98604      0.00020129    2.64E+07     0.00020129    3.64E+07     2.1549E+05    
   2.65E+07     0.98604      0.00020007    2.65E+07     0.00020007    3.65E+07     2.1579E+05    
   2.66E+07     0.98604      0.00019887    2.66E+07     0.00019887    3.66E+07     2.1684E+05    
   2.67E+07     0.98604      0.00019775    2.67E+07     0.00019775    3.67E+07     2.1743E+05    
   2.68E+07     0.98604      0.00019671    2.68E+07     0.00019671    3.68E+07     2.1805E+05    
   2.69E+07     0.98605      0.00019612    2.69E+07     0.00019612    3.69E+07     2.1729E+05    
   2.7E+07      0.98602      0.00019702    2.7E+07      0.00019702    3.7E+07      2.1772E+05    
   2.71E+07     0.98604      0.00019624    2.71E+07     0.00019624    3.71E+07     2.1876E+05    
   2.72E+07     0.98604      0.00019523    2.72E+07     0.00019523    3.72E+07     2.1838E+05    
   2.73E+07     0.98603      0.00019445    2.73E+07     0.00019445    3.73E+07     2.1901E+05    
   2.74E+07     0.98601      0.00019485    2.74E+07     0.00019485    3.74E+07     2.1573E+05    
   2.75E+07     0.98601      0.00019375    2.75E+07     0.00019375    3.75E+07     2.1631E+05    
   2.76E+07     0.98601      0.00019264    2.76E+07     0.00019264    3.76E+07     2.1685E+05    
   2.77E+07     0.98602      0.00019165    2.77E+07     0.00019165    3.77E+07     2.1762E+05    
   2.78E+07     0.98602      0.00019061    2.78E+07     0.00019061    3.78E+07     2.1855E+05    
   2.79E+07     0.98602      0.00018963    2.79E+07     0.00018963    3.79E+07     2.1804E+05    
   2.8E+07      0.98603      0.0001887     2.8E+07      0.0001887     3.8E+07      2.1864E+05    
   2.81E+07     0.98601      0.00018916    2.81E+07     0.00018916    3.81E+07     2.1872E+05    
   2.82E+07     0.986        0.00018821    2.82E+07     0.00018821    3.82E+07     2.1957E+05    
   2.83E+07     0.98598      0.00018884    2.83E+07     0.00018884    3.83E+07     2.2048E+05    
   2.84E+07     0.98597      0.00018782    2.84E+07     0.00018782    3.84E+07     2.2119E+05    
   2.85E+07     0.98598      0.0001869     2.85E+07     0.0001869     3.85E+07     2.2113E+05    
   2.86E+07     0.98599      0.00018606    2.86E+07     0.00018606    3.86E+07     2.2141E+05    
   2.87E+07     0.98598      0.00018536    2.87E+07     0.00018536    3.87E+07     2.2224E+05    
   2.88E+07     0.98598      0.0001844     2.88E+07     0.0001844     3.88E+07     2.2237E+05    
   2.89E+07     0.98599      0.00018377    2.89E+07     0.00018377    3.89E+07     2.2223E+05    
   2.9E+07      0.986        0.00018284    2.9E+07      0.00018284    3.9E+07      2.2311E+05    
   2.91E+07     0.98597      0.00018379    2.91E+07     0.00018379    3.91E+07     2.2079E+05    
   2.92E+07     0.98596      0.00018306    2.92E+07     0.00018306    3.92E+07     2.2176E+05    
   2.93E+07     0.98596      0.00018212    2.93E+07     0.00018212    3.93E+07     2.2109E+05    
   2.94E+07     0.98595      0.00018139    2.94E+07     0.00018139    3.94E+07     2.2193E+05    
   2.95E+07     0.98593      0.00018114    2.95E+07     0.00018114    3.95E+07     2.2147E+05    
   2.96E+07     0.98591      0.00018254    2.96E+07     0.00018254    3.96E+07     2.1951E+05    
   2.97E+07     0.9859       0.00018167    2.97E+07     0.00018167    3.97E+07     2.1902E+05    
   2.98E+07     0.98587      0.00018347    2.98E+07     0.00018347    3.98E+07     2.1984E+05    
   2.99E+07     0.98588      0.00018274    2.99E+07     0.00018274    3.99E+07     2.1955E+05    
   3E+07        0.98588      0.00018183    3E+07        0.00018183    4E+07        2.1843E+05    
   3.01E+07     0.98586      0.00018216    3.01E+07     0.00018216    4.01E+07     2.1921E+05    
   3.02E+07     0.98586      0.00018139    3.02E+07     0.00018139    4.02E+07     2.1977E+05    
   3.03E+07     0.98587      0.00018061    3.03E+07     0.00018061    4.03E+07     2.201E+05     
   3.04E+07     0.98586      0.00018001    3.04E+07     0.00018001    4.04E+07     2.2089E+05    
   3.05E+07     0.98584      0.00017974    3.05E+07     0.00017974    4.05E+07     2.2087E+05    
   3.06E+07     0.98584      0.00017893    3.06E+07     0.00017893    4.06E+07     2.2168E+05    
   3.07E+07     0.98584      0.00017807    3.07E+07     0.00017807    4.07E+07     2.2224E+05    
   3.08E+07     0.98583      0.00017747    3.08E+07     0.00017747    4.08E+07     2.2299E+05    
   3.09E+07     0.98583      0.00017668    3.09E+07     0.00017668    4.09E+07     2.2328E+05    
   3.1E+07      0.9858       0.00017749    3.1E+07      0.00017749    4.1E+07      2.2351E+05    
   3.11E+07     0.98582      0.00017796    3.11E+07     0.00017796    4.11E+07     2.2349E+05    
   3.12E+07     0.98583      0.00017727    3.12E+07     0.00017727    4.12E+07     2.2333E+05    
   3.13E+07     0.98585      0.00017714    3.13E+07     0.00017714    4.13E+07     2.241E+05     
   3.14E+07     0.98585      0.00017635    3.14E+07     0.00017635    4.14E+07     2.25E+05      
   3.15E+07     0.98585      0.00017556    3.15E+07     0.00017556    4.15E+07     2.2552E+05    
   3.16E+07     0.98585      0.00017497    3.16E+07     0.00017497    4.16E+07     2.2622E+05    
   3.17E+07     0.98585      0.00017418    3.17E+07     0.00017418    4.17E+07     2.2704E+05    
   3.18E+07     0.98586      0.00017411    3.18E+07     0.00017411    4.18E+07     2.2668E+05    
   3.19E+07     0.98586      0.00017347    3.19E+07     0.00017347    4.19E+07     2.2718E+05    
   3.2E+07      0.98585      0.0001727     3.2E+07      0.0001727     4.2E+07      2.2807E+05    
   3.21E+07     0.98586      0.00017192    3.21E+07     0.00017192    4.21E+07     2.2815E+05    
   3.22E+07     0.98588      0.00017254    3.22E+07     0.00017254    4.22E+07     2.2903E+05    
   3.23E+07     0.98588      0.00017186    3.23E+07     0.00017186    4.23E+07     2.2966E+05    
   3.24E+07     0.98588      0.00017114    3.24E+07     0.00017114    4.24E+07     2.3018E+05    
   3.25E+07     0.98587      0.00017078    3.25E+07     0.00017078    4.25E+07     2.2992E+05    
   3.26E+07     0.98586      0.00017024    3.26E+07     0.00017024    4.26E+07     2.3005E+05    
   3.27E+07     0.98585      0.00016955    3.27E+07     0.00016955    4.27E+07     2.3067E+05    
   3.28E+07     0.98587      0.00016927    3.28E+07     0.00016927    4.28E+07     2.2903E+05    
   3.29E+07     0.98587      0.00016853    3.29E+07     0.00016853    4.29E+07     2.2956E+05    
   3.3E+07      0.98589      0.00016886    3.3E+07      0.00016886    4.3E+07      2.292E+05     
   3.31E+07     0.98584      0.00017297    3.31E+07     0.00017297    4.31E+07     2.2898E+05    
   3.32E+07     0.98584      0.00017227    3.32E+07     0.00017227    4.32E+07     2.2955E+05    
   3.33E+07     0.98585      0.00017161    3.33E+07     0.00017161    4.33E+07     2.3035E+05    
   3.34E+07     0.98585      0.0001709     3.34E+07     0.0001709     4.34E+07     2.3069E+05    
   3.35E+07     0.98584      0.00017025    3.35E+07     0.00017025    4.35E+07     2.3004E+05    
   3.36E+07     0.98586      0.00017041    3.36E+07     0.00017041    4.36E+07     2.309E+05     
   3.37E+07     0.98587      0.00016983    3.37E+07     0.00016983    4.37E+07     2.317E+05     
   3.38E+07     0.98589      0.00017034    3.38E+07     0.00017034    4.38E+07     2.3256E+05    
   3.39E+07     0.98587      0.00017026    3.39E+07     0.00017026    4.39E+07     2.306E+05     
   3.4E+07      0.98587      0.00016958    3.4E+07      0.00016958    4.4E+07      2.3077E+05    
   3.41E+07     0.98588      0.00016907    3.41E+07     0.00016907    4.41E+07     2.3031E+05    
   3.42E+07     0.98587      0.00016884    3.42E+07     0.00016884    4.42E+07     2.307E+05     
   3.43E+07     0.98587      0.00016824    3.43E+07     0.00016824    4.43E+07     2.2941E+05    
   3.44E+07     0.98586      0.00016794    3.44E+07     0.00016794    4.44E+07     2.2933E+05    
   3.45E+07     0.98587      0.00016754    3.45E+07     0.00016754    4.45E+07     2.3013E+05    
   3.46E+07     0.98587      0.00016689    3.46E+07     0.00016689    4.46E+07     2.2995E+05    
   3.47E+07     0.98585      0.00016713    3.47E+07     0.00016713    4.47E+07     2.3044E+05    
   3.48E+07     0.98586      0.00016667    3.48E+07     0.00016667    4.48E+07     2.3104E+05    
   3.49E+07     0.98588      0.00016827    3.49E+07     0.00016827    4.49E+07     2.316E+05     
   3.5E+07      0.98588      0.00016782    3.5E+07      0.00016782    4.5E+07      2.2868E+05    
   3.51E+07     0.98588      0.00016731    3.51E+07     0.00016731    4.51E+07     2.275E+05     
   3.52E+07     0.98588      0.00016668    3.52E+07     0.00016668    4.52E+07     2.2828E+05    
   3.53E+07     0.98589      0.00016621    3.53E+07     0.00016621    4.53E+07     2.2872E+05    
   3.54E+07     0.9859       0.00016615    3.54E+07     0.00016615    4.54E+07     2.294E+05     
   3.55E+07     0.98591      0.00016557    3.55E+07     0.00016557    4.55E+07     2.3019E+05    
   3.56E+07     0.98588      0.00016697    3.56E+07     0.00016697    4.56E+07     2.3067E+05    
   3.57E+07     0.98587      0.00016642    3.57E+07     0.00016642    4.57E+07     2.3141E+05    
   3.58E+07     0.98587      0.00016578    3.58E+07     0.00016578    4.58E+07     2.32E+05      
   3.59E+07     0.98588      0.00016516    3.59E+07     0.00016516    4.59E+07     2.3233E+05    
   3.6E+07      0.98589      0.00016497    3.6E+07      0.00016497    4.6E+07      2.3256E+05    
   3.61E+07     0.98589      0.00016436    3.61E+07     0.00016436    4.61E+07     2.3319E+05    
   3.62E+07     0.98588      0.00016379    3.62E+07     0.00016379    4.62E+07     2.34E+05      
   3.63E+07     0.98587      0.00016348    3.63E+07     0.00016348    4.63E+07     2.3475E+05    
   3.64E+07     0.98586      0.0001636     3.64E+07     0.0001636     4.64E+07     2.3549E+05    
   3.65E+07     0.98585      0.00016323    3.65E+07     0.00016323    4.65E+07     2.3622E+05    
   3.66E+07     0.98585      0.00016262    3.66E+07     0.00016262    4.66E+07     2.3241E+05    
   3.67E+07     0.98584      0.00016219    3.67E+07     0.00016219    4.67E+07     2.3317E+05    
   3.68E+07     0.98583      0.00016173    3.68E+07     0.00016173    4.68E+07     2.3356E+05    
   3.69E+07     0.98585      0.00016178    3.69E+07     0.00016178    4.69E+07     2.342E+05     
   3.7E+07      0.98584      0.00016139    3.7E+07      0.00016139    4.7E+07      2.3426E+05    
   3.71E+07     0.98584      0.0001608     3.71E+07     0.0001608     4.71E+07     2.348E+05     
   3.72E+07     0.98583      0.00016072    3.72E+07     0.00016072    4.72E+07     2.3506E+05    
   3.73E+07     0.98582      0.00016026    3.73E+07     0.00016026    4.73E+07     2.357E+05     
   3.74E+07     0.98584      0.00016125    3.74E+07     0.00016125    4.74E+07     2.3614E+05    
   3.75E+07     0.98584      0.00016083    3.75E+07     0.00016083    4.75E+07     2.3568E+05    
   3.76E+07     0.98583      0.0001604     3.76E+07     0.0001604     4.76E+07     2.3623E+05    
   3.77E+07     0.98582      0.00015989    3.77E+07     0.00015989    4.77E+07     2.3694E+05    
   3.78E+07     0.98583      0.00015933    3.78E+07     0.00015933    4.78E+07     2.3764E+05    
   3.79E+07     0.98584      0.00015932    3.79E+07     0.00015932    4.79E+07     2.3801E+05    
   3.8E+07      0.98585      0.00015889    3.8E+07      0.00015889    4.8E+07      2.3871E+05    
   3.81E+07     0.98584      0.00015862    3.81E+07     0.00015862    4.81E+07     2.385E+05     
   3.82E+07     0.98583      0.00015812    3.82E+07     0.00015812    4.82E+07     2.3925E+05    
   3.83E+07     0.98584      0.00015757    3.83E+07     0.00015757    4.83E+07     2.3814E+05    
   3.84E+07     0.98583      0.00015712    3.84E+07     0.00015712    4.84E+07     2.3821E+05    
   3.85E+07     0.98584      0.00015692    3.85E+07     0.00015692    4.85E+07     2.3898E+05    
   3.86E+07     0.98585      0.00015661    3.86E+07     0.00015661    4.86E+07     2.3962E+05    
   3.87E+07     0.98585      0.00015611    3.87E+07     0.00015611    4.87E+07     2.4039E+05    
   3.88E+07     0.98585      0.00015587    3.88E+07     0.00015587    4.88E+07     2.4076E+05    
   3.89E+07     0.98584      0.00015572    3.89E+07     0.00015572    4.89E+07     2.4097E+05    
   3.9E+07      0.98584      0.00015521    3.9E+07      0.00015521    4.9E+07      2.4172E+05    
   3.91E+07     0.98586      0.00015583    3.91E+07     0.00015583    4.91E+07     2.4239E+05    
   3.92E+07     0.98586      0.00015529    3.92E+07     0.00015529    4.92E+07     2.4246E+05    
   3.93E+07     0.98585      0.00015534    3.93E+07     0.00015534    4.93E+07     2.4157E+05    
   3.94E+07     0.98584      0.00015482    3.94E+07     0.00015482    4.94E+07     2.3951E+05    
   3.95E+07     0.98583      0.00015479    3.95E+07     0.00015479    4.95E+07     2.4018E+05    
   3.96E+07     0.98581      0.00015528    3.96E+07     0.00015528    4.96E+07     2.4062E+05    
   3.97E+07     0.9858       0.00015526    3.97E+07     0.00015526    4.97E+07     2.4018E+05    
   3.98E+07     0.9858       0.00015475    3.98E+07     0.00015475    4.98E+07     2.409E+05     
   3.99E+07     0.98581      0.00015466    3.99E+07     0.00015466    4.99E+07     2.4061E+05    
   4E+07        0.98583      0.00015486    4E+07        0.00015486    5E+07        2.4043E+05    
   4.01E+07     0.98582      0.0001544     4.01E+07     0.0001544     5.01E+07     2.4103E+05    
   4.02E+07     0.98583      0.00015398    4.02E+07     0.00015398    5.02E+07     2.4123E+05    
   4.03E+07     0.98584      0.00015368    4.03E+07     0.00015368    5.03E+07     2.4126E+05    
   4.04E+07     0.98584      0.00015322    4.04E+07     0.00015322    5.04E+07     2.412E+05     
   4.05E+07     0.98583      0.00015304    4.05E+07     0.00015304    5.05E+07     2.4188E+05    
   4.06E+07     0.98583      0.00015257    4.06E+07     0.00015257    5.06E+07     2.4247E+05    
   4.07E+07     0.98584      0.00015219    4.07E+07     0.00015219    5.07E+07     2.4313E+05    
   4.08E+07     0.98583      0.00015176    4.08E+07     0.00015176    5.08E+07     2.4383E+05    
   4.09E+07     0.98584      0.00015145    4.09E+07     0.00015145    5.09E+07     2.4438E+05    
   4.1E+07      0.98583      0.00015118    4.1E+07      0.00015118    5.1E+07      2.4469E+05    
   4.11E+07     0.98584      0.000151      4.11E+07     0.000151      5.11E+07     2.4518E+05    
   4.12E+07     0.98585      0.00015087    4.12E+07     0.00015087    5.12E+07     2.456E+05     
   4.13E+07     0.98585      0.00015042    4.13E+07     0.00015042    5.13E+07     2.4614E+05    
   4.14E+07     0.98585      0.00014995    4.14E+07     0.00014995    5.14E+07     2.4671E+05    
   4.15E+07     0.98586      0.00014957    4.15E+07     0.00014957    5.15E+07     2.4736E+05    
   4.16E+07     0.98585      0.00014917    4.16E+07     0.00014917    5.16E+07     2.4792E+05    
   4.17E+07     0.98585      0.00014872    4.17E+07     0.00014872    5.17E+07     2.4622E+05    
   4.18E+07     0.98586      0.00014865    4.18E+07     0.00014865    5.18E+07     2.4653E+05    
   4.19E+07     0.98585      0.0001483     4.19E+07     0.0001483     5.19E+07     2.4722E+05    
   4.2E+07      0.98585      0.00014784    4.2E+07      0.00014784    5.2E+07      2.4569E+05    
   4.21E+07     0.98584      0.00014764    4.21E+07     0.00014764    5.21E+07     2.4635E+05    
   4.22E+07     0.98584      0.00014719    4.22E+07     0.00014719    5.22E+07     2.4665E+05    
   4.23E+07     0.98584      0.00014679    4.23E+07     0.00014679    5.23E+07     2.4733E+05    
   4.24E+07     0.98583      0.00014644    4.24E+07     0.00014644    5.24E+07     2.4804E+05    
   4.25E+07     0.98582      0.00014636    4.25E+07     0.00014636    5.25E+07     2.4875E+05    
   4.26E+07     0.98581      0.00014615    4.26E+07     0.00014615    5.26E+07     2.4933E+05    
   4.27E+07     0.98582      0.00014577    4.27E+07     0.00014577    5.27E+07     2.5004E+05    
   4.28E+07     0.98583      0.00014611    4.28E+07     0.00014611    5.28E+07     2.4941E+05    
   4.29E+07     0.98583      0.00014578    4.29E+07     0.00014578    5.29E+07     2.499E+05     
   4.3E+07      0.98584      0.00014572    4.3E+07      0.00014572    5.3E+07      2.5046E+05    
   4.31E+07     0.98585      0.00014561    4.31E+07     0.00014561    5.31E+07     2.4979E+05    
   4.32E+07     0.98585      0.00014526    4.32E+07     0.00014526    5.32E+07     2.5028E+05    
   4.33E+07     0.98585      0.00014484    4.33E+07     0.00014484    5.33E+07     2.5061E+05    
   4.34E+07     0.98586      0.00014458    4.34E+07     0.00014458    5.34E+07     2.5125E+05    
   4.35E+07     0.98585      0.00014459    4.35E+07     0.00014459    5.35E+07     2.5194E+05    
   4.36E+07     0.98585      0.00014416    4.36E+07     0.00014416    5.36E+07     2.5258E+05    
   4.37E+07     0.98585      0.00014374    4.37E+07     0.00014374    5.37E+07     2.5313E+05    
   4.38E+07     0.98585      0.00014332    4.38E+07     0.00014332    5.38E+07     2.5316E+05    
   4.39E+07     0.98587      0.00014373    4.39E+07     0.00014373    5.39E+07     2.5255E+05    
   4.4E+07      0.98587      0.00014353    4.4E+07      0.00014353    5.4E+07      2.5248E+05    
   4.41E+07     0.98588      0.0001435     4.41E+07     0.0001435     5.41E+07     2.5314E+05    
   4.42E+07     0.98589      0.00014322    4.42E+07     0.00014322    5.42E+07     2.529E+05     
   4.43E+07     0.98588      0.00014344    4.43E+07     0.00014344    5.43E+07     2.5353E+05    
   4.44E+07     0.98589      0.00014331    4.44E+07     0.00014331    5.44E+07     2.5385E+05    
   4.45E+07     0.98589      0.0001429     4.45E+07     0.0001429     5.45E+07     2.545E+05     
   4.46E+07     0.9859       0.0001428     4.46E+07     0.0001428     5.46E+07     2.5445E+05    
   4.47E+07     0.9859       0.00014247    4.47E+07     0.00014247    5.47E+07     2.5505E+05    
   4.48E+07     0.9859       0.00014213    4.48E+07     0.00014213    5.48E+07     2.5526E+05    
   4.49E+07     0.98589      0.0001418     4.49E+07     0.0001418     5.49E+07     2.5378E+05    
   4.5E+07      0.98587      0.00014255    4.5E+07      0.00014255    5.5E+07      2.5417E+05    
   4.51E+07     0.98586      0.00014274    4.51E+07     0.00014274    5.51E+07     2.548E+05     
   4.52E+07     0.98586      0.00014234    4.52E+07     0.00014234    5.52E+07     2.5547E+05    
   4.53E+07     0.98587      0.00014205    4.53E+07     0.00014205    5.53E+07     2.5572E+05    
   4.54E+07     0.98586      0.00014169    4.54E+07     0.00014169    5.54E+07     2.5615E+05    
   4.55E+07     0.98586      0.00014129    4.55E+07     0.00014129    5.55E+07     2.5599E+05    
   4.56E+07     0.98586      0.00014097    4.56E+07     0.00014097    5.56E+07     2.5617E+05    
   4.57E+07     0.98586      0.00014059    4.57E+07     0.00014059    5.57E+07     2.5684E+05    
   4.58E+07     0.98586      0.00014026    4.58E+07     0.00014026    5.58E+07     2.5704E+05    
   4.59E+07     0.98585      0.00014001    4.59E+07     0.00014001    5.59E+07     2.575E+05     
   4.6E+07      0.98585      0.00013977    4.6E+07      0.00013977    5.6E+07      2.5771E+05    
   4.61E+07     0.98584      0.00013943    4.61E+07     0.00013943    5.61E+07     2.5761E+05    
   4.62E+07     0.98584      0.00013905    4.62E+07     0.00013905    5.62E+07     2.5819E+05    
   4.63E+07     0.98584      0.00013868    4.63E+07     0.00013868    5.63E+07     2.587E+05     
   4.64E+07     0.98584      0.0001383     4.64E+07     0.0001383     5.64E+07     2.5908E+05    
   4.65E+07     0.98584      0.00013793    4.65E+07     0.00013793    5.65E+07     2.5966E+05    
   4.66E+07     0.98586      0.00013891    4.66E+07     0.00013891    5.66E+07     2.595E+05     
   4.67E+07     0.98586      0.00013853    4.67E+07     0.00013853    5.67E+07     2.6007E+05    
   4.68E+07     0.98587      0.00013827    4.68E+07     0.00013827    5.68E+07     2.6062E+05    
   4.69E+07     0.98587      0.00013793    4.69E+07     0.00013793    5.69E+07     2.5847E+05    
   4.7E+07      0.98586      0.00013777    4.7E+07      0.00013777    5.7E+07      2.5774E+05    
   4.71E+07     0.98586      0.00013746    4.71E+07     0.00013746    5.71E+07     2.5807E+05    
   4.72E+07     0.98587      0.00013723    4.72E+07     0.00013723    5.72E+07     2.5829E+05    
   4.73E+07     0.98586      0.00013689    4.73E+07     0.00013689    5.73E+07     2.5894E+05    
   4.74E+07     0.98586      0.00013662    4.74E+07     0.00013662    5.74E+07     2.5958E+05    
   4.75E+07     0.98587      0.00013662    4.75E+07     0.00013662    5.75E+07     2.6011E+05    
   4.76E+07     0.98586      0.0001363     4.76E+07     0.0001363     5.76E+07     2.5983E+05    
   4.77E+07     0.98587      0.00013596    4.77E+07     0.00013596    5.77E+07     2.6033E+05    
   4.78E+07     0.98586      0.00013561    4.78E+07     0.00013561    5.78E+07     2.6049E+05    
   4.79E+07     0.98587      0.00013537    4.79E+07     0.00013537    5.79E+07     2.5915E+05    
   4.8E+07      0.98587      0.00013501    4.8E+07      0.00013501    5.8E+07      2.5945E+05    
   4.81E+07     0.98588      0.00013494    4.81E+07     0.00013494    5.81E+07     2.6004E+05    
   4.82E+07     0.98588      0.00013459    4.82E+07     0.00013459    5.82E+07     2.5949E+05    
   4.83E+07     0.98589      0.00013477    4.83E+07     0.00013477    5.83E+07     2.5953E+05    
   4.84E+07     0.9859       0.00013459    4.84E+07     0.00013459    5.84E+07     2.5964E+05    
   4.85E+07     0.9859       0.00013424    4.85E+07     0.00013424    5.85E+07     2.6017E+05    
   4.86E+07     0.9859       0.00013392    4.86E+07     0.00013392    5.86E+07     2.606E+05     
   4.87E+07     0.9859       0.00013357    4.87E+07     0.00013357    5.87E+07     2.61E+05      
   4.88E+07     0.9859       0.00013334    4.88E+07     0.00013334    5.88E+07     2.6111E+05    
   4.89E+07     0.98589      0.00013313    4.89E+07     0.00013313    5.89E+07     2.6172E+05    
   4.9E+07      0.98589      0.00013279    4.9E+07      0.00013279    5.9E+07      2.6233E+05    
   4.91E+07     0.98589      0.00013247    4.91E+07     0.00013247    5.91E+07     2.6265E+05    
   4.92E+07     0.9859       0.00013232    4.92E+07     0.00013232    5.92E+07     2.6317E+05    
   4.93E+07     0.98589      0.00013242    4.93E+07     0.00013242    5.93E+07     2.635E+05     
   4.94E+07     0.98588      0.00013285    4.94E+07     0.00013285    5.94E+07     2.6412E+05    
   4.95E+07     0.98588      0.00013253    4.95E+07     0.00013253    5.95E+07     2.6178E+05    
   4.96E+07     0.98588      0.00013228    4.96E+07     0.00013228    5.96E+07     2.6231E+05    
   4.97E+07     0.98587      0.00013225    4.97E+07     0.00013225    5.97E+07     2.6256E+05    
   4.98E+07     0.98587      0.00013192    4.98E+07     0.00013192    5.98E+07     2.6315E+05    
   4.99E+07     0.98586      0.00013187    4.99E+07     0.00013187    5.99E+07     2.6349E+05    
   5E+07        0.98586      0.00013179    5E+07        0.00013179    6E+07        2.6404E+05    
   5.01E+07     0.98586      0.00013149    5.01E+07     0.00013149    6.01E+07     2.645E+05     
   5.02E+07     0.98585      0.0001313     5.02E+07     0.0001313     6.02E+07     2.6443E+05    
   5.03E+07     0.98584      0.00013117    5.03E+07     0.00013117    6.03E+07     2.6397E+05    
   5.04E+07     0.98584      0.00013105    5.04E+07     0.00013105    6.04E+07     2.6411E+05    
   5.05E+07     0.98584      0.00013073    5.05E+07     0.00013073    6.05E+07     2.6016E+05    
   5.06E+07     0.98584      0.00013044    5.06E+07     0.00013044    6.06E+07     2.6072E+05    
   5.07E+07     0.98584      0.00013014    5.07E+07     0.00013014    6.07E+07     2.6128E+05    
   5.08E+07     0.98584      0.00012982    5.08E+07     0.00012982    6.08E+07     2.6058E+05    
   5.09E+07     0.98584      0.00012953    5.09E+07     0.00012953    6.09E+07     2.6117E+05    
   5.1E+07      0.98585      0.00012932    5.1E+07      0.00012932    6.1E+07      2.6065E+05    
   5.11E+07     0.98584      0.00012907    5.11E+07     0.00012907    6.11E+07     2.6096E+05    
   5.12E+07     0.98585      0.00012883    5.12E+07     0.00012883    6.12E+07     2.6136E+05    
   5.13E+07     0.98584      0.00012856    5.13E+07     0.00012856    6.13E+07     2.6189E+05    
   5.14E+07     0.98584      0.00012829    5.14E+07     0.00012829    6.14E+07     2.6227E+05    
   5.15E+07     0.98584      0.000128      5.15E+07     0.000128      6.15E+07     2.6288E+05    
   5.16E+07     0.98584      0.00012774    5.16E+07     0.00012774    6.16E+07     2.6171E+05    
   5.17E+07     0.98585      0.00012805    5.17E+07     0.00012805    6.17E+07     2.6166E+05    
   5.18E+07     0.98585      0.00012785    5.18E+07     0.00012785    6.18E+07     2.6191E+05    
   5.19E+07     0.98584      0.00012755    5.19E+07     0.00012755    6.19E+07     2.6232E+05    
   5.2E+07      0.98586      0.00012783    5.2E+07      0.00012783    6.2E+07      2.6124E+05    
   5.21E+07     0.98586      0.00012753    5.21E+07     0.00012753    6.21E+07     2.6153E+05    
   5.22E+07     0.98585      0.00012732    5.22E+07     0.00012732    6.22E+07     2.6211E+05    
   5.23E+07     0.98585      0.00012702    5.23E+07     0.00012702    6.23E+07     2.6258E+05    
   5.24E+07     0.98585      0.00012672    5.24E+07     0.00012672    6.24E+07     2.621E+05     
   5.25E+07     0.98585      0.00012642    5.25E+07     0.00012642    6.25E+07     2.6255E+05    
   5.26E+07     0.98585      0.00012614    5.26E+07     0.00012614    6.26E+07     2.6262E+05    
   5.27E+07     0.98585      0.00012585    5.27E+07     0.00012585    6.27E+07     2.6288E+05    
   5.28E+07     0.98584      0.00012588    5.28E+07     0.00012588    6.28E+07     2.6299E+05    
   5.29E+07     0.98584      0.00012565    5.29E+07     0.00012565    6.29E+07     2.6336E+05    
   5.3E+07      0.98584      0.00012537    5.3E+07      0.00012537    6.3E+07      2.629E+05     
   5.31E+07     0.98585      0.00012543    5.31E+07     0.00012543    6.31E+07     2.634E+05     
   5.32E+07     0.98584      0.00012518    5.32E+07     0.00012518    6.32E+07     2.6394E+05    
   5.33E+07     0.98585      0.00012499    5.33E+07     0.00012499    6.33E+07     2.6422E+05    
   5.34E+07     0.98585      0.0001247     5.34E+07     0.0001247     6.34E+07     2.6482E+05    
   5.35E+07     0.98585      0.00012442    5.35E+07     0.00012442    6.35E+07     2.6538E+05    
   5.36E+07     0.98585      0.00012414    5.36E+07     0.00012414    6.36E+07     2.6493E+05    
   5.37E+07     0.98585      0.0001239     5.37E+07     0.0001239     6.37E+07     2.6537E+05    
   5.38E+07     0.98586      0.00012376    5.38E+07     0.00012376    6.38E+07     2.6373E+05    
   5.39E+07     0.98585      0.0001238     5.39E+07     0.0001238     6.39E+07     2.6301E+05    
   5.4E+07      0.98585      0.0001237     5.4E+07      0.0001237     6.4E+07      2.6225E+05    
   5.41E+07     0.98585      0.00012343    5.41E+07     0.00012343    6.41E+07     2.6241E+05    
   5.42E+07     0.98585      0.00012336    5.42E+07     0.00012336    6.42E+07     2.6222E+05    
   5.43E+07     0.98585      0.00012309    5.43E+07     0.00012309    6.43E+07     2.6279E+05    
   5.44E+07     0.98584      0.0001229     5.44E+07     0.0001229     6.44E+07     2.6032E+05    
   5.45E+07     0.98584      0.00012263    5.45E+07     0.00012263    6.45E+07     2.6054E+05    
   5.46E+07     0.98584      0.00012252    5.46E+07     0.00012252    6.46E+07     2.6107E+05    
   5.47E+07     0.98584      0.00012227    5.47E+07     0.00012227    6.47E+07     2.6163E+05    
   5.48E+07     0.98584      0.0001221     5.48E+07     0.0001221     6.48E+07     2.6144E+05    
   5.49E+07     0.98585      0.00012235    5.49E+07     0.00012235    6.49E+07     2.6135E+05    
   5.5E+07      0.98585      0.00012213    5.5E+07      0.00012213    6.5E+07      2.619E+05     
   5.51E+07     0.98585      0.00012187    5.51E+07     0.00012187    6.51E+07     2.6192E+05    
   5.52E+07     0.98585      0.0001216     5.52E+07     0.0001216     6.52E+07     2.6248E+05    
   5.53E+07     0.98586      0.00012144    5.53E+07     0.00012144    6.53E+07     2.63E+05      
   5.54E+07     0.98585      0.00012121    5.54E+07     0.00012121    6.54E+07     2.6227E+05    
   5.55E+07     0.98586      0.00012115    5.55E+07     0.00012115    6.55E+07     2.6124E+05    
   5.56E+07     0.98585      0.00012099    5.56E+07     0.00012099    6.56E+07     2.6175E+05    
   5.57E+07     0.98586      0.00012073    5.57E+07     0.00012073    6.57E+07     2.6182E+05    
   5.58E+07     0.98585      0.00012057    5.58E+07     0.00012057    6.58E+07     2.6234E+05    
   5.59E+07     0.98585      0.00012035    5.59E+07     0.00012035    6.59E+07     2.6249E+05    
   5.6E+07      0.98585      0.00012019    5.6E+07      0.00012019    6.6E+07      2.6235E+05    
   5.61E+07     0.98584      0.00012011    5.61E+07     0.00012011    6.61E+07     2.6232E+05    
   5.62E+07     0.98584      0.00011987    5.62E+07     0.00011987    6.62E+07     2.5893E+05    
   5.63E+07     0.98584      0.00011964    5.63E+07     0.00011964    6.63E+07     2.5887E+05    
   5.64E+07     0.98583      0.00011945    5.64E+07     0.00011945    6.64E+07     2.5824E+05    
   5.65E+07     0.98583      0.00011921    5.65E+07     0.00011921    6.65E+07     2.5873E+05    
   5.66E+07     0.98582      0.00011915    5.66E+07     0.00011915    6.66E+07     2.5772E+05    
   5.67E+07     0.98583      0.0001189     5.67E+07     0.0001189     6.67E+07     2.5822E+05    
   5.68E+07     0.98583      0.00011867    5.68E+07     0.00011867    6.68E+07     2.5792E+05    
   5.69E+07     0.98584      0.00011906    5.69E+07     0.00011906    6.69E+07     2.5627E+05    
   5.7E+07      0.98583      0.00011912    5.7E+07      0.00011912    6.7E+07      2.5672E+05    
   5.71E+07     0.98583      0.00011893    5.71E+07     0.00011893    6.71E+07     2.5443E+05    
   5.72E+07     0.98582      0.00011878    5.72E+07     0.00011878    6.72E+07     2.5424E+05    
   5.73E+07     0.98582      0.00011853    5.73E+07     0.00011853    6.73E+07     2.5466E+05    
   5.74E+07     0.98582      0.00011828    5.74E+07     0.00011828    6.74E+07     2.5454E+05    
   5.75E+07     0.98582      0.00011804    5.75E+07     0.00011804    6.75E+07     2.5417E+05    
   5.76E+07     0.98583      0.00011801    5.76E+07     0.00011801    6.76E+07     2.542E+05     
   5.77E+07     0.98583      0.00011779    5.77E+07     0.00011779    6.77E+07     2.5457E+05    
   5.78E+07     0.98583      0.00011766    5.78E+07     0.00011766    6.78E+07     2.5431E+05    
   5.79E+07     0.98584      0.00011784    5.79E+07     0.00011784    6.79E+07     2.5231E+05    
   5.8E+07      0.98583      0.00011768    5.8E+07      0.00011768    6.8E+07      2.5256E+05    
   5.81E+07     0.98583      0.00011744    5.81E+07     0.00011744    6.81E+07     2.5294E+05    
   5.82E+07     0.98584      0.00011747    5.82E+07     0.00011747    6.82E+07     2.5338E+05    
   5.83E+07     0.98583      0.00011735    5.83E+07     0.00011735    6.83E+07     2.5359E+05    
   5.84E+07     0.98583      0.00011723    5.84E+07     0.00011723    6.84E+07     2.5409E+05    
   5.85E+07     0.98583      0.00011701    5.85E+07     0.00011701    6.85E+07     2.5444E+05    
   5.86E+07     0.98583      0.00011681    5.86E+07     0.00011681    6.86E+07     2.54E+05      
   5.87E+07     0.98583      0.00011662    5.87E+07     0.00011662    6.87E+07     2.5425E+05    
   5.88E+07     0.98583      0.00011649    5.88E+07     0.00011649    6.88E+07     2.5476E+05    
   5.89E+07     0.98583      0.00011626    5.89E+07     0.00011626    6.89E+07     2.5385E+05    
   5.9E+07      0.98583      0.00011603    5.9E+07      0.00011603    6.9E+07      2.5424E+05    
   5.91E+07     0.98583      0.00011586    5.91E+07     0.00011586    6.91E+07     2.5417E+05    
   5.92E+07     0.98583      0.00011563    5.92E+07     0.00011563    6.92E+07     2.5244E+05    
   5.93E+07     0.98583      0.00011547    5.93E+07     0.00011547    6.93E+07     2.5267E+05    
   5.94E+07     0.98583      0.00011523    5.94E+07     0.00011523    6.94E+07     2.5222E+05    
   5.95E+07     0.98582      0.00011563    5.95E+07     0.00011563    6.95E+07     2.5269E+05    
   5.96E+07     0.98582      0.00011541    5.96E+07     0.00011541    6.96E+07     2.5312E+05    
   5.97E+07     0.98582      0.00011526    5.97E+07     0.00011526    6.97E+07     2.5359E+05    
   5.98E+07     0.98582      0.00011504    5.98E+07     0.00011504    6.98E+07     2.54E+05      
   5.99E+07     0.98583      0.00011487    5.99E+07     0.00011487    6.99E+07     2.5449E+05    
   6E+07        0.98583      0.00011465    6E+07        0.00011465    7E+07        2.5494E+05    
   6.01E+07     0.98582      0.00011445    6.01E+07     0.00011445    7.01E+07     2.5537E+05    
   6.02E+07     0.98583      0.00011437    6.02E+07     0.00011437    7.02E+07     2.5578E+05    
   6.03E+07     0.98582      0.00011438    6.03E+07     0.00011438    7.03E+07     2.5628E+05    
   6.04E+07     0.98583      0.00011425    6.04E+07     0.00011425    7.04E+07     2.5536E+05    
   6.05E+07     0.98581      0.00011502    6.05E+07     0.00011502    7.05E+07     2.5583E+05    
   6.06E+07     0.98581      0.0001148     6.06E+07     0.0001148     7.06E+07     2.5607E+05    
   6.07E+07     0.98582      0.00011459    6.07E+07     0.00011459    7.07E+07     2.5635E+05    
   6.08E+07     0.98582      0.00011464    6.08E+07     0.00011464    7.08E+07     2.562E+05     
   6.09E+07     0.98582      0.00011442    6.09E+07     0.00011442    7.09E+07     2.5647E+05    
   6.1E+07      0.98582      0.00011444    6.1E+07      0.00011444    7.1E+07      2.5602E+05    
   6.11E+07     0.98582      0.00011428    6.11E+07     0.00011428    7.11E+07     2.5649E+05    
   6.12E+07     0.98582      0.00011409    6.12E+07     0.00011409    7.12E+07     2.5567E+05    
   6.13E+07     0.98581      0.00011388    6.13E+07     0.00011388    7.13E+07     2.5614E+05    
   6.14E+07     0.98581      0.00011371    6.14E+07     0.00011371    7.14E+07     2.562E+05     
   6.15E+07     0.98581      0.00011349    6.15E+07     0.00011349    7.15E+07     2.5666E+05    
   6.16E+07     0.9858       0.00011363    6.16E+07     0.00011363    7.16E+07     2.5607E+05    
   6.17E+07     0.9858       0.00011356    6.17E+07     0.00011356    7.17E+07     2.5649E+05    
   6.18E+07     0.98579      0.00011341    6.18E+07     0.00011341    7.18E+07     2.5695E+05    
   6.19E+07     0.98579      0.00011323    6.19E+07     0.00011323    7.19E+07     2.5718E+05    
   6.2E+07      0.98579      0.00011336    6.2E+07      0.00011336    7.2E+07      2.5713E+05    
   6.21E+07     0.98579      0.00011321    6.21E+07     0.00011321    7.21E+07     2.575E+05     
   6.22E+07     0.98579      0.000113      6.22E+07     0.000113      7.22E+07     2.579E+05     
   6.23E+07     0.98579      0.00011281    6.23E+07     0.00011281    7.23E+07     2.5801E+05    
   6.24E+07     0.9858       0.00011281    6.24E+07     0.00011281    7.24E+07     2.5687E+05    
   6.25E+07     0.9858       0.00011263    6.25E+07     0.00011263    7.25E+07     2.5524E+05    
   6.26E+07     0.9858       0.00011252    6.26E+07     0.00011252    7.26E+07     2.5522E+05    
   6.27E+07     0.9858       0.00011238    6.27E+07     0.00011238    7.27E+07     2.5551E+05    
   6.28E+07     0.9858       0.00011225    6.28E+07     0.00011225    7.28E+07     2.5534E+05    
   6.29E+07     0.98581      0.00011209    6.29E+07     0.00011209    7.29E+07     2.5582E+05    
   6.3E+07      0.9858       0.0001121     6.3E+07      0.0001121     7.3E+07      2.5512E+05    
   6.31E+07     0.9858       0.0001119     6.31E+07     0.0001119     7.31E+07     2.5549E+05    
   6.32E+07     0.9858       0.00011169    6.32E+07     0.00011169    7.32E+07     2.5577E+05    
   6.33E+07     0.9858       0.00011154    6.33E+07     0.00011154    7.33E+07     2.5586E+05    
   6.34E+07     0.9858       0.00011133    6.34E+07     0.00011133    7.34E+07     2.5616E+05    
   6.35E+07     0.9858       0.00011113    6.35E+07     0.00011113    7.35E+07     2.5581E+05    
   6.36E+07     0.98581      0.00011114    6.36E+07     0.00011114    7.36E+07     2.5584E+05    
   6.37E+07     0.98581      0.00011095    6.37E+07     0.00011095    7.37E+07     2.5607E+05    
   6.38E+07     0.9858       0.00011121    6.38E+07     0.00011121    7.38E+07     2.5581E+05    
   6.39E+07     0.98579      0.00011127    6.39E+07     0.00011127    7.39E+07     2.5618E+05    
   6.4E+07      0.98578      0.00011135    6.4E+07      0.00011135    7.4E+07      2.5648E+05    
   6.41E+07     0.98578      0.00011122    6.41E+07     0.00011122    7.41E+07     2.5677E+05    
   6.42E+07     0.98578      0.00011117    6.42E+07     0.00011117    7.42E+07     2.5664E+05    
   6.43E+07     0.98578      0.00011097    6.43E+07     0.00011097    7.43E+07     2.5702E+05    
   6.44E+07     0.98579      0.0001114     6.44E+07     0.0001114     7.44E+07     2.5747E+05    
   6.45E+07     0.98579      0.00011127    6.45E+07     0.00011127    7.45E+07     2.5788E+05    
   6.46E+07     0.98579      0.00011106    6.46E+07     0.00011106    7.46E+07     2.5834E+05    
   6.47E+07     0.98579      0.00011086    6.47E+07     0.00011086    7.47E+07     2.5592E+05    
   6.48E+07     0.98579      0.00011081    6.48E+07     0.00011081    7.48E+07     2.5619E+05    
   6.49E+07     0.98578      0.00011074    6.49E+07     0.00011074    7.49E+07     2.5663E+05    
   6.5E+07      0.98578      0.00011054    6.5E+07      0.00011054    7.5E+07      2.5598E+05    
   6.51E+07     0.98579      0.00011045    6.51E+07     0.00011045    7.51E+07     2.5573E+05    
   6.52E+07     0.98579      0.00011025    6.52E+07     0.00011025    7.52E+07     2.5613E+05    
   6.53E+07     0.98578      0.00011006    6.53E+07     0.00011006    7.53E+07     2.5659E+05    
   6.54E+07     0.98579      0.00011013    6.54E+07     0.00011013    7.54E+07     2.569E+05     
   6.55E+07     0.9858       0.00011026    6.55E+07     0.00011026    7.55E+07     2.57E+05      
   6.56E+07     0.9858       0.00011007    6.56E+07     0.00011007    7.56E+07     2.5733E+05    
   6.57E+07     0.98581      0.00010995    6.57E+07     0.00010995    7.57E+07     2.5648E+05    
   6.58E+07     0.98581      0.00010976    6.58E+07     0.00010976    7.58E+07     2.5687E+05    
   6.59E+07     0.98581      0.00010965    6.59E+07     0.00010965    7.59E+07     2.5606E+05    
   6.6E+07      0.98582      0.00010959    6.6E+07      0.00010959    7.6E+07      2.5544E+05    
   6.61E+07     0.98582      0.00010951    6.61E+07     0.00010951    7.61E+07     2.5567E+05    
   6.62E+07     0.98584      0.00011014    6.62E+07     0.00011014    7.62E+07     2.5509E+05    
   6.63E+07     0.98583      0.00011007    6.63E+07     0.00011007    7.63E+07     2.5551E+05    
   6.64E+07     0.98584      0.00011012    6.64E+07     0.00011012    7.64E+07     2.558E+05     
   6.65E+07     0.98584      0.00010993    6.65E+07     0.00010993    7.65E+07     2.5623E+05    
   6.66E+07     0.98585      0.00011006    6.66E+07     0.00011006    7.66E+07     2.5536E+05    
   6.67E+07     0.98585      0.00010988    6.67E+07     0.00010988    7.67E+07     2.5556E+05    
   6.68E+07     0.98584      0.00010986    6.68E+07     0.00010986    7.68E+07     2.5572E+05    
   6.69E+07     0.98583      0.00011012    6.69E+07     0.00011012    7.69E+07     2.5599E+05    
   6.7E+07      0.98583      0.00010994    6.7E+07      0.00010994    7.7E+07      2.5641E+05    
   6.71E+07     0.98582      0.00011036    6.71E+07     0.00011036    7.71E+07     2.5677E+05    
   6.72E+07     0.98582      0.00011031    6.72E+07     0.00011031    7.72E+07     2.5647E+05    
   6.73E+07     0.98582      0.00011013    6.73E+07     0.00011013    7.73E+07     2.5664E+05    
   6.74E+07     0.98582      0.00011007    6.74E+07     0.00011007    7.74E+07     2.5675E+05    
   6.75E+07     0.98581      0.00011007    6.75E+07     0.00011007    7.75E+07     2.5602E+05    
   6.76E+07     0.98582      0.00010998    6.76E+07     0.00010998    7.76E+07     2.562E+05     
   6.77E+07     0.98582      0.00010982    6.77E+07     0.00010982    7.77E+07     2.561E+05     
   6.78E+07     0.98581      0.00010979    6.78E+07     0.00010979    7.78E+07     2.5653E+05    
   6.79E+07     0.98582      0.00011015    6.79E+07     0.00011015    7.79E+07     2.5658E+05    
   6.8E+07      0.98583      0.00011002    6.8E+07      0.00011002    7.8E+07      2.5674E+05    
   6.81E+07     0.98582      0.00010985    6.81E+07     0.00010985    7.81E+07     2.5709E+05    
   6.82E+07     0.98583      0.00010967    6.82E+07     0.00010967    7.82E+07     2.5698E+05    
   6.83E+07     0.98582      0.00010954    6.83E+07     0.00010954    7.83E+07     2.5521E+05    
   6.84E+07     0.98582      0.00010936    6.84E+07     0.00010936    7.84E+07     2.5559E+05    
   6.85E+07     0.98582      0.0001092     6.85E+07     0.0001092     7.85E+07     2.5603E+05    
   6.86E+07     0.98582      0.00010922    6.86E+07     0.00010922    7.86E+07     2.5525E+05    
   6.87E+07     0.98582      0.00010908    6.87E+07     0.00010908    7.87E+07     2.5567E+05    
   6.88E+07     0.98582      0.0001089     6.88E+07     0.0001089     7.88E+07     2.5597E+05    
   6.89E+07     0.98581      0.00010902    6.89E+07     0.00010902    7.89E+07     2.5605E+05    
   6.9E+07      0.98581      0.00010885    6.9E+07      0.00010885    7.9E+07      2.5607E+05    
   6.91E+07     0.98582      0.00010878    6.91E+07     0.00010878    7.91E+07     2.5649E+05    
   6.92E+07     0.9858       0.00010908    6.92E+07     0.00010908    7.92E+07     2.5692E+05    
   6.93E+07     0.9858       0.00010895    6.93E+07     0.00010895    7.93E+07     2.5722E+05    
   6.94E+07     0.98579      0.00010896    6.94E+07     0.00010896    7.94E+07     2.5759E+05    
   6.95E+07     0.9858       0.00010878    6.95E+07     0.00010878    7.95E+07     2.5776E+05    
   6.96E+07     0.98579      0.00010861    6.96E+07     0.00010861    7.96E+07     2.5778E+05    
   6.97E+07     0.9858       0.00010843    6.97E+07     0.00010843    7.97E+07     2.5812E+05    
   6.98E+07     0.9858       0.00010826    6.98E+07     0.00010826    7.98E+07     2.5846E+05    
   6.99E+07     0.9858       0.00010808    6.99E+07     0.00010808    7.99E+07     2.5783E+05    
   7E+07        0.9858       0.0001079     7E+07        0.0001079     8E+07        2.5784E+05    
   7.01E+07     0.9858       0.00010774    7.01E+07     0.00010774    8.01E+07     2.582E+05     
   7.02E+07     0.9858       0.00010757    7.02E+07     0.00010757    8.02E+07     2.5829E+05    
   7.03E+07     0.9858       0.00010739    7.03E+07     0.00010739    8.03E+07     2.5844E+05    
   7.04E+07     0.98579      0.00010751    7.04E+07     0.00010751    8.04E+07     2.5827E+05    
   7.05E+07     0.98579      0.00010733    7.05E+07     0.00010733    8.05E+07     2.5851E+05    
   7.06E+07     0.98579      0.0001072     7.06E+07     0.0001072     8.06E+07     2.5892E+05    
   7.07E+07     0.98579      0.00010707    7.07E+07     0.00010707    8.07E+07     2.593E+05     
   7.08E+07     0.98579      0.00010702    7.08E+07     0.00010702    8.08E+07     2.5943E+05    
   7.09E+07     0.98578      0.00010689    7.09E+07     0.00010689    8.09E+07     2.5956E+05    
   7.1E+07      0.98579      0.0001069     7.1E+07      0.0001069     8.1E+07      2.5997E+05    
   7.11E+07     0.98579      0.00010673    7.11E+07     0.00010673    8.11E+07     2.6036E+05    
   7.12E+07     0.98578      0.00010683    7.12E+07     0.00010683    8.12E+07     2.6073E+05    
   7.13E+07     0.98578      0.00010666    7.13E+07     0.00010666    8.13E+07     2.6113E+05    
   7.14E+07     0.98578      0.00010657    7.14E+07     0.00010657    8.14E+07     2.6109E+05    
   7.15E+07     0.98578      0.0001064     7.15E+07     0.0001064     8.15E+07     2.6152E+05    
   7.16E+07     0.98577      0.00010645    7.16E+07     0.00010645    8.16E+07     2.5904E+05    
   7.17E+07     0.98577      0.00010628    7.17E+07     0.00010628    8.17E+07     2.5916E+05    
   7.18E+07     0.98577      0.00010612    7.18E+07     0.00010612    8.18E+07     2.595E+05     
   7.19E+07     0.98577      0.00010599    7.19E+07     0.00010599    8.19E+07     2.5829E+05    
   7.2E+07      0.98577      0.00010593    7.2E+07      0.00010593    8.2E+07      2.5859E+05    
   7.21E+07     0.98577      0.00010578    7.21E+07     0.00010578    8.21E+07     2.5881E+05    
   7.22E+07     0.98578      0.00010563    7.22E+07     0.00010563    8.22E+07     2.5912E+05    
   7.23E+07     0.98577      0.00010552    7.23E+07     0.00010552    8.23E+07     2.5944E+05    
   7.24E+07     0.98578      0.00010569    7.24E+07     0.00010569    8.24E+07     2.5986E+05    
   7.25E+07     0.98577      0.00010595    7.25E+07     0.00010595    8.25E+07     2.6015E+05    
   7.26E+07     0.98577      0.00010588    7.26E+07     0.00010588    8.26E+07     2.6052E+05    
   7.27E+07     0.98577      0.00010575    7.27E+07     0.00010575    8.27E+07     2.6091E+05    
   7.28E+07     0.98576      0.00010571    7.28E+07     0.00010571    8.28E+07     2.6112E+05    
   7.29E+07     0.98576      0.00010554    7.29E+07     0.00010554    8.29E+07     2.6097E+05    
   7.3E+07      0.98577      0.00010561    7.3E+07      0.00010561    8.3E+07      2.6104E+05    
   7.31E+07     0.98577      0.00010546    7.31E+07     0.00010546    8.31E+07     2.6143E+05    
   7.32E+07     0.98578      0.00010533    7.32E+07     0.00010533    8.32E+07     2.5893E+05    
   7.33E+07     0.98577      0.00010524    7.33E+07     0.00010524    8.33E+07     2.5849E+05    
   7.34E+07     0.98577      0.00010511    7.34E+07     0.00010511    8.34E+07     2.5883E+05    
   7.35E+07     0.98577      0.00010511    7.35E+07     0.00010511    8.35E+07     2.5913E+05    
   7.36E+07     0.98577      0.00010503    7.36E+07     0.00010503    8.36E+07     2.595E+05     
   7.37E+07     0.98578      0.00010491    7.37E+07     0.00010491    8.37E+07     2.5989E+05    
   7.38E+07     0.98577      0.0001049     7.38E+07     0.0001049     8.38E+07     2.6001E+05    
   7.39E+07     0.98577      0.00010474    7.39E+07     0.00010474    8.39E+07     2.6033E+05    
   7.4E+07      0.98577      0.00010461    7.4E+07      0.00010461    8.4E+07      2.6055E+05    
   7.41E+07     0.98576      0.00010448    7.41E+07     0.00010448    8.41E+07     2.604E+05     
   7.42E+07     0.98577      0.00010444    7.42E+07     0.00010444    8.42E+07     2.5953E+05    
   7.43E+07     0.98577      0.00010428    7.43E+07     0.00010428    8.43E+07     2.5982E+05    
   7.44E+07     0.98577      0.00010412    7.44E+07     0.00010412    8.44E+07     2.5954E+05    
   7.45E+07     0.98577      0.00010397    7.45E+07     0.00010397    8.45E+07     2.5992E+05    
   7.46E+07     0.98577      0.00010381    7.46E+07     0.00010381    8.46E+07     2.5992E+05    
   7.47E+07     0.98576      0.00010422    7.47E+07     0.00010422    8.47E+07     2.602E+05     
   7.48E+07     0.98576      0.0001041     7.48E+07     0.0001041     8.48E+07     2.6054E+05    
   7.49E+07     0.98576      0.00010395    7.49E+07     0.00010395    8.49E+07     2.6067E+05    
   7.5E+07      0.98577      0.00010401    7.5E+07      0.00010401    8.5E+07      2.6083E+05    
   7.51E+07     0.98577      0.00010399    7.51E+07     0.00010399    8.51E+07     2.6118E+05    
   7.52E+07     0.98577      0.00010383    7.52E+07     0.00010383    8.52E+07     2.6154E+05    
   7.53E+07     0.98577      0.00010367    7.53E+07     0.00010367    8.53E+07     2.6177E+05    
   7.54E+07     0.98577      0.00010354    7.54E+07     0.00010354    8.54E+07     2.6195E+05    
   7.55E+07     0.98577      0.00010346    7.55E+07     0.00010346    8.55E+07     2.6184E+05    
   7.56E+07     0.98577      0.00010331    7.56E+07     0.00010331    8.56E+07     2.6216E+05    
   7.57E+07     0.98578      0.00010342    7.57E+07     0.00010342    8.57E+07     2.6256E+05    
   7.58E+07     0.98578      0.00010327    7.58E+07     0.00010327    8.58E+07     2.6295E+05    
   7.59E+07     0.98577      0.00010337    7.59E+07     0.00010337    8.59E+07     2.628E+05     
   7.6E+07      0.98577      0.00010341    7.6E+07      0.00010341    8.6E+07      2.6227E+05    
   7.61E+07     0.98576      0.0001033     7.61E+07     0.0001033     8.61E+07     2.6258E+05    
   7.62E+07     0.98577      0.00010335    7.62E+07     0.00010335    8.62E+07     2.6294E+05    
   7.63E+07     0.98577      0.0001032     7.63E+07     0.0001032     8.63E+07     2.6315E+05    
   7.64E+07     0.98577      0.00010307    7.64E+07     0.00010307    8.64E+07     2.6337E+05    
   7.65E+07     0.98577      0.00010291    7.65E+07     0.00010291    8.65E+07     2.636E+05     
   7.66E+07     0.98578      0.00010302    7.66E+07     0.00010302    8.66E+07     2.6397E+05    
   7.67E+07     0.98578      0.00010292    7.67E+07     0.00010292    8.67E+07     2.6432E+05    
   7.68E+07     0.98577      0.00010281    7.68E+07     0.00010281    8.68E+07     2.6465E+05    
   7.69E+07     0.98578      0.00010269    7.69E+07     0.00010269    8.69E+07     2.65E+05      
   7.7E+07      0.98578      0.00010254    7.7E+07      0.00010254    8.7E+07      2.6474E+05    
   7.71E+07     0.98578      0.0001024     7.71E+07     0.0001024     8.71E+07     2.6504E+05    
   7.72E+07     0.98577      0.00010239    7.72E+07     0.00010239    8.72E+07     2.6522E+05    
   7.73E+07     0.98578      0.00010229    7.73E+07     0.00010229    8.73E+07     2.6531E+05    
   7.74E+07     0.98577      0.00010221    7.74E+07     0.00010221    8.74E+07     2.6553E+05    
   7.75E+07     0.98578      0.00010229    7.75E+07     0.00010229    8.75E+07     2.6574E+05    
   7.76E+07     0.98578      0.00010218    7.76E+07     0.00010218    8.76E+07     2.6598E+05    
   7.77E+07     0.98578      0.00010214    7.77E+07     0.00010214    8.77E+07     2.655E+05     
   7.78E+07     0.98578      0.00010199    7.78E+07     0.00010199    8.78E+07     2.635E+05     
   7.79E+07     0.98577      0.00010191    7.79E+07     0.00010191    8.79E+07     2.6353E+05    
   7.8E+07      0.98578      0.0001018     7.8E+07      0.0001018     8.8E+07      2.6335E+05    
   7.81E+07     0.98578      0.00010167    7.81E+07     0.00010167    8.81E+07     2.63E+05      
   7.82E+07     0.98577      0.00010163    7.82E+07     0.00010163    8.82E+07     2.6327E+05    
   7.83E+07     0.98578      0.00010192    7.83E+07     0.00010192    8.83E+07     2.6362E+05    
   7.84E+07     0.98578      0.00010177    7.84E+07     0.00010177    8.84E+07     2.6396E+05    
   7.85E+07     0.98578      0.00010162    7.85E+07     0.00010162    8.85E+07     2.6421E+05    
   7.86E+07     0.98579      0.00010171    7.86E+07     0.00010171    8.86E+07     2.6411E+05    
   7.87E+07     0.98579      0.00010156    7.87E+07     0.00010156    8.87E+07     2.6446E+05    
   7.88E+07     0.98579      0.00010144    7.88E+07     0.00010144    8.88E+07     2.6372E+05    
   7.89E+07     0.98578      0.00010136    7.89E+07     0.00010136    8.89E+07     2.6282E+05    
   7.9E+07      0.98578      0.00010129    7.9E+07      0.00010129    8.9E+07      2.6318E+05    
   7.91E+07     0.98578      0.00010114    7.91E+07     0.00010114    8.91E+07     2.6343E+05    
   7.92E+07     0.98578      0.000101      7.92E+07     0.000101      8.92E+07     2.6334E+05    
   7.93E+07     0.98578      0.00010087    7.93E+07     0.00010087    8.93E+07     2.633E+05     
   7.94E+07     0.98578      0.00010073    7.94E+07     0.00010073    8.94E+07     2.6353E+05    
   7.95E+07     0.98578      0.00010064    7.95E+07     0.00010064    8.95E+07     2.6364E+05    
   7.96E+07     0.98577      0.00010057    7.96E+07     0.00010057    8.96E+07     2.6392E+05    
   7.97E+07     0.98577      0.00010043    7.97E+07     0.00010043    8.97E+07     2.6423E+05    
   7.98E+07     0.98577      0.00010031    7.98E+07     0.00010031    8.98E+07     2.6453E+05    
   7.99E+07     0.98578      0.00010036    7.99E+07     0.00010036    8.99E+07     2.6474E+05    
   8E+07        0.98578      0.0001003     8E+07        0.0001003     9E+07        2.6446E+05    
   8.01E+07     0.98578      0.00010016    8.01E+07     0.00010016    9.01E+07     2.6308E+05    
   8.02E+07     0.98577      0.00010008    8.02E+07     0.00010008    9.02E+07     2.6323E+05    
   8.03E+07     0.98578      9.9994E-05    8.03E+07     9.9994E-05    9.03E+07     2.6358E+05    
   8.04E+07     0.98578      9.9966E-05    8.04E+07     9.9966E-05    9.04E+07     2.6364E+05    
   8.05E+07     0.98578      9.9851E-05    8.05E+07     9.9851E-05    9.05E+07     2.6398E+05    
   8.06E+07     0.98578      9.971E-05     8.06E+07     9.971E-05     9.06E+07     2.6345E+05    
   8.07E+07     0.98578      9.9576E-05    8.07E+07     9.9576E-05    9.07E+07     2.637E+05     
   8.08E+07     0.98578      9.949E-05     8.08E+07     9.949E-05     9.08E+07     2.6391E+05    
   8.09E+07     0.98577      9.9403E-05    8.09E+07     9.9403E-05    9.09E+07     2.6423E+05    
   8.1E+07      0.98577      9.9265E-05    8.1E+07      9.9265E-05    9.1E+07      2.6459E+05    
   8.11E+07     0.98577      9.9133E-05    8.11E+07     9.9133E-05    9.11E+07     2.6485E+05    
   8.12E+07     0.98577      9.9002E-05    8.12E+07     9.9002E-05    9.12E+07     2.6492E+05    
   8.13E+07     0.98577      9.8863E-05    8.13E+07     9.8863E-05    9.13E+07     2.6519E+05    
   8.14E+07     0.98577      9.8808E-05    8.14E+07     9.8808E-05    9.14E+07     2.646E+05     
   8.15E+07     0.98577      9.867E-05     8.15E+07     9.867E-05     9.15E+07     2.6443E+05    
   8.16E+07     0.98576      9.9083E-05    8.16E+07     9.9083E-05    9.16E+07     2.6475E+05    
   8.17E+07     0.98575      9.899E-05     8.17E+07     9.899E-05     9.17E+07     2.6483E+05    
   8.18E+07     0.98576      9.8867E-05    8.18E+07     9.8867E-05    9.18E+07     2.6465E+05    
   8.19E+07     0.98576      9.9036E-05    8.19E+07     9.9036E-05    9.19E+07     2.6468E+05    
   8.2E+07      0.98577      9.892E-05     8.2E+07      9.892E-05     9.2E+07      2.6476E+05    
   8.21E+07     0.98577      9.8819E-05    8.21E+07     9.8819E-05    9.21E+07     2.6485E+05    
   8.22E+07     0.98577      9.8702E-05    8.22E+07     9.8702E-05    9.22E+07     2.6521E+05    
   8.23E+07     0.98577      9.8582E-05    8.23E+07     9.8582E-05    9.23E+07     2.6458E+05    
   8.24E+07     0.98577      9.8446E-05    8.24E+07     9.8446E-05    9.24E+07     2.6484E+05    
   8.25E+07     0.98577      9.833E-05     8.25E+07     9.833E-05     9.25E+07     2.6444E+05    
   8.26E+07     0.98577      9.8202E-05    8.26E+07     9.8202E-05    9.26E+07     2.6464E+05    
   8.27E+07     0.98577      9.8068E-05    8.27E+07     9.8068E-05    9.27E+07     2.641E+05     
   8.28E+07     0.98577      9.7973E-05    8.28E+07     9.7973E-05    9.28E+07     2.6423E+05    
   8.29E+07     0.98576      9.7945E-05    8.29E+07     9.7945E-05    9.29E+07     2.6452E+05    
   8.3E+07      0.98577      9.7867E-05    8.3E+07      9.7867E-05    9.3E+07      2.6489E+05    
   8.31E+07     0.98577      9.7736E-05    8.31E+07     9.7736E-05    9.31E+07     2.6459E+05    
   8.32E+07     0.98578      9.8148E-05    8.32E+07     9.8148E-05    9.32E+07     2.6496E+05    
   8.33E+07     0.98577      9.8175E-05    8.33E+07     9.8175E-05    9.33E+07     2.6504E+05    
   8.34E+07     0.98577      9.8045E-05    8.34E+07     9.8045E-05    9.34E+07     2.6494E+05    
   8.35E+07     0.98577      9.7933E-05    8.35E+07     9.7933E-05    9.35E+07     2.653E+05     
   8.36E+07     0.98577      9.7803E-05    8.36E+07     9.7803E-05    9.36E+07     2.6564E+05    
   8.37E+07     0.98577      9.7675E-05    8.37E+07     9.7675E-05    9.37E+07     2.6582E+05    
   8.38E+07     0.98577      9.7586E-05    8.38E+07     9.7586E-05    9.38E+07     2.645E+05     
   8.39E+07     0.98577      9.747E-05     8.39E+07     9.747E-05     9.39E+07     2.6291E+05    
   8.4E+07      0.98577      9.7371E-05    8.4E+07      9.7371E-05    9.4E+07      2.632E+05     
   8.41E+07     0.98578      9.7343E-05    8.41E+07     9.7343E-05    9.41E+07     2.6352E+05    
   8.42E+07     0.98577      9.7444E-05    8.42E+07     9.7444E-05    9.42E+07     2.636E+05     
   8.43E+07     0.98577      9.7328E-05    8.43E+07     9.7328E-05    9.43E+07     2.6395E+05    
   8.44E+07     0.98577      9.7326E-05    8.44E+07     9.7326E-05    9.44E+07     2.6428E+05    
   8.45E+07     0.98577      9.7197E-05    8.45E+07     9.7197E-05    9.45E+07     2.6392E+05    
   8.46E+07     0.98577      9.7136E-05    8.46E+07     9.7136E-05    9.46E+07     2.6367E+05    
   8.47E+07     0.98577      9.7024E-05    8.47E+07     9.7024E-05    9.47E+07     2.64E+05      
   8.48E+07     0.98577      9.6905E-05    8.48E+07     9.6905E-05    9.48E+07     2.6353E+05    
   8.49E+07     0.98577      9.6825E-05    8.49E+07     9.6825E-05    9.49E+07     2.6252E+05    
   8.5E+07      0.98577      9.673E-05     8.5E+07      9.673E-05     9.5E+07      2.6222E+05    
   8.51E+07     0.98577      9.6609E-05    8.51E+07     9.6609E-05    9.51E+07     2.6254E+05    
   8.52E+07     0.98577      9.6488E-05    8.52E+07     9.6488E-05    9.52E+07     2.6289E+05    
   8.53E+07     0.98577      9.6388E-05    8.53E+07     9.6388E-05    9.53E+07     2.6301E+05    
   8.54E+07     0.98577      9.6294E-05    8.54E+07     9.6294E-05    9.54E+07     2.6333E+05    
   8.55E+07     0.98577      9.6259E-05    8.55E+07     9.6259E-05    9.55E+07     2.6351E+05    
   8.56E+07     0.98576      9.6147E-05    8.56E+07     9.6147E-05    9.56E+07     2.6376E+05    
   8.57E+07     0.98576      9.602E-05     8.57E+07     9.602E-05     9.57E+07     2.6377E+05    
   8.58E+07     0.98576      9.5894E-05    8.58E+07     9.5894E-05    9.58E+07     2.6408E+05    
   8.59E+07     0.98576      9.586E-05     8.59E+07     9.586E-05     9.59E+07     2.6417E+05    
   8.6E+07      0.98576      9.5901E-05    8.6E+07      9.5901E-05    9.6E+07      2.6414E+05    
   8.61E+07     0.98576      9.5791E-05    8.61E+07     9.5791E-05    9.61E+07     2.6428E+05    
   8.62E+07     0.98576      9.5669E-05    8.62E+07     9.5669E-05    9.62E+07     2.6454E+05    
   8.63E+07     0.98576      9.5571E-05    8.63E+07     9.5571E-05    9.63E+07     2.648E+05     
   8.64E+07     0.98576      9.5478E-05    8.64E+07     9.5478E-05    9.64E+07     2.6509E+05    
   8.65E+07     0.98577      9.5382E-05    8.65E+07     9.5382E-05    9.65E+07     2.6533E+05    
   8.66E+07     0.98577      9.5261E-05    8.66E+07     9.5261E-05    9.66E+07     2.6562E+05    
   8.67E+07     0.98577      9.5139E-05    8.67E+07     9.5139E-05    9.67E+07     2.6564E+05    
   8.68E+07     0.98577      9.5025E-05    8.68E+07     9.5025E-05    9.68E+07     2.6588E+05    
   8.69E+07     0.98577      9.4909E-05    8.69E+07     9.4909E-05    9.69E+07     2.6603E+05    
   8.7E+07      0.98576      9.4903E-05    8.7E+07      9.4903E-05    9.7E+07      2.6594E+05    
   8.71E+07     0.98576      9.4792E-05    8.71E+07     9.4792E-05    9.71E+07     2.6563E+05    
   8.72E+07     0.98576      9.4707E-05    8.72E+07     9.4707E-05    9.72E+07     2.6419E+05    
   8.73E+07     0.98577      9.4636E-05    8.73E+07     9.4636E-05    9.73E+07     2.6452E+05    
   8.74E+07     0.98577      9.4545E-05    8.74E+07     9.4545E-05    9.74E+07     2.6466E+05    
   8.75E+07     0.98577      9.4448E-05    8.75E+07     9.4448E-05    9.75E+07     2.648E+05     
   8.76E+07     0.98577      9.4354E-05    8.76E+07     9.4354E-05    9.76E+07     2.6503E+05    
   8.77E+07     0.98578      9.4386E-05    8.77E+07     9.4386E-05    9.77E+07     2.6495E+05    
   8.78E+07     0.98578      9.4692E-05    8.78E+07     9.4692E-05    9.78E+07     2.6519E+05    
   8.79E+07     0.98579      9.4624E-05    8.79E+07     9.4624E-05    9.79E+07     2.6534E+05    
   8.8E+07      0.98579      9.4606E-05    8.8E+07      9.4606E-05    9.8E+07      2.6499E+05    
   8.81E+07     0.98579      9.4616E-05    8.81E+07     9.4616E-05    9.81E+07     2.6505E+05    
   8.82E+07     0.98579      9.4515E-05    8.82E+07     9.4515E-05    9.82E+07     2.6504E+05    
   8.83E+07     0.98579      9.4396E-05    8.83E+07     9.4396E-05    9.83E+07     2.6505E+05    
   8.84E+07     0.98579      9.4281E-05    8.84E+07     9.4281E-05    9.84E+07     2.626E+05     
   8.85E+07     0.98579      9.4185E-05    8.85E+07     9.4185E-05    9.85E+07     2.6279E+05    
   8.86E+07     0.98579      9.415E-05     8.86E+07     9.415E-05     9.86E+07     2.6305E+05    
   8.87E+07     0.98579      9.4037E-05    8.87E+07     9.4037E-05    9.87E+07     2.6319E+05    
   8.88E+07     0.9858       9.4112E-05    8.88E+07     9.4112E-05    9.88E+07     2.6335E+05    
   8.89E+07     0.98579      9.4223E-05    8.89E+07     9.4223E-05    9.89E+07     2.6353E+05    
   8.9E+07      0.98579      9.4106E-05    8.9E+07      9.4106E-05    9.9E+07      2.6382E+05    
   8.91E+07     0.98579      9.4009E-05    8.91E+07     9.4009E-05    9.91E+07     2.6415E+05    
   8.92E+07     0.98579      9.3966E-05    8.92E+07     9.3966E-05    9.92E+07     2.6447E+05    
   8.93E+07     0.9858       9.3922E-05    8.93E+07     9.3922E-05    9.93E+07     2.6476E+05    
   8.94E+07     0.9858       9.3831E-05    8.94E+07     9.3831E-05    9.94E+07     2.6507E+05    
   8.95E+07     0.9858       9.3758E-05    8.95E+07     9.3758E-05    9.95E+07     2.6526E+05    
   8.96E+07     0.9858       9.3654E-05    8.96E+07     9.3654E-05    9.96E+07     2.6558E+05    
   8.97E+07     0.9858       9.3546E-05    8.97E+07     9.3546E-05    9.97E+07     2.6584E+05    
   8.98E+07     0.9858       9.3443E-05    8.98E+07     9.3443E-05    9.98E+07     2.6577E+05    
   8.99E+07     0.9858       9.3355E-05    8.99E+07     9.3355E-05    9.99E+07     2.6602E+05    
   9E+07        0.9858       9.3348E-05    9E+07        9.3348E-05    1E+08        2.6635E+05    
   9.01E+07     0.98581      9.3541E-05    9.01E+07     9.3541E-05    
   9.02E+07     0.98581      9.3466E-05    9.02E+07     9.3466E-05    
   9.03E+07     0.98581      9.3352E-05    9.03E+07     9.3352E-05    
   9.04E+07     0.98581      9.3283E-05    9.04E+07     9.3283E-05    
   9.05E+07     0.98581      9.317E-05     9.05E+07     9.317E-05     
   9.06E+07     0.9858       9.3214E-05    9.06E+07     9.3214E-05    
   9.07E+07     0.98581      9.3119E-05    9.07E+07     9.3119E-05    
   9.08E+07     0.98581      9.3025E-05    9.08E+07     9.3025E-05    
   9.09E+07     0.98581      9.2921E-05    9.09E+07     9.2921E-05    
   9.1E+07      0.98581      9.2807E-05    9.1E+07      9.2807E-05    
   9.11E+07     0.98581      9.2712E-05    9.11E+07     9.2712E-05    
   9.12E+07     0.98581      9.2645E-05    9.12E+07     9.2645E-05    
   9.13E+07     0.98581      9.2549E-05    9.13E+07     9.2549E-05    
   9.14E+07     0.98582      9.2599E-05    9.14E+07     9.2599E-05    
   9.15E+07     0.98581      9.2581E-05    9.15E+07     9.2581E-05    
   9.16E+07     0.98581      9.2469E-05    9.16E+07     9.2469E-05    
   9.17E+07     0.98582      9.2408E-05    9.17E+07     9.2408E-05    
   9.18E+07     0.98582      9.2388E-05    9.18E+07     9.2388E-05    
   9.19E+07     0.98582      9.2333E-05    9.19E+07     9.2333E-05    
   9.2E+07      0.98583      9.2261E-05    9.2E+07      9.2261E-05    
   9.21E+07     0.98582      9.2199E-05    9.21E+07     9.2199E-05    
   9.22E+07     0.98582      9.2087E-05    9.22E+07     9.2087E-05    
   9.23E+07     0.98583      9.2147E-05    9.23E+07     9.2147E-05    
   9.24E+07     0.98583      9.2055E-05    9.24E+07     9.2055E-05    
   9.25E+07     0.98583      9.2073E-05    9.25E+07     9.2073E-05    
   9.26E+07     0.98582      9.1991E-05    9.26E+07     9.1991E-05    
   9.27E+07     0.98583      9.2035E-05    9.27E+07     9.2035E-05    
   9.28E+07     0.98583      9.1966E-05    9.28E+07     9.1966E-05    
   9.29E+07     0.98582      9.186E-05     9.29E+07     9.186E-05     
   9.3E+07      0.98582      9.175E-05     9.3E+07      9.175E-05     
   9.31E+07     0.98583      9.1752E-05    9.31E+07     9.1752E-05    
   9.32E+07     0.98583      9.1642E-05    9.32E+07     9.1642E-05    
   9.33E+07     0.98583      9.1569E-05    9.33E+07     9.1569E-05    
   9.34E+07     0.98582      9.1538E-05    9.34E+07     9.1538E-05    
   9.35E+07     0.98582      9.1429E-05    9.35E+07     9.1429E-05    
   9.36E+07     0.98582      9.1322E-05    9.36E+07     9.1322E-05    
   9.37E+07     0.98583      9.1241E-05    9.37E+07     9.1241E-05    
   9.38E+07     0.98583      9.142E-05     9.38E+07     9.142E-05     
   9.39E+07     0.98584      9.1649E-05    9.39E+07     9.1649E-05    
   9.4E+07      0.98584      9.155E-05     9.4E+07      9.155E-05     
   9.41E+07     0.98584      9.1443E-05    9.41E+07     9.1443E-05    
   9.42E+07     0.98584      9.138E-05     9.42E+07     9.138E-05     
   9.43E+07     0.98584      9.1272E-05    9.43E+07     9.1272E-05    
   9.44E+07     0.98584      9.1164E-05    9.44E+07     9.1164E-05    
   9.45E+07     0.98584      9.1175E-05    9.45E+07     9.1175E-05    
   9.46E+07     0.98583      9.117E-05     9.46E+07     9.117E-05     
   9.47E+07     0.98583      9.1067E-05    9.47E+07     9.1067E-05    
   9.48E+07     0.98584      9.1102E-05    9.48E+07     9.1102E-05    
   9.49E+07     0.98583      9.1223E-05    9.49E+07     9.1223E-05    
   9.5E+07      0.98583      9.1229E-05    9.5E+07      9.1229E-05    
   9.51E+07     0.98583      9.1125E-05    9.51E+07     9.1125E-05    
   9.52E+07     0.98583      9.102E-05     9.52E+07     9.102E-05     
   9.53E+07     0.98583      9.0946E-05    9.53E+07     9.0946E-05    
   9.54E+07     0.98583      9.0843E-05    9.54E+07     9.0843E-05    
   9.55E+07     0.98583      9.0765E-05    9.55E+07     9.0765E-05    
   9.56E+07     0.98583      9.0678E-05    9.56E+07     9.0678E-05    
   9.57E+07     0.98584      9.0628E-05    9.57E+07     9.0628E-05    
   9.58E+07     0.98584      9.0523E-05    9.58E+07     9.0523E-05    
   9.59E+07     0.98583      9.0461E-05    9.59E+07     9.0461E-05    
   9.6E+07      0.98584      9.042E-05     9.6E+07      9.042E-05     
   9.61E+07     0.98583      9.0352E-05    9.61E+07     9.0352E-05    
   9.62E+07     0.98583      9.0253E-05    9.62E+07     9.0253E-05    
   9.63E+07     0.98583      9.0163E-05    9.63E+07     9.0163E-05    
   9.64E+07     0.98583      9.0068E-05    9.64E+07     9.0068E-05    
   9.65E+07     0.98583      8.9984E-05    9.65E+07     8.9984E-05    
   9.66E+07     0.98583      8.988E-05     9.66E+07     8.988E-05     
   9.67E+07     0.98583      8.9833E-05    9.67E+07     8.9833E-05    
   9.68E+07     0.98583      8.9743E-05    9.68E+07     8.9743E-05    
   9.69E+07     0.98583      8.9674E-05    9.69E+07     8.9674E-05    
   9.7E+07      0.98583      8.9639E-05    9.7E+07      8.9639E-05    
   9.71E+07     0.98584      8.9647E-05    9.71E+07     8.9647E-05    
   9.72E+07     0.98583      8.9845E-05    9.72E+07     8.9845E-05    
   9.73E+07     0.98583      8.9745E-05    9.73E+07     8.9745E-05    
   9.74E+07     0.98583      8.9668E-05    9.74E+07     8.9668E-05    
   9.75E+07     0.98582      8.96E-05      9.75E+07     8.96E-05      
   9.76E+07     0.98582      8.9517E-05    9.76E+07     8.9517E-05    
   9.77E+07     0.98583      8.9484E-05    9.77E+07     8.9484E-05    
   9.78E+07     0.98582      8.9393E-05    9.78E+07     8.9393E-05    
   9.79E+07     0.98583      8.9323E-05    9.79E+07     8.9323E-05    
   9.8E+07      0.98582      8.9337E-05    9.8E+07      8.9337E-05    
   9.81E+07     0.98582      8.9281E-05    9.81E+07     8.9281E-05    
   9.82E+07     0.98582      8.9235E-05    9.82E+07     8.9235E-05    
   9.83E+07     0.98582      8.9191E-05    9.83E+07     8.9191E-05    
   9.84E+07     0.98583      8.9562E-05    9.84E+07     8.9562E-05    
   9.85E+07     0.98583      8.9484E-05    9.85E+07     8.9484E-05    
   9.86E+07     0.98582      8.9389E-05    9.86E+07     8.9389E-05    
   9.87E+07     0.98583      8.9316E-05    9.87E+07     8.9316E-05    
   9.88E+07     0.98582      8.9246E-05    9.88E+07     8.9246E-05    
   9.89E+07     0.98582      8.917E-05     9.89E+07     8.917E-05     
   9.9E+07      0.98582      8.9072E-05    9.9E+07      8.9072E-05    
   9.91E+07     0.98582      8.8974E-05    9.91E+07     8.8974E-05    
   9.92E+07     0.98582      8.8874E-05    9.92E+07     8.8874E-05    
   9.93E+07     0.98582      8.8782E-05    9.93E+07     8.8782E-05    
   9.94E+07     0.98583      8.8683E-05    9.94E+07     8.8683E-05    
   9.95E+07     0.98582      8.861E-05     9.95E+07     8.861E-05     
   9.96E+07     0.98582      8.8511E-05    9.96E+07     8.8511E-05    
   9.97E+07     0.98582      8.8426E-05    9.97E+07     8.8426E-05    
   9.98E+07     0.98582      8.8393E-05    9.98E+07     8.8393E-05    
   9.99E+07     0.98582      8.8304E-05    9.99E+07     8.8304E-05    
   1E+08        0.98582      8.8206E-05    1E+08        8.8206E-05    
