# This file is written with the intent of being used to plot the data with 
# Gnuplot.  It contains no information regarding how the plot should be 
# formatted.
# =========================================================================
# Research/ArnoldivsPower -f Power1-19.dat -t 100000 -A -c 100 -C 900 -w 20 -b 75 -r  seed = 844444914
# filename = Power1-19.dat, run = true, power = true, Arnoldi = false, storevectors = 0, raw = false, evectors = 2, evalues = 2, residual = false, arnoldimethod = implicit, tol = 2.22045e-16, verbose = 1, seed = 0, width = 20, bins = 75, acycles = 900, incycles = 100, active = 20, inactive = 0, Iterations = 10, numValues = 2, relaxed = 0, tracks = 100000, ignore_rest = false, version = false, help = false, 

#  1            2            3             4            5             6            7             8            9            
# |-            Power values           -| |-   Power eValues SD   -| |-       FOM-Power      -| |-     Power vector     -| 
#  x-coord      y-coord      error         x-coord      y-coord       x-coord      y-coord       x-coord      y-coord       
   1E+05        0.95697      0             1E+05        0             1.01E+07     0             0.13333      0.017419      
   2E+05        0.96827      0             2E+05        0             1.02E+07     6.6052E+05    0.4          0.024479      
   3E+05        0.97021      0             3E+05        0             1.03E+07     27440         0.66667      0.030758      
   4E+05        0.97677      0             4E+05        0             1.04E+07     48316         0.93333      0.036857      
   5E+05        0.97849      0             5E+05        0             1.05E+07     74042         1.2          0.042816      
   6E+05        0.97821      0             6E+05        0             1.06E+07     71655         1.4667       0.048706      
   7E+05        0.97971      0             7E+05        0             1.07E+07     96176         1.7333       0.054401      
   8E+05        0.97874      0             8E+05        0             1.08E+07     1.2096E+05    2            0.06013       
   9E+05        0.98345      0             9E+05        0             1.09E+07     79345         2.2667       0.065879      
   1E+06        0.98091      0             1E+06        0             1.1E+07      64414         2.5333       0.071336      
   1.1E+06      0.98455      0             1.1E+06      0             1.11E+07     41651         2.8          0.076899      
   1.2E+06      0.97902      0             1.2E+06      0             1.12E+07     48803         3.0667       0.082161      
   1.3E+06      0.98388      0             1.3E+06      0             1.13E+07     56409         3.3333       0.087222      
   1.4E+06      0.98604      0             1.4E+06      0             1.14E+07     64716         3.6          0.092591      
   1.5E+06      0.98118      0             1.5E+06      0             1.15E+07     72062         3.8667       0.097446      
   1.6E+06      0.98415      0             1.6E+06      0             1.16E+07     78664         4.1333       0.10225       
   1.7E+06      0.98515      0             1.7E+06      0             1.17E+07     86102         4.4          0.1067        
   1.8E+06      0.98306      0             1.8E+06      0             1.18E+07     92395         4.6667       0.11104       
   1.9E+06      0.98627      0             1.9E+06      0             1.19E+07     97738         4.9333       0.1155        
   2E+06        0.98151      0             2E+06        0             1.2E+07      1.0691E+05    5.2          0.12005       
   2.1E+06      0.98417      0             2.1E+06      0             1.21E+07     1.169E+05     5.4667       0.12375       
   2.2E+06      0.97682      0             2.2E+06      0             1.22E+07     1.2485E+05    5.7333       0.12733       
   2.3E+06      0.9796       0             2.3E+06      0             1.23E+07     1.3082E+05    6            0.13085       
   2.4E+06      0.99053      0             2.4E+06      0             1.24E+07     1.4083E+05    6.2667       0.13464       
   2.5E+06      0.98336      0             2.5E+06      0             1.25E+07     1.4674E+05    6.5333       0.13763       
   2.6E+06      0.98098      0             2.6E+06      0             1.26E+07     1.277E+05     6.8          0.14026       
   2.7E+06      0.98399      0             2.7E+06      0             1.27E+07     1.1174E+05    7.0667       0.14305       
   2.8E+06      0.98714      0             2.8E+06      0             1.28E+07     1.1447E+05    7.3333       0.14559       
   2.9E+06      0.98349      0             2.9E+06      0             1.29E+07     1.1515E+05    7.6          0.14811       
   3E+06        0.98532      0             3E+06        0             1.3E+07      1.1941E+05    7.8667       0.1501        
   3.1E+06      0.98755      0             3.1E+06      0             1.31E+07     1.0794E+05    8.1333       0.15173       
   3.2E+06      0.98606      0             3.2E+06      0             1.32E+07     1.1387E+05    8.4          0.15334       
   3.3E+06      0.98928      0             3.3E+06      0             1.33E+07     89876         8.6667       0.15502       
   3.4E+06      0.98576      0             3.4E+06      0             1.34E+07     93884         8.9333       0.1557        
   3.5E+06      0.98729      0             3.5E+06      0             1.35E+07     98212         9.2          0.1566        
   3.6E+06      0.98376      0             3.6E+06      0             1.36E+07     83349         9.4667       0.15707       
   3.7E+06      0.99188      0             3.7E+06      0             1.37E+07     82223         9.7333       0.15792       
   3.8E+06      0.98602      0             3.8E+06      0             1.38E+07     83599         10           0.15805       
   3.9E+06      0.98596      0             3.9E+06      0             1.39E+07     82309         10.267       0.15786       
   4E+06        0.98316      0             4E+06        0             1.4E+07      84055         10.533       0.15746       
   4.1E+06      0.99059      0             4.1E+06      0             1.41E+07     77588         10.8         0.15686       
   4.2E+06      0.98263      0             4.2E+06      0             1.42E+07     80652         11.067       0.15571       
   4.3E+06      0.98215      0             4.3E+06      0             1.43E+07     83462         11.333       0.15493       
   4.4E+06      0.98788      0             4.4E+06      0             1.44E+07     83057         11.6         0.15375       
   4.5E+06      0.98355      0             4.5E+06      0             1.45E+07     84089         11.867       0.1527        
   4.6E+06      0.98437      0             4.6E+06      0             1.46E+07     87075         12.133       0.15089       
   4.7E+06      0.98475      0             4.7E+06      0             1.47E+07     85958         12.4         0.14876       
   4.8E+06      0.9836       0             4.8E+06      0             1.48E+07     86429         12.667       0.14617       
   4.9E+06      0.98603      0             4.9E+06      0             1.49E+07     88365         12.933       0.14442       
   5E+06        0.98236      0             5E+06        0             1.5E+07      86353         13.2         0.1415        
   5.1E+06      0.98124      0             5.1E+06      0             1.51E+07     89036         13.467       0.13837       
   5.2E+06      0.98406      0             5.2E+06      0             1.52E+07     89380         13.733       0.13557       
   5.3E+06      0.98365      0             5.3E+06      0             1.53E+07     91468         14           0.13165       
   5.4E+06      0.98508      0             5.4E+06      0             1.54E+07     94275         14.267       0.12823       
   5.5E+06      0.98195      0             5.5E+06      0             1.55E+07     97190         14.533       0.12462       
   5.6E+06      0.98485      0             5.6E+06      0             1.56E+07     94995         14.8         0.12062       
   5.7E+06      0.98467      0             5.7E+06      0             1.57E+07     97395         15.067       0.11635       
   5.8E+06      0.98665      0             5.8E+06      0             1.58E+07     96832         15.333       0.11215       
   5.9E+06      0.98176      0             5.9E+06      0             1.59E+07     98323         15.6         0.10769       
   6E+06        0.98165      0             6E+06        0             1.6E+07      94746         15.867       0.10325       
   6.1E+06      0.98714      0             6.1E+06      0             1.61E+07     96760         16.133       0.098456      
   6.2E+06      0.98122      0             6.2E+06      0             1.62E+07     95080         16.4         0.093504      
   6.3E+06      0.98267      0             6.3E+06      0             1.63E+07     97450         16.667       0.088535      
   6.4E+06      0.98822      0             6.4E+06      0             1.64E+07     98709         16.933       0.083099      
   6.5E+06      0.98694      0             6.5E+06      0             1.65E+07     1.0108E+05    17.2         0.077733      
   6.6E+06      0.98276      0             6.6E+06      0             1.66E+07     1.0209E+05    17.467       0.072405      
   6.7E+06      0.98818      0             6.7E+06      0             1.67E+07     1.0456E+05    17.733       0.066827      
   6.8E+06      0.98373      0             6.8E+06      0             1.68E+07     1.0705E+05    18           0.060943      
   6.9E+06      0.98907      0             6.9E+06      0             1.69E+07     1.0916E+05    18.267       0.055302      
   7E+06        0.98366      0             7E+06        0             1.7E+07      1.116E+05     18.533       0.049392      
   7.1E+06      0.98615      0             7.1E+06      0             1.71E+07     1.1364E+05    18.8         0.043307      
   7.2E+06      0.9819       0             7.2E+06      0             1.72E+07     1.1617E+05    19.067       0.037276      
   7.3E+06      0.98529      0             7.3E+06      0             1.73E+07     1.1523E+05    19.333       0.030939      
   7.4E+06      0.98773      0             7.4E+06      0             1.74E+07     1.1769E+05    19.6         0.024393      
   7.5E+06      0.98396      0             7.5E+06      0             1.75E+07     1.1982E+05    19.867       0.017566      
   7.6E+06      0.98567      0             7.6E+06      0             1.76E+07     1.2064E+05    
   7.7E+06      0.98576      0             7.7E+06      0             1.77E+07     1.224E+05     
   7.8E+06      0.9885       0             7.8E+06      0             1.78E+07     1.2487E+05    
   7.9E+06      0.98668      0             7.9E+06      0             1.79E+07     1.2589E+05    
   8E+06        0.98662      0             8E+06        0             1.8E+07      1.2663E+05    
   8.1E+06      0.98952      0             8.1E+06      0             1.81E+07     1.2855E+05    
   8.2E+06      0.98815      0             8.2E+06      0             1.82E+07     1.3092E+05    
   8.3E+06      0.98236      0             8.3E+06      0             1.83E+07     1.3102E+05    
   8.4E+06      0.98325      0             8.4E+06      0             1.84E+07     1.3248E+05    
   8.5E+06      0.98514      0             8.5E+06      0             1.85E+07     1.3435E+05    
   8.6E+06      0.98585      0             8.6E+06      0             1.86E+07     1.3657E+05    
   8.7E+06      0.98208      0             8.7E+06      0             1.87E+07     1.3701E+05    
   8.8E+06      0.98867      0             8.8E+06      0             1.88E+07     1.327E+05     
   8.9E+06      0.98778      0             8.9E+06      0             1.89E+07     1.3483E+05    
   9E+06        0.9866       0             9E+06        0             1.9E+07      1.354E+05     
   9.1E+06      0.97956      0             9.1E+06      0             1.91E+07     1.3579E+05    
   9.2E+06      0.98588      0             9.2E+06      0             1.92E+07     1.3621E+05    
   9.3E+06      0.9866       0             9.3E+06      0             1.93E+07     1.3816E+05    
   9.4E+06      0.98411      0             9.4E+06      0             1.94E+07     1.395E+05     
   9.5E+06      0.9878       0             9.5E+06      0             1.95E+07     1.3868E+05    
   9.6E+06      0.98733      0             9.6E+06      0             1.96E+07     1.4039E+05    
   9.7E+06      0.98828      0             9.7E+06      0             1.97E+07     1.415E+05     
   9.8E+06      0.98835      0             9.8E+06      0             1.98E+07     1.4373E+05    
   9.9E+06      0.9825       0             9.9E+06      0             1.99E+07     1.4437E+05    
   1E+07        0.99025      0             1E+07        0             2E+07        1.4559E+05    
   1.01E+07     0.98622      5.2265E-09    1.01E+07     5.2265E-09    2.01E+07     1.4687E+05    
   1.02E+07     0.98597      0.00017783    1.02E+07     0.00017783    2.02E+07     1.4891E+05    
   1.03E+07     0.98702      0.00086793    1.03E+07     0.00086793    2.03E+07     1.4526E+05    
   1.04E+07     0.98703      0.00065098    1.04E+07     0.00065098    2.04E+07     1.4396E+05    
   1.05E+07     0.98697      0.00052326    1.05E+07     0.00052326    2.05E+07     1.4534E+05    
   1.06E+07     0.98665      0.00052947    1.06E+07     0.00052947    2.06E+07     1.473E+05     
   1.07E+07     0.98667      0.00045458    1.07E+07     0.00045458    2.07E+07     1.4412E+05    
   1.08E+07     0.9866       0.00040352    1.08E+07     0.00040352    2.08E+07     1.4559E+05    
   1.09E+07     0.98696      0.00049585    1.09E+07     0.00049585    2.09E+07     1.4753E+05    
   1.1E+07      0.9873       0.00054789    1.1E+07      0.00054789    2.1E+07      1.4559E+05    
   1.11E+07     0.98682      0.00067778    1.11E+07     0.00067778    2.11E+07     1.4699E+05    
   1.12E+07     0.98676      0.00062344    1.12E+07     0.00062344    2.12E+07     1.4495E+05    
   1.13E+07     0.98681      0.00057719    1.13E+07     0.00057719    2.13E+07     1.4658E+05    
   1.14E+07     0.98684      0.00053659    1.14E+07     0.00053659    2.14E+07     1.4173E+05    
   1.15E+07     0.98676      0.00050609    1.15E+07     0.00050609    2.15E+07     1.4321E+05    
   1.16E+07     0.98685      0.00048237    1.16E+07     0.00048237    2.16E+07     1.4174E+05    
   1.17E+07     0.98678      0.00045915    1.17E+07     0.00045915    2.17E+07     1.4315E+05    
   1.18E+07     0.9867       0.00044139    1.18E+07     0.00044139    2.18E+07     1.448E+05     
   1.19E+07     0.9866       0.00042741    1.19E+07     0.00042741    2.19E+07     1.4425E+05    
   1.2E+07      0.98663      0.00040664    1.2E+07      0.00040664    2.2E+07      1.4495E+05    
   1.21E+07     0.98663      0.00038732    1.21E+07     0.00038732    2.21E+07     1.4578E+05    
   1.22E+07     0.98658      0.0003732     1.22E+07     0.0003732     2.22E+07     1.4689E+05    
   1.23E+07     0.98665      0.00036314    1.23E+07     0.00036314    2.23E+07     1.4861E+05    
   1.24E+07     0.98663      0.00034836    1.24E+07     0.00034836    2.24E+07     1.501E+05     
   1.25E+07     0.98657      0.00033994    1.25E+07     0.00033994    2.25E+07     1.518E+05     
   1.26E+07     0.98673      0.0003629     1.26E+07     0.0003629     2.26E+07     1.5349E+05    
   1.27E+07     0.98656      0.00038646    1.27E+07     0.00038646    2.27E+07     1.5339E+05    
   1.28E+07     0.98664      0.00038014    1.28E+07     0.00038014    2.28E+07     1.5313E+05    
   1.29E+07     0.98673      0.00037759    1.29E+07     0.00037759    2.29E+07     1.5468E+05    
   1.3E+07      0.98667      0.00036942    1.3E+07      0.00036942    2.3E+07      1.5539E+05    
   1.31E+07     0.98652      0.00038704    1.31E+07     0.00038704    2.31E+07     1.5433E+05    
   1.32E+07     0.98651      0.00037527    1.32E+07     0.00037527    2.32E+07     1.5584E+05    
   1.33E+07     0.98672      0.00042081    1.33E+07     0.00042081    2.33E+07     1.5706E+05    
   1.34E+07     0.98676      0.00041023    1.34E+07     0.00041023    2.34E+07     1.5866E+05    
   1.35E+07     0.98673      0.00039958    1.35E+07     0.00039958    2.35E+07     1.5987E+05    
   1.36E+07     0.98654      0.00043192    1.36E+07     0.00043192    2.36E+07     1.5926E+05    
   1.37E+07     0.98643      0.00043329    1.37E+07     0.00043329    2.37E+07     1.577E+05     
   1.38E+07     0.9865       0.00042803    1.38E+07     0.00042803    2.38E+07     1.5868E+05    
   1.39E+07     0.98661      0.00042979    1.39E+07     0.00042979    2.39E+07     1.6034E+05    
   1.4E+07      0.98655      0.00042367    1.4E+07      0.00042367    2.4E+07      1.6162E+05    
   1.41E+07     0.9864       0.00043939    1.41E+07     0.00043939    2.41E+07     1.6177E+05    
   1.42E+07     0.98642      0.00042947    1.42E+07     0.00042947    2.42E+07     1.6283E+05    
   1.43E+07     0.98638      0.00042074    1.43E+07     0.00042074    2.43E+07     1.6425E+05    
   1.44E+07     0.9863       0.00041998    1.44E+07     0.00041998    2.44E+07     1.6511E+05    
   1.45E+07     0.98637      0.00041598    1.45E+07     0.00041598    2.45E+07     1.6629E+05    
   1.46E+07     0.98635      0.00040729    1.46E+07     0.00040729    2.46E+07     1.6782E+05    
   1.47E+07     0.98626      0.00040858    1.47E+07     0.00040858    2.47E+07     1.6944E+05    
   1.48E+07     0.98619      0.0004059     1.48E+07     0.0004059     2.48E+07     1.7103E+05    
   1.49E+07     0.98614      0.00040011    1.49E+07     0.00040011    2.49E+07     1.7251E+05    
   1.5E+07      0.98624      0.00040332    1.5E+07      0.00040332    2.5E+07      1.7257E+05    
   1.51E+07     0.98622      0.00039586    1.51E+07     0.00039586    2.51E+07     1.7387E+05    
   1.52E+07     0.98628      0.00039328    1.52E+07     0.00039328    2.52E+07     1.7471E+05    
   1.53E+07     0.98625      0.00038751    1.53E+07     0.00038751    2.53E+07     1.7603E+05    
   1.54E+07     0.98624      0.0003804     1.54E+07     0.0003804     2.54E+07     1.7724E+05    
   1.55E+07     0.98624      0.00037348    1.55E+07     0.00037348    2.55E+07     1.7196E+05    
   1.56E+07     0.98632      0.00037641    1.56E+07     0.00037641    2.56E+07     1.7345E+05    
   1.57E+07     0.98635      0.0003706     1.57E+07     0.0003706     2.57E+07     1.7337E+05    
   1.58E+07     0.98628      0.00037048    1.58E+07     0.00037048    2.58E+07     1.7321E+05    
   1.59E+07     0.98632      0.00036655    1.59E+07     0.00036655    2.59E+07     1.7377E+05    
   1.6E+07      0.98642      0.00037202    1.6E+07      0.00037202    2.6E+07      1.7378E+05    
   1.61E+07     0.98639      0.00036703    1.61E+07     0.00036703    2.61E+07     1.7364E+05    
   1.62E+07     0.98646      0.00036914    1.62E+07     0.00036914    2.62E+07     1.7494E+05    
   1.63E+07     0.98645      0.0003635     1.63E+07     0.0003635     2.63E+07     1.7627E+05    
   1.64E+07     0.98641      0.00036003    1.64E+07     0.00036003    2.64E+07     1.7767E+05    
   1.65E+07     0.9864       0.00035467    1.65E+07     0.00035467    2.65E+07     1.7767E+05    
   1.66E+07     0.98644      0.00035188    1.66E+07     0.00035188    2.66E+07     1.7825E+05    
   1.67E+07     0.98644      0.00034663    1.67E+07     0.00034663    2.67E+07     1.7955E+05    
   1.68E+07     0.98644      0.00034158    1.68E+07     0.00034158    2.68E+07     1.7893E+05    
   1.69E+07     0.98646      0.00033711    1.69E+07     0.00033711    2.69E+07     1.7957E+05    
   1.7E+07      0.98647      0.00033244    1.7E+07      0.00033244    2.7E+07      1.8061E+05    
   1.71E+07     0.98649      0.00032847    1.71E+07     0.00032847    2.71E+07     1.7917E+05    
   1.72E+07     0.98648      0.00032396    1.72E+07     0.00032396    2.72E+07     1.8061E+05    
   1.73E+07     0.98654      0.00032418    1.73E+07     0.00032418    2.73E+07     1.7921E+05    
   1.74E+07     0.98654      0.00031988    1.74E+07     0.00031988    2.74E+07     1.7877E+05    
   1.75E+07     0.98656      0.00031612    1.75E+07     0.00031612    2.75E+07     1.7862E+05    
   1.76E+07     0.98653      0.00031415    1.76E+07     0.00031415    2.76E+07     1.7969E+05    
   1.77E+07     0.98655      0.00031094    1.77E+07     0.00031094    2.77E+07     1.7969E+05    
   1.78E+07     0.98655      0.00030696    1.78E+07     0.00030696    2.78E+07     1.8042E+05    
   1.79E+07     0.98658      0.00030488    1.79E+07     0.00030488    2.79E+07     1.8114E+05    
   1.8E+07      0.98654      0.00030313    1.8E+07      0.00030313    2.8E+07      1.8179E+05    
   1.81E+07     0.98656      0.00029996    1.81E+07     0.00029996    2.81E+07     1.8311E+05    
   1.82E+07     0.98655      0.0002964     1.82E+07     0.0002964     2.82E+07     1.8254E+05    
   1.83E+07     0.98651      0.00029551    1.83E+07     0.00029551    2.83E+07     1.8339E+05    
   1.84E+07     0.98654      0.00029307    1.84E+07     0.00029307    2.84E+07     1.8133E+05    
   1.85E+07     0.98656      0.00029021    1.85E+07     0.00029021    2.85E+07     1.778E+05     
   1.86E+07     0.98657      0.00028705    1.86E+07     0.00028705    2.86E+07     1.7913E+05    
   1.87E+07     0.98653      0.00028585    1.87E+07     0.00028585    2.87E+07     1.8008E+05    
   1.88E+07     0.98647      0.00028972    1.88E+07     0.00028972    2.88E+07     1.8108E+05    
   1.89E+07     0.98648      0.00028652    1.89E+07     0.00028652    2.89E+07     1.8226E+05    
   1.9E+07      0.98651      0.0002852     1.9E+07      0.0002852     2.9E+07      1.8297E+05    
   1.91E+07     0.98648      0.00028402    1.91E+07     0.00028402    2.91E+07     1.8282E+05    
   1.92E+07     0.98651      0.00028288    1.92E+07     0.00028288    2.92E+07     1.8395E+05    
   1.93E+07     0.98652      0.00027998    1.93E+07     0.00027998    2.93E+07     1.8447E+05    
   1.94E+07     0.98654      0.00027794    1.94E+07     0.00027794    2.94E+07     1.8571E+05    
   1.95E+07     0.9865       0.00027804    1.95E+07     0.00027804    2.95E+07     1.8646E+05    
   1.96E+07     0.98652      0.00027566    1.96E+07     0.00027566    2.96E+07     1.8746E+05    
   1.97E+07     0.98649      0.00027379    1.97E+07     0.00027379    2.97E+07     1.8841E+05    
   1.98E+07     0.98649      0.00027099    1.98E+07     0.00027099    2.98E+07     1.8895E+05    
   1.99E+07     0.98647      0.0002697     1.99E+07     0.0002697     2.99E+07     1.8901E+05    
   2E+07        0.98644      0.00026786    2E+07        0.00026786    3E+07        1.8984E+05    
   2.01E+07     0.98642      0.00026597    2.01E+07     0.00026597    3.01E+07     1.9113E+05    
   2.02E+07     0.98641      0.00026351    2.02E+07     0.00026351    3.02E+07     1.9235E+05    
   2.03E+07     0.98636      0.00026613    2.03E+07     0.00026613    3.03E+07     1.8946E+05    
   2.04E+07     0.98632      0.00026669    2.04E+07     0.00026669    3.04E+07     1.9043E+05    
   2.05E+07     0.9863       0.00026474    2.05E+07     0.00026474    3.05E+07     1.911E+05     
   2.06E+07     0.98631      0.00026232    2.06E+07     0.00026232    3.06E+07     1.8643E+05    
   2.07E+07     0.98626      0.00026458    2.07E+07     0.00026458    3.07E+07     1.8737E+05    
   2.08E+07     0.98624      0.00026261    2.08E+07     0.00026261    3.08E+07     1.8786E+05    
   2.09E+07     0.98624      0.0002602     2.09E+07     0.0002602     3.09E+07     1.8221E+05    
   2.1E+07      0.9862       0.00026129    2.1E+07      0.00026129    3.1E+07      1.8218E+05    
   2.11E+07     0.98622      0.00025944    2.11E+07     0.00025944    3.11E+07     1.8215E+05    
   2.12E+07     0.98617      0.00026063    2.12E+07     0.00026063    3.12E+07     1.8245E+05    
   2.13E+07     0.98616      0.0002586     2.13E+07     0.0002586     3.13E+07     1.8294E+05    
   2.14E+07     0.98622      0.0002623     2.14E+07     0.0002623     3.14E+07     1.8408E+05    
   2.15E+07     0.98623      0.00026035    2.15E+07     0.00026035    3.15E+07     1.8432E+05    
   2.16E+07     0.98619      0.00026108    2.16E+07     0.00026108    3.16E+07     1.8315E+05    
   2.17E+07     0.98621      0.00025921    2.17E+07     0.00025921    3.17E+07     1.841E+05     
   2.18E+07     0.98621      0.00025701    2.18E+07     0.00025701    3.18E+07     1.8307E+05    
   2.19E+07     0.98617      0.00025694    2.19E+07     0.00025694    3.19E+07     1.8391E+05    
   2.2E+07      0.98615      0.00025575    2.2E+07      0.00025575    3.2E+07      1.8443E+05    
   2.21E+07     0.98613      0.00025444    2.21E+07     0.00025444    3.21E+07     1.8528E+05    
   2.22E+07     0.98611      0.00025287    2.22E+07     0.00025287    3.22E+07     1.8618E+05    
   2.23E+07     0.98611      0.00025083    2.23E+07     0.00025083    3.23E+07     1.8715E+05    
   2.24E+07     0.98612      0.00024904    2.24E+07     0.00024904    3.24E+07     1.8618E+05    
   2.25E+07     0.98612      0.00024709    2.25E+07     0.00024709    3.25E+07     1.8713E+05    
   2.26E+07     0.98612      0.00024514    2.26E+07     0.00024514    3.26E+07     1.88E+05      
   2.27E+07     0.98609      0.00024467    2.27E+07     0.00024467    3.27E+07     1.8835E+05    
   2.28E+07     0.98612      0.00024436    2.28E+07     0.00024436    3.28E+07     1.8825E+05    
   2.29E+07     0.98612      0.0002426     2.29E+07     0.0002426     3.29E+07     1.8931E+05    
   2.3E+07      0.98611      0.00024148    2.3E+07      0.00024148    3.3E+07      1.9019E+05    
   2.31E+07     0.98614      0.00024177    2.31E+07     0.00024177    3.31E+07     1.9001E+05    
   2.32E+07     0.98615      0.00024009    2.32E+07     0.00024009    3.32E+07     1.9096E+05    
   2.33E+07     0.98616      0.00023866    2.33E+07     0.00023866    3.33E+07     1.9184E+05    
   2.34E+07     0.98616      0.00023688    2.34E+07     0.00023688    3.34E+07     1.9151E+05    
   2.35E+07     0.98615      0.0002355     2.35E+07     0.0002355     3.35E+07     1.9204E+05    
   2.36E+07     0.98618      0.00023544    2.36E+07     0.00023544    3.36E+07     1.9205E+05    
   2.37E+07     0.98621      0.00023612    2.37E+07     0.00023612    3.37E+07     1.9296E+05    
   2.38E+07     0.9862       0.00023482    2.38E+07     0.00023482    3.38E+07     1.9384E+05    
   2.39E+07     0.98619      0.00023314    2.39E+07     0.00023314    3.39E+07     1.9259E+05    
   2.4E+07      0.98618      0.00023171    2.4E+07      0.00023171    3.4E+07      1.9305E+05    
   2.41E+07     0.98616      0.00023115    2.41E+07     0.00023115    3.41E+07     1.9227E+05    
   2.42E+07     0.98615      0.00022986    2.42E+07     0.00022986    3.42E+07     1.933E+05     
   2.43E+07     0.98614      0.00022841    2.43E+07     0.00022841    3.43E+07     1.939E+05     
   2.44E+07     0.98616      0.00022734    2.44E+07     0.00022734    3.44E+07     1.9446E+05    
   2.45E+07     0.98617      0.00022609    2.45E+07     0.00022609    3.45E+07     1.9242E+05    
   2.46E+07     0.98616      0.00022455    2.46E+07     0.00022455    3.46E+07     1.9223E+05    
   2.47E+07     0.98617      0.00022304    2.47E+07     0.00022304    3.47E+07     1.9319E+05    
   2.48E+07     0.98616      0.00022157    2.48E+07     0.00022157    3.48E+07     1.9265E+05    
   2.49E+07     0.98617      0.00022017    2.49E+07     0.00022017    3.49E+07     1.9231E+05    
   2.5E+07      0.98615      0.00021971    2.5E+07      0.00021971    3.5E+07      1.9304E+05    
   2.51E+07     0.98616      0.00021841    2.51E+07     0.00021841    3.51E+07     1.9357E+05    
   2.52E+07     0.98617      0.00021747    2.52E+07     0.00021747    3.52E+07     1.9323E+05    
   2.53E+07     0.98618      0.00021621    2.53E+07     0.00021621    3.53E+07     1.9327E+05    
   2.54E+07     0.98619      0.00021506    2.54E+07     0.00021506    3.54E+07     1.9418E+05    
   2.55E+07     0.98615      0.00021786    2.55E+07     0.00021786    3.55E+07     1.9484E+05    
   2.56E+07     0.98615      0.00021651    2.56E+07     0.00021651    3.56E+07     1.9478E+05    
   2.57E+07     0.98613      0.00021613    2.57E+07     0.00021613    3.57E+07     1.9458E+05    
   2.58E+07     0.98611      0.00021583    2.58E+07     0.00021583    3.58E+07     1.9558E+05    
   2.59E+07     0.98613      0.00021501    2.59E+07     0.00021501    3.59E+07     1.9655E+05    
   2.6E+07      0.98615      0.00021461    2.6E+07      0.00021461    3.6E+07      1.9661E+05    
   2.61E+07     0.98612      0.0002143     2.61E+07     0.0002143     3.61E+07     1.9749E+05    
   2.62E+07     0.98612      0.00021306    2.62E+07     0.00021306    3.62E+07     1.9827E+05    
   2.63E+07     0.98611      0.00021182    2.63E+07     0.00021182    3.63E+07     1.9836E+05    
   2.64E+07     0.98611      0.00021059    2.64E+07     0.00021059    3.64E+07     1.9874E+05    
   2.65E+07     0.98613      0.0002102     2.65E+07     0.0002102     3.65E+07     1.9955E+05    
   2.66E+07     0.98614      0.00020947    2.66E+07     0.00020947    3.66E+07     2.0028E+05    
   2.67E+07     0.98614      0.0002083     2.67E+07     0.0002083     3.67E+07     2.0124E+05    
   2.68E+07     0.98611      0.00020828    2.68E+07     0.00020828    3.68E+07     2.0209E+05    
   2.69E+07     0.98613      0.00020753    2.69E+07     0.00020753    3.69E+07     2.0294E+05    
   2.7E+07      0.98612      0.00020655    2.7E+07      0.00020655    3.7E+07      2.0368E+05    
   2.71E+07     0.98609      0.00020699    2.71E+07     0.00020699    3.71E+07     2.016E+05     
   2.72E+07     0.98609      0.00020579    2.72E+07     0.00020579    3.72E+07     2.013E+05     
   2.73E+07     0.98607      0.00020622    2.73E+07     0.00020622    3.73E+07     2.0215E+05    
   2.74E+07     0.98604      0.00020611    2.74E+07     0.00020611    3.74E+07     2.0119E+05    
   2.75E+07     0.98603      0.00020578    2.75E+07     0.00020578    3.75E+07     2.0204E+05    
   2.76E+07     0.98603      0.0002048     2.76E+07     0.0002048     3.76E+07     2.0296E+05    
   2.77E+07     0.98602      0.00020443    2.77E+07     0.00020443    3.77E+07     2.0389E+05    
   2.78E+07     0.98603      0.00020366    2.78E+07     0.00020366    3.78E+07     2.0472E+05    
   2.79E+07     0.98602      0.00020281    2.79E+07     0.00020281    3.79E+07     2.0564E+05    
   2.8E+07      0.98603      0.0002021     2.8E+07      0.0002021     3.8E+07      2.0656E+05    
   2.81E+07     0.98603      0.000201      2.81E+07     0.000201      3.81E+07     2.0752E+05    
   2.82E+07     0.98605      0.00020097    2.82E+07     0.00020097    3.82E+07     2.0632E+05    
   2.83E+07     0.98606      0.00020011    2.83E+07     0.00020011    3.83E+07     2.0516E+05    
   2.84E+07     0.98603      0.0002009     2.84E+07     0.0002009     3.84E+07     2.0581E+05    
   2.85E+07     0.986        0.00020253    2.85E+07     0.00020253    3.85E+07     2.042E+05     
   2.86E+07     0.986        0.00020145    2.86E+07     0.00020145    3.86E+07     2.0501E+05    
   2.87E+07     0.98599      0.00020056    2.87E+07     0.00020056    3.87E+07     2.0373E+05    
   2.88E+07     0.986        0.00019962    2.88E+07     0.00019962    3.88E+07     2.0245E+05    
   2.89E+07     0.98599      0.00019864    2.89E+07     0.00019864    3.89E+07     2.0318E+05    
   2.9E+07      0.986        0.00019791    2.9E+07      0.00019791    3.9E+07      2.0362E+05    
   2.91E+07     0.98599      0.00019768    2.91E+07     0.00019768    3.91E+07     2.044E+05     
   2.92E+07     0.98598      0.00019669    2.92E+07     0.00019669    3.92E+07     2.0385E+05    
   2.93E+07     0.98597      0.0001961     2.93E+07     0.0001961     3.93E+07     2.0465E+05    
   2.94E+07     0.98597      0.0001951     2.94E+07     0.0001951     3.94E+07     2.0057E+05    
   2.95E+07     0.98596      0.00019439    2.95E+07     0.00019439    3.95E+07     2.0095E+05    
   2.96E+07     0.98595      0.00019348    2.96E+07     0.00019348    3.96E+07     2E+05         
   2.97E+07     0.98594      0.00019269    2.97E+07     0.00019269    3.97E+07     2.0071E+05    
   2.98E+07     0.98593      0.00019208    2.98E+07     0.00019208    3.98E+07     2.0129E+05    
   2.99E+07     0.98591      0.00019174    2.99E+07     0.00019174    3.99E+07     2.016E+05     
   3E+07        0.9859       0.00019098    3E+07        0.00019098    4E+07        2.0161E+05    
   3.01E+07     0.9859       0.00019003    3.01E+07     0.00019003    4.01E+07     2.0239E+05    
   3.02E+07     0.98591      0.00018913    3.02E+07     0.00018913    4.02E+07     2.0215E+05    
   3.03E+07     0.98588      0.00019025    3.03E+07     0.00019025    4.03E+07     2.0283E+05    
   3.04E+07     0.98587      0.00018942    3.04E+07     0.00018942    4.04E+07     2.0202E+05    
   3.05E+07     0.98588      0.00018877    3.05E+07     0.00018877    4.05E+07     2.0285E+05    
   3.06E+07     0.98592      0.00019081    3.06E+07     0.00019081    4.06E+07     2.0268E+05    
   3.07E+07     0.98592      0.00019002    3.07E+07     0.00019002    4.07E+07     2.0222E+05    
   3.08E+07     0.98594      0.00018944    3.08E+07     0.00018944    4.08E+07     2.0294E+05    
   3.09E+07     0.9859       0.00019204    3.09E+07     0.00019204    4.09E+07     2.0311E+05    
   3.1E+07      0.98592      0.00019176    3.1E+07      0.00019176    4.1E+07      2.0369E+05    
   3.11E+07     0.9859       0.00019147    3.11E+07     0.00019147    4.11E+07     2.0358E+05    
   3.12E+07     0.98589      0.00019098    3.12E+07     0.00019098    4.12E+07     2.044E+05     
   3.13E+07     0.9859       0.00019042    3.13E+07     0.00019042    4.13E+07     2.051E+05     
   3.14E+07     0.9859       0.00018954    3.14E+07     0.00018954    4.14E+07     2.0582E+05    
   3.15E+07     0.98588      0.00018913    3.15E+07     0.00018913    4.15E+07     2.0628E+05    
   3.16E+07     0.98586      0.00018939    3.16E+07     0.00018939    4.16E+07     2.0679E+05    
   3.17E+07     0.98587      0.00018861    3.17E+07     0.00018861    4.17E+07     2.075E+05     
   3.18E+07     0.98589      0.00018884    3.18E+07     0.00018884    4.18E+07     2.075E+05     
   3.19E+07     0.98588      0.00018813    3.19E+07     0.00018813    4.19E+07     2.0699E+05    
   3.2E+07      0.98589      0.00018753    3.2E+07      0.00018753    4.2E+07      2.0672E+05    
   3.21E+07     0.98588      0.00018682    3.21E+07     0.00018682    4.21E+07     2.0715E+05    
   3.22E+07     0.98588      0.00018607    3.22E+07     0.00018607    4.22E+07     2.0794E+05    
   3.23E+07     0.98588      0.0001853     3.23E+07     0.0001853     4.23E+07     2.0742E+05    
   3.24E+07     0.9859       0.00018545    3.24E+07     0.00018545    4.24E+07     2.0796E+05    
   3.25E+07     0.98591      0.00018471    3.25E+07     0.00018471    4.25E+07     2.0796E+05    
   3.26E+07     0.98591      0.000184      3.26E+07     0.000184      4.26E+07     2.0856E+05    
   3.27E+07     0.9859       0.00018356    3.27E+07     0.00018356    4.27E+07     2.0921E+05    
   3.28E+07     0.98589      0.0001833     3.28E+07     0.0001833     4.28E+07     2.0563E+05    
   3.29E+07     0.98589      0.0001825     3.29E+07     0.0001825     4.29E+07     2.0642E+05    
   3.3E+07      0.98588      0.0001818     3.3E+07      0.0001818     4.3E+07      2.0683E+05    
   3.31E+07     0.9859       0.00018162    3.31E+07     0.00018162    4.31E+07     2.0758E+05    
   3.32E+07     0.98589      0.00018091    3.32E+07     0.00018091    4.32E+07     2.0748E+05    
   3.33E+07     0.98589      0.0001802     3.33E+07     0.0001802     4.33E+07     2.0677E+05    
   3.34E+07     0.9859       0.00018009    3.34E+07     0.00018009    4.34E+07     2.0713E+05    
   3.35E+07     0.98591      0.00017957    3.35E+07     0.00017957    4.35E+07     2.078E+05     
   3.36E+07     0.98593      0.00017931    3.36E+07     0.00017931    4.36E+07     2.085E+05     
   3.37E+07     0.98593      0.0001786     3.37E+07     0.0001786     4.37E+07     2.0888E+05    
   3.38E+07     0.98593      0.00017794    3.38E+07     0.00017794    4.38E+07     2.0869E+05    
   3.39E+07     0.98594      0.00017825    3.39E+07     0.00017825    4.39E+07     2.0931E+05    
   3.4E+07      0.98595      0.00017778    3.4E+07      0.00017778    4.4E+07      2.096E+05     
   3.41E+07     0.98597      0.00017786    3.41E+07     0.00017786    4.41E+07     2.1033E+05    
   3.42E+07     0.98597      0.00017714    3.42E+07     0.00017714    4.42E+07     2.0933E+05    
   3.43E+07     0.98598      0.00017661    3.43E+07     0.00017661    4.43E+07     2.0984E+05    
   3.44E+07     0.98599      0.0001761     3.44E+07     0.0001761     4.44E+07     2.1035E+05    
   3.45E+07     0.98597      0.00017676    3.45E+07     0.00017676    4.45E+07     2.104E+05     
   3.46E+07     0.98598      0.00017659    3.46E+07     0.00017659    4.46E+07     2.1116E+05    
   3.47E+07     0.98599      0.00017591    3.47E+07     0.00017591    4.47E+07     2.1183E+05    
   3.48E+07     0.98597      0.0001759     3.48E+07     0.0001759     4.48E+07     2.1142E+05    
   3.49E+07     0.98598      0.00017578    3.49E+07     0.00017578    4.49E+07     2.1205E+05    
   3.5E+07      0.98598      0.00017519    3.5E+07      0.00017519    4.5E+07      2.1279E+05    
   3.51E+07     0.98599      0.00017471    3.51E+07     0.00017471    4.51E+07     2.1341E+05    
   3.52E+07     0.98597      0.00017461    3.52E+07     0.00017461    4.52E+07     2.1317E+05    
   3.53E+07     0.98596      0.00017432    3.53E+07     0.00017432    4.53E+07     2.1389E+05    
   3.54E+07     0.98596      0.00017367    3.54E+07     0.00017367    4.54E+07     2.1446E+05    
   3.55E+07     0.98596      0.00017313    3.55E+07     0.00017313    4.55E+07     2.1401E+05    
   3.56E+07     0.98595      0.00017292    3.56E+07     0.00017292    4.56E+07     2.1051E+05    
   3.57E+07     0.98597      0.00017275    3.57E+07     0.00017275    4.57E+07     2.112E+05     
   3.58E+07     0.98596      0.00017208    3.58E+07     0.00017208    4.58E+07     2.1138E+05    
   3.59E+07     0.98597      0.00017142    3.59E+07     0.00017142    4.59E+07     2.1209E+05    
   3.6E+07      0.98598      0.00017117    3.6E+07      0.00017117    4.6E+07      2.1232E+05    
   3.61E+07     0.98598      0.00017052    3.61E+07     0.00017052    4.61E+07     2.1305E+05    
   3.62E+07     0.98599      0.00016996    3.62E+07     0.00016996    4.62E+07     2.1377E+05    
   3.63E+07     0.98597      0.00016969    3.63E+07     0.00016969    4.63E+07     2.1416E+05    
   3.64E+07     0.98596      0.00016931    3.64E+07     0.00016931    4.64E+07     2.1427E+05    
   3.65E+07     0.98597      0.00016868    3.65E+07     0.00016868    4.65E+07     2.1498E+05    
   3.66E+07     0.98597      0.00016816    3.66E+07     0.00016816    4.66E+07     2.1567E+05    
   3.67E+07     0.98597      0.00016753    3.67E+07     0.00016753    4.67E+07     2.1601E+05    
   3.68E+07     0.98598      0.00016695    3.68E+07     0.00016695    4.68E+07     2.1667E+05    
   3.69E+07     0.98598      0.00016638    3.69E+07     0.00016638    4.69E+07     2.1733E+05    
   3.7E+07      0.98599      0.00016583    3.7E+07      0.00016583    4.7E+07      2.1767E+05    
   3.71E+07     0.98601      0.00016647    3.71E+07     0.00016647    4.71E+07     2.1566E+05    
   3.72E+07     0.98599      0.00016637    3.72E+07     0.00016637    4.72E+07     2.1605E+05    
   3.73E+07     0.986        0.00016581    3.73E+07     0.00016581    4.73E+07     2.165E+05     
   3.74E+07     0.98598      0.00016595    3.74E+07     0.00016595    4.74E+07     2.1713E+05    
   3.75E+07     0.98598      0.0001654     3.75E+07     0.0001654     4.75E+07     2.1755E+05    
   3.76E+07     0.98599      0.0001648     3.76E+07     0.0001648     4.76E+07     2.1821E+05    
   3.77E+07     0.98599      0.00016421    3.77E+07     0.00016421    4.77E+07     2.1823E+05    
   3.78E+07     0.98598      0.00016363    3.78E+07     0.00016363    4.78E+07     2.1862E+05    
   3.79E+07     0.98598      0.00016306    3.79E+07     0.00016306    4.79E+07     2.1929E+05    
   3.8E+07      0.98598      0.00016248    3.8E+07      0.00016248    4.8E+07      2.1938E+05    
   3.81E+07     0.98598      0.0001619     3.81E+07     0.0001619     4.81E+07     2.1681E+05    
   3.82E+07     0.986        0.00016213    3.82E+07     0.00016213    4.82E+07     2.1708E+05    
   3.83E+07     0.98598      0.00016238    3.83E+07     0.00016238    4.83E+07     2.1738E+05    
   3.84E+07     0.98599      0.00016191    3.84E+07     0.00016191    4.84E+07     2.1804E+05    
   3.85E+07     0.98601      0.00016233    3.85E+07     0.00016233    4.85E+07     2.1824E+05    
   3.86E+07     0.98601      0.00016176    3.86E+07     0.00016176    4.86E+07     2.1783E+05    
   3.87E+07     0.98602      0.00016207    3.87E+07     0.00016207    4.87E+07     2.1842E+05    
   3.88E+07     0.98604      0.00016238    3.88E+07     0.00016238    4.88E+07     2.1748E+05    
   3.89E+07     0.98604      0.00016188    3.89E+07     0.00016188    4.89E+07     2.1815E+05    
   3.9E+07      0.98603      0.00016148    3.9E+07      0.00016148    4.9E+07      2.1873E+05    
   3.91E+07     0.98602      0.00016097    3.91E+07     0.00016097    4.91E+07     2.1922E+05    
   3.92E+07     0.98604      0.00016098    3.92E+07     0.00016098    4.92E+07     2.1986E+05    
   3.93E+07     0.98604      0.00016046    3.93E+07     0.00016046    4.93E+07     2.1994E+05    
   3.94E+07     0.98607      0.00016188    3.94E+07     0.00016188    4.94E+07     2.2015E+05    
   3.95E+07     0.98606      0.00016152    3.95E+07     0.00016152    4.95E+07     2.1813E+05    
   3.96E+07     0.98607      0.00016171    3.96E+07     0.00016171    4.96E+07     2.1874E+05    
   3.97E+07     0.98608      0.00016122    3.97E+07     0.00016122    4.97E+07     2.1863E+05    
   3.98E+07     0.98607      0.00016076    3.98E+07     0.00016076    4.98E+07     2.1779E+05    
   3.99E+07     0.98608      0.00016043    3.99E+07     0.00016043    4.99E+07     2.1808E+05    
   4E+07        0.98609      0.00016024    4E+07        0.00016024    5E+07        2.1793E+05    
   4.01E+07     0.98609      0.00015973    4.01E+07     0.00015973    5.01E+07     2.1819E+05    
   4.02E+07     0.9861       0.0001596     4.02E+07     0.0001596     5.02E+07     2.1704E+05    
   4.03E+07     0.98609      0.00015915    4.03E+07     0.00015915    5.03E+07     2.1763E+05    
   4.04E+07     0.98611      0.00015927    4.04E+07     0.00015927    5.04E+07     2.1808E+05    
   4.05E+07     0.98611      0.00015875    4.05E+07     0.00015875    5.05E+07     2.1841E+05    
   4.06E+07     0.9861       0.00015859    4.06E+07     0.00015859    5.06E+07     2.1856E+05    
   4.07E+07     0.98611      0.00015859    4.07E+07     0.00015859    5.07E+07     2.1831E+05    
   4.08E+07     0.98612      0.00015811    4.08E+07     0.00015811    5.08E+07     2.1879E+05    
   4.09E+07     0.98612      0.00015786    4.09E+07     0.00015786    5.09E+07     2.1937E+05    
   4.1E+07      0.98612      0.00015742    4.1E+07      0.00015742    5.1E+07      2.1987E+05    
   4.11E+07     0.98613      0.00015728    4.11E+07     0.00015728    5.11E+07     2.2025E+05    
   4.12E+07     0.98613      0.00015678    4.12E+07     0.00015678    5.12E+07     2.2088E+05    
   4.13E+07     0.98613      0.00015633    4.13E+07     0.00015633    5.13E+07     2.2149E+05    
   4.14E+07     0.98613      0.00015587    4.14E+07     0.00015587    5.14E+07     2.2173E+05    
   4.15E+07     0.98614      0.00015549    4.15E+07     0.00015549    5.15E+07     2.2229E+05    
   4.16E+07     0.98613      0.00015512    4.16E+07     0.00015512    5.16E+07     2.2253E+05    
   4.17E+07     0.98613      0.00015467    4.17E+07     0.00015467    5.17E+07     2.2083E+05    
   4.18E+07     0.98612      0.00015449    4.18E+07     0.00015449    5.18E+07     2.2145E+05    
   4.19E+07     0.98614      0.00015448    4.19E+07     0.00015448    5.19E+07     2.2207E+05    
   4.2E+07      0.98615      0.0001544     4.2E+07      0.0001544     5.2E+07      2.2222E+05    
   4.21E+07     0.98615      0.00015406    4.21E+07     0.00015406    5.21E+07     2.228E+05     
   4.22E+07     0.98615      0.00015359    4.22E+07     0.00015359    5.22E+07     2.2203E+05    
   4.23E+07     0.98614      0.00015358    4.23E+07     0.00015358    5.23E+07     2.2267E+05    
   4.24E+07     0.98615      0.00015321    4.24E+07     0.00015321    5.24E+07     2.2247E+05    
   4.25E+07     0.98616      0.00015303    4.25E+07     0.00015303    5.25E+07     2.2305E+05    
   4.26E+07     0.98615      0.00015264    4.26E+07     0.00015264    5.26E+07     2.2317E+05    
   4.27E+07     0.98615      0.00015221    4.27E+07     0.00015221    5.27E+07     2.238E+05     
   4.28E+07     0.98613      0.00015336    4.28E+07     0.00015336    5.28E+07     2.243E+05     
   4.29E+07     0.98613      0.00015289    4.29E+07     0.00015289    5.29E+07     2.2342E+05    
   4.3E+07      0.98612      0.00015256    4.3E+07      0.00015256    5.3E+07      2.2397E+05    
   4.31E+07     0.98612      0.0001521     4.31E+07     0.0001521     5.31E+07     2.2444E+05    
   4.32E+07     0.98611      0.00015196    4.32E+07     0.00015196    5.32E+07     2.2474E+05    
   4.33E+07     0.9861       0.00015205    4.33E+07     0.00015205    5.33E+07     2.2525E+05    
   4.34E+07     0.98609      0.00015174    4.34E+07     0.00015174    5.34E+07     2.2518E+05    
   4.35E+07     0.98609      0.00015131    4.35E+07     0.00015131    5.35E+07     2.2402E+05    
   4.36E+07     0.98609      0.00015088    4.36E+07     0.00015088    5.36E+07     2.2459E+05    
   4.37E+07     0.9861       0.00015057    4.37E+07     0.00015057    5.37E+07     2.2498E+05    
   4.38E+07     0.98609      0.00015046    4.38E+07     0.00015046    5.38E+07     2.2542E+05    
   4.39E+07     0.98609      0.00015005    4.39E+07     0.00015005    5.39E+07     2.2589E+05    
   4.4E+07      0.9861       0.00014977    4.4E+07      0.00014977    5.4E+07      2.2651E+05    
   4.41E+07     0.98609      0.00014934    4.41E+07     0.00014934    5.41E+07     2.2704E+05    
   4.42E+07     0.98608      0.00014954    4.42E+07     0.00014954    5.42E+07     2.2748E+05    
   4.43E+07     0.98608      0.00014917    4.43E+07     0.00014917    5.43E+07     2.28E+05      
   4.44E+07     0.98607      0.00014883    4.44E+07     0.00014883    5.44E+07     2.2707E+05    
   4.45E+07     0.98608      0.00014864    4.45E+07     0.00014864    5.45E+07     2.2656E+05    
   4.46E+07     0.98608      0.00014822    4.46E+07     0.00014822    5.46E+07     2.2687E+05    
   4.47E+07     0.98608      0.00014779    4.47E+07     0.00014779    5.47E+07     2.2747E+05    
   4.48E+07     0.98607      0.00014777    4.48E+07     0.00014777    5.48E+07     2.2807E+05    
   4.49E+07     0.98606      0.00014739    4.49E+07     0.00014739    5.49E+07     2.287E+05     
   4.5E+07      0.98607      0.00014697    4.5E+07      0.00014697    5.5E+07      2.2861E+05    
   4.51E+07     0.98606      0.00014656    4.51E+07     0.00014656    5.51E+07     2.2923E+05    
   4.52E+07     0.98607      0.00014649    4.52E+07     0.00014649    5.52E+07     2.2956E+05    
   4.53E+07     0.98608      0.00014608    4.53E+07     0.00014608    5.53E+07     2.301E+05     
   4.54E+07     0.98607      0.00014573    4.54E+07     0.00014573    5.54E+07     2.2925E+05    
   4.55E+07     0.98608      0.00014572    4.55E+07     0.00014572    5.55E+07     2.2922E+05    
   4.56E+07     0.98606      0.00014676    4.56E+07     0.00014676    5.56E+07     2.2938E+05    
   4.57E+07     0.98606      0.00014635    4.57E+07     0.00014635    5.57E+07     2.2947E+05    
   4.58E+07     0.98607      0.00014614    4.58E+07     0.00014614    5.58E+07     2.2969E+05    
   4.59E+07     0.98607      0.00014574    4.59E+07     0.00014574    5.59E+07     2.2995E+05    
   4.6E+07      0.98607      0.00014548    4.6E+07      0.00014548    5.6E+07      2.2986E+05    
   4.61E+07     0.98607      0.00014508    4.61E+07     0.00014508    5.61E+07     2.2976E+05    
   4.62E+07     0.98607      0.00014468    4.62E+07     0.00014468    5.62E+07     2.2996E+05    
   4.63E+07     0.98608      0.0001444     4.63E+07     0.0001444     5.63E+07     2.3053E+05    
   4.64E+07     0.98607      0.00014419    4.64E+07     0.00014419    5.64E+07     2.3113E+05    
   4.65E+07     0.98607      0.0001438     4.65E+07     0.0001438     5.65E+07     2.3161E+05    
   4.66E+07     0.98607      0.00014341    4.66E+07     0.00014341    5.66E+07     2.321E+05     
   4.67E+07     0.98606      0.00014316    4.67E+07     0.00014316    5.67E+07     2.3263E+05    
   4.68E+07     0.98606      0.00014277    4.68E+07     0.00014277    5.68E+07     2.3323E+05    
   4.69E+07     0.98606      0.00014241    4.69E+07     0.00014241    5.69E+07     2.3345E+05    
   4.7E+07      0.98607      0.00014215    4.7E+07      0.00014215    5.7E+07      2.3366E+05    
   4.71E+07     0.98605      0.00014266    4.71E+07     0.00014266    5.71E+07     2.3393E+05    
   4.72E+07     0.98604      0.00014235    4.72E+07     0.00014235    5.72E+07     2.3311E+05    
   4.73E+07     0.98605      0.00014206    4.73E+07     0.00014206    5.73E+07     2.3369E+05    
   4.74E+07     0.98605      0.00014171    4.74E+07     0.00014171    5.74E+07     2.3421E+05    
   4.75E+07     0.98604      0.00014142    4.75E+07     0.00014142    5.75E+07     2.3291E+05    
   4.76E+07     0.98604      0.00014105    4.76E+07     0.00014105    5.76E+07     2.3316E+05    
   4.77E+07     0.98605      0.00014089    4.77E+07     0.00014089    5.77E+07     2.3242E+05    
   4.78E+07     0.98605      0.00014063    4.78E+07     0.00014063    5.78E+07     2.3272E+05    
   4.79E+07     0.98605      0.00014027    4.79E+07     0.00014027    5.79E+07     2.329E+05     
   4.8E+07      0.98606      0.00014008    4.8E+07      0.00014008    5.8E+07      2.3334E+05    
   4.81E+07     0.98604      0.00014076    4.81E+07     0.00014076    5.81E+07     2.339E+05     
   4.82E+07     0.98604      0.00014054    4.82E+07     0.00014054    5.82E+07     2.3405E+05    
   4.83E+07     0.98603      0.00014029    4.83E+07     0.00014029    5.83E+07     2.3451E+05    
   4.84E+07     0.98603      0.00013993    4.84E+07     0.00013993    5.84E+07     2.3313E+05    
   4.85E+07     0.98602      0.00013972    4.85E+07     0.00013972    5.85E+07     2.3364E+05    
   4.86E+07     0.98601      0.00013971    4.86E+07     0.00013971    5.86E+07     2.3332E+05    
   4.87E+07     0.98602      0.00013939    4.87E+07     0.00013939    5.87E+07     2.3267E+05    
   4.88E+07     0.98603      0.00013953    4.88E+07     0.00013953    5.88E+07     2.3231E+05    
   4.89E+07     0.98603      0.00013918    4.89E+07     0.00013918    5.89E+07     2.3277E+05    
   4.9E+07      0.98603      0.00013885    4.9E+07      0.00013885    5.9E+07      2.3334E+05    
   4.91E+07     0.98603      0.00013856    4.91E+07     0.00013856    5.91E+07     2.3262E+05    
   4.92E+07     0.98603      0.00013822    4.92E+07     0.00013822    5.92E+07     2.3311E+05    
   4.93E+07     0.98602      0.00013805    4.93E+07     0.00013805    5.93E+07     2.3178E+05    
   4.94E+07     0.98603      0.00013784    4.94E+07     0.00013784    5.94E+07     2.3128E+05    
   4.95E+07     0.98601      0.00013834    4.95E+07     0.00013834    5.95E+07     2.3161E+05    
   4.96E+07     0.98601      0.00013801    4.96E+07     0.00013801    5.96E+07     2.317E+05     
   4.97E+07     0.986        0.00013791    4.97E+07     0.00013791    5.97E+07     2.321E+05     
   4.98E+07     0.98601      0.00013804    4.98E+07     0.00013804    5.98E+07     2.3258E+05    
   4.99E+07     0.98602      0.00013781    4.99E+07     0.00013781    5.99E+07     2.3264E+05    
   5E+07        0.98603      0.00013773    5E+07        0.00013773    6E+07        2.3186E+05    
   5.01E+07     0.98603      0.0001375     5.01E+07     0.0001375     6.01E+07     2.3237E+05    
   5.02E+07     0.98602      0.00013773    5.02E+07     0.00013773    6.02E+07     2.3235E+05    
   5.03E+07     0.98602      0.0001374     5.03E+07     0.0001374     6.03E+07     2.3283E+05    
   5.04E+07     0.98601      0.00013713    5.04E+07     0.00013713    6.04E+07     2.3315E+05    
   5.05E+07     0.98602      0.00013688    5.05E+07     0.00013688    6.05E+07     2.3283E+05    
   5.06E+07     0.98603      0.0001367     5.06E+07     0.0001367     6.06E+07     2.3298E+05    
   5.07E+07     0.98602      0.00013664    5.07E+07     0.00013664    6.07E+07     2.3338E+05    
   5.08E+07     0.98601      0.00013635    5.08E+07     0.00013635    6.08E+07     2.3233E+05    
   5.09E+07     0.98601      0.00013602    5.09E+07     0.00013602    6.09E+07     2.3151E+05    
   5.1E+07      0.98602      0.00013574    5.1E+07      0.00013574    6.1E+07      2.3157E+05    
   5.11E+07     0.98601      0.00013549    5.11E+07     0.00013549    6.11E+07     2.3206E+05    
   5.12E+07     0.98601      0.00013517    5.12E+07     0.00013517    6.12E+07     2.3235E+05    
   5.13E+07     0.98602      0.00013484    5.13E+07     0.00013484    6.13E+07     2.3257E+05    
   5.14E+07     0.98601      0.00013465    5.14E+07     0.00013465    6.14E+07     2.3302E+05    
   5.15E+07     0.98601      0.00013435    5.15E+07     0.00013435    6.15E+07     2.3312E+05    
   5.16E+07     0.98601      0.00013415    5.16E+07     0.00013415    6.16E+07     2.3306E+05    
   5.17E+07     0.98599      0.00013452    5.17E+07     0.00013452    6.17E+07     2.3352E+05    
   5.18E+07     0.98599      0.00013421    5.18E+07     0.00013421    6.18E+07     2.3393E+05    
   5.19E+07     0.98599      0.0001339     5.19E+07     0.0001339     6.19E+07     2.3425E+05    
   5.2E+07      0.98598      0.00013372    5.2E+07      0.00013372    6.2E+07      2.3473E+05    
   5.21E+07     0.98598      0.00013341    5.21E+07     0.00013341    6.21E+07     2.3504E+05    
   5.22E+07     0.98597      0.00013351    5.22E+07     0.00013351    6.22E+07     2.3468E+05    
   5.23E+07     0.98597      0.0001332     5.23E+07     0.0001332     6.23E+07     2.3522E+05    
   5.24E+07     0.98596      0.00013313    5.24E+07     0.00013313    6.24E+07     2.3502E+05    
   5.25E+07     0.98596      0.00013283    5.25E+07     0.00013283    6.25E+07     2.3554E+05    
   5.26E+07     0.98596      0.00013266    5.26E+07     0.00013266    6.26E+07     2.3606E+05    
   5.27E+07     0.98596      0.00013236    5.27E+07     0.00013236    6.27E+07     2.3606E+05    
   5.28E+07     0.98595      0.00013209    5.28E+07     0.00013209    6.28E+07     2.3654E+05    
   5.29E+07     0.98594      0.00013223    5.29E+07     0.00013223    6.29E+07     2.3678E+05    
   5.3E+07      0.98594      0.00013193    5.3E+07      0.00013193    6.3E+07      2.373E+05     
   5.31E+07     0.98594      0.00013166    5.31E+07     0.00013166    6.31E+07     2.3619E+05    
   5.32E+07     0.98593      0.00013146    5.32E+07     0.00013146    6.32E+07     2.346E+05     
   5.33E+07     0.98593      0.00013119    5.33E+07     0.00013119    6.33E+07     2.3495E+05    
   5.34E+07     0.98594      0.00013106    5.34E+07     0.00013106    6.34E+07     2.3473E+05    
   5.35E+07     0.98593      0.00013128    5.35E+07     0.00013128    6.35E+07     2.3517E+05    
   5.36E+07     0.98593      0.000131      5.36E+07     0.000131      6.36E+07     2.3559E+05    
   5.37E+07     0.98593      0.00013076    5.37E+07     0.00013076    6.37E+07     2.3537E+05    
   5.38E+07     0.98593      0.00013051    5.38E+07     0.00013051    6.38E+07     2.3569E+05    
   5.39E+07     0.98594      0.00013025    5.39E+07     0.00013025    6.39E+07     2.3616E+05    
   5.4E+07      0.98594      0.00012996    5.4E+07      0.00012996    6.4E+07      2.366E+05     
   5.41E+07     0.98594      0.00012969    5.41E+07     0.00012969    6.41E+07     2.3682E+05    
   5.42E+07     0.98594      0.00012944    5.42E+07     0.00012944    6.42E+07     2.3675E+05    
   5.43E+07     0.98594      0.00012918    5.43E+07     0.00012918    6.43E+07     2.3723E+05    
   5.44E+07     0.98593      0.00012932    5.44E+07     0.00012932    6.44E+07     2.3636E+05    
   5.45E+07     0.98592      0.00012935    5.45E+07     0.00012935    6.45E+07     2.3654E+05    
   5.46E+07     0.98593      0.00012913    5.46E+07     0.00012913    6.46E+07     2.3618E+05    
   5.47E+07     0.98593      0.00012885    5.47E+07     0.00012885    6.47E+07     2.3547E+05    
   5.48E+07     0.98593      0.00012856    5.48E+07     0.00012856    6.48E+07     2.3569E+05    
   5.49E+07     0.98593      0.00012827    5.49E+07     0.00012827    6.49E+07     2.3613E+05    
   5.5E+07      0.98593      0.00012817    5.5E+07      0.00012817    6.5E+07      2.3584E+05    
   5.51E+07     0.98593      0.00012789    5.51E+07     0.00012789    6.51E+07     2.3598E+05    
   5.52E+07     0.98593      0.00012767    5.52E+07     0.00012767    6.52E+07     2.3618E+05    
   5.53E+07     0.98593      0.00012741    5.53E+07     0.00012741    6.53E+07     2.3654E+05    
   5.54E+07     0.98594      0.00012753    5.54E+07     0.00012753    6.54E+07     2.3599E+05    
   5.55E+07     0.98595      0.00012742    5.55E+07     0.00012742    6.55E+07     2.3633E+05    
   5.56E+07     0.98595      0.00012727    5.56E+07     0.00012727    6.56E+07     2.3663E+05    
   5.57E+07     0.98595      0.00012713    5.57E+07     0.00012713    6.57E+07     2.3677E+05    
   5.58E+07     0.98595      0.00012694    5.58E+07     0.00012694    6.58E+07     2.3581E+05    
   5.59E+07     0.98595      0.00012676    5.59E+07     0.00012676    6.59E+07     2.3608E+05    
   5.6E+07      0.98595      0.00012667    5.6E+07      0.00012667    6.6E+07      2.3573E+05    
   5.61E+07     0.98596      0.00012659    5.61E+07     0.00012659    6.61E+07     2.358E+05     
   5.62E+07     0.98596      0.00012641    5.62E+07     0.00012641    6.62E+07     2.3626E+05    
   5.63E+07     0.98596      0.00012614    5.63E+07     0.00012614    6.63E+07     2.3676E+05    
   5.64E+07     0.98596      0.00012587    5.64E+07     0.00012587    6.64E+07     2.3611E+05    
   5.65E+07     0.98596      0.00012563    5.65E+07     0.00012563    6.65E+07     2.3655E+05    
   5.66E+07     0.98596      0.00012539    5.66E+07     0.00012539    6.66E+07     2.3692E+05    
   5.67E+07     0.98596      0.00012513    5.67E+07     0.00012513    6.67E+07     2.3689E+05    
   5.68E+07     0.98596      0.00012486    5.68E+07     0.00012486    6.68E+07     2.3695E+05    
   5.69E+07     0.98596      0.0001247     5.69E+07     0.0001247     6.69E+07     2.3736E+05    
   5.7E+07      0.98596      0.0001245     5.7E+07      0.0001245     6.7E+07      2.3742E+05    
   5.71E+07     0.98596      0.00012432    5.71E+07     0.00012432    6.71E+07     2.369E+05     
   5.72E+07     0.98595      0.00012443    5.72E+07     0.00012443    6.72E+07     2.3704E+05    
   5.73E+07     0.98594      0.00012417    5.73E+07     0.00012417    6.73E+07     2.3745E+05    
   5.74E+07     0.98594      0.00012392    5.74E+07     0.00012392    6.74E+07     2.3753E+05    
   5.75E+07     0.98595      0.00012415    5.75E+07     0.00012415    6.75E+07     2.3771E+05    
   5.76E+07     0.98595      0.00012398    5.76E+07     0.00012398    6.76E+07     2.3792E+05    
   5.77E+07     0.98594      0.00012407    5.77E+07     0.00012407    6.77E+07     2.3835E+05    
   5.78E+07     0.98594      0.00012389    5.78E+07     0.00012389    6.78E+07     2.3863E+05    
   5.79E+07     0.98593      0.00012374    5.79E+07     0.00012374    6.79E+07     2.3911E+05    
   5.8E+07      0.98593      0.00012351    5.8E+07      0.00012351    6.8E+07      2.3953E+05    
   5.81E+07     0.98593      0.00012326    5.81E+07     0.00012326    6.81E+07     2.3996E+05    
   5.82E+07     0.98593      0.00012312    5.82E+07     0.00012312    6.82E+07     2.4039E+05    
   5.83E+07     0.98593      0.00012289    5.83E+07     0.00012289    6.83E+07     2.4066E+05    
   5.84E+07     0.98594      0.00012315    5.84E+07     0.00012315    6.84E+07     2.4016E+05    
   5.85E+07     0.98594      0.00012291    5.85E+07     0.00012291    6.85E+07     2.4055E+05    
   5.86E+07     0.98594      0.00012289    5.86E+07     0.00012289    6.86E+07     2.4097E+05    
   5.87E+07     0.98595      0.00012294    5.87E+07     0.00012294    6.87E+07     2.4141E+05    
   5.88E+07     0.98595      0.00012293    5.88E+07     0.00012293    6.88E+07     2.4186E+05    
   5.89E+07     0.98595      0.0001227     5.89E+07     0.0001227     6.89E+07     2.4232E+05    
   5.9E+07      0.98595      0.00012246    5.9E+07      0.00012246    6.9E+07      2.4275E+05    
   5.91E+07     0.98596      0.00012253    5.91E+07     0.00012253    6.91E+07     2.4302E+05    
   5.92E+07     0.98595      0.0001223     5.92E+07     0.0001223     6.92E+07     2.4307E+05    
   5.93E+07     0.98594      0.00012255    5.93E+07     0.00012255    6.93E+07     2.4353E+05    
   5.94E+07     0.98595      0.00012258    5.94E+07     0.00012258    6.94E+07     2.4394E+05    
   5.95E+07     0.98595      0.00012239    5.95E+07     0.00012239    6.95E+07     2.4275E+05    
   5.96E+07     0.98595      0.00012227    5.96E+07     0.00012227    6.96E+07     2.4306E+05    
   5.97E+07     0.98595      0.00012206    5.97E+07     0.00012206    6.97E+07     2.4332E+05    
   5.98E+07     0.98595      0.00012183    5.98E+07     0.00012183    6.98E+07     2.4368E+05    
   5.99E+07     0.98594      0.0001217     5.99E+07     0.0001217     6.99E+07     2.4407E+05    
   6E+07        0.98595      0.00012181    6E+07        0.00012181    7E+07        2.43E+05      
   6.01E+07     0.98595      0.00012158    6.01E+07     0.00012158    7.01E+07     2.4142E+05    
   6.02E+07     0.98596      0.00012148    6.02E+07     0.00012148    7.02E+07     2.4177E+05    
   6.03E+07     0.98596      0.00012125    6.03E+07     0.00012125    7.03E+07     2.4222E+05    
   6.04E+07     0.98596      0.00012107    6.04E+07     0.00012107    7.04E+07     2.427E+05     
   6.05E+07     0.98595      0.00012106    6.05E+07     0.00012106    7.05E+07     2.4292E+05    
   6.06E+07     0.98595      0.00012091    6.06E+07     0.00012091    7.06E+07     2.4321E+05    
   6.07E+07     0.98595      0.00012071    6.07E+07     0.00012071    7.07E+07     2.4367E+05    
   6.08E+07     0.98594      0.00012088    6.08E+07     0.00012088    7.08E+07     2.4377E+05    
   6.09E+07     0.98595      0.000121      6.09E+07     0.000121      7.09E+07     2.4412E+05    
   6.1E+07      0.98595      0.00012089    6.1E+07      0.00012089    7.1E+07      2.4454E+05    
   6.11E+07     0.98596      0.00012067    6.11E+07     0.00012067    7.11E+07     2.4488E+05    
   6.12E+07     0.98596      0.00012049    6.12E+07     0.00012049    7.12E+07     2.4534E+05    
   6.13E+07     0.98596      0.00012033    6.13E+07     0.00012033    7.13E+07     2.4579E+05    
   6.14E+07     0.98597      0.00012012    6.14E+07     0.00012012    7.14E+07     2.454E+05     
   6.15E+07     0.98597      0.00012       6.15E+07     0.00012       7.15E+07     2.4586E+05    
   6.16E+07     0.98598      0.00011991    6.16E+07     0.00011991    7.16E+07     2.4607E+05    
   6.17E+07     0.98598      0.00011969    6.17E+07     0.00011969    7.17E+07     2.4654E+05    
   6.18E+07     0.98598      0.00011949    6.18E+07     0.00011949    7.18E+07     2.4694E+05    
   6.19E+07     0.98598      0.00011931    6.19E+07     0.00011931    7.19E+07     2.4694E+05    
   6.2E+07      0.98598      0.00011909    6.2E+07      0.00011909    7.2E+07      2.4731E+05    
   6.21E+07     0.98599      0.00011892    6.21E+07     0.00011892    7.21E+07     2.477E+05     
   6.22E+07     0.98599      0.00011892    6.22E+07     0.00011892    7.22E+07     2.4817E+05    
   6.23E+07     0.98599      0.00011869    6.23E+07     0.00011869    7.23E+07     2.4822E+05    
   6.24E+07     0.98599      0.00011864    6.24E+07     0.00011864    7.24E+07     2.4839E+05    
   6.25E+07     0.98599      0.00011841    6.25E+07     0.00011841    7.25E+07     2.4837E+05    
   6.26E+07     0.98599      0.00011819    6.26E+07     0.00011819    7.26E+07     2.4883E+05    
   6.27E+07     0.98598      0.0001181     6.27E+07     0.0001181     7.27E+07     2.4891E+05    
   6.28E+07     0.98598      0.00011788    6.28E+07     0.00011788    7.28E+07     2.4934E+05    
   6.29E+07     0.98598      0.00011773    6.29E+07     0.00011773    7.29E+07     2.4921E+05    
   6.3E+07      0.98598      0.0001175     6.3E+07      0.0001175     7.3E+07      2.4967E+05    
   6.31E+07     0.98599      0.00011769    6.31E+07     0.00011769    7.31E+07     2.5006E+05    
   6.32E+07     0.98597      0.00011798    6.32E+07     0.00011798    7.32E+07     2.5045E+05    
   6.33E+07     0.98598      0.0001178     6.33E+07     0.0001178     7.33E+07     2.5092E+05    
   6.34E+07     0.98598      0.00011776    6.34E+07     0.00011776    7.34E+07     2.5045E+05    
   6.35E+07     0.98598      0.00011757    6.35E+07     0.00011757    7.35E+07     2.5053E+05    
   6.36E+07     0.98598      0.00011736    6.36E+07     0.00011736    7.36E+07     2.5091E+05    
   6.37E+07     0.98599      0.00011732    6.37E+07     0.00011732    7.37E+07     2.505E+05     
   6.38E+07     0.98599      0.00011716    6.38E+07     0.00011716    7.38E+07     2.5009E+05    
   6.39E+07     0.98599      0.00011695    6.39E+07     0.00011695    7.39E+07     2.5042E+05    
   6.4E+07      0.98599      0.00011674    6.4E+07      0.00011674    7.4E+07      2.5084E+05    
   6.41E+07     0.98599      0.00011659    6.41E+07     0.00011659    7.41E+07     2.5052E+05    
   6.42E+07     0.98599      0.00011653    6.42E+07     0.00011653    7.42E+07     2.5073E+05    
   6.43E+07     0.98599      0.00011631    6.43E+07     0.00011631    7.43E+07     2.5117E+05    
   6.44E+07     0.98598      0.00011644    6.44E+07     0.00011644    7.44E+07     2.5153E+05    
   6.45E+07     0.98598      0.00011629    6.45E+07     0.00011629    7.45E+07     2.5185E+05    
   6.46E+07     0.98599      0.0001163     6.46E+07     0.0001163     7.46E+07     2.5208E+05    
   6.47E+07     0.98599      0.00011638    6.47E+07     0.00011638    7.47E+07     2.5246E+05    
   6.48E+07     0.986        0.00011624    6.48E+07     0.00011624    7.48E+07     2.5238E+05    
   6.49E+07     0.986        0.00011603    6.49E+07     0.00011603    7.49E+07     2.5281E+05    
   6.5E+07      0.98601      0.00011602    6.5E+07      0.00011602    7.5E+07      2.5287E+05    
   6.51E+07     0.98601      0.0001159     6.51E+07     0.0001159     7.51E+07     2.5319E+05    
   6.52E+07     0.98601      0.00011576    6.52E+07     0.00011576    7.52E+07     2.5359E+05    
   6.53E+07     0.98601      0.00011558    6.53E+07     0.00011558    7.53E+07     2.5304E+05    
   6.54E+07     0.986        0.00011562    6.54E+07     0.00011562    7.54E+07     2.5167E+05    
   6.55E+07     0.986        0.00011545    6.55E+07     0.00011545    7.55E+07     2.521E+05     
   6.56E+07     0.986        0.00011529    6.56E+07     0.00011529    7.56E+07     2.525E+05     
   6.57E+07     0.98601      0.00011517    6.57E+07     0.00011517    7.57E+07     2.5243E+05    
   6.58E+07     0.98602      0.00011531    6.58E+07     0.00011531    7.58E+07     2.5269E+05    
   6.59E+07     0.98601      0.00011516    6.59E+07     0.00011516    7.59E+07     2.5313E+05    
   6.6E+07      0.98602      0.00011516    6.6E+07      0.00011516    7.6E+07      2.5344E+05    
   6.61E+07     0.98603      0.00011505    6.61E+07     0.00011505    7.61E+07     2.524E+05     
   6.62E+07     0.98603      0.00011485    6.62E+07     0.00011485    7.62E+07     2.526E+05     
   6.63E+07     0.98603      0.00011465    6.63E+07     0.00011465    7.63E+07     2.5251E+05    
   6.64E+07     0.98602      0.00011472    6.64E+07     0.00011472    7.64E+07     2.5163E+05    
   6.65E+07     0.98602      0.00011452    6.65E+07     0.00011452    7.65E+07     2.5197E+05    
   6.66E+07     0.98601      0.00011435    6.66E+07     0.00011435    7.66E+07     2.5216E+05    
   6.67E+07     0.98602      0.00011427    6.67E+07     0.00011427    7.67E+07     2.5204E+05    
   6.68E+07     0.98602      0.00011417    6.68E+07     0.00011417    7.68E+07     2.5224E+05    
   6.69E+07     0.98603      0.00011398    6.69E+07     0.00011398    7.69E+07     2.5265E+05    
   6.7E+07      0.98603      0.00011389    6.7E+07      0.00011389    7.7E+07      2.526E+05     
   6.71E+07     0.98602      0.00011393    6.71E+07     0.00011393    7.71E+07     2.5305E+05    
   6.72E+07     0.98603      0.00011381    6.72E+07     0.00011381    7.72E+07     2.5266E+05    
   6.73E+07     0.98603      0.00011362    6.73E+07     0.00011362    7.73E+07     2.5277E+05    
   6.74E+07     0.98603      0.00011352    6.74E+07     0.00011352    7.74E+07     2.5307E+05    
   6.75E+07     0.98603      0.00011339    6.75E+07     0.00011339    7.75E+07     2.5349E+05    
   6.76E+07     0.98603      0.00011326    6.76E+07     0.00011326    7.76E+07     2.5357E+05    
   6.77E+07     0.98603      0.00011307    6.77E+07     0.00011307    7.77E+07     2.54E+05      
   6.78E+07     0.98603      0.00011292    6.78E+07     0.00011292    7.78E+07     2.5444E+05    
   6.79E+07     0.98603      0.00011273    6.79E+07     0.00011273    7.79E+07     2.5445E+05    
   6.8E+07      0.98603      0.00011255    6.8E+07      0.00011255    7.8E+07      2.5467E+05    
   6.81E+07     0.98603      0.00011236    6.81E+07     0.00011236    7.81E+07     2.5501E+05    
   6.82E+07     0.98603      0.00011217    6.82E+07     0.00011217    7.82E+07     2.5537E+05    
   6.83E+07     0.98603      0.00011203    6.83E+07     0.00011203    7.83E+07     2.5575E+05    
   6.84E+07     0.98602      0.00011206    6.84E+07     0.00011206    7.84E+07     2.5616E+05    
   6.85E+07     0.98602      0.00011189    6.85E+07     0.00011189    7.85E+07     2.5648E+05    
   6.86E+07     0.98602      0.0001117     6.86E+07     0.0001117     7.86E+07     2.5604E+05    
   6.87E+07     0.98602      0.00011153    6.87E+07     0.00011153    7.87E+07     2.5647E+05    
   6.88E+07     0.98602      0.00011134    6.88E+07     0.00011134    7.88E+07     2.5678E+05    
   6.89E+07     0.98602      0.00011116    6.89E+07     0.00011116    7.89E+07     2.5713E+05    
   6.9E+07      0.98602      0.00011097    6.9E+07      0.00011097    7.9E+07      2.5667E+05    
   6.91E+07     0.98603      0.00011083    6.91E+07     0.00011083    7.91E+07     2.571E+05     
   6.92E+07     0.98602      0.00011074    6.92E+07     0.00011074    7.92E+07     2.5749E+05    
   6.93E+07     0.98602      0.00011056    6.93E+07     0.00011056    7.93E+07     2.5768E+05    
   6.94E+07     0.98602      0.00011038    6.94E+07     0.00011038    7.94E+07     2.5789E+05    
   6.95E+07     0.98601      0.00011057    6.95E+07     0.00011057    7.95E+07     2.5659E+05    
   6.96E+07     0.98601      0.00011042    6.96E+07     0.00011042    7.96E+07     2.5669E+05    
   6.97E+07     0.98601      0.00011029    6.97E+07     0.00011029    7.97E+07     2.5711E+05    
   6.98E+07     0.986        0.00011012    6.98E+07     0.00011012    7.98E+07     2.5656E+05    
   6.99E+07     0.986        0.00010996    6.99E+07     0.00010996    7.99E+07     2.5667E+05    
   7E+07        0.98599      0.00011012    7E+07        0.00011012    8E+07        2.5705E+05    
   7.01E+07     0.98598      0.0001104     7.01E+07     0.0001104     8.01E+07     2.5686E+05    
   7.02E+07     0.98598      0.00011024    7.02E+07     0.00011024    8.02E+07     2.5717E+05    
   7.03E+07     0.98598      0.00011006    7.03E+07     0.00011006    8.03E+07     2.5746E+05    
   7.04E+07     0.98598      0.00010987    7.04E+07     0.00010987    8.04E+07     2.5741E+05    
   7.05E+07     0.98598      0.00010974    7.05E+07     0.00010974    8.05E+07     2.5745E+05    
   7.06E+07     0.98598      0.00010959    7.06E+07     0.00010959    8.06E+07     2.5563E+05    
   7.07E+07     0.98598      0.00010941    7.07E+07     0.00010941    8.07E+07     2.5604E+05    
   7.08E+07     0.98598      0.00010932    7.08E+07     0.00010932    8.08E+07     2.5604E+05    
   7.09E+07     0.98597      0.00010917    7.09E+07     0.00010917    8.09E+07     2.5535E+05    
   7.1E+07      0.98597      0.00010899    7.1E+07      0.00010899    8.1E+07      2.5403E+05    
   7.11E+07     0.98597      0.00010885    7.11E+07     0.00010885    8.11E+07     2.5396E+05    
   7.12E+07     0.98597      0.00010867    7.12E+07     0.00010867    8.12E+07     2.5416E+05    
   7.13E+07     0.98597      0.00010849    7.13E+07     0.00010849    8.13E+07     2.54E+05      
   7.14E+07     0.98597      0.00010849    7.14E+07     0.00010849    8.14E+07     2.5441E+05    
   7.15E+07     0.98597      0.00010832    7.15E+07     0.00010832    8.15E+07     2.5476E+05    
   7.16E+07     0.98597      0.0001082     7.16E+07     0.0001082     8.16E+07     2.5515E+05    
   7.17E+07     0.98597      0.00010803    7.17E+07     0.00010803    8.17E+07     2.5533E+05    
   7.18E+07     0.98597      0.00010786    7.18E+07     0.00010786    8.18E+07     2.5388E+05    
   7.19E+07     0.98597      0.00010779    7.19E+07     0.00010779    8.19E+07     2.542E+05     
   7.2E+07      0.98597      0.00010763    7.2E+07      0.00010763    8.2E+07      2.546E+05     
   7.21E+07     0.98596      0.00010747    7.21E+07     0.00010747    8.21E+07     2.5495E+05    
   7.22E+07     0.98596      0.0001073     7.22E+07     0.0001073     8.22E+07     2.5532E+05    
   7.23E+07     0.98596      0.00010721    7.23E+07     0.00010721    8.23E+07     2.5542E+05    
   7.24E+07     0.98596      0.0001071     7.24E+07     0.0001071     8.24E+07     2.5497E+05    
   7.25E+07     0.98596      0.00010703    7.25E+07     0.00010703    8.25E+07     2.5526E+05    
   7.26E+07     0.98596      0.00010686    7.26E+07     0.00010686    8.26E+07     2.5556E+05    
   7.27E+07     0.98596      0.00010677    7.27E+07     0.00010677    8.27E+07     2.5409E+05    
   7.28E+07     0.98596      0.00010661    7.28E+07     0.00010661    8.28E+07     2.5427E+05    
   7.29E+07     0.98596      0.00010656    7.29E+07     0.00010656    8.29E+07     2.5464E+05    
   7.3E+07      0.98596      0.00010639    7.3E+07      0.00010639    8.3E+07      2.5429E+05    
   7.31E+07     0.98596      0.00010623    7.31E+07     0.00010623    8.31E+07     2.5467E+05    
   7.32E+07     0.98596      0.00010607    7.32E+07     0.00010607    8.32E+07     2.5507E+05    
   7.33E+07     0.98596      0.00010591    7.33E+07     0.00010591    8.33E+07     2.5519E+05    
   7.34E+07     0.98597      0.00010593    7.34E+07     0.00010593    8.34E+07     2.5426E+05    
   7.35E+07     0.98596      0.00010584    7.35E+07     0.00010584    8.35E+07     2.5459E+05    
   7.36E+07     0.98596      0.00010569    7.36E+07     0.00010569    8.36E+07     2.5495E+05    
   7.37E+07     0.98596      0.0001057     7.37E+07     0.0001057     8.37E+07     2.5525E+05    
   7.38E+07     0.98595      0.00010572    7.38E+07     0.00010572    8.38E+07     2.5543E+05    
   7.39E+07     0.98595      0.00010558    7.39E+07     0.00010558    8.39E+07     2.5571E+05    
   7.4E+07      0.98595      0.00010542    7.4E+07      0.00010542    8.4E+07      2.5583E+05    
   7.41E+07     0.98596      0.00010542    7.41E+07     0.00010542    8.41E+07     2.5619E+05    
   7.42E+07     0.98596      0.0001053     7.42E+07     0.0001053     8.42E+07     2.5648E+05    
   7.43E+07     0.98596      0.00010514    7.43E+07     0.00010514    8.43E+07     2.5681E+05    
   7.44E+07     0.98596      0.000105      7.44E+07     0.000105      8.44E+07     2.5688E+05    
   7.45E+07     0.98596      0.00010486    7.45E+07     0.00010486    8.45E+07     2.5727E+05    
   7.46E+07     0.98596      0.00010475    7.46E+07     0.00010475    8.46E+07     2.5762E+05    
   7.47E+07     0.98596      0.0001046     7.47E+07     0.0001046     8.47E+07     2.58E+05      
   7.48E+07     0.98597      0.00010454    7.48E+07     0.00010454    8.48E+07     2.5838E+05    
   7.49E+07     0.98597      0.00010438    7.49E+07     0.00010438    8.49E+07     2.5878E+05    
   7.5E+07      0.98597      0.0001043     7.5E+07      0.0001043     8.5E+07      2.5902E+05    
   7.51E+07     0.98597      0.00010417    7.51E+07     0.00010417    8.51E+07     2.5897E+05    
   7.52E+07     0.98598      0.00010401    7.52E+07     0.00010401    8.52E+07     2.5899E+05    
   7.53E+07     0.98597      0.00010406    7.53E+07     0.00010406    8.53E+07     2.5874E+05    
   7.54E+07     0.98598      0.00010427    7.54E+07     0.00010427    8.54E+07     2.5909E+05    
   7.55E+07     0.98598      0.00010411    7.55E+07     0.00010411    8.55E+07     2.5856E+05    
   7.56E+07     0.98598      0.00010396    7.56E+07     0.00010396    8.56E+07     2.575E+05     
   7.57E+07     0.98597      0.0001039     7.57E+07     0.0001039     8.57E+07     2.5766E+05    
   7.58E+07     0.98597      0.00010378    7.58E+07     0.00010378    8.58E+07     2.5653E+05    
   7.59E+07     0.98597      0.00010363    7.59E+07     0.00010363    8.59E+07     2.5685E+05    
   7.6E+07      0.98597      0.00010349    7.6E+07      0.00010349    8.6E+07      2.569E+05     
   7.61E+07     0.98597      0.00010364    7.61E+07     0.00010364    8.61E+07     2.5724E+05    
   7.62E+07     0.98596      0.00010353    7.62E+07     0.00010353    8.62E+07     2.5735E+05    
   7.63E+07     0.98597      0.00010348    7.63E+07     0.00010348    8.63E+07     2.5753E+05    
   7.64E+07     0.98597      0.00010359    7.64E+07     0.00010359    8.64E+07     2.5756E+05    
   7.65E+07     0.98598      0.00010345    7.65E+07     0.00010345    8.65E+07     2.5765E+05    
   7.66E+07     0.98598      0.00010335    7.66E+07     0.00010335    8.66E+07     2.58E+05      
   7.67E+07     0.98597      0.00010331    7.67E+07     0.00010331    8.67E+07     2.5797E+05    
   7.68E+07     0.98597      0.00010319    7.68E+07     0.00010319    8.68E+07     2.5828E+05    
   7.69E+07     0.98597      0.00010304    7.69E+07     0.00010304    8.69E+07     2.5834E+05    
   7.7E+07      0.98597      0.00010298    7.7E+07      0.00010298    8.7E+07      2.5871E+05    
   7.71E+07     0.98597      0.00010283    7.71E+07     0.00010283    8.71E+07     2.5901E+05    
   7.72E+07     0.98596      0.00010283    7.72E+07     0.00010283    8.72E+07     2.591E+05     
   7.73E+07     0.98596      0.00010275    7.73E+07     0.00010275    8.73E+07     2.5765E+05    
   7.74E+07     0.98595      0.00010262    7.74E+07     0.00010262    8.74E+07     2.5799E+05    
   7.75E+07     0.98595      0.00010247    7.75E+07     0.00010247    8.75E+07     2.5834E+05    
   7.76E+07     0.98595      0.00010238    7.76E+07     0.00010238    8.76E+07     2.587E+05     
   7.77E+07     0.98595      0.00010223    7.77E+07     0.00010223    8.77E+07     2.5906E+05    
   7.78E+07     0.98595      0.00010208    7.78E+07     0.00010208    8.78E+07     2.5919E+05    
   7.79E+07     0.98596      0.00010201    7.79E+07     0.00010201    8.79E+07     2.5954E+05    
   7.8E+07      0.98595      0.0001019     7.8E+07      0.0001019     8.8E+07      2.5983E+05    
   7.81E+07     0.98595      0.00010177    7.81E+07     0.00010177    8.81E+07     2.602E+05     
   7.82E+07     0.98595      0.00010163    7.82E+07     0.00010163    8.82E+07     2.6058E+05    
   7.83E+07     0.98595      0.00010149    7.83E+07     0.00010149    8.83E+07     2.605E+05     
   7.84E+07     0.98595      0.00010135    7.84E+07     0.00010135    8.84E+07     2.604E+05     
   7.85E+07     0.98596      0.00010121    7.85E+07     0.00010121    8.85E+07     2.6016E+05    
   7.86E+07     0.98596      0.00010124    7.86E+07     0.00010124    8.86E+07     2.6038E+05    
   7.87E+07     0.98596      0.00010109    7.87E+07     0.00010109    8.87E+07     2.6064E+05    
   7.88E+07     0.98596      0.00010097    7.88E+07     0.00010097    8.88E+07     2.6079E+05    
   7.89E+07     0.98596      0.00010083    7.89E+07     0.00010083    8.89E+07     2.6114E+05    
   7.9E+07      0.98596      0.00010086    7.9E+07      0.00010086    8.9E+07      2.6128E+05    
   7.91E+07     0.98596      0.00010071    7.91E+07     0.00010071    8.91E+07     2.6164E+05    
   7.92E+07     0.98597      0.00010057    7.92E+07     0.00010057    8.92E+07     2.6189E+05    
   7.93E+07     0.98596      0.00010046    7.93E+07     0.00010046    8.93E+07     2.6115E+05    
   7.94E+07     0.98597      0.00010036    7.94E+07     0.00010036    8.94E+07     2.6085E+05    
   7.95E+07     0.98596      0.00010055    7.95E+07     0.00010055    8.95E+07     2.6115E+05    
   7.96E+07     0.98595      0.00010047    7.96E+07     0.00010047    8.96E+07     2.6131E+05    
   7.97E+07     0.98595      0.00010033    7.97E+07     0.00010033    8.97E+07     2.6156E+05    
   7.98E+07     0.98596      0.00010037    7.98E+07     0.00010037    8.98E+07     2.6187E+05    
   7.99E+07     0.98596      0.00010029    7.99E+07     0.00010029    8.99E+07     2.6163E+05    
   8E+07        0.98596      0.00010016    8E+07        0.00010016    9E+07        2.6137E+05    
   8.01E+07     0.98597      0.00010013    8.01E+07     0.00010013    9.01E+07     2.6173E+05    
   8.02E+07     0.98597      0.00010001    8.02E+07     0.00010001    9.02E+07     2.6207E+05    
   8.03E+07     0.98597      9.9887E-05    8.03E+07     9.9887E-05    9.03E+07     2.6056E+05    
   8.04E+07     0.98597      9.9837E-05    8.04E+07     9.9837E-05    9.04E+07     2.6088E+05    
   8.05E+07     0.98598      9.9759E-05    8.05E+07     9.9759E-05    9.05E+07     2.6125E+05    
   8.06E+07     0.98598      0.00010005    8.06E+07     0.00010005    9.06E+07     2.616E+05     
   8.07E+07     0.98598      9.9913E-05    8.07E+07     9.9913E-05    9.07E+07     2.6184E+05    
   8.08E+07     0.98598      9.9852E-05    8.08E+07     9.9852E-05    9.08E+07     2.6143E+05    
   8.09E+07     0.98599      9.9919E-05    8.09E+07     9.9919E-05    9.09E+07     2.6175E+05    
   8.1E+07      0.986        0.00010012    8.1E+07      0.00010012    9.1E+07      2.613E+05     
   8.11E+07     0.986        0.00010007    8.11E+07     0.00010007    9.11E+07     2.6135E+05    
   8.12E+07     0.986        9.9972E-05    8.12E+07     9.9972E-05    9.12E+07     2.6154E+05    
   8.13E+07     0.98601      9.9937E-05    8.13E+07     9.9937E-05    9.13E+07     2.6188E+05    
   8.14E+07     0.98601      9.9799E-05    8.14E+07     9.9799E-05    9.14E+07     2.6225E+05    
   8.15E+07     0.98601      9.9671E-05    8.15E+07     9.9671E-05    9.15E+07     2.6209E+05    
   8.16E+07     0.98601      9.9533E-05    8.16E+07     9.9533E-05    9.16E+07     2.6234E+05    
   8.17E+07     0.98601      9.9438E-05    8.17E+07     9.9438E-05    9.17E+07     2.626E+05     
   8.18E+07     0.98602      9.9655E-05    8.18E+07     9.9655E-05    9.18E+07     2.6266E+05    
   8.19E+07     0.98601      9.9534E-05    8.19E+07     9.9534E-05    9.19E+07     2.6263E+05    
   8.2E+07      0.98602      9.9396E-05    8.2E+07      9.9396E-05    9.2E+07      2.6284E+05    
   8.21E+07     0.98601      9.9269E-05    8.21E+07     9.9269E-05    9.21E+07     2.6248E+05    
   8.22E+07     0.98601      9.9132E-05    8.22E+07     9.9132E-05    9.22E+07     2.6249E+05    
   8.23E+07     0.98601      9.9054E-05    8.23E+07     9.9054E-05    9.23E+07     2.6285E+05    
   8.24E+07     0.98602      9.9082E-05    8.24E+07     9.9082E-05    9.24E+07     2.6312E+05    
   8.25E+07     0.98601      9.8968E-05    8.25E+07     9.8968E-05    9.25E+07     2.6338E+05    
   8.26E+07     0.98601      9.8844E-05    8.26E+07     9.8844E-05    9.26E+07     2.6371E+05    
   8.27E+07     0.98602      9.9072E-05    8.27E+07     9.9072E-05    9.27E+07     2.634E+05     
   8.28E+07     0.98602      9.8979E-05    8.28E+07     9.8979E-05    9.28E+07     2.6351E+05    
   8.29E+07     0.98602      9.8849E-05    8.29E+07     9.8849E-05    9.29E+07     2.6388E+05    
   8.3E+07      0.98603      9.8852E-05    8.3E+07      9.8852E-05    9.3E+07      2.6413E+05    
   8.31E+07     0.98603      9.8718E-05    8.31E+07     9.8718E-05    9.31E+07     2.6429E+05    
   8.32E+07     0.98603      9.8585E-05    8.32E+07     9.8585E-05    9.32E+07     2.6402E+05    
   8.33E+07     0.98603      9.85E-05      8.33E+07     9.85E-05      9.33E+07     2.6434E+05    
   8.34E+07     0.98604      9.8616E-05    8.34E+07     9.8616E-05    9.34E+07     2.6466E+05    
   8.35E+07     0.98604      9.8493E-05    8.35E+07     9.8493E-05    9.35E+07     2.6498E+05    
   8.36E+07     0.98604      9.8366E-05    8.36E+07     9.8366E-05    9.36E+07     2.6531E+05    
   8.37E+07     0.98604      9.825E-05     8.37E+07     9.825E-05     9.37E+07     2.6563E+05    
   8.38E+07     0.98604      9.8153E-05    8.38E+07     9.8153E-05    9.38E+07     2.6599E+05    
   8.39E+07     0.98604      9.8039E-05    8.39E+07     9.8039E-05    9.39E+07     2.6627E+05    
   8.4E+07      0.98604      9.7962E-05    8.4E+07      9.7962E-05    9.4E+07      2.6633E+05    
   8.41E+07     0.98604      9.7837E-05    8.41E+07     9.7837E-05    9.41E+07     2.6661E+05    
   8.42E+07     0.98604      9.7719E-05    8.42E+07     9.7719E-05    9.42E+07     2.6681E+05    
   8.43E+07     0.98604      9.7601E-05    8.43E+07     9.7601E-05    9.43E+07     2.6708E+05    
   8.44E+07     0.98604      9.7529E-05    8.44E+07     9.7529E-05    9.44E+07     2.6555E+05    
   8.45E+07     0.98604      9.7401E-05    8.45E+07     9.7401E-05    9.45E+07     2.6534E+05    
   8.46E+07     0.98604      9.7271E-05    8.46E+07     9.7271E-05    9.46E+07     2.6563E+05    
   8.47E+07     0.98604      9.7144E-05    8.47E+07     9.7144E-05    9.47E+07     2.6582E+05    
   8.48E+07     0.98604      9.7016E-05    8.48E+07     9.7016E-05    9.48E+07     2.6531E+05    
   8.49E+07     0.98604      9.6887E-05    8.49E+07     9.6887E-05    9.49E+07     2.6561E+05    
   8.5E+07      0.98604      9.6777E-05    8.5E+07      9.6777E-05    9.5E+07      2.6419E+05    
   8.51E+07     0.98604      9.6732E-05    8.51E+07     9.6732E-05    9.51E+07     2.6455E+05    
   8.52E+07     0.98604      9.6673E-05    8.52E+07     9.6673E-05    9.52E+07     2.6427E+05    
   8.53E+07     0.98605      9.6664E-05    8.53E+07     9.6664E-05    9.53E+07     2.646E+05     
   8.54E+07     0.98605      9.6537E-05    8.54E+07     9.6537E-05    9.54E+07     2.649E+05     
   8.55E+07     0.98604      9.6582E-05    8.55E+07     9.6582E-05    9.55E+07     2.6405E+05    
   8.56E+07     0.98605      9.6726E-05    8.56E+07     9.6726E-05    9.56E+07     2.641E+05     
   8.57E+07     0.98605      9.664E-05     8.57E+07     9.664E-05     9.57E+07     2.6442E+05    
   8.58E+07     0.98604      9.6799E-05    8.58E+07     9.6799E-05    9.58E+07     2.6448E+05    
   8.59E+07     0.98604      9.6678E-05    8.59E+07     9.6678E-05    9.59E+07     2.6395E+05    
   8.6E+07      0.98603      9.6617E-05    8.6E+07      9.6617E-05    9.6E+07      2.6366E+05    
   8.61E+07     0.98603      9.6495E-05    8.61E+07     9.6495E-05    9.61E+07     2.6384E+05    
   8.62E+07     0.98603      9.6422E-05    8.62E+07     9.6422E-05    9.62E+07     2.6367E+05    
   8.63E+07     0.98603      9.6328E-05    8.63E+07     9.6328E-05    9.63E+07     2.6289E+05    
   8.64E+07     0.98603      9.627E-05     8.64E+07     9.627E-05     9.64E+07     2.6311E+05    
   8.65E+07     0.98603      9.6197E-05    8.65E+07     9.6197E-05    9.65E+07     2.6335E+05    
   8.66E+07     0.98603      9.6079E-05    8.66E+07     9.6079E-05    9.66E+07     2.6355E+05    
   8.67E+07     0.98603      9.6022E-05    8.67E+07     9.6022E-05    9.67E+07     2.6368E+05    
   8.68E+07     0.98603      9.5913E-05    8.68E+07     9.5913E-05    9.68E+07     2.6388E+05    
   8.69E+07     0.98603      9.5848E-05    8.69E+07     9.5848E-05    9.69E+07     2.6411E+05    
   8.7E+07      0.98603      9.5724E-05    8.7E+07      9.5724E-05    9.7E+07      2.6444E+05    
   8.71E+07     0.98603      9.5613E-05    8.71E+07     9.5613E-05    9.71E+07     2.6477E+05    
   8.72E+07     0.98603      9.5542E-05    8.72E+07     9.5542E-05    9.72E+07     2.651E+05     
   8.73E+07     0.98603      9.5757E-05    8.73E+07     9.5757E-05    9.73E+07     2.6494E+05    
   8.74E+07     0.98603      9.5637E-05    8.74E+07     9.5637E-05    9.74E+07     2.6511E+05    
   8.75E+07     0.98603      9.5514E-05    8.75E+07     9.5514E-05    9.75E+07     2.6512E+05    
   8.76E+07     0.98603      9.5394E-05    8.76E+07     9.5394E-05    9.76E+07     2.6547E+05    
   8.77E+07     0.98603      9.5275E-05    8.77E+07     9.5275E-05    9.77E+07     2.6571E+05    
   8.78E+07     0.98603      9.5194E-05    8.78E+07     9.5194E-05    9.78E+07     2.6575E+05    
   8.79E+07     0.98603      9.5077E-05    8.79E+07     9.5077E-05    9.79E+07     2.6605E+05    
   8.8E+07      0.98603      9.497E-05     8.8E+07      9.497E-05     9.8E+07      2.6626E+05    
   8.81E+07     0.98603      9.485E-05     8.81E+07     9.485E-05     9.81E+07     2.6622E+05    
   8.82E+07     0.98603      9.4731E-05    8.82E+07     9.4731E-05    9.82E+07     2.6655E+05    
   8.83E+07     0.98603      9.4684E-05    8.83E+07     9.4684E-05    9.83E+07     2.6683E+05    
   8.84E+07     0.98603      9.4653E-05    8.84E+07     9.4653E-05    9.84E+07     2.6717E+05    
   8.85E+07     0.98602      9.4642E-05    8.85E+07     9.4642E-05    9.85E+07     2.6673E+05    
   8.86E+07     0.98602      9.4551E-05    8.86E+07     9.4551E-05    9.86E+07     2.6704E+05    
   8.87E+07     0.98602      9.4445E-05    8.87E+07     9.4445E-05    9.87E+07     2.6692E+05    
   8.88E+07     0.98602      9.4367E-05    8.88E+07     9.4367E-05    9.88E+07     2.6684E+05    
   8.89E+07     0.98602      9.4249E-05    8.89E+07     9.4249E-05    9.89E+07     2.668E+05     
   8.9E+07      0.98601      9.4174E-05    8.9E+07      9.4174E-05    9.9E+07      2.6706E+05    
   8.91E+07     0.98601      9.4056E-05    8.91E+07     9.4056E-05    9.91E+07     2.6738E+05    
   8.92E+07     0.98601      9.3955E-05    8.92E+07     9.3955E-05    9.92E+07     2.6734E+05    
   8.93E+07     0.98601      9.4037E-05    8.93E+07     9.4037E-05    9.93E+07     2.6654E+05    
   8.94E+07     0.98601      9.4042E-05    8.94E+07     9.4042E-05    9.94E+07     2.657E+05     
   8.95E+07     0.98601      9.3938E-05    8.95E+07     9.3938E-05    9.95E+07     2.6581E+05    
   8.96E+07     0.98601      9.3851E-05    8.96E+07     9.3851E-05    9.96E+07     2.6612E+05    
   8.97E+07     0.98601      9.3757E-05    8.97E+07     9.3757E-05    9.97E+07     2.6619E+05    
   8.98E+07     0.98601      9.3649E-05    8.98E+07     9.3649E-05    9.98E+07     2.6619E+05    
   8.99E+07     0.98602      9.3643E-05    8.99E+07     9.3643E-05    9.99E+07     2.6574E+05    
   9E+07        0.98601      9.3631E-05    9E+07        9.3631E-05    1E+08        2.6561E+05    
   9.01E+07     0.98601      9.3517E-05    9.01E+07     9.3517E-05    
   9.02E+07     0.98601      9.3402E-05    9.02E+07     9.3402E-05    
   9.03E+07     0.98601      9.3622E-05    9.03E+07     9.3622E-05    
   9.04E+07     0.98601      9.3506E-05    9.04E+07     9.3506E-05    
   9.05E+07     0.98601      9.3391E-05    9.05E+07     9.3391E-05    
   9.06E+07     0.98601      9.3277E-05    9.06E+07     9.3277E-05    
   9.07E+07     0.98601      9.3184E-05    9.07E+07     9.3184E-05    
   9.08E+07     0.986        9.3199E-05    9.08E+07     9.3199E-05    
   9.09E+07     0.986        9.3094E-05    9.09E+07     9.3094E-05    
   9.1E+07      0.986        9.3124E-05    9.1E+07      9.3124E-05    
   9.11E+07     0.986        9.3064E-05    9.11E+07     9.3064E-05    
   9.12E+07     0.986        9.2976E-05    9.12E+07     9.2976E-05    
   9.13E+07     0.986        9.2865E-05    9.13E+07     9.2865E-05    
   9.14E+07     0.986        9.2751E-05    9.14E+07     9.2751E-05    
   9.15E+07     0.986        9.2728E-05    9.15E+07     9.2728E-05    
   9.16E+07     0.986        9.2629E-05    9.16E+07     9.2629E-05    
   9.17E+07     0.98601      9.2533E-05    9.17E+07     9.2533E-05    
   9.18E+07     0.98601      9.2475E-05    9.18E+07     9.2475E-05    
   9.19E+07     0.98601      9.2429E-05    9.19E+07     9.2429E-05    
   9.2E+07      0.98601      9.2336E-05    9.2E+07      9.2336E-05    
   9.21E+07     0.98601      9.2352E-05    9.21E+07     9.2352E-05    
   9.22E+07     0.98601      9.2302E-05    9.22E+07     9.2302E-05    
   9.23E+07     0.98601      9.219E-05     9.23E+07     9.219E-05     
   9.24E+07     0.98601      9.2089E-05    9.24E+07     9.2089E-05    
   9.25E+07     0.98601      9.1996E-05    9.25E+07     9.1996E-05    
   9.26E+07     0.98601      9.1888E-05    9.26E+07     9.1888E-05    
   9.27E+07     0.98602      9.1895E-05    9.27E+07     9.1895E-05    
   9.28E+07     0.98601      9.182E-05     9.28E+07     9.182E-05     
   9.29E+07     0.98601      9.171E-05     9.29E+07     9.171E-05     
   9.3E+07      0.98601      9.1616E-05    9.3E+07      9.1616E-05    
   9.31E+07     0.98602      9.1541E-05    9.31E+07     9.1541E-05    
   9.32E+07     0.98602      9.1538E-05    9.32E+07     9.1538E-05    
   9.33E+07     0.98602      9.1434E-05    9.33E+07     9.1434E-05    
   9.34E+07     0.98602      9.1331E-05    9.34E+07     9.1331E-05    
   9.35E+07     0.98602      9.123E-05     9.35E+07     9.123E-05     
   9.36E+07     0.98602      9.1126E-05    9.36E+07     9.1126E-05    
   9.37E+07     0.98602      9.1018E-05    9.37E+07     9.1018E-05    
   9.38E+07     0.98602      9.091E-05     9.38E+07     9.091E-05     
   9.39E+07     0.98602      9.0814E-05    9.39E+07     9.0814E-05    
   9.4E+07      0.98602      9.0758E-05    9.4E+07      9.0758E-05    
   9.41E+07     0.98601      9.0654E-05    9.41E+07     9.0654E-05    
   9.42E+07     0.98602      9.0573E-05    9.42E+07     9.0573E-05    
   9.43E+07     0.98602      9.0479E-05    9.43E+07     9.0479E-05    
   9.44E+07     0.98601      9.0695E-05    9.44E+07     9.0695E-05    
   9.45E+07     0.986        9.0675E-05    9.45E+07     9.0675E-05    
   9.46E+07     0.986        9.058E-05     9.46E+07     9.058E-05     
   9.47E+07     0.986        9.05E-05      9.47E+07     9.05E-05      
   9.48E+07     0.98601      9.0542E-05    9.48E+07     9.0542E-05    
   9.49E+07     0.98601      9.0436E-05    9.49E+07     9.0436E-05    
   9.5E+07      0.986        9.0633E-05    9.5E+07      9.0633E-05    
   9.51E+07     0.986        9.0527E-05    9.51E+07     9.0527E-05    
   9.52E+07     0.986        9.0526E-05    9.52E+07     9.0526E-05    
   9.53E+07     0.986        9.042E-05     9.53E+07     9.042E-05     
   9.54E+07     0.986        9.0321E-05    9.54E+07     9.0321E-05    
   9.55E+07     0.98601      9.0422E-05    9.55E+07     9.0422E-05    
   9.56E+07     0.98601      9.0365E-05    9.56E+07     9.0365E-05    
   9.57E+07     0.98601      9.026E-05     9.57E+07     9.026E-05     
   9.58E+07     0.98601      9.0203E-05    9.58E+07     9.0203E-05    
   9.59E+07     0.98602      9.0249E-05    9.59E+07     9.0249E-05    
   9.6E+07      0.98602      9.0251E-05    9.6E+07      9.0251E-05    
   9.61E+07     0.98602      9.0171E-05    9.61E+07     9.0171E-05    
   9.62E+07     0.98602      9.0152E-05    9.62E+07     9.0152E-05    
   9.63E+07     0.98602      9.0242E-05    9.63E+07     9.0242E-05    
   9.64E+07     0.98602      9.0151E-05    9.64E+07     9.0151E-05    
   9.65E+07     0.98602      9.0064E-05    9.65E+07     9.0064E-05    
   9.66E+07     0.98602      8.9965E-05    9.66E+07     8.9965E-05    
   9.67E+07     0.98602      8.9898E-05    9.67E+07     8.9898E-05    
   9.68E+07     0.98602      8.9818E-05    9.68E+07     8.9818E-05    
   9.69E+07     0.98602      8.9726E-05    9.69E+07     8.9726E-05    
   9.7E+07      0.98602      8.9625E-05    9.7E+07      8.9625E-05    
   9.71E+07     0.98602      8.9524E-05    9.71E+07     8.9524E-05    
   9.72E+07     0.98602      8.9424E-05    9.72E+07     8.9424E-05    
   9.73E+07     0.98602      8.9398E-05    9.73E+07     8.9398E-05    
   9.74E+07     0.98602      8.9327E-05    9.74E+07     8.9327E-05    
   9.75E+07     0.98602      8.9278E-05    9.75E+07     8.9278E-05    
   9.76E+07     0.98602      8.9176E-05    9.76E+07     8.9176E-05    
   9.77E+07     0.98602      8.9087E-05    9.77E+07     8.9087E-05    
   9.78E+07     0.98602      8.9037E-05    9.78E+07     8.9037E-05    
   9.79E+07     0.98602      8.8942E-05    9.79E+07     8.8942E-05    
   9.8E+07      0.98601      8.8864E-05    9.8E+07      8.8864E-05    
   9.81E+07     0.98601      8.882E-05     9.81E+07     8.882E-05     
   9.82E+07     0.98601      8.8722E-05    9.82E+07     8.8722E-05    
   9.83E+07     0.98601      8.8629E-05    9.83E+07     8.8629E-05    
   9.84E+07     0.98601      8.853E-05     9.84E+07     8.853E-05     
   9.85E+07     0.98602      8.856E-05     9.85E+07     8.856E-05     
   9.86E+07     0.98602      8.846E-05     9.86E+07     8.846E-05     
   9.87E+07     0.98601      8.8437E-05    9.87E+07     8.8437E-05    
   9.88E+07     0.98602      8.8405E-05    9.88E+07     8.8405E-05    
   9.89E+07     0.98601      8.837E-05     9.89E+07     8.837E-05     
   9.9E+07      0.98602      8.8278E-05    9.9E+07      8.8278E-05    
   9.91E+07     0.98602      8.8182E-05    9.91E+07     8.8182E-05    
   9.92E+07     0.98601      8.8144E-05    9.92E+07     8.8144E-05    
   9.93E+07     0.98601      8.8234E-05    9.93E+07     8.8234E-05    
   9.94E+07     0.98601      8.8321E-05    9.94E+07     8.8321E-05    
   9.95E+07     0.98601      8.8262E-05    9.95E+07     8.8262E-05    
   9.96E+07     0.98601      8.8166E-05    9.96E+07     8.8166E-05    
   9.97E+07     0.98601      8.8113E-05    9.97E+07     8.8113E-05    
   9.98E+07     0.98601      8.8061E-05    9.98E+07     8.8061E-05    
   9.99E+07     0.98601      8.8094E-05    9.99E+07     8.8094E-05    
   1E+08        0.986        8.8074E-05    1E+08        8.8074E-05    
