# This file is written with the intent of being used to plot the data with 
# Gnuplot.  It contains no information regarding how the plot should be 
# formatted.
# =========================================================================
# Research/ArnoldivsPower -f Power1-65.dat -t 100000 -A -c 100 -C 900 -w 20 -b 75 -r  seed = 3572105291
# filename = Power1-65.dat, run = true, power = true, Arnoldi = false, storevectors = 0, raw = false, evectors = 2, evalues = 2, residual = false, arnoldimethod = implicit, tol = 2.22045e-16, verbose = 1, seed = 0, width = 20, bins = 75, acycles = 900, incycles = 100, active = 20, inactive = 0, Iterations = 10, numValues = 2, relaxed = 0, tracks = 100000, ignore_rest = false, version = false, help = false, 

#  1            2            3             4            5             6            7             8            9            
# |-            Power values           -| |-   Power eValues SD   -| |-       FOM-Power      -| |-     Power vector     -| 
#  x-coord      y-coord      error         x-coord      y-coord       x-coord      y-coord       x-coord      y-coord       
   1E+05        0.9577       0             1E+05        0             1.01E+07     0             0.13333      0.017557      
   2E+05        0.96364      0             2E+05        0             1.02E+07     1256.1        0.4          0.024791      
   3E+05        0.9718       0             3E+05        0             1.03E+07     2121.1        0.66667      0.031001      
   4E+05        0.97522      0             4E+05        0             1.04E+07     3500.7        0.93333      0.037371      
   5E+05        0.9803       0             5E+05        0             1.05E+07     5088.2        1.2          0.043505      
   6E+05        0.97442      0             6E+05        0             1.06E+07     6998.5        1.4667       0.049259      
   7E+05        0.97866      0             7E+05        0             1.07E+07     9134.1        1.7333       0.055081      
   8E+05        0.98274      0             8E+05        0             1.08E+07     11647         2            0.060863      
   9E+05        0.98604      0             9E+05        0             1.09E+07     14322         2.2667       0.066753      
   1E+06        0.98094      0             1E+06        0             1.1E+07      15840         2.5333       0.072455      
   1.1E+06      0.98137      0             1.1E+06      0             1.11E+07     16835         2.8          0.077615      
   1.2E+06      0.98285      0             1.2E+06      0             1.12E+07     18658         3.0667       0.082893      
   1.3E+06      0.98627      0             1.3E+06      0             1.13E+07     20084         3.3333       0.088235      
   1.4E+06      0.97912      0             1.4E+06      0             1.14E+07     22838         3.6          0.093068      
   1.5E+06      0.98001      0             1.5E+06      0             1.15E+07     25330         3.8667       0.098271      
   1.6E+06      0.98307      0             1.6E+06      0             1.16E+07     26044         4.1333       0.10268       
   1.7E+06      0.98286      0             1.7E+06      0             1.17E+07     23867         4.4          0.10704       
   1.8E+06      0.98984      0             1.8E+06      0             1.18E+07     25865         4.6667       0.11155       
   1.9E+06      0.98365      0             1.9E+06      0             1.19E+07     28529         4.9333       0.11598       
   2E+06        0.98354      0             2E+06        0             1.2E+07      30307         5.2          0.12012       
   2.1E+06      0.98473      0             2.1E+06      0             1.21E+07     33128         5.4667       0.12403       
   2.2E+06      0.98437      0             2.2E+06      0             1.22E+07     35922         5.7333       0.1274        
   2.3E+06      0.9863       0             2.3E+06      0             1.23E+07     38948         6            0.13123       
   2.4E+06      0.98466      0             2.4E+06      0             1.24E+07     40255         6.2667       0.13482       
   2.5E+06      0.98592      0             2.5E+06      0             1.25E+07     42964         6.5333       0.13809       
   2.6E+06      0.98764      0             2.6E+06      0             1.26E+07     44803         6.8          0.14041       
   2.7E+06      0.98635      0             2.7E+06      0             1.27E+07     47681         7.0667       0.14315       
   2.8E+06      0.98505      0             2.8E+06      0             1.28E+07     50669         7.3333       0.14576       
   2.9E+06      0.98464      0             2.9E+06      0             1.29E+07     53601         7.6          0.14808       
   3E+06        0.98499      0             3E+06        0             1.3E+07      56739         7.8667       0.15017       
   3.1E+06      0.98336      0             3.1E+06      0             1.31E+07     58888         8.1333       0.15212       
   3.2E+06      0.98447      0             3.2E+06      0             1.32E+07     61804         8.4          0.1537        
   3.3E+06      0.98371      0             3.3E+06      0             1.33E+07     64501         8.6667       0.15436       
   3.4E+06      0.98363      0             3.4E+06      0             1.34E+07     67104         8.9333       0.15645       
   3.5E+06      0.98662      0             3.5E+06      0             1.35E+07     70516         9.2          0.15696       
   3.6E+06      0.98874      0             3.6E+06      0             1.36E+07     73827         9.4667       0.15714       
   3.7E+06      0.98812      0             3.7E+06      0             1.37E+07     77273         9.7333       0.15781       
   3.8E+06      0.98654      0             3.8E+06      0             1.38E+07     80231         10           0.15819       
   3.9E+06      0.98451      0             3.9E+06      0             1.39E+07     77784         10.267       0.15789       
   4E+06        0.98125      0             4E+06        0             1.4E+07      77860         10.533       0.15746       
   4.1E+06      0.98312      0             4.1E+06      0             1.41E+07     79065         10.8         0.15672       
   4.2E+06      0.98391      0             4.2E+06      0             1.42E+07     80651         11.067       0.15602       
   4.3E+06      0.98477      0             4.3E+06      0             1.43E+07     81554         11.333       0.1548        
   4.4E+06      0.98714      0             4.4E+06      0             1.44E+07     81924         11.6         0.15367       
   4.5E+06      0.98506      0             4.5E+06      0             1.45E+07     85029         11.867       0.15219       
   4.6E+06      0.98301      0             4.6E+06      0             1.46E+07     87805         12.133       0.15032       
   4.7E+06      0.98749      0             4.7E+06      0             1.47E+07     90733         12.4         0.14876       
   4.8E+06      0.9848       0             4.8E+06      0             1.48E+07     88279         12.667       0.14611       
   4.9E+06      0.9841       0             4.9E+06      0             1.49E+07     91043         12.933       0.14356       
   5E+06        0.98164      0             5E+06        0             1.5E+07      91579         13.2         0.14099       
   5.1E+06      0.98893      0             5.1E+06      0             1.51E+07     94648         13.467       0.13778       
   5.2E+06      0.98976      0             5.2E+06      0             1.52E+07     97280         13.733       0.1346        
   5.3E+06      0.98667      0             5.3E+06      0             1.53E+07     99467         14           0.13184       
   5.4E+06      0.98753      0             5.4E+06      0             1.54E+07     1.023E+05     14.267       0.12797       
   5.5E+06      0.98466      0             5.5E+06      0             1.55E+07     1.0174E+05    14.533       0.12432       
   5.6E+06      0.98627      0             5.6E+06      0             1.56E+07     1.028E+05     14.8         0.12015       
   5.7E+06      0.9845       0             5.7E+06      0             1.57E+07     1.0393E+05    15.067       0.11583       
   5.8E+06      0.98449      0             5.8E+06      0             1.58E+07     1.0667E+05    15.333       0.11155       
   5.9E+06      0.98369      0             5.9E+06      0             1.59E+07     1.0874E+05    15.6         0.10727       
   6E+06        0.98114      0             6E+06        0             1.6E+07      1.1149E+05    15.867       0.10263       
   6.1E+06      0.98699      0             6.1E+06      0             1.61E+07     1.1329E+05    16.133       0.098         
   6.2E+06      0.98431      0             6.2E+06      0             1.62E+07     1.1317E+05    16.4         0.093015      
   6.3E+06      0.99009      0             6.3E+06      0             1.63E+07     1.1532E+05    16.667       0.087919      
   6.4E+06      0.98612      0             6.4E+06      0             1.64E+07     1.1561E+05    16.933       0.082747      
   6.5E+06      0.98809      0             6.5E+06      0             1.65E+07     1.124E+05     17.2         0.076921      
   6.6E+06      0.9894       0             6.6E+06      0             1.66E+07     1.147E+05     17.467       0.07208       
   6.7E+06      0.98421      0             6.7E+06      0             1.67E+07     1.1662E+05    17.733       0.06657       
   6.8E+06      0.98307      0             6.8E+06      0             1.68E+07     1.1053E+05    18           0.060738      
   6.9E+06      0.98744      0             6.9E+06      0             1.69E+07     1.1303E+05    18.267       0.054855      
   7E+06        0.98795      0             7E+06        0             1.7E+07      1.144E+05     18.533       0.048897      
   7.1E+06      0.98791      0             7.1E+06      0             1.71E+07     1.1681E+05    18.8         0.043128      
   7.2E+06      0.98822      0             7.2E+06      0             1.72E+07     1.1587E+05    19.067       0.037036      
   7.3E+06      0.98283      0             7.3E+06      0             1.73E+07     1.1826E+05    19.333       0.030903      
   7.4E+06      0.9841       0             7.4E+06      0             1.74E+07     1.2051E+05    19.6         0.024518      
   7.5E+06      0.98616      0             7.5E+06      0             1.75E+07     1.2211E+05    19.867       0.017539      
   7.6E+06      0.98386      0             7.6E+06      0             1.76E+07     1.2336E+05    
   7.7E+06      0.98362      0             7.7E+06      0             1.77E+07     1.2281E+05    
   7.8E+06      0.98539      0             7.8E+06      0             1.78E+07     1.2533E+05    
   7.9E+06      0.98457      0             7.9E+06      0             1.79E+07     1.2703E+05    
   8E+06        0.9833       0             8E+06        0             1.8E+07      1.2955E+05    
   8.1E+06      0.98696      0             8.1E+06      0             1.81E+07     1.3207E+05    
   8.2E+06      0.98969      0             8.2E+06      0             1.82E+07     1.3392E+05    
   8.3E+06      0.99068      0             8.3E+06      0             1.83E+07     1.2904E+05    
   8.4E+06      0.98423      0             8.4E+06      0             1.84E+07     1.2335E+05    
   8.5E+06      0.98367      0             8.5E+06      0             1.85E+07     1.247E+05     
   8.6E+06      0.98745      0             8.6E+06      0             1.86E+07     1.2692E+05    
   8.7E+06      0.98155      0             8.7E+06      0             1.87E+07     1.2854E+05    
   8.8E+06      0.98598      0             8.8E+06      0             1.88E+07     1.2387E+05    
   8.9E+06      0.98513      0             8.9E+06      0             1.89E+07     1.2567E+05    
   9E+06        0.98657      0             9E+06        0             1.9E+07      1.2777E+05    
   9.1E+06      0.98659      0             9.1E+06      0             1.91E+07     1.2904E+05    
   9.2E+06      0.98431      0             9.2E+06      0             1.92E+07     1.2979E+05    
   9.3E+06      0.98569      0             9.3E+06      0             1.93E+07     1.3196E+05    
   9.4E+06      0.989        0             9.4E+06      0             1.94E+07     1.3407E+05    
   9.5E+06      0.98609      0             9.5E+06      0             1.95E+07     1.3375E+05    
   9.6E+06      0.98533      0             9.6E+06      0             1.96E+07     1.3401E+05    
   9.7E+06      0.98731      0             9.7E+06      0             1.97E+07     1.3507E+05    
   9.8E+06      0.98903      0             9.8E+06      0             1.98E+07     1.3716E+05    
   9.9E+06      0.98824      0             9.9E+06      0             1.99E+07     1.3887E+05    
   1E+07        0.98586      0             1E+07        0             2E+07        1.4083E+05    
   1.01E+07     0.98016      2.8637E-09    1.01E+07     2.8637E-09    2.01E+07     1.3918E+05    
   1.02E+07     0.98595      0.0040892     1.02E+07     0.0040892     2.02E+07     1.389E+05     
   1.03E+07     0.98406      0.0031315     1.03E+07     0.0031315     2.03E+07     1.4078E+05    
   1.04E+07     0.98476      0.0024252     1.04E+07     0.0024252     2.04E+07     1.4083E+05    
   1.05E+07     0.98531      0.0020018     1.05E+07     0.0020018     2.05E+07     1.4049E+05    
   1.06E+07     0.98566      0.0016984     1.06E+07     0.0016984     2.06E+07     1.4233E+05    
   1.07E+07     0.98537      0.00148       1.07E+07     0.00148       2.07E+07     1.4366E+05    
   1.08E+07     0.98554      0.0013047     1.08E+07     0.0013047     2.08E+07     1.4148E+05    
   1.09E+07     0.98571      0.0011709     1.09E+07     0.0011709     2.09E+07     1.3996E+05    
   1.1E+07      0.98607      0.001108      1.1E+07      0.001108      2.1E+07      1.39E+05      
   1.11E+07     0.98569      0.0010697     1.11E+07     0.0010697     2.11E+07     1.3878E+05    
   1.12E+07     0.98543      0.0010116     1.12E+07     0.0010116     2.12E+07     1.4054E+05    
   1.13E+07     0.98571      0.00097048    1.13E+07     0.00097048    2.13E+07     1.4231E+05    
   1.14E+07     0.98562      0.00090531    1.14E+07     0.00090531    2.14E+07     1.4219E+05    
   1.15E+07     0.98576      0.00085572    1.15E+07     0.00085572    2.15E+07     1.435E+05     
   1.16E+07     0.98602      0.00084034    1.16E+07     0.00084034    2.16E+07     1.4514E+05    
   1.17E+07     0.98563      0.00087402    1.17E+07     0.00087402    2.17E+07     1.4457E+05    
   1.18E+07     0.9855       0.00083535    1.18E+07     0.00083535    2.18E+07     1.414E+05     
   1.19E+07     0.98547      0.00079194    1.19E+07     0.00079194    2.19E+07     1.4263E+05    
   1.2E+07      0.98562      0.00076522    1.2E+07      0.00076522    2.2E+07      1.4422E+05    
   1.21E+07     0.98563      0.00072889    1.21E+07     0.00072889    2.21E+07     1.4586E+05    
   1.22E+07     0.98567      0.00069669    1.22E+07     0.00069669    2.22E+07     1.4734E+05    
   1.23E+07     0.98567      0.00066642    1.23E+07     0.00066642    2.23E+07     1.4787E+05    
   1.24E+07     0.98581      0.0006528     1.24E+07     0.0006528     2.24E+07     1.4853E+05    
   1.25E+07     0.98587      0.00062942    1.25E+07     0.00062942    2.25E+07     1.493E+05     
   1.26E+07     0.98597      0.00061346    1.26E+07     0.00061346    2.26E+07     1.5055E+05    
   1.27E+07     0.98593      0.00059237    1.27E+07     0.00059237    2.27E+07     1.5108E+05    
   1.28E+07     0.98589      0.00057237    1.28E+07     0.00057237    2.28E+07     1.5275E+05    
   1.29E+07     0.98593      0.0005544     1.29E+07     0.0005544     2.29E+07     1.5437E+05    
   1.3E+07      0.98596      0.00053646    1.3E+07      0.00053646    2.3E+07      1.5503E+05    
   1.31E+07     0.98603      0.00052462    1.31E+07     0.00052462    2.31E+07     1.5526E+05    
   1.32E+07     0.98608      0.00051011    1.32E+07     0.00051011    2.32E+07     1.5647E+05    
   1.33E+07     0.98603      0.0004975     1.33E+07     0.0004975     2.33E+07     1.5669E+05    
   1.34E+07     0.98597      0.00048569    1.34E+07     0.00048569    2.34E+07     1.5834E+05    
   1.35E+07     0.98599      0.00047208    1.35E+07     0.00047208    2.35E+07     1.5846E+05    
   1.36E+07     0.98596      0.00045961    1.36E+07     0.00045961    2.36E+07     1.5989E+05    
   1.37E+07     0.98598      0.00044755    1.37E+07     0.00044755    2.37E+07     1.5562E+05    
   1.38E+07     0.98602      0.00043743    1.38E+07     0.00043743    2.38E+07     1.5654E+05    
   1.39E+07     0.98614      0.00044261    1.39E+07     0.00044261    2.39E+07     1.5798E+05    
   1.4E+07      0.98605      0.00044084    1.4E+07      0.00044084    2.4E+07      1.5959E+05    
   1.41E+07     0.98598      0.00043587    1.41E+07     0.00043587    2.41E+07     1.5848E+05    
   1.42E+07     0.98592      0.00042984    1.42E+07     0.00042984    2.42E+07     1.5995E+05    
   1.43E+07     0.98599      0.00042591    1.43E+07     0.00042591    2.43E+07     1.609E+05     
   1.44E+07     0.98591      0.00042349    1.44E+07     0.00042349    2.44E+07     1.6164E+05    
   1.45E+07     0.9859       0.0004142     1.45E+07     0.0004142     2.45E+07     1.6319E+05    
   1.46E+07     0.98592      0.00040593    1.46E+07     0.00040593    2.46E+07     1.648E+05     
   1.47E+07     0.9859       0.00039795    1.47E+07     0.00039795    2.47E+07     1.6597E+05    
   1.48E+07     0.986        0.00040211    1.48E+07     0.00040211    2.48E+07     1.6732E+05    
   1.49E+07     0.98598      0.00039459    1.49E+07     0.00039459    2.49E+07     1.662E+05     
   1.5E+07      0.98604      0.00039197    1.5E+07      0.00039197    2.5E+07      1.6772E+05    
   1.51E+07     0.98604      0.00038429    1.51E+07     0.00038429    2.51E+07     1.6858E+05    
   1.52E+07     0.98607      0.0003778     1.52E+07     0.0003778     2.52E+07     1.6954E+05    
   1.53E+07     0.9861       0.00037243    1.53E+07     0.00037243    2.53E+07     1.7091E+05    
   1.54E+07     0.98612      0.0003659     1.54E+07     0.0003659     2.54E+07     1.72E+05      
   1.55E+07     0.98605      0.00036576    1.55E+07     0.00036576    2.55E+07     1.7354E+05    
   1.56E+07     0.986        0.00036271    1.56E+07     0.00036271    2.56E+07     1.7228E+05    
   1.57E+07     0.98605      0.0003596     1.57E+07     0.0003596     2.57E+07     1.728E+05     
   1.58E+07     0.98603      0.00035379    1.58E+07     0.00035379    2.58E+07     1.7366E+05    
   1.59E+07     0.98606      0.00034915    1.59E+07     0.00034915    2.59E+07     1.7517E+05    
   1.6E+07      0.98608      0.00034373    1.6E+07      0.00034373    2.6E+07      1.7514E+05    
   1.61E+07     0.98604      0.00033995    1.61E+07     0.00033995    2.61E+07     1.737E+05     
   1.62E+07     0.9861       0.00033907    1.62E+07     0.00033907    2.62E+07     1.7024E+05    
   1.63E+07     0.98613      0.00033481    1.63E+07     0.00033481    2.63E+07     1.7138E+05    
   1.64E+07     0.98618      0.0003334     1.64E+07     0.0003334     2.64E+07     1.7269E+05    
   1.65E+07     0.9861       0.00033702    1.65E+07     0.00033702    2.65E+07     1.7352E+05    
   1.66E+07     0.98608      0.00033266    1.66E+07     0.00033266    2.66E+07     1.7374E+05    
   1.67E+07     0.98611      0.00032883    1.67E+07     0.00032883    2.67E+07     1.7182E+05    
   1.68E+07     0.98601      0.00033669    1.68E+07     0.00033669    2.68E+07     1.7267E+05    
   1.69E+07     0.986        0.00033196    1.69E+07     0.00033196    2.69E+07     1.738E+05     
   1.7E+07      0.98597      0.00032902    1.7E+07      0.00032902    2.7E+07      1.7512E+05    
   1.71E+07     0.98598      0.00032451    1.71E+07     0.00032451    2.71E+07     1.7576E+05    
   1.72E+07     0.98603      0.00032491    1.72E+07     0.00032491    2.72E+07     1.7715E+05    
   1.73E+07     0.98602      0.00032063    1.73E+07     0.00032063    2.73E+07     1.7735E+05    
   1.74E+07     0.98604      0.00031674    1.74E+07     0.00031674    2.74E+07     1.7413E+05    
   1.75E+07     0.98607      0.00031361    1.75E+07     0.00031361    2.75E+07     1.746E+05     
   1.76E+07     0.98603      0.00031116    1.76E+07     0.00031116    2.76E+07     1.7283E+05    
   1.77E+07     0.98608      0.00031095    1.77E+07     0.00031095    2.77E+07     1.7217E+05    
   1.78E+07     0.98608      0.00030697    1.78E+07     0.00030697    2.78E+07     1.7304E+05    
   1.79E+07     0.98606      0.00030398    1.79E+07     0.00030398    2.79E+07     1.7264E+05    
   1.8E+07      0.98605      0.0003002     1.8E+07      0.0003002     2.8E+07      1.7265E+05    
   1.81E+07     0.98605      0.00029653    1.81E+07     0.00029653    2.81E+07     1.738E+05     
   1.82E+07     0.98607      0.00029365    1.82E+07     0.00029365    2.82E+07     1.7306E+05    
   1.83E+07     0.986        0.00029826    1.83E+07     0.00029826    2.83E+07     1.7434E+05    
   1.84E+07     0.98592      0.00030422    1.84E+07     0.00030422    2.84E+07     1.745E+05     
   1.85E+07     0.9859       0.00030177    1.85E+07     0.00030177    2.85E+07     1.7497E+05    
   1.86E+07     0.9859       0.0002983     1.86E+07     0.0002983     2.86E+07     1.7569E+05    
   1.87E+07     0.98588      0.00029557    1.87E+07     0.00029557    2.87E+07     1.7584E+05    
   1.88E+07     0.98581      0.00030028    1.88E+07     0.00030028    2.88E+07     1.7051E+05    
   1.89E+07     0.9858       0.00029735    1.89E+07     0.00029735    2.89E+07     1.6958E+05    
   1.9E+07      0.98579      0.00029411    1.9E+07      0.00029411    2.9E+07      1.7066E+05    
   1.91E+07     0.98581      0.00029183    1.91E+07     0.00029183    2.91E+07     1.7182E+05    
   1.92E+07     0.98584      0.00029017    1.92E+07     0.00029017    2.92E+07     1.729E+05     
   1.93E+07     0.98585      0.00028705    1.93E+07     0.00028705    2.93E+07     1.7398E+05    
   1.94E+07     0.98584      0.00028406    1.94E+07     0.00028406    2.94E+07     1.7146E+05    
   1.95E+07     0.9858       0.00028368    1.95E+07     0.00028368    2.95E+07     1.7246E+05    
   1.96E+07     0.98583      0.00028262    1.96E+07     0.00028262    2.96E+07     1.7314E+05    
   1.97E+07     0.98586      0.00028079    1.97E+07     0.00028079    2.97E+07     1.7434E+05    
   1.98E+07     0.98586      0.00027795    1.98E+07     0.00027795    2.98E+07     1.7533E+05    
   1.99E+07     0.98588      0.00027552    1.99E+07     0.00027552    2.99E+07     1.7579E+05    
   2E+07        0.98587      0.00027286    2E+07        0.00027286    3E+07        1.7668E+05    
   2.01E+07     0.98592      0.00027378    2.01E+07     0.00027378    3.01E+07     1.7723E+05    
   2.02E+07     0.98595      0.0002734     2.02E+07     0.0002734     3.02E+07     1.6521E+05    
   2.03E+07     0.98594      0.00027089    2.03E+07     0.00027089    3.03E+07     1.6477E+05    
   2.04E+07     0.98591      0.00027014    2.04E+07     0.00027014    3.04E+07     1.6583E+05    
   2.05E+07     0.98588      0.0002698     2.05E+07     0.0002698     3.05E+07     1.6674E+05    
   2.06E+07     0.98587      0.00026741    2.06E+07     0.00026741    3.06E+07     1.6703E+05    
   2.07E+07     0.98588      0.00026555    2.07E+07     0.00026555    3.07E+07     1.6789E+05    
   2.08E+07     0.98584      0.00026684    2.08E+07     0.00026684    3.08E+07     1.6891E+05    
   2.09E+07     0.9858       0.00026766    2.09E+07     0.00026766    3.09E+07     1.6766E+05    
   2.1E+07      0.98584      0.00026791    2.1E+07      0.00026791    3.1E+07      1.6811E+05    
   2.11E+07     0.98587      0.00026751    2.11E+07     0.00026751    3.11E+07     1.6737E+05    
   2.12E+07     0.98587      0.00026513    2.12E+07     0.00026513    3.12E+07     1.6749E+05    
   2.13E+07     0.98588      0.00026288    2.13E+07     0.00026288    3.13E+07     1.6775E+05    
   2.14E+07     0.98585      0.00026236    2.14E+07     0.00026236    3.14E+07     1.6875E+05    
   2.15E+07     0.98586      0.00026058    2.15E+07     0.00026058    3.15E+07     1.6969E+05    
   2.16E+07     0.98585      0.00025846    2.16E+07     0.00025846    3.16E+07     1.7025E+05    
   2.17E+07     0.98589      0.00025839    2.17E+07     0.00025839    3.17E+07     1.6997E+05    
   2.18E+07     0.98594      0.00026068    2.18E+07     0.00026068    3.18E+07     1.706E+05     
   2.19E+07     0.98592      0.00025896    2.19E+07     0.00025896    3.19E+07     1.6991E+05    
   2.2E+07      0.98593      0.00025687    2.2E+07      0.00025687    3.2E+07      1.7068E+05    
   2.21E+07     0.98593      0.00025484    2.21E+07     0.00025484    3.21E+07     1.7103E+05    
   2.22E+07     0.98592      0.00025301    2.22E+07     0.00025301    3.22E+07     1.719E+05     
   2.23E+07     0.98595      0.00025197    2.23E+07     0.00025197    3.23E+07     1.6987E+05    
   2.24E+07     0.98597      0.00025082    2.24E+07     0.00025082    3.24E+07     1.7086E+05    
   2.25E+07     0.98595      0.00024961    2.25E+07     0.00024961    3.25E+07     1.7161E+05    
   2.26E+07     0.98596      0.00024803    2.26E+07     0.00024803    3.26E+07     1.7259E+05    
   2.27E+07     0.98594      0.00024708    2.27E+07     0.00024708    3.27E+07     1.7156E+05    
   2.28E+07     0.98593      0.0002452     2.28E+07     0.0002452     3.28E+07     1.7245E+05    
   2.29E+07     0.98593      0.00024331    2.29E+07     0.00024331    3.29E+07     1.7343E+05    
   2.3E+07      0.98591      0.00024228    2.3E+07      0.00024228    3.3E+07      1.7332E+05    
   2.31E+07     0.98594      0.00024159    2.31E+07     0.00024159    3.31E+07     1.7336E+05    
   2.32E+07     0.98595      0.00024013    2.32E+07     0.00024013    3.32E+07     1.7384E+05    
   2.33E+07     0.98597      0.00023939    2.33E+07     0.00023939    3.33E+07     1.735E+05     
   2.34E+07     0.98598      0.00023762    2.34E+07     0.00023762    3.34E+07     1.7403E+05    
   2.35E+07     0.986        0.00023704    2.35E+07     0.00023704    3.35E+07     1.7476E+05    
   2.36E+07     0.98601      0.00023546    2.36E+07     0.00023546    3.36E+07     1.753E+05     
   2.37E+07     0.98606      0.00023811    2.37E+07     0.00023811    3.37E+07     1.7574E+05    
   2.38E+07     0.98607      0.00023691    2.38E+07     0.00023691    3.38E+07     1.7668E+05    
   2.39E+07     0.98608      0.00023534    2.39E+07     0.00023534    3.39E+07     1.7757E+05    
   2.4E+07      0.98608      0.00023367    2.4E+07      0.00023367    3.4E+07      1.7819E+05    
   2.41E+07     0.98605      0.00023397    2.41E+07     0.00023397    3.41E+07     1.7884E+05    
   2.42E+07     0.98604      0.0002324     2.42E+07     0.0002324     3.42E+07     1.7973E+05    
   2.43E+07     0.98603      0.00023125    2.43E+07     0.00023125    3.43E+07     1.8044E+05    
   2.44E+07     0.98604      0.00023024    2.44E+07     0.00023024    3.44E+07     1.8136E+05    
   2.45E+07     0.98604      0.00022865    2.45E+07     0.00022865    3.45E+07     1.823E+05     
   2.46E+07     0.98604      0.00022709    2.46E+07     0.00022709    3.46E+07     1.8325E+05    
   2.47E+07     0.98605      0.00022583    2.47E+07     0.00022583    3.47E+07     1.8378E+05    
   2.48E+07     0.98606      0.00022448    2.48E+07     0.00022448    3.48E+07     1.8425E+05    
   2.49E+07     0.98609      0.00022468    2.49E+07     0.00022468    3.49E+07     1.8451E+05    
   2.5E+07      0.98609      0.00022323    2.5E+07      0.00022323    3.5E+07      1.8546E+05    
   2.51E+07     0.98607      0.0002222     2.51E+07     0.0002222     3.51E+07     1.8348E+05    
   2.52E+07     0.98609      0.00022115    2.52E+07     0.00022115    3.52E+07     1.8396E+05    
   2.53E+07     0.98609      0.00021975    2.53E+07     0.00021975    3.53E+07     1.8217E+05    
   2.54E+07     0.9861       0.00021864    2.54E+07     0.00021864    3.54E+07     1.8296E+05    
   2.55E+07     0.9861       0.00021724    2.55E+07     0.00021724    3.55E+07     1.8358E+05    
   2.56E+07     0.98607      0.00021762    2.56E+07     0.00021762    3.56E+07     1.8222E+05    
   2.57E+07     0.98609      0.00021681    2.57E+07     0.00021681    3.57E+07     1.831E+05     
   2.58E+07     0.9861       0.00021586    2.58E+07     0.00021586    3.58E+07     1.8403E+05    
   2.59E+07     0.9861       0.00021451    2.59E+07     0.00021451    3.59E+07     1.8493E+05    
   2.6E+07      0.98608      0.00021409    2.6E+07      0.00021409    3.6E+07      1.8511E+05    
   2.61E+07     0.98606      0.0002145     2.61E+07     0.0002145     3.61E+07     1.847E+05     
   2.62E+07     0.98609      0.00021627    2.62E+07     0.00021627    3.62E+07     1.8523E+05    
   2.63E+07     0.98608      0.00021516    2.63E+07     0.00021516    3.63E+07     1.8445E+05    
   2.64E+07     0.98608      0.00021393    2.64E+07     0.00021393    3.64E+07     1.8504E+05    
   2.65E+07     0.98609      0.00021297    2.65E+07     0.00021297    3.65E+07     1.859E+05     
   2.66E+07     0.98611      0.00021242    2.66E+07     0.00021242    3.66E+07     1.8662E+05    
   2.67E+07     0.98614      0.00021322    2.67E+07     0.00021322    3.67E+07     1.8733E+05    
   2.68E+07     0.98612      0.0002123     2.68E+07     0.0002123     3.68E+07     1.8728E+05    
   2.69E+07     0.98612      0.00021123    2.69E+07     0.00021123    3.69E+07     1.8811E+05    
   2.7E+07      0.98611      0.00021001    2.7E+07      0.00021001    3.7E+07      1.888E+05     
   2.71E+07     0.9861       0.00020925    2.71E+07     0.00020925    3.71E+07     1.8868E+05    
   2.72E+07     0.9861       0.00020804    2.72E+07     0.00020804    3.72E+07     1.8952E+05    
   2.73E+07     0.98612      0.00020754    2.73E+07     0.00020754    3.73E+07     1.904E+05     
   2.74E+07     0.98608      0.00020904    2.74E+07     0.00020904    3.74E+07     1.9042E+05    
   2.75E+07     0.9861       0.00020839    2.75E+07     0.00020839    3.75E+07     1.9113E+05    
   2.76E+07     0.98613      0.00020909    2.76E+07     0.00020909    3.76E+07     1.9173E+05    
   2.77E+07     0.98615      0.0002091     2.77E+07     0.0002091     3.77E+07     1.9086E+05    
   2.78E+07     0.98616      0.00020819    2.78E+07     0.00020819    3.78E+07     1.9151E+05    
   2.79E+07     0.98614      0.00020804    2.79E+07     0.00020804    3.79E+07     1.9057E+05    
   2.8E+07      0.98612      0.00020768    2.8E+07      0.00020768    3.8E+07      1.8934E+05    
   2.81E+07     0.98611      0.00020662    2.81E+07     0.00020662    3.81E+07     1.8959E+05    
   2.82E+07     0.98609      0.00020668    2.82E+07     0.00020668    3.82E+07     1.9042E+05    
   2.83E+07     0.98609      0.00020555    2.83E+07     0.00020555    3.83E+07     1.9124E+05    
   2.84E+07     0.98608      0.00020511    2.84E+07     0.00020511    3.84E+07     1.9193E+05    
   2.85E+07     0.98609      0.00020447    2.85E+07     0.00020447    3.85E+07     1.928E+05     
   2.86E+07     0.9861       0.00020367    2.86E+07     0.00020367    3.86E+07     1.9316E+05    
   2.87E+07     0.98609      0.00020322    2.87E+07     0.00020322    3.87E+07     1.9244E+05    
   2.88E+07     0.98605      0.00020603    2.88E+07     0.00020603    3.88E+07     1.9322E+05    
   2.89E+07     0.98602      0.00020625    2.89E+07     0.00020625    3.89E+07     1.9398E+05    
   2.9E+07      0.98602      0.00020522    2.9E+07      0.00020522    3.9E+07      1.9455E+05    
   2.91E+07     0.98602      0.00020416    2.91E+07     0.00020416    3.91E+07     1.9503E+05    
   2.92E+07     0.98603      0.00020316    2.92E+07     0.00020316    3.92E+07     1.9511E+05    
   2.93E+07     0.98602      0.0002022     2.93E+07     0.0002022     3.93E+07     1.9481E+05    
   2.94E+07     0.98599      0.00020327    2.94E+07     0.00020327    3.94E+07     1.9543E+05    
   2.95E+07     0.986        0.00020235    2.95E+07     0.00020235    3.95E+07     1.9623E+05    
   2.96E+07     0.98601      0.00020162    2.96E+07     0.00020162    3.96E+07     1.9581E+05    
   2.97E+07     0.98601      0.0002006     2.97E+07     0.0002006     3.97E+07     1.9643E+05    
   2.98E+07     0.986        0.00019965    2.98E+07     0.00019965    3.98E+07     1.9728E+05    
   2.99E+07     0.98601      0.00019907    2.99E+07     0.00019907    3.99E+07     1.9738E+05    
   3E+07        0.98602      0.00019824    3E+07        0.00019824    4E+07        1.9735E+05    
   3.01E+07     0.98601      0.00019761    3.01E+07     0.00019761    4.01E+07     1.9785E+05    
   3.02E+07     0.98607      0.00020428    3.02E+07     0.00020428    4.02E+07     1.9776E+05    
   3.03E+07     0.98609      0.00020423    3.03E+07     0.00020423    4.03E+07     1.963E+05     
   3.04E+07     0.98609      0.00020326    3.04E+07     0.00020326    4.04E+07     1.9484E+05    
   3.05E+07     0.9861       0.00020236    3.05E+07     0.00020236    4.05E+07     1.9553E+05    
   3.06E+07     0.98608      0.00020187    3.06E+07     0.00020187    4.06E+07     1.9619E+05    
   3.07E+07     0.98608      0.00020097    3.07E+07     0.00020097    4.07E+07     1.9686E+05    
   3.08E+07     0.98608      0.00020005    3.08E+07     0.00020005    4.08E+07     1.9712E+05    
   3.09E+07     0.9861       0.00020047    3.09E+07     0.00020047    4.09E+07     1.9547E+05    
   3.1E+07      0.98609      0.00019989    3.1E+07      0.00019989    4.1E+07      1.9603E+05    
   3.11E+07     0.98607      0.00019995    3.11E+07     0.00019995    4.11E+07     1.9603E+05    
   3.12E+07     0.98609      0.00019957    3.12E+07     0.00019957    4.12E+07     1.9681E+05    
   3.13E+07     0.98607      0.0001991     3.13E+07     0.0001991     4.13E+07     1.9739E+05    
   3.14E+07     0.98607      0.0001982     3.14E+07     0.0001982     4.14E+07     1.9679E+05    
   3.15E+07     0.98607      0.00019729    3.15E+07     0.00019729    4.15E+07     1.9708E+05    
   3.16E+07     0.98608      0.00019667    3.16E+07     0.00019667    4.16E+07     1.9572E+05    
   3.17E+07     0.98606      0.00019653    3.17E+07     0.00019653    4.17E+07     1.9535E+05    
   3.18E+07     0.98607      0.00019585    3.18E+07     0.00019585    4.18E+07     1.9611E+05    
   3.19E+07     0.98605      0.00019592    3.19E+07     0.00019592    4.19E+07     1.9607E+05    
   3.2E+07      0.98604      0.00019517    3.2E+07      0.00019517    4.2E+07      1.951E+05     
   3.21E+07     0.98605      0.00019465    3.21E+07     0.00019465    4.21E+07     1.9462E+05    
   3.22E+07     0.98605      0.00019385    3.22E+07     0.00019385    4.22E+07     1.9497E+05    
   3.23E+07     0.98607      0.00019467    3.23E+07     0.00019467    4.23E+07     1.9546E+05    
   3.24E+07     0.98608      0.00019381    3.24E+07     0.00019381    4.24E+07     1.9111E+05    
   3.25E+07     0.98607      0.00019309    3.25E+07     0.00019309    4.25E+07     1.9116E+05    
   3.26E+07     0.98607      0.00019225    3.26E+07     0.00019225    4.26E+07     1.9175E+05    
   3.27E+07     0.98605      0.0001925     3.27E+07     0.0001925     4.27E+07     1.9191E+05    
   3.28E+07     0.98604      0.00019171    3.28E+07     0.00019171    4.28E+07     1.9177E+05    
   3.29E+07     0.98604      0.00019089    3.29E+07     0.00019089    4.29E+07     1.924E+05     
   3.3E+07      0.98606      0.00019067    3.3E+07      0.00019067    4.3E+07      1.9237E+05    
   3.31E+07     0.98605      0.00019033    3.31E+07     0.00019033    4.31E+07     1.9265E+05    
   3.32E+07     0.98604      0.00018977    3.32E+07     0.00018977    4.32E+07     1.9261E+05    
   3.33E+07     0.98605      0.00018968    3.33E+07     0.00018968    4.33E+07     1.9303E+05    
   3.34E+07     0.98606      0.00018912    3.34E+07     0.00018912    4.34E+07     1.9181E+05    
   3.35E+07     0.98606      0.00018841    3.35E+07     0.00018841    4.35E+07     1.9163E+05    
   3.36E+07     0.98607      0.00018786    3.36E+07     0.00018786    4.36E+07     1.917E+05     
   3.37E+07     0.98605      0.00018734    3.37E+07     0.00018734    4.37E+07     1.9228E+05    
   3.38E+07     0.98605      0.00018658    3.38E+07     0.00018658    4.38E+07     1.9159E+05    
   3.39E+07     0.98605      0.0001858     3.39E+07     0.0001858     4.39E+07     1.9224E+05    
   3.4E+07      0.98604      0.00018522    3.4E+07      0.00018522    4.4E+07      1.9295E+05    
   3.41E+07     0.98604      0.00018461    3.41E+07     0.00018461    4.41E+07     1.933E+05     
   3.42E+07     0.98604      0.00018389    3.42E+07     0.00018389    4.42E+07     1.9314E+05    
   3.43E+07     0.98605      0.00018322    3.43E+07     0.00018322    4.43E+07     1.9349E+05    
   3.44E+07     0.98605      0.00018251    3.44E+07     0.00018251    4.44E+07     1.9414E+05    
   3.45E+07     0.98605      0.00018177    3.45E+07     0.00018177    4.45E+07     1.9406E+05    
   3.46E+07     0.98605      0.00018105    3.46E+07     0.00018105    4.46E+07     1.9456E+05    
   3.47E+07     0.98604      0.0001805     3.47E+07     0.0001805     4.47E+07     1.9497E+05    
   3.48E+07     0.98605      0.00018       3.48E+07     0.00018       4.48E+07     1.9566E+05    
   3.49E+07     0.98606      0.00017963    3.49E+07     0.00017963    4.49E+07     1.9566E+05    
   3.5E+07      0.98606      0.00017891    3.5E+07      0.00017891    4.5E+07      1.9621E+05    
   3.51E+07     0.98604      0.00017963    3.51E+07     0.00017963    4.51E+07     1.9682E+05    
   3.52E+07     0.98603      0.00017913    3.52E+07     0.00017913    4.52E+07     1.9738E+05    
   3.53E+07     0.98605      0.00017976    3.53E+07     0.00017976    4.53E+07     1.9601E+05    
   3.54E+07     0.98605      0.00017912    3.54E+07     0.00017912    4.54E+07     1.9635E+05    
   3.55E+07     0.98605      0.00017857    3.55E+07     0.00017857    4.55E+07     1.966E+05     
   3.56E+07     0.98604      0.00017895    3.56E+07     0.00017895    4.56E+07     1.9686E+05    
   3.57E+07     0.98603      0.00017829    3.57E+07     0.00017829    4.57E+07     1.9676E+05    
   3.58E+07     0.98603      0.00017759    3.58E+07     0.00017759    4.58E+07     1.9734E+05    
   3.59E+07     0.98603      0.00017691    3.59E+07     0.00017691    4.59E+07     1.949E+05     
   3.6E+07      0.98602      0.00017656    3.6E+07      0.00017656    4.6E+07      1.9556E+05    
   3.61E+07     0.98601      0.00017651    3.61E+07     0.00017651    4.61E+07     1.9591E+05    
   3.62E+07     0.98602      0.00017602    3.62E+07     0.00017602    4.62E+07     1.9579E+05    
   3.63E+07     0.986        0.00017615    3.63E+07     0.00017615    4.63E+07     1.9628E+05    
   3.64E+07     0.98599      0.00017561    3.64E+07     0.00017561    4.64E+07     1.9579E+05    
   3.65E+07     0.98599      0.00017495    3.65E+07     0.00017495    4.65E+07     1.96E+05      
   3.66E+07     0.98598      0.00017439    3.66E+07     0.00017439    4.66E+07     1.9639E+05    
   3.67E+07     0.98598      0.00017382    3.67E+07     0.00017382    4.67E+07     1.9689E+05    
   3.68E+07     0.98597      0.00017358    3.68E+07     0.00017358    4.68E+07     1.9751E+05    
   3.69E+07     0.98597      0.00017297    3.69E+07     0.00017297    4.69E+07     1.9816E+05    
   3.7E+07      0.98598      0.00017243    3.7E+07      0.00017243    4.7E+07      1.9827E+05    
   3.71E+07     0.98599      0.00017225    3.71E+07     0.00017225    4.71E+07     1.9822E+05    
   3.72E+07     0.98599      0.00017162    3.72E+07     0.00017162    4.72E+07     1.9887E+05    
   3.73E+07     0.98599      0.000171      3.73E+07     0.000171      4.73E+07     1.9945E+05    
   3.74E+07     0.986        0.00017076    3.74E+07     0.00017076    4.74E+07     1.9984E+05    
   3.75E+07     0.986        0.00017022    3.75E+07     0.00017022    4.75E+07     2.0017E+05    
   3.76E+07     0.98599      0.00016971    3.76E+07     0.00016971    4.76E+07     1.9989E+05    
   3.77E+07     0.98597      0.00016988    3.77E+07     0.00016988    4.77E+07     2.0047E+05    
   3.78E+07     0.98597      0.00016937    3.78E+07     0.00016937    4.78E+07     2.0099E+05    
   3.79E+07     0.98595      0.00016957    3.79E+07     0.00016957    4.79E+07     1.9987E+05    
   3.8E+07      0.98593      0.00016986    3.8E+07      0.00016986    4.8E+07      2.0053E+05    
   3.81E+07     0.98594      0.00016954    3.81E+07     0.00016954    4.81E+07     2.0089E+05    
   3.82E+07     0.98595      0.00016894    3.82E+07     0.00016894    4.82E+07     2.0114E+05    
   3.83E+07     0.98594      0.00016836    3.83E+07     0.00016836    4.83E+07     2.0175E+05    
   3.84E+07     0.98594      0.00016781    3.84E+07     0.00016781    4.84E+07     2.012E+05     
   3.85E+07     0.98594      0.00016722    3.85E+07     0.00016722    4.85E+07     2.0107E+05    
   3.86E+07     0.98593      0.00016686    3.86E+07     0.00016686    4.86E+07     2.0159E+05    
   3.87E+07     0.98592      0.00016696    3.87E+07     0.00016696    4.87E+07     2.021E+05     
   3.88E+07     0.98591      0.00016642    3.88E+07     0.00016642    4.88E+07     2.025E+05     
   3.89E+07     0.98591      0.00016586    3.89E+07     0.00016586    4.89E+07     2.0314E+05    
   3.9E+07      0.98591      0.00016541    3.9E+07      0.00016541    4.9E+07      2.0353E+05    
   3.91E+07     0.98592      0.000165      3.91E+07     0.000165      4.91E+07     2.0412E+05    
   3.92E+07     0.9859       0.00016477    3.92E+07     0.00016477    4.92E+07     2.0443E+05    
   3.93E+07     0.98592      0.00016466    3.93E+07     0.00016466    4.93E+07     2.0504E+05    
   3.94E+07     0.98592      0.00016419    3.94E+07     0.00016419    4.94E+07     2.0566E+05    
   3.95E+07     0.98592      0.00016365    3.95E+07     0.00016365    4.95E+07     2.0577E+05    
   3.96E+07     0.98594      0.00016362    3.96E+07     0.00016362    4.96E+07     2.0601E+05    
   3.97E+07     0.98594      0.00016314    3.97E+07     0.00016314    4.97E+07     2.0644E+05    
   3.98E+07     0.98594      0.00016259    3.98E+07     0.00016259    4.98E+07     2.0651E+05    
   3.99E+07     0.98593      0.00016236    3.99E+07     0.00016236    4.99E+07     2.0709E+05    
   4E+07        0.98592      0.00016216    4E+07        0.00016216    5E+07        2.0762E+05    
   4.01E+07     0.98592      0.00016175    4.01E+07     0.00016175    5.01E+07     2.0785E+05    
   4.02E+07     0.98593      0.00016159    4.02E+07     0.00016159    5.02E+07     2.0835E+05    
   4.03E+07     0.98594      0.00016199    4.03E+07     0.00016199    5.03E+07     2.0843E+05    
   4.04E+07     0.98593      0.00016239    4.04E+07     0.00016239    5.04E+07     2.0895E+05    
   4.05E+07     0.98592      0.00016187    4.05E+07     0.00016187    5.05E+07     2.0955E+05    
   4.06E+07     0.98593      0.0001614     4.06E+07     0.0001614     5.06E+07     2.1019E+05    
   4.07E+07     0.98592      0.00016094    4.07E+07     0.00016094    5.07E+07     2.1066E+05    
   4.08E+07     0.98592      0.00016063    4.08E+07     0.00016063    5.08E+07     2.1018E+05    
   4.09E+07     0.9859       0.00016109    4.09E+07     0.00016109    5.09E+07     2.1057E+05    
   4.1E+07      0.9859       0.00016066    4.1E+07      0.00016066    5.1E+07      2.1118E+05    
   4.11E+07     0.98589      0.00016047    4.11E+07     0.00016047    5.11E+07     2.1181E+05    
   4.12E+07     0.98589      0.00015996    4.12E+07     0.00015996    5.12E+07     2.1176E+05    
   4.13E+07     0.98589      0.00015952    4.13E+07     0.00015952    5.13E+07     2.1239E+05    
   4.14E+07     0.98587      0.00015958    4.14E+07     0.00015958    5.14E+07     2.1249E+05    
   4.15E+07     0.98588      0.00015925    4.15E+07     0.00015925    5.15E+07     2.1312E+05    
   4.16E+07     0.9859       0.00015962    4.16E+07     0.00015962    5.16E+07     2.1367E+05    
   4.17E+07     0.98589      0.00015956    4.17E+07     0.00015956    5.17E+07     2.1416E+05    
   4.18E+07     0.98589      0.00015907    4.18E+07     0.00015907    5.18E+07     2.1384E+05    
   4.19E+07     0.9859       0.0001589     4.19E+07     0.0001589     5.19E+07     2.1446E+05    
   4.2E+07      0.98588      0.00015911    4.2E+07      0.00015911    5.2E+07      2.1482E+05    
   4.21E+07     0.98589      0.00015911    4.21E+07     0.00015911    5.21E+07     2.1477E+05    
   4.22E+07     0.98589      0.00015879    4.22E+07     0.00015879    5.22E+07     2.1506E+05    
   4.23E+07     0.98588      0.0001584     4.23E+07     0.0001584     5.23E+07     2.1555E+05    
   4.24E+07     0.98591      0.00016001    4.24E+07     0.00016001    5.24E+07     2.1547E+05    
   4.25E+07     0.98592      0.00015981    4.25E+07     0.00015981    5.25E+07     2.1581E+05    
   4.26E+07     0.98591      0.00015936    4.26E+07     0.00015936    5.26E+07     2.1643E+05    
   4.27E+07     0.9859       0.00015912    4.27E+07     0.00015912    5.27E+07     2.1702E+05    
   4.28E+07     0.98589      0.00015899    4.28E+07     0.00015899    5.28E+07     2.1749E+05    
   4.29E+07     0.98589      0.00015855    4.29E+07     0.00015855    5.29E+07     2.1675E+05    
   4.3E+07      0.9859       0.00015835    4.3E+07      0.00015835    5.3E+07      2.171E+05     
   4.31E+07     0.98591      0.00015806    4.31E+07     0.00015806    5.31E+07     2.1729E+05    
   4.32E+07     0.98591      0.00015788    4.32E+07     0.00015788    5.32E+07     2.161E+05     
   4.33E+07     0.98591      0.00015754    4.33E+07     0.00015754    5.33E+07     2.1602E+05    
   4.34E+07     0.98592      0.00015783    4.34E+07     0.00015783    5.34E+07     2.1658E+05    
   4.35E+07     0.98593      0.00015773    4.35E+07     0.00015773    5.35E+07     2.1686E+05    
   4.36E+07     0.98593      0.00015752    4.36E+07     0.00015752    5.36E+07     2.1514E+05    
   4.37E+07     0.98593      0.00015711    4.37E+07     0.00015711    5.37E+07     2.157E+05     
   4.38E+07     0.98592      0.0001572     4.38E+07     0.0001572     5.38E+07     2.1614E+05    
   4.39E+07     0.98592      0.00015676    4.39E+07     0.00015676    5.39E+07     2.1611E+05    
   4.4E+07      0.98592      0.0001563     4.4E+07      0.0001563     5.4E+07      2.1657E+05    
   4.41E+07     0.98593      0.00015599    4.41E+07     0.00015599    5.41E+07     2.1576E+05    
   4.42E+07     0.98594      0.00015588    4.42E+07     0.00015588    5.42E+07     2.163E+05     
   4.43E+07     0.98594      0.00015556    4.43E+07     0.00015556    5.43E+07     2.1678E+05    
   4.44E+07     0.98594      0.00015513    4.44E+07     0.00015513    5.44E+07     2.173E+05     
   4.45E+07     0.98595      0.00015498    4.45E+07     0.00015498    5.45E+07     2.1684E+05    
   4.46E+07     0.98595      0.00015459    4.46E+07     0.00015459    5.46E+07     2.1709E+05    
   4.47E+07     0.98595      0.00015426    4.47E+07     0.00015426    5.47E+07     2.1769E+05    
   4.48E+07     0.98595      0.00015382    4.48E+07     0.00015382    5.48E+07     2.1734E+05    
   4.49E+07     0.98594      0.00015365    4.49E+07     0.00015365    5.49E+07     2.1661E+05    
   4.5E+07      0.98593      0.00015325    4.5E+07      0.00015325    5.5E+07      2.1623E+05    
   4.51E+07     0.98593      0.00015284    4.51E+07     0.00015284    5.51E+07     2.1642E+05    
   4.52E+07     0.98593      0.00015246    4.52E+07     0.00015246    5.52E+07     2.1691E+05    
   4.53E+07     0.98594      0.00015283    4.53E+07     0.00015283    5.53E+07     2.1729E+05    
   4.54E+07     0.98595      0.00015253    4.54E+07     0.00015253    5.54E+07     2.1757E+05    
   4.55E+07     0.98596      0.00015226    4.55E+07     0.00015226    5.55E+07     2.1813E+05    
   4.56E+07     0.98595      0.00015199    4.56E+07     0.00015199    5.56E+07     2.1841E+05    
   4.57E+07     0.98594      0.00015187    4.57E+07     0.00015187    5.57E+07     2.1848E+05    
   4.58E+07     0.98594      0.00015148    4.58E+07     0.00015148    5.58E+07     2.1903E+05    
   4.59E+07     0.98592      0.00015225    4.59E+07     0.00015225    5.59E+07     2.1959E+05    
   4.6E+07      0.98593      0.00015182    4.6E+07      0.00015182    5.6E+07      2.1995E+05    
   4.61E+07     0.98592      0.00015153    4.61E+07     0.00015153    5.61E+07     2.1998E+05    
   4.62E+07     0.98593      0.00015141    4.62E+07     0.00015141    5.62E+07     2.1974E+05    
   4.63E+07     0.98593      0.00015104    4.63E+07     0.00015104    5.63E+07     2.1846E+05    
   4.64E+07     0.98592      0.00015106    4.64E+07     0.00015106    5.64E+07     2.1776E+05    
   4.65E+07     0.98593      0.00015083    4.65E+07     0.00015083    5.65E+07     2.1813E+05    
   4.66E+07     0.98593      0.00015052    4.66E+07     0.00015052    5.66E+07     2.1773E+05    
   4.67E+07     0.98593      0.00015014    4.67E+07     0.00015014    5.67E+07     2.1822E+05    
   4.68E+07     0.98593      0.00014975    4.68E+07     0.00014975    5.68E+07     2.1876E+05    
   4.69E+07     0.98593      0.00014934    4.69E+07     0.00014934    5.69E+07     2.1912E+05    
   4.7E+07      0.98593      0.00014915    4.7E+07      0.00014915    5.7E+07      2.1954E+05    
   4.71E+07     0.98592      0.000149      4.71E+07     0.000149      5.71E+07     2.198E+05     
   4.72E+07     0.98592      0.0001486     4.72E+07     0.0001486     5.72E+07     2.2033E+05    
   4.73E+07     0.98592      0.00014823    4.73E+07     0.00014823    5.73E+07     2.2078E+05    
   4.74E+07     0.98591      0.00014793    4.74E+07     0.00014793    5.74E+07     2.2128E+05    
   4.75E+07     0.98591      0.00014764    4.75E+07     0.00014764    5.75E+07     2.2178E+05    
   4.76E+07     0.98589      0.0001476     4.76E+07     0.0001476     5.76E+07     2.2125E+05    
   4.77E+07     0.98589      0.00014723    4.77E+07     0.00014723    5.77E+07     2.2175E+05    
   4.78E+07     0.9859       0.00014689    4.78E+07     0.00014689    5.78E+07     2.2226E+05    
   4.79E+07     0.98588      0.00014713    4.79E+07     0.00014713    5.79E+07     2.228E+05     
   4.8E+07      0.98588      0.00014674    4.8E+07      0.00014674    5.8E+07      2.2327E+05    
   4.81E+07     0.98589      0.00014646    4.81E+07     0.00014646    5.81E+07     2.2381E+05    
   4.82E+07     0.98589      0.00014622    4.82E+07     0.00014622    5.82E+07     2.2317E+05    
   4.83E+07     0.98589      0.00014584    4.83E+07     0.00014584    5.83E+07     2.2337E+05    
   4.84E+07     0.98588      0.00014589    4.84E+07     0.00014589    5.84E+07     2.2392E+05    
   4.85E+07     0.98587      0.0001458     4.85E+07     0.0001458     5.85E+07     2.2401E+05    
   4.86E+07     0.98587      0.00014546    4.86E+07     0.00014546    5.86E+07     2.2418E+05    
   4.87E+07     0.98587      0.00014513    4.87E+07     0.00014513    5.87E+07     2.2437E+05    
   4.88E+07     0.98587      0.00014483    4.88E+07     0.00014483    5.88E+07     2.2484E+05    
   4.89E+07     0.98587      0.00014446    4.89E+07     0.00014446    5.89E+07     2.2524E+05    
   4.9E+07      0.98587      0.00014417    4.9E+07      0.00014417    5.9E+07      2.2574E+05    
   4.91E+07     0.98587      0.00014382    4.91E+07     0.00014382    5.91E+07     2.26E+05      
   4.92E+07     0.98587      0.00014356    4.92E+07     0.00014356    5.92E+07     2.2645E+05    
   4.93E+07     0.98587      0.0001432     4.93E+07     0.0001432     5.93E+07     2.2693E+05    
   4.94E+07     0.98587      0.00014284    4.94E+07     0.00014284    5.94E+07     2.2684E+05    
   4.95E+07     0.98587      0.00014266    4.95E+07     0.00014266    5.95E+07     2.2707E+05    
   4.96E+07     0.98586      0.00014242    4.96E+07     0.00014242    5.96E+07     2.2646E+05    
   4.97E+07     0.98586      0.00014213    4.97E+07     0.00014213    5.97E+07     2.2684E+05    
   4.98E+07     0.98586      0.00014196    4.98E+07     0.00014196    5.98E+07     2.2732E+05    
   4.99E+07     0.98586      0.00014162    4.99E+07     0.00014162    5.99E+07     2.2736E+05    
   5E+07        0.98586      0.0001413     5E+07        0.0001413     6E+07        2.2714E+05    
   5.01E+07     0.98586      0.00014108    5.01E+07     0.00014108    6.01E+07     2.2733E+05    
   5.02E+07     0.98585      0.00014077    5.02E+07     0.00014077    6.02E+07     2.2611E+05    
   5.03E+07     0.98586      0.00014061    5.03E+07     0.00014061    6.03E+07     2.2636E+05    
   5.04E+07     0.98586      0.00014027    5.04E+07     0.00014027    6.04E+07     2.2598E+05    
   5.05E+07     0.98586      0.00013993    5.05E+07     0.00013993    6.05E+07     2.2629E+05    
   5.06E+07     0.98586      0.00013959    5.06E+07     0.00013959    6.06E+07     2.2639E+05    
   5.07E+07     0.98585      0.00013929    5.07E+07     0.00013929    6.07E+07     2.2581E+05    
   5.08E+07     0.98584      0.00013929    5.08E+07     0.00013929    6.08E+07     2.2609E+05    
   5.09E+07     0.98585      0.00013903    5.09E+07     0.00013903    6.09E+07     2.2297E+05    
   5.1E+07      0.98585      0.00013869    5.1E+07      0.00013869    6.1E+07      2.2349E+05    
   5.11E+07     0.98585      0.00013836    5.11E+07     0.00013836    6.11E+07     2.2372E+05    
   5.12E+07     0.98584      0.00013822    5.12E+07     0.00013822    6.12E+07     2.2404E+05    
   5.13E+07     0.98584      0.00013788    5.13E+07     0.00013788    6.13E+07     2.2424E+05    
   5.14E+07     0.98583      0.00013771    5.14E+07     0.00013771    6.14E+07     2.2458E+05    
   5.15E+07     0.98583      0.00013738    5.15E+07     0.00013738    6.15E+07     2.243E+05     
   5.16E+07     0.98583      0.00013706    5.16E+07     0.00013706    6.16E+07     2.2462E+05    
   5.17E+07     0.98583      0.00013677    5.17E+07     0.00013677    6.17E+07     2.2512E+05    
   5.18E+07     0.98584      0.00013674    5.18E+07     0.00013674    6.18E+07     2.2473E+05    
   5.19E+07     0.98584      0.00013642    5.19E+07     0.00013642    6.19E+07     2.2515E+05    
   5.2E+07      0.98583      0.00013616    5.2E+07      0.00013616    6.2E+07      2.2563E+05    
   5.21E+07     0.98584      0.00013605    5.21E+07     0.00013605    6.21E+07     2.2604E+05    
   5.22E+07     0.98585      0.00013584    5.22E+07     0.00013584    6.22E+07     2.2628E+05    
   5.23E+07     0.98584      0.00013555    5.23E+07     0.00013555    6.23E+07     2.2499E+05    
   5.24E+07     0.98585      0.00013543    5.24E+07     0.00013543    6.24E+07     2.2522E+05    
   5.25E+07     0.98585      0.0001352     5.25E+07     0.0001352     6.25E+07     2.2314E+05    
   5.26E+07     0.98585      0.00013488    5.26E+07     0.00013488    6.26E+07     2.2362E+05    
   5.27E+07     0.98585      0.00013457    5.27E+07     0.00013457    6.27E+07     2.2374E+05    
   5.28E+07     0.98585      0.0001343     5.28E+07     0.0001343     6.28E+07     2.2363E+05    
   5.29E+07     0.98586      0.00013439    5.29E+07     0.00013439    6.29E+07     2.2413E+05    
   5.3E+07      0.98586      0.00013416    5.3E+07      0.00013416    6.3E+07      2.241E+05     
   5.31E+07     0.98586      0.00013397    5.31E+07     0.00013397    6.31E+07     2.238E+05     
   5.32E+07     0.98588      0.00013422    5.32E+07     0.00013422    6.32E+07     2.2398E+05    
   5.33E+07     0.98588      0.00013411    5.33E+07     0.00013411    6.33E+07     2.2438E+05    
   5.34E+07     0.98588      0.00013382    5.34E+07     0.00013382    6.34E+07     2.2488E+05    
   5.35E+07     0.98589      0.00013361    5.35E+07     0.00013361    6.35E+07     2.2529E+05    
   5.36E+07     0.98587      0.00013402    5.36E+07     0.00013402    6.36E+07     2.2577E+05    
   5.37E+07     0.98587      0.00013371    5.37E+07     0.00013371    6.37E+07     2.2621E+05    
   5.38E+07     0.98587      0.00013345    5.38E+07     0.00013345    6.38E+07     2.2671E+05    
   5.39E+07     0.98588      0.00013333    5.39E+07     0.00013333    6.39E+07     2.2712E+05    
   5.4E+07      0.98587      0.00013307    5.4E+07      0.00013307    6.4E+07      2.2723E+05    
   5.41E+07     0.98588      0.00013318    5.41E+07     0.00013318    6.41E+07     2.2767E+05    
   5.42E+07     0.98588      0.0001329     5.42E+07     0.0001329     6.42E+07     2.281E+05     
   5.43E+07     0.98588      0.00013263    5.43E+07     0.00013263    6.43E+07     2.2743E+05    
   5.44E+07     0.98588      0.00013235    5.44E+07     0.00013235    6.44E+07     2.2783E+05    
   5.45E+07     0.98587      0.00013236    5.45E+07     0.00013236    6.45E+07     2.2794E+05    
   5.46E+07     0.98588      0.00013216    5.46E+07     0.00013216    6.46E+07     2.2834E+05    
   5.47E+07     0.98588      0.00013186    5.47E+07     0.00013186    6.47E+07     2.2871E+05    
   5.48E+07     0.98589      0.00013185    5.48E+07     0.00013185    6.48E+07     2.2889E+05    
   5.49E+07     0.9859       0.00013194    5.49E+07     0.00013194    6.49E+07     2.2938E+05    
   5.5E+07      0.9859       0.00013195    5.5E+07      0.00013195    6.5E+07      2.2969E+05    
   5.51E+07     0.98591      0.00013177    5.51E+07     0.00013177    6.51E+07     2.2961E+05    
   5.52E+07     0.98591      0.0001315     5.52E+07     0.0001315     6.52E+07     2.2831E+05    
   5.53E+07     0.9859       0.00013125    5.53E+07     0.00013125    6.53E+07     2.2871E+05    
   5.54E+07     0.9859       0.00013105    5.54E+07     0.00013105    6.54E+07     2.2862E+05    
   5.55E+07     0.9859       0.00013076    5.55E+07     0.00013076    6.55E+07     2.2907E+05    
   5.56E+07     0.98589      0.00013057    5.56E+07     0.00013057    6.56E+07     2.2949E+05    
   5.57E+07     0.98589      0.00013042    5.57E+07     0.00013042    6.57E+07     2.2991E+05    
   5.58E+07     0.98589      0.00013014    5.58E+07     0.00013014    6.58E+07     2.2991E+05    
   5.59E+07     0.98589      0.00012986    5.59E+07     0.00012986    6.59E+07     2.2965E+05    
   5.6E+07      0.98588      0.00012964    5.6E+07      0.00012964    6.6E+07      2.2882E+05    
   5.61E+07     0.98588      0.0001295     5.61E+07     0.0001295     6.61E+07     2.2864E+05    
   5.62E+07     0.98587      0.00012946    5.62E+07     0.00012946    6.62E+07     2.2907E+05    
   5.63E+07     0.98586      0.00012972    5.63E+07     0.00012972    6.63E+07     2.2927E+05    
   5.64E+07     0.98585      0.00012982    5.64E+07     0.00012982    6.64E+07     2.2881E+05    
   5.65E+07     0.98585      0.0001296     5.65E+07     0.0001296     6.65E+07     2.2903E+05    
   5.66E+07     0.98586      0.00012959    5.66E+07     0.00012959    6.66E+07     2.2852E+05    
   5.67E+07     0.98586      0.00012934    5.67E+07     0.00012934    6.67E+07     2.2821E+05    
   5.68E+07     0.98586      0.00012906    5.68E+07     0.00012906    6.68E+07     2.2861E+05    
   5.69E+07     0.98585      0.00012885    5.69E+07     0.00012885    6.69E+07     2.2884E+05    
   5.7E+07      0.98585      0.0001286     5.7E+07      0.0001286     6.7E+07      2.2816E+05    
   5.71E+07     0.98585      0.00012842    5.71E+07     0.00012842    6.71E+07     2.2842E+05    
   5.72E+07     0.98585      0.00012815    5.72E+07     0.00012815    6.72E+07     2.2783E+05    
   5.73E+07     0.98585      0.00012792    5.73E+07     0.00012792    6.73E+07     2.2829E+05    
   5.74E+07     0.98585      0.00012765    5.74E+07     0.00012765    6.74E+07     2.2792E+05    
   5.75E+07     0.98584      0.0001274     5.75E+07     0.0001274     6.75E+07     2.2808E+05    
   5.76E+07     0.98583      0.00012744    5.76E+07     0.00012744    6.76E+07     2.2822E+05    
   5.77E+07     0.98584      0.00012719    5.77E+07     0.00012719    6.77E+07     2.2867E+05    
   5.78E+07     0.98584      0.00012692    5.78E+07     0.00012692    6.78E+07     2.2912E+05    
   5.79E+07     0.98584      0.00012666    5.79E+07     0.00012666    6.79E+07     2.2918E+05    
   5.8E+07      0.98583      0.00012642    5.8E+07      0.00012642    6.8E+07      2.2964E+05    
   5.81E+07     0.98583      0.00012616    5.81E+07     0.00012616    6.81E+07     2.2997E+05    
   5.82E+07     0.98584      0.00012622    5.82E+07     0.00012622    6.82E+07     2.3042E+05    
   5.83E+07     0.98585      0.00012606    5.83E+07     0.00012606    6.83E+07     2.3088E+05    
   5.84E+07     0.98585      0.0001258     5.84E+07     0.0001258     6.84E+07     2.2958E+05    
   5.85E+07     0.98584      0.00012567    5.85E+07     0.00012567    6.85E+07     2.2999E+05    
   5.86E+07     0.98585      0.0001255     5.86E+07     0.0001255     6.86E+07     2.3033E+05    
   5.87E+07     0.98584      0.00012534    5.87E+07     0.00012534    6.87E+07     2.3071E+05    
   5.88E+07     0.98585      0.0001251     5.88E+07     0.0001251     6.88E+07     2.3084E+05    
   5.89E+07     0.98585      0.00012489    5.89E+07     0.00012489    6.89E+07     2.3124E+05    
   5.9E+07      0.98585      0.00012463    5.9E+07      0.00012463    6.9E+07      2.3156E+05    
   5.91E+07     0.98584      0.00012446    5.91E+07     0.00012446    6.91E+07     2.3186E+05    
   5.92E+07     0.98584      0.00012423    5.92E+07     0.00012423    6.92E+07     2.3221E+05    
   5.93E+07     0.98584      0.000124      5.93E+07     0.000124      6.93E+07     2.3187E+05    
   5.94E+07     0.98584      0.00012391    5.94E+07     0.00012391    6.94E+07     2.3205E+05    
   5.95E+07     0.98583      0.00012375    5.95E+07     0.00012375    6.95E+07     2.3233E+05    
   5.96E+07     0.98584      0.00012381    5.96E+07     0.00012381    6.96E+07     2.3196E+05    
   5.97E+07     0.98584      0.00012361    5.97E+07     0.00012361    6.97E+07     2.3193E+05    
   5.98E+07     0.98584      0.00012337    5.98E+07     0.00012337    6.98E+07     2.3235E+05    
   5.99E+07     0.98583      0.00012326    5.99E+07     0.00012326    6.99E+07     2.3265E+05    
   6E+07        0.98584      0.00012322    6E+07        0.00012322    7E+07        2.3281E+05    
   6.01E+07     0.98583      0.00012307    6.01E+07     0.00012307    7.01E+07     2.3257E+05    
   6.02E+07     0.98582      0.00012331    6.02E+07     0.00012331    7.02E+07     2.3266E+05    
   6.03E+07     0.98583      0.00012312    6.03E+07     0.00012312    7.03E+07     2.3291E+05    
   6.04E+07     0.98583      0.00012313    6.04E+07     0.00012313    7.04E+07     2.3152E+05    
   6.05E+07     0.98583      0.00012294    6.05E+07     0.00012294    7.05E+07     2.3173E+05    
   6.06E+07     0.98584      0.00012281    6.06E+07     0.00012281    7.06E+07     2.3203E+05    
   6.07E+07     0.98583      0.00012285    6.07E+07     0.00012285    7.07E+07     2.3245E+05    
   6.08E+07     0.98583      0.00012268    6.08E+07     0.00012268    7.08E+07     2.3291E+05    
   6.09E+07     0.98582      0.00012343    6.09E+07     0.00012343    7.09E+07     2.333E+05     
   6.1E+07      0.98582      0.00012319    6.1E+07      0.00012319    7.1E+07      2.3363E+05    
   6.11E+07     0.98582      0.00012302    6.11E+07     0.00012302    7.11E+07     2.3402E+05    
   6.12E+07     0.98582      0.00012283    6.12E+07     0.00012283    7.12E+07     2.3416E+05    
   6.13E+07     0.98582      0.00012268    6.13E+07     0.00012268    7.13E+07     2.3455E+05    
   6.14E+07     0.98582      0.00012249    6.14E+07     0.00012249    7.14E+07     2.3424E+05    
   6.15E+07     0.98581      0.00012246    6.15E+07     0.00012246    7.15E+07     2.3465E+05    
   6.16E+07     0.9858       0.00012228    6.16E+07     0.00012228    7.16E+07     2.3454E+05    
   6.17E+07     0.9858       0.00012205    6.17E+07     0.00012205    7.17E+07     2.3456E+05    
   6.18E+07     0.9858       0.00012205    6.18E+07     0.00012205    7.18E+07     2.3495E+05    
   6.19E+07     0.98579      0.00012183    6.19E+07     0.00012183    7.19E+07     2.354E+05     
   6.2E+07      0.98579      0.0001216     6.2E+07      0.0001216     7.2E+07      2.3555E+05    
   6.21E+07     0.9858       0.00012139    6.21E+07     0.00012139    7.21E+07     2.3591E+05    
   6.22E+07     0.9858       0.00012123    6.22E+07     0.00012123    7.22E+07     2.3631E+05    
   6.23E+07     0.98581      0.00012147    6.23E+07     0.00012147    7.23E+07     2.3526E+05    
   6.24E+07     0.98582      0.00012131    6.24E+07     0.00012131    7.24E+07     2.3565E+05    
   6.25E+07     0.9858       0.00012178    6.25E+07     0.00012178    7.25E+07     2.3604E+05    
   6.26E+07     0.9858       0.00012155    6.26E+07     0.00012155    7.26E+07     2.3636E+05    
   6.27E+07     0.9858       0.00012141    6.27E+07     0.00012141    7.27E+07     2.3674E+05    
   6.28E+07     0.98581      0.00012134    6.28E+07     0.00012134    7.28E+07     2.3714E+05    
   6.29E+07     0.9858       0.00012112    6.29E+07     0.00012112    7.29E+07     2.3743E+05    
   6.3E+07      0.9858       0.00012103    6.3E+07      0.00012103    7.3E+07      2.3771E+05    
   6.31E+07     0.98581      0.000121      6.31E+07     0.000121      7.31E+07     2.3808E+05    
   6.32E+07     0.9858       0.00012086    6.32E+07     0.00012086    7.32E+07     2.3849E+05    
   6.33E+07     0.9858       0.00012066    6.33E+07     0.00012066    7.33E+07     2.3884E+05    
   6.34E+07     0.9858       0.00012043    6.34E+07     0.00012043    7.34E+07     2.3924E+05    
   6.35E+07     0.9858       0.00012021    6.35E+07     0.00012021    7.35E+07     2.3769E+05    
   6.36E+07     0.9858       0.00011999    6.36E+07     0.00011999    7.36E+07     2.3805E+05    
   6.37E+07     0.98579      0.00011978    6.37E+07     0.00011978    7.37E+07     2.3837E+05    
   6.38E+07     0.98579      0.00011956    6.38E+07     0.00011956    7.38E+07     2.3749E+05    
   6.39E+07     0.98579      0.00011934    6.39E+07     0.00011934    7.39E+07     2.3787E+05    
   6.4E+07      0.98579      0.00011922    6.4E+07      0.00011922    7.4E+07      2.3815E+05    
   6.41E+07     0.98579      0.00011901    6.41E+07     0.00011901    7.41E+07     2.3853E+05    
   6.42E+07     0.98579      0.00011881    6.42E+07     0.00011881    7.42E+07     2.3628E+05    
   6.43E+07     0.98578      0.00011888    6.43E+07     0.00011888    7.43E+07     2.3632E+05    
   6.44E+07     0.98579      0.00011869    6.44E+07     0.00011869    7.44E+07     2.3652E+05    
   6.45E+07     0.98579      0.00011857    6.45E+07     0.00011857    7.45E+07     2.3678E+05    
   6.46E+07     0.98579      0.00011838    6.46E+07     0.00011838    7.46E+07     2.3705E+05    
   6.47E+07     0.9858       0.00011818    6.47E+07     0.00011818    7.47E+07     2.3746E+05    
   6.48E+07     0.98579      0.00011805    6.48E+07     0.00011805    7.48E+07     2.3733E+05    
   6.49E+07     0.98579      0.00011783    6.49E+07     0.00011783    7.49E+07     2.3568E+05    
   6.5E+07      0.98579      0.00011767    6.5E+07      0.00011767    7.5E+07      2.3567E+05    
   6.51E+07     0.98578      0.00011759    6.51E+07     0.00011759    7.51E+07     2.3541E+05    
   6.52E+07     0.98579      0.00011783    6.52E+07     0.00011783    7.52E+07     2.3527E+05    
   6.53E+07     0.9858       0.00011764    6.53E+07     0.00011764    7.53E+07     2.3561E+05    
   6.54E+07     0.98579      0.00011757    6.54E+07     0.00011757    7.54E+07     2.3594E+05    
   6.55E+07     0.98579      0.00011737    6.55E+07     0.00011737    7.55E+07     2.3477E+05    
   6.56E+07     0.98579      0.00011717    6.56E+07     0.00011717    7.56E+07     2.3494E+05    
   6.57E+07     0.98579      0.00011697    6.57E+07     0.00011697    7.57E+07     2.3511E+05    
   6.58E+07     0.98579      0.00011688    6.58E+07     0.00011688    7.58E+07     2.3551E+05    
   6.59E+07     0.98579      0.00011686    6.59E+07     0.00011686    7.59E+07     2.3575E+05    
   6.6E+07      0.98578      0.00011697    6.6E+07      0.00011697    7.6E+07      2.361E+05     
   6.61E+07     0.98579      0.00011693    6.61E+07     0.00011693    7.61E+07     2.3648E+05    
   6.62E+07     0.98579      0.00011673    6.62E+07     0.00011673    7.62E+07     2.3685E+05    
   6.63E+07     0.98579      0.00011659    6.63E+07     0.00011659    7.63E+07     2.3717E+05    
   6.64E+07     0.98579      0.00011661    6.64E+07     0.00011661    7.64E+07     2.3759E+05    
   6.65E+07     0.98578      0.00011647    6.65E+07     0.00011647    7.65E+07     2.3799E+05    
   6.66E+07     0.98577      0.00011652    6.66E+07     0.00011652    7.66E+07     2.3836E+05    
   6.67E+07     0.98578      0.00011651    6.67E+07     0.00011651    7.67E+07     2.3868E+05    
   6.68E+07     0.98578      0.00011631    6.68E+07     0.00011631    7.68E+07     2.3825E+05    
   6.69E+07     0.98578      0.00011616    6.69E+07     0.00011616    7.69E+07     2.3811E+05    
   6.7E+07      0.98579      0.00011625    6.7E+07      0.00011625    7.7E+07      2.3839E+05    
   6.71E+07     0.98579      0.00011609    6.71E+07     0.00011609    7.71E+07     2.3854E+05    
   6.72E+07     0.98578      0.00011615    6.72E+07     0.00011615    7.72E+07     2.3858E+05    
   6.73E+07     0.98578      0.00011595    6.73E+07     0.00011595    7.73E+07     2.39E+05      
   6.74E+07     0.98579      0.00011596    6.74E+07     0.00011596    7.74E+07     2.3877E+05    
   6.75E+07     0.98579      0.00011584    6.75E+07     0.00011584    7.75E+07     2.3856E+05    
   6.76E+07     0.9858       0.00011571    6.76E+07     0.00011571    7.76E+07     2.3882E+05    
   6.77E+07     0.9858       0.00011551    6.77E+07     0.00011551    7.77E+07     2.3878E+05    
   6.78E+07     0.9858       0.00011531    6.78E+07     0.00011531    7.78E+07     2.3915E+05    
   6.79E+07     0.98579      0.00011521    6.79E+07     0.00011521    7.79E+07     2.3955E+05    
   6.8E+07      0.98579      0.00011501    6.8E+07      0.00011501    7.8E+07      2.3971E+05    
   6.81E+07     0.98579      0.00011485    6.81E+07     0.00011485    7.81E+07     2.3868E+05    
   6.82E+07     0.98579      0.00011465    6.82E+07     0.00011465    7.82E+07     2.3901E+05    
   6.83E+07     0.98579      0.00011446    6.83E+07     0.00011446    7.83E+07     2.3927E+05    
   6.84E+07     0.98578      0.00011468    6.84E+07     0.00011468    7.84E+07     2.3966E+05    
   6.85E+07     0.98579      0.0001145     6.85E+07     0.0001145     7.85E+07     2.3968E+05    
   6.86E+07     0.98578      0.00011433    6.86E+07     0.00011433    7.86E+07     2.3972E+05    
   6.87E+07     0.98578      0.00011416    6.87E+07     0.00011416    7.87E+07     2.3945E+05    
   6.88E+07     0.98579      0.00011403    6.88E+07     0.00011403    7.88E+07     2.3986E+05    
   6.89E+07     0.98579      0.00011386    6.89E+07     0.00011386    7.89E+07     2.3978E+05    
   6.9E+07      0.98579      0.0001137     6.9E+07      0.0001137     7.9E+07      2.3946E+05    
   6.91E+07     0.9858       0.00011355    6.91E+07     0.00011355    7.91E+07     2.3966E+05    
   6.92E+07     0.9858       0.00011336    6.92E+07     0.00011336    7.92E+07     2.3978E+05    
   6.93E+07     0.98579      0.00011337    6.93E+07     0.00011337    7.93E+07     2.3829E+05    
   6.94E+07     0.98579      0.00011324    6.94E+07     0.00011324    7.94E+07     2.3858E+05    
   6.95E+07     0.98579      0.00011309    6.95E+07     0.00011309    7.95E+07     2.3811E+05    
   6.96E+07     0.9858       0.00011309    6.96E+07     0.00011309    7.96E+07     2.3848E+05    
   6.97E+07     0.98579      0.00011302    6.97E+07     0.00011302    7.97E+07     2.3886E+05    
   6.98E+07     0.98579      0.00011284    6.98E+07     0.00011284    7.98E+07     2.3897E+05    
   6.99E+07     0.98579      0.00011269    6.99E+07     0.00011269    7.99E+07     2.3801E+05    
   7E+07        0.98579      0.00011256    7E+07        0.00011256    8E+07        2.358E+05     
   7.01E+07     0.9858       0.00011254    7.01E+07     0.00011254    8.01E+07     2.3561E+05    
   7.02E+07     0.9858       0.00011244    7.02E+07     0.00011244    8.02E+07     2.3406E+05    
   7.03E+07     0.98579      0.0001123     7.03E+07     0.0001123     8.03E+07     2.3392E+05    
   7.04E+07     0.98578      0.00011256    7.04E+07     0.00011256    8.04E+07     2.3427E+05    
   7.05E+07     0.98579      0.00011242    7.05E+07     0.00011242    8.05E+07     2.3456E+05    
   7.06E+07     0.98579      0.00011227    7.06E+07     0.00011227    8.06E+07     2.3491E+05    
   7.07E+07     0.98579      0.00011209    7.07E+07     0.00011209    8.07E+07     2.3527E+05    
   7.08E+07     0.98579      0.0001119     7.08E+07     0.0001119     8.08E+07     2.3543E+05    
   7.09E+07     0.98579      0.00011172    7.09E+07     0.00011172    8.09E+07     2.3544E+05    
   7.1E+07      0.98579      0.00011157    7.1E+07      0.00011157    8.1E+07      2.3583E+05    
   7.11E+07     0.98579      0.0001114     7.11E+07     0.0001114     8.11E+07     2.3617E+05    
   7.12E+07     0.98579      0.00011129    7.12E+07     0.00011129    8.12E+07     2.3634E+05    
   7.13E+07     0.98579      0.00011111    7.13E+07     0.00011111    8.13E+07     2.3642E+05    
   7.14E+07     0.9858       0.00011111    7.14E+07     0.00011111    8.14E+07     2.3566E+05    
   7.15E+07     0.9858       0.00011093    7.15E+07     0.00011093    8.15E+07     2.3597E+05    
   7.16E+07     0.98579      0.00011088    7.16E+07     0.00011088    8.16E+07     2.3568E+05    
   7.17E+07     0.98579      0.0001108     7.17E+07     0.0001108     8.17E+07     2.3603E+05    
   7.18E+07     0.98579      0.00011063    7.18E+07     0.00011063    8.18E+07     2.3606E+05    
   7.19E+07     0.98579      0.00011045    7.19E+07     0.00011045    8.19E+07     2.3636E+05    
   7.2E+07      0.98579      0.00011034    7.2E+07      0.00011034    8.2E+07      2.3674E+05    
   7.21E+07     0.9858       0.00011017    7.21E+07     0.00011017    8.21E+07     2.371E+05     
   7.22E+07     0.9858       0.00011       7.22E+07     0.00011       8.22E+07     2.3743E+05    
   7.23E+07     0.98579      0.00011018    7.23E+07     0.00011018    8.23E+07     2.3725E+05    
   7.24E+07     0.98579      0.00011001    7.24E+07     0.00011001    8.24E+07     2.3757E+05    
   7.25E+07     0.98579      0.00010984    7.25E+07     0.00010984    8.25E+07     2.3716E+05    
   7.26E+07     0.98579      0.00010969    7.26E+07     0.00010969    8.26E+07     2.3732E+05    
   7.27E+07     0.98579      0.00010953    7.27E+07     0.00010953    8.27E+07     2.3657E+05    
   7.28E+07     0.98579      0.00010937    7.28E+07     0.00010937    8.28E+07     2.3639E+05    
   7.29E+07     0.98579      0.00010922    7.29E+07     0.00010922    8.29E+07     2.3498E+05    
   7.3E+07      0.98578      0.00010908    7.3E+07      0.00010908    8.3E+07      2.3533E+05    
   7.31E+07     0.98579      0.00010892    7.31E+07     0.00010892    8.31E+07     2.3557E+05    
   7.32E+07     0.98578      0.00010876    7.32E+07     0.00010876    8.32E+07     2.3573E+05    
   7.33E+07     0.98578      0.00010859    7.33E+07     0.00010859    8.33E+07     2.361E+05     
   7.34E+07     0.98579      0.00010842    7.34E+07     0.00010842    8.34E+07     2.3646E+05    
   7.35E+07     0.98578      0.00010868    7.35E+07     0.00010868    8.35E+07     2.368E+05     
   7.36E+07     0.98577      0.00010852    7.36E+07     0.00010852    8.36E+07     2.3707E+05    
   7.37E+07     0.98578      0.00010837    7.37E+07     0.00010837    8.37E+07     2.3723E+05    
   7.38E+07     0.98578      0.0001085     7.38E+07     0.0001085     8.38E+07     2.3759E+05    
   7.39E+07     0.98578      0.00010834    7.39E+07     0.00010834    8.39E+07     2.3731E+05    
   7.4E+07      0.98578      0.0001082     7.4E+07      0.0001082     8.4E+07      2.3758E+05    
   7.41E+07     0.98578      0.00010803    7.41E+07     0.00010803    8.41E+07     2.3735E+05    
   7.42E+07     0.98579      0.00010848    7.42E+07     0.00010848    8.42E+07     2.371E+05     
   7.43E+07     0.98579      0.0001084     7.43E+07     0.0001084     8.43E+07     2.3724E+05    
   7.44E+07     0.98579      0.00010828    7.44E+07     0.00010828    8.44E+07     2.3714E+05    
   7.45E+07     0.98579      0.00010814    7.45E+07     0.00010814    8.45E+07     2.3675E+05    
   7.46E+07     0.9858       0.00010801    7.46E+07     0.00010801    8.46E+07     2.3692E+05    
   7.47E+07     0.9858       0.00010785    7.47E+07     0.00010785    8.47E+07     2.3665E+05    
   7.48E+07     0.98579      0.00010781    7.48E+07     0.00010781    8.48E+07     2.3663E+05    
   7.49E+07     0.9858       0.0001081     7.49E+07     0.0001081     8.49E+07     2.3662E+05    
   7.5E+07      0.98581      0.00010803    7.5E+07      0.00010803    8.5E+07      2.3697E+05    
   7.51E+07     0.98581      0.00010802    7.51E+07     0.00010802    8.51E+07     2.3718E+05    
   7.52E+07     0.98581      0.00010799    7.52E+07     0.00010799    8.52E+07     2.3752E+05    
   7.53E+07     0.98581      0.00010783    7.53E+07     0.00010783    8.53E+07     2.3788E+05    
   7.54E+07     0.98581      0.00010768    7.54E+07     0.00010768    8.54E+07     2.3819E+05    
   7.55E+07     0.98582      0.00010788    7.55E+07     0.00010788    8.55E+07     2.385E+05     
   7.56E+07     0.98581      0.00010777    7.56E+07     0.00010777    8.56E+07     2.3841E+05    
   7.57E+07     0.98582      0.00010765    7.57E+07     0.00010765    8.57E+07     2.3875E+05    
   7.58E+07     0.98582      0.0001075     7.58E+07     0.0001075     8.58E+07     2.3889E+05    
   7.59E+07     0.98582      0.00010737    7.59E+07     0.00010737    8.59E+07     2.3888E+05    
   7.6E+07      0.98582      0.00010722    7.6E+07      0.00010722    8.6E+07      2.3918E+05    
   7.61E+07     0.98582      0.00010707    7.61E+07     0.00010707    8.61E+07     2.3926E+05    
   7.62E+07     0.98582      0.00010691    7.62E+07     0.00010691    8.62E+07     2.3908E+05    
   7.63E+07     0.98582      0.00010677    7.63E+07     0.00010677    8.63E+07     2.3901E+05    
   7.64E+07     0.98582      0.00010661    7.64E+07     0.00010661    8.64E+07     2.3931E+05    
   7.65E+07     0.98582      0.00010645    7.65E+07     0.00010645    8.65E+07     2.393E+05     
   7.66E+07     0.98582      0.00010629    7.66E+07     0.00010629    8.66E+07     2.3964E+05    
   7.67E+07     0.98582      0.00010615    7.67E+07     0.00010615    8.67E+07     2.3992E+05    
   7.68E+07     0.98582      0.00010618    7.68E+07     0.00010618    8.68E+07     2.4007E+05    
   7.69E+07     0.98582      0.00010614    7.69E+07     0.00010614    8.69E+07     2.4041E+05    
   7.7E+07      0.98582      0.00010601    7.7E+07      0.00010601    8.7E+07      2.4075E+05    
   7.71E+07     0.98582      0.00010591    7.71E+07     0.00010591    8.71E+07     2.411E+05     
   7.72E+07     0.98582      0.00010584    7.72E+07     0.00010584    8.72E+07     2.4142E+05    
   7.73E+07     0.98582      0.00010568    7.73E+07     0.00010568    8.73E+07     2.4171E+05    
   7.74E+07     0.98582      0.00010565    7.74E+07     0.00010565    8.74E+07     2.4194E+05    
   7.75E+07     0.98582      0.00010563    7.75E+07     0.00010563    8.75E+07     2.4199E+05    
   7.76E+07     0.98582      0.00010551    7.76E+07     0.00010551    8.76E+07     2.4234E+05    
   7.77E+07     0.98582      0.00010545    7.77E+07     0.00010545    8.77E+07     2.4226E+05    
   7.78E+07     0.98582      0.0001053     7.78E+07     0.0001053     8.78E+07     2.4261E+05    
   7.79E+07     0.98582      0.00010514    7.79E+07     0.00010514    8.79E+07     2.4291E+05    
   7.8E+07      0.98582      0.00010504    7.8E+07      0.00010504    8.8E+07      2.4323E+05    
   7.81E+07     0.98583      0.0001052     7.81E+07     0.0001052     8.81E+07     2.4312E+05    
   7.82E+07     0.98583      0.00010505    7.82E+07     0.00010505    8.82E+07     2.4317E+05    
   7.83E+07     0.98583      0.00010493    7.83E+07     0.00010493    8.83E+07     2.4352E+05    
   7.84E+07     0.98583      0.00010478    7.84E+07     0.00010478    8.84E+07     2.4383E+05    
   7.85E+07     0.98582      0.00010471    7.85E+07     0.00010471    8.85E+07     2.4413E+05    
   7.86E+07     0.98583      0.00010463    7.86E+07     0.00010463    8.86E+07     2.4418E+05    
   7.87E+07     0.98583      0.00010462    7.87E+07     0.00010462    8.87E+07     2.4451E+05    
   7.88E+07     0.98583      0.00010447    7.88E+07     0.00010447    8.88E+07     2.4483E+05    
   7.89E+07     0.98584      0.00010442    7.89E+07     0.00010442    8.89E+07     2.4512E+05    
   7.9E+07      0.98584      0.00010442    7.9E+07      0.00010442    8.9E+07      2.4547E+05    
   7.91E+07     0.98584      0.00010431    7.91E+07     0.00010431    8.91E+07     2.4529E+05    
   7.92E+07     0.98584      0.00010422    7.92E+07     0.00010422    8.92E+07     2.4546E+05    
   7.93E+07     0.98583      0.00010448    7.93E+07     0.00010448    8.93E+07     2.4557E+05    
   7.94E+07     0.98583      0.00010435    7.94E+07     0.00010435    8.94E+07     2.4531E+05    
   7.95E+07     0.98582      0.00010438    7.95E+07     0.00010438    8.95E+07     2.4567E+05    
   7.96E+07     0.98582      0.00010423    7.96E+07     0.00010423    8.96E+07     2.4601E+05    
   7.97E+07     0.98582      0.00010409    7.97E+07     0.00010409    8.97E+07     2.4601E+05    
   7.98E+07     0.98582      0.000104      7.98E+07     0.000104      8.98E+07     2.4499E+05    
   7.99E+07     0.98583      0.00010414    7.99E+07     0.00010414    8.99E+07     2.4498E+05    
   8E+07        0.98584      0.00010456    8E+07        0.00010456    9E+07        2.4533E+05    
   8.01E+07     0.98583      0.00010454    8.01E+07     0.00010454    9.01E+07     2.4485E+05    
   8.02E+07     0.98582      0.00010482    8.02E+07     0.00010482    9.02E+07     2.4519E+05    
   8.03E+07     0.98583      0.00010479    8.03E+07     0.00010479    9.03E+07     2.4487E+05    
   8.04E+07     0.98583      0.00010464    8.04E+07     0.00010464    9.04E+07     2.4521E+05    
   8.05E+07     0.98583      0.00010451    8.05E+07     0.00010451    9.05E+07     2.4548E+05    
   8.06E+07     0.98583      0.00010437    8.06E+07     0.00010437    9.06E+07     2.456E+05     
   8.07E+07     0.98583      0.00010422    8.07E+07     0.00010422    9.07E+07     2.4578E+05    
   8.08E+07     0.98582      0.00010413    8.08E+07     0.00010413    9.08E+07     2.4604E+05    
   8.09E+07     0.98582      0.00010406    8.09E+07     0.00010406    9.09E+07     2.4634E+05    
   8.1E+07      0.98582      0.00010391    8.1E+07      0.00010391    9.1E+07      2.4662E+05    
   8.11E+07     0.98582      0.00010377    8.11E+07     0.00010377    9.11E+07     2.453E+05     
   8.12E+07     0.98582      0.00010367    8.12E+07     0.00010367    9.12E+07     2.4564E+05    
   8.13E+07     0.98582      0.00010359    8.13E+07     0.00010359    9.13E+07     2.4576E+05    
   8.14E+07     0.98583      0.0001037     8.14E+07     0.0001037     9.14E+07     2.4494E+05    
   8.15E+07     0.98583      0.00010355    8.15E+07     0.00010355    9.15E+07     2.4502E+05    
   8.16E+07     0.98583      0.00010356    8.16E+07     0.00010356    9.16E+07     2.449E+05     
   8.17E+07     0.98583      0.00010341    8.17E+07     0.00010341    9.17E+07     2.4332E+05    
   8.18E+07     0.98584      0.00010335    8.18E+07     0.00010335    9.18E+07     2.4364E+05    
   8.19E+07     0.98584      0.00010321    8.19E+07     0.00010321    9.19E+07     2.4311E+05    
   8.2E+07      0.98584      0.00010307    8.2E+07      0.00010307    9.2E+07      2.4312E+05    
   8.21E+07     0.98584      0.00010293    8.21E+07     0.00010293    9.21E+07     2.434E+05     
   8.22E+07     0.98584      0.00010279    8.22E+07     0.00010279    9.22E+07     2.4275E+05    
   8.23E+07     0.98584      0.00010276    8.23E+07     0.00010276    9.23E+07     2.4302E+05    
   8.24E+07     0.98584      0.00010264    8.24E+07     0.00010264    9.24E+07     2.4319E+05    
   8.25E+07     0.98585      0.00010266    8.25E+07     0.00010266    9.25E+07     2.4308E+05    
   8.26E+07     0.98585      0.00010257    8.26E+07     0.00010257    9.26E+07     2.434E+05     
   8.27E+07     0.98584      0.00010266    8.27E+07     0.00010266    9.27E+07     2.4362E+05    
   8.28E+07     0.98584      0.00010264    8.28E+07     0.00010264    9.28E+07     2.4389E+05    
   8.29E+07     0.98585      0.00010289    8.29E+07     0.00010289    9.29E+07     2.4406E+05    
   8.3E+07      0.98585      0.00010275    8.3E+07      0.00010275    9.3E+07      2.4394E+05    
   8.31E+07     0.98585      0.00010263    8.31E+07     0.00010263    9.31E+07     2.429E+05     
   8.32E+07     0.98584      0.00010253    8.32E+07     0.00010253    9.32E+07     2.4232E+05    
   8.33E+07     0.98584      0.00010239    8.33E+07     0.00010239    9.33E+07     2.4255E+05    
   8.34E+07     0.98584      0.00010226    8.34E+07     0.00010226    9.34E+07     2.4275E+05    
   8.35E+07     0.98584      0.00010212    8.35E+07     0.00010212    9.35E+07     2.4301E+05    
   8.36E+07     0.98584      0.000102      8.36E+07     0.000102      9.36E+07     2.4331E+05    
   8.37E+07     0.98584      0.00010191    8.37E+07     0.00010191    9.37E+07     2.4342E+05    
   8.38E+07     0.98584      0.00010177    8.38E+07     0.00010177    9.38E+07     2.4359E+05    
   8.39E+07     0.98584      0.00010177    8.39E+07     0.00010177    9.39E+07     2.4391E+05    
   8.4E+07      0.98584      0.00010164    8.4E+07      0.00010164    9.4E+07      2.4398E+05    
   8.41E+07     0.98584      0.00010163    8.41E+07     0.00010163    9.41E+07     2.4419E+05    
   8.42E+07     0.98585      0.00010163    8.42E+07     0.00010163    9.42E+07     2.443E+05     
   8.43E+07     0.98585      0.00010154    8.43E+07     0.00010154    9.43E+07     2.4457E+05    
   8.44E+07     0.98585      0.00010149    8.44E+07     0.00010149    9.44E+07     2.4456E+05    
   8.45E+07     0.98585      0.00010151    8.45E+07     0.00010151    9.45E+07     2.4475E+05    
   8.46E+07     0.98585      0.00010142    8.46E+07     0.00010142    9.46E+07     2.4503E+05    
   8.47E+07     0.98585      0.00010142    8.47E+07     0.00010142    9.47E+07     2.4533E+05    
   8.48E+07     0.98585      0.00010136    8.48E+07     0.00010136    9.48E+07     2.4528E+05    
   8.49E+07     0.98585      0.0001013     8.49E+07     0.0001013     9.49E+07     2.4524E+05    
   8.5E+07      0.98585      0.00010117    8.5E+07      0.00010117    9.5E+07      2.4498E+05    
   8.51E+07     0.98585      0.00010107    8.51E+07     0.00010107    9.51E+07     2.4494E+05    
   8.52E+07     0.98585      0.00010094    8.52E+07     0.00010094    9.52E+07     2.4518E+05    
   8.53E+07     0.98585      0.0001008     8.53E+07     0.0001008     9.53E+07     2.4547E+05    
   8.54E+07     0.98585      0.00010068    8.54E+07     0.00010068    9.54E+07     2.4467E+05    
   8.55E+07     0.98585      0.00010056    8.55E+07     0.00010056    9.55E+07     2.4469E+05    
   8.56E+07     0.98585      0.00010051    8.56E+07     0.00010051    9.56E+07     2.4488E+05    
   8.57E+07     0.98585      0.00010038    8.57E+07     0.00010038    9.57E+07     2.4515E+05    
   8.58E+07     0.98585      0.0001003     8.58E+07     0.0001003     9.58E+07     2.4523E+05    
   8.59E+07     0.98585      0.00010024    8.59E+07     0.00010024    9.59E+07     2.4555E+05    
   8.6E+07      0.98585      0.00010011    8.6E+07      0.00010011    9.6E+07      2.4561E+05    
   8.61E+07     0.98585      0.00010004    8.61E+07     0.00010004    9.61E+07     2.4557E+05    
   8.62E+07     0.98585      0.00010002    8.62E+07     0.00010002    9.62E+07     2.4526E+05    
   8.63E+07     0.98585      9.9979E-05    8.63E+07     9.9979E-05    9.63E+07     2.4552E+05    
   8.64E+07     0.98585      9.9849E-05    8.64E+07     9.9849E-05    9.64E+07     2.4574E+05    
   8.65E+07     0.98585      9.9796E-05    8.65E+07     9.9796E-05    9.65E+07     2.4603E+05    
   8.66E+07     0.98585      9.9668E-05    8.66E+07     9.9668E-05    9.66E+07     2.4401E+05    
   8.67E+07     0.98585      9.9555E-05    8.67E+07     9.9555E-05    9.67E+07     2.4413E+05    
   8.68E+07     0.98585      9.9461E-05    8.68E+07     9.9461E-05    9.68E+07     2.4319E+05    
   8.69E+07     0.98585      9.9336E-05    8.69E+07     9.9336E-05    9.69E+07     2.435E+05     
   8.7E+07      0.98585      9.921E-05     8.7E+07      9.921E-05     9.7E+07      2.4376E+05    
   8.71E+07     0.98585      9.9081E-05    8.71E+07     9.9081E-05    9.71E+07     2.4395E+05    
   8.72E+07     0.98585      9.8953E-05    8.72E+07     9.8953E-05    9.72E+07     2.4412E+05    
   8.73E+07     0.98585      9.8838E-05    8.73E+07     9.8838E-05    9.73E+07     2.4379E+05    
   8.74E+07     0.98585      9.8739E-05    8.74E+07     9.8739E-05    9.74E+07     2.4357E+05    
   8.75E+07     0.98585      9.8671E-05    8.75E+07     9.8671E-05    9.75E+07     2.4359E+05    
   8.76E+07     0.98585      9.8545E-05    8.76E+07     9.8545E-05    9.76E+07     2.4365E+05    
   8.77E+07     0.98585      9.8497E-05    8.77E+07     9.8497E-05    9.77E+07     2.4381E+05    
   8.78E+07     0.98585      9.8373E-05    8.78E+07     9.8373E-05    9.78E+07     2.4405E+05    
   8.79E+07     0.98585      9.8255E-05    8.79E+07     9.8255E-05    9.79E+07     2.4437E+05    
   8.8E+07      0.98585      9.8136E-05    8.8E+07      9.8136E-05    9.8E+07      2.4462E+05    
   8.81E+07     0.98586      9.8096E-05    8.81E+07     9.8096E-05    9.81E+07     2.4452E+05    
   8.82E+07     0.98585      9.8033E-05    8.82E+07     9.8033E-05    9.82E+07     2.43E+05      
   8.83E+07     0.98585      9.7908E-05    8.83E+07     9.7908E-05    9.83E+07     2.4331E+05    
   8.84E+07     0.98585      9.7792E-05    8.84E+07     9.7792E-05    9.84E+07     2.4348E+05    
   8.85E+07     0.98585      9.7672E-05    8.85E+07     9.7672E-05    9.85E+07     2.4371E+05    
   8.86E+07     0.98585      9.7604E-05    8.86E+07     9.7604E-05    9.86E+07     2.4396E+05    
   8.87E+07     0.98585      9.7487E-05    8.87E+07     9.7487E-05    9.87E+07     2.4421E+05    
   8.88E+07     0.98585      9.7368E-05    8.88E+07     9.7368E-05    9.88E+07     2.445E+05     
   8.89E+07     0.98585      9.7252E-05    8.89E+07     9.7252E-05    9.89E+07     2.4473E+05    
   8.9E+07      0.98585      9.7129E-05    8.9E+07      9.7129E-05    9.9E+07      2.4499E+05    
   8.91E+07     0.98584      9.7112E-05    8.91E+07     9.7112E-05    9.91E+07     2.453E+05     
   8.92E+07     0.98584      9.7024E-05    8.92E+07     9.7024E-05    9.92E+07     2.4544E+05    
   8.93E+07     0.98584      9.6943E-05    8.93E+07     9.6943E-05    9.93E+07     2.4572E+05    
   8.94E+07     0.98585      9.6939E-05    8.94E+07     9.6939E-05    9.94E+07     2.4595E+05    
   8.95E+07     0.98585      9.6817E-05    8.95E+07     9.6817E-05    9.95E+07     2.4601E+05    
   8.96E+07     0.98585      9.6696E-05    8.96E+07     9.6696E-05    9.96E+07     2.4577E+05    
   8.97E+07     0.98584      9.6638E-05    8.97E+07     9.6638E-05    9.97E+07     2.4593E+05    
   8.98E+07     0.98585      9.6788E-05    8.98E+07     9.6788E-05    9.98E+07     2.4561E+05    
   8.99E+07     0.98585      9.6735E-05    8.99E+07     9.6735E-05    9.99E+07     2.4586E+05    
   9E+07        0.98585      9.6615E-05    9E+07        9.6615E-05    1E+08        2.4605E+05    
   9.01E+07     0.98585      9.6647E-05    9.01E+07     9.6647E-05    
   9.02E+07     0.98585      9.6529E-05    9.02E+07     9.6529E-05    
   9.03E+07     0.98585      9.6541E-05    9.03E+07     9.6541E-05    
   9.04E+07     0.98585      9.6423E-05    9.04E+07     9.6423E-05    
   9.05E+07     0.98585      9.631E-05     9.05E+07     9.631E-05     
   9.06E+07     0.98585      9.6238E-05    9.06E+07     9.6238E-05    
   9.07E+07     0.98585      9.6146E-05    9.07E+07     9.6146E-05    
   9.08E+07     0.98585      9.6044E-05    9.08E+07     9.6044E-05    
   9.09E+07     0.98585      9.5927E-05    9.09E+07     9.5927E-05    
   9.1E+07      0.98585      9.5821E-05    9.1E+07      9.5821E-05    
   9.11E+07     0.98584      9.6025E-05    9.11E+07     9.6025E-05    
   9.12E+07     0.98584      9.5908E-05    9.12E+07     9.5908E-05    
   9.13E+07     0.98585      9.5831E-05    9.13E+07     9.5831E-05    
   9.14E+07     0.98585      9.5936E-05    9.14E+07     9.5936E-05    
   9.15E+07     0.98586      9.5872E-05    9.15E+07     9.5872E-05    
   9.16E+07     0.98586      9.5841E-05    9.16E+07     9.5841E-05    
   9.17E+07     0.98585      9.6095E-05    9.17E+07     9.6095E-05    
   9.18E+07     0.98585      9.5977E-05    9.18E+07     9.5977E-05    
   9.19E+07     0.98586      9.6033E-05    9.19E+07     9.6033E-05    
   9.2E+07      0.98586      9.5979E-05    9.2E+07      9.5979E-05    
   9.21E+07     0.98586      9.5867E-05    9.21E+07     9.5867E-05    
   9.22E+07     0.98587      9.5943E-05    9.22E+07     9.5943E-05    
   9.23E+07     0.98587      9.5838E-05    9.23E+07     9.5838E-05    
   9.24E+07     0.98587      9.5753E-05    9.24E+07     9.5753E-05    
   9.25E+07     0.98587      9.5722E-05    9.25E+07     9.5722E-05    
   9.26E+07     0.98587      9.5606E-05    9.26E+07     9.5606E-05    
   9.27E+07     0.98587      9.5514E-05    9.27E+07     9.5514E-05    
   9.28E+07     0.98587      9.5413E-05    9.28E+07     9.5413E-05    
   9.29E+07     0.98587      9.5325E-05    9.29E+07     9.5325E-05    
   9.3E+07      0.98587      9.5293E-05    9.3E+07      9.5293E-05    
   9.31E+07     0.98588      9.5445E-05    9.31E+07     9.5445E-05    
   9.32E+07     0.98589      9.5511E-05    9.32E+07     9.5511E-05    
   9.33E+07     0.98589      9.5414E-05    9.33E+07     9.5414E-05    
   9.34E+07     0.98588      9.5319E-05    9.34E+07     9.5319E-05    
   9.35E+07     0.98589      9.5217E-05    9.35E+07     9.5217E-05    
   9.36E+07     0.98588      9.511E-05     9.36E+07     9.511E-05     
   9.37E+07     0.98588      9.5035E-05    9.37E+07     9.5035E-05    
   9.38E+07     0.98588      9.4948E-05    9.38E+07     9.4948E-05    
   9.39E+07     0.98588      9.4835E-05    9.39E+07     9.4835E-05    
   9.4E+07      0.98588      9.4774E-05    9.4E+07      9.4774E-05    
   9.41E+07     0.98588      9.4682E-05    9.41E+07     9.4682E-05    
   9.42E+07     0.98588      9.4602E-05    9.42E+07     9.4602E-05    
   9.43E+07     0.98588      9.4501E-05    9.43E+07     9.4501E-05    
   9.44E+07     0.98588      9.4454E-05    9.44E+07     9.4454E-05    
   9.45E+07     0.98588      9.4371E-05    9.45E+07     9.4371E-05    
   9.46E+07     0.98588      9.426E-05     9.46E+07     9.426E-05     
   9.47E+07     0.98588      9.4155E-05    9.47E+07     9.4155E-05    
   9.48E+07     0.98588      9.4114E-05    9.48E+07     9.4114E-05    
   9.49E+07     0.98588      9.4074E-05    9.49E+07     9.4074E-05    
   9.5E+07      0.98589      9.4069E-05    9.5E+07      9.4069E-05    
   9.51E+07     0.98589      9.403E-05     9.51E+07     9.403E-05     
   9.52E+07     0.98589      9.3934E-05    9.52E+07     9.3934E-05    
   9.53E+07     0.98589      9.3832E-05    9.53E+07     9.3832E-05    
   9.54E+07     0.9859       9.3928E-05    9.54E+07     9.3928E-05    
   9.55E+07     0.9859       9.3876E-05    9.55E+07     9.3876E-05    
   9.56E+07     0.9859       9.3792E-05    9.56E+07     9.3792E-05    
   9.57E+07     0.9859       9.3694E-05    9.57E+07     9.3694E-05    
   9.58E+07     0.9859       9.3623E-05    9.58E+07     9.3623E-05    
   9.59E+07     0.9859       9.3516E-05    9.59E+07     9.3516E-05    
   9.6E+07      0.98591      9.3459E-05    9.6E+07      9.3459E-05    
   9.61E+07     0.98591      9.3417E-05    9.61E+07     9.3417E-05    
   9.62E+07     0.98591      9.3423E-05    9.62E+07     9.3423E-05    
   9.63E+07     0.98592      9.3325E-05    9.63E+07     9.3325E-05    
   9.64E+07     0.98592      9.3237E-05    9.64E+07     9.3237E-05    
   9.65E+07     0.98592      9.3132E-05    9.65E+07     9.3132E-05    
   9.66E+07     0.98593      9.3463E-05    9.66E+07     9.3463E-05    
   9.67E+07     0.98592      9.3392E-05    9.67E+07     9.3392E-05    
   9.68E+07     0.98593      9.3526E-05    9.68E+07     9.3526E-05    
   9.69E+07     0.98593      9.3419E-05    9.69E+07     9.3419E-05    
   9.7E+07      0.98593      9.3313E-05    9.7E+07      9.3313E-05    
   9.71E+07     0.98593      9.3228E-05    9.71E+07     9.3228E-05    
   9.72E+07     0.98593      9.3149E-05    9.72E+07     9.3149E-05    
   9.73E+07     0.98594      9.3163E-05    9.73E+07     9.3163E-05    
   9.74E+07     0.98594      9.3156E-05    9.74E+07     9.3156E-05    
   9.75E+07     0.98594      9.3105E-05    9.75E+07     9.3105E-05    
   9.76E+07     0.98594      9.3048E-05    9.76E+07     9.3048E-05    
   9.77E+07     0.98594      9.2972E-05    9.77E+07     9.2972E-05    
   9.78E+07     0.98594      9.2871E-05    9.78E+07     9.2871E-05    
   9.79E+07     0.98594      9.2765E-05    9.79E+07     9.2765E-05    
   9.8E+07      0.98593      9.2671E-05    9.8E+07      9.2671E-05    
   9.81E+07     0.98594      9.2644E-05    9.81E+07     9.2644E-05    
   9.82E+07     0.98595      9.2873E-05    9.82E+07     9.2873E-05    
   9.83E+07     0.98595      9.2769E-05    9.83E+07     9.2769E-05    
   9.84E+07     0.98595      9.2691E-05    9.84E+07     9.2691E-05    
   9.85E+07     0.98595      9.2601E-05    9.85E+07     9.2601E-05    
   9.86E+07     0.98595      9.2502E-05    9.86E+07     9.2502E-05    
   9.87E+07     0.98595      9.2409E-05    9.87E+07     9.2409E-05    
   9.88E+07     0.98595      9.2307E-05    9.88E+07     9.2307E-05    
   9.89E+07     0.98595      9.2219E-05    9.89E+07     9.2219E-05    
   9.9E+07      0.98595      9.2119E-05    9.9E+07      9.2119E-05    
   9.91E+07     0.98595      9.2016E-05    9.91E+07     9.2016E-05    
   9.92E+07     0.98595      9.1943E-05    9.92E+07     9.1943E-05    
   9.93E+07     0.98595      9.1846E-05    9.93E+07     9.1846E-05    
   9.94E+07     0.98595      9.1761E-05    9.94E+07     9.1761E-05    
   9.95E+07     0.98594      9.1697E-05    9.95E+07     9.1697E-05    
   9.96E+07     0.98595      9.1698E-05    9.96E+07     9.1698E-05    
   9.97E+07     0.98594      9.1621E-05    9.97E+07     9.1621E-05    
   9.98E+07     0.98595      9.1637E-05    9.98E+07     9.1637E-05    
   9.99E+07     0.98595      9.1536E-05    9.99E+07     9.1536E-05    
   1E+08        0.98595      9.1457E-05    1E+08        9.1457E-05    
