# This file is written with the intent of being used to plot the data with 
# Gnuplot.  It contains no information regarding how the plot should be 
# formatted.
# =========================================================================
# Research/ArnoldivsPower -f Power1-55.dat -t 100000 -A -c 100 -C 900 -w 20 -b 75 -r  seed = 4190702596
# filename = Power1-55.dat, run = true, power = true, Arnoldi = false, storevectors = 0, raw = false, evectors = 2, evalues = 2, residual = false, arnoldimethod = implicit, tol = 2.22045e-16, verbose = 1, seed = 0, width = 20, bins = 75, acycles = 900, incycles = 100, active = 20, inactive = 0, Iterations = 10, numValues = 2, relaxed = 0, tracks = 100000, ignore_rest = false, version = false, help = false, 

#  1            2            3             4            5             6            7             8            9            
# |-            Power values           -| |-   Power eValues SD   -| |-       FOM-Power      -| |-     Power vector     -| 
#  x-coord      y-coord      error         x-coord      y-coord       x-coord      y-coord       x-coord      y-coord       
   1E+05        0.96398      0             1E+05        0             1.01E+07     0             0.13333      0.017557      
   2E+05        0.96429      0             2E+05        0             1.02E+07     77943         0.4          0.024735      
   3E+05        0.97246      0             3E+05        0             1.03E+07     23894         0.66667      0.031032      
   4E+05        0.97751      0             4E+05        0             1.04E+07     40904         0.93333      0.037383      
   5E+05        0.98149      0             5E+05        0             1.05E+07     49598         1.2          0.043424      
   6E+05        0.9773       0             6E+05        0             1.06E+07     48978         1.4667       0.049198      
   7E+05        0.97515      0             7E+05        0             1.07E+07     47244         1.7333       0.055102      
   8E+05        0.98281      0             8E+05        0             1.08E+07     35025         2            0.060897      
   9E+05        0.98287      0             9E+05        0             1.09E+07     35836         2.2667       0.066657      
   1E+06        0.98319      0             1E+06        0             1.1E+07      42996         2.5333       0.071933      
   1.1E+06      0.98215      0             1.1E+06      0             1.11E+07     45324         2.8          0.077598      
   1.2E+06      0.98288      0             1.2E+06      0             1.12E+07     52993         3.0667       0.082703      
   1.3E+06      0.98543      0             1.3E+06      0             1.13E+07     58843         3.3333       0.087827      
   1.4E+06      0.9855       0             1.4E+06      0             1.14E+07     58664         3.6          0.092883      
   1.5E+06      0.98295      0             1.5E+06      0             1.15E+07     64151         3.8667       0.097817      
   1.6E+06      0.9808       0             1.6E+06      0             1.16E+07     71707         4.1333       0.10285       
   1.7E+06      0.98122      0             1.7E+06      0             1.17E+07     78400         4.4          0.10718       
   1.8E+06      0.98439      0             1.8E+06      0             1.18E+07     83579         4.6667       0.11142       
   1.9E+06      0.98478      0             1.9E+06      0             1.19E+07     89778         4.9333       0.11575       
   2E+06        0.97972      0             2E+06        0             1.2E+07      98627         5.2          0.12002       
   2.1E+06      0.98222      0             2.1E+06      0             1.21E+07     1.0761E+05    5.4667       0.12398       
   2.2E+06      0.98927      0             2.2E+06      0             1.22E+07     1.1607E+05    5.7333       0.12788       
   2.3E+06      0.98493      0             2.3E+06      0             1.23E+07     1.2564E+05    6            0.13149       
   2.4E+06      0.98485      0             2.4E+06      0             1.24E+07     1.3557E+05    6.2667       0.13456       
   2.5E+06      0.98596      0             2.5E+06      0             1.25E+07     1.3117E+05    6.5333       0.1375        
   2.6E+06      0.98588      0             2.6E+06      0             1.26E+07     1.3257E+05    6.8          0.14027       
   2.7E+06      0.98888      0             2.7E+06      0             1.27E+07     1.1785E+05    7.0667       0.14307       
   2.8E+06      0.98158      0             2.8E+06      0             1.28E+07     1.1585E+05    7.3333       0.14563       
   2.9E+06      0.99003      0             2.9E+06      0             1.29E+07     76403         7.6          0.14765       
   3E+06        0.98679      0             3E+06        0             1.3E+07      81116         7.8667       0.14957       
   3.1E+06      0.98589      0             3.1E+06      0             1.31E+07     74839         8.1333       0.1512        
   3.2E+06      0.98247      0             3.2E+06      0             1.32E+07     66228         8.4          0.15303       
   3.3E+06      0.98541      0             3.3E+06      0             1.33E+07     66909         8.6667       0.15411       
   3.4E+06      0.98417      0             3.4E+06      0             1.34E+07     65505         8.9333       0.15543       
   3.5E+06      0.98302      0             3.5E+06      0             1.35E+07     68726         9.2          0.15611       
   3.6E+06      0.98807      0             3.6E+06      0             1.36E+07     67791         9.4667       0.15666       
   3.7E+06      0.98943      0             3.7E+06      0             1.37E+07     70420         9.7333       0.15743       
   3.8E+06      0.98773      0             3.8E+06      0             1.38E+07     73391         10           0.15712       
   3.9E+06      0.98512      0             3.9E+06      0             1.39E+07     76715         10.267       0.15723       
   4E+06        0.98414      0             4E+06        0             1.4E+07      76292         10.533       0.15723       
   4.1E+06      0.98607      0             4.1E+06      0             1.41E+07     79427         10.8         0.1567        
   4.2E+06      0.98462      0             4.2E+06      0             1.42E+07     82370         11.067       0.15565       
   4.3E+06      0.98559      0             4.3E+06      0             1.43E+07     85276         11.333       0.15478       
   4.4E+06      0.98779      0             4.4E+06      0             1.44E+07     85815         11.6         0.15316       
   4.5E+06      0.98817      0             4.5E+06      0             1.45E+07     88446         11.867       0.15171       
   4.6E+06      0.98699      0             4.6E+06      0             1.46E+07     89979         12.133       0.15013       
   4.7E+06      0.98463      0             4.7E+06      0             1.47E+07     86361         12.4         0.14829       
   4.8E+06      0.9794       0             4.8E+06      0             1.48E+07     88738         12.667       0.146         
   4.9E+06      0.9845       0             4.9E+06      0             1.49E+07     86819         12.933       0.14377       
   5E+06        0.98547      0             5E+06        0             1.5E+07      88369         13.2         0.14101       
   5.1E+06      0.986        0             5.1E+06      0             1.51E+07     90911         13.467       0.13838       
   5.2E+06      0.98576      0             5.2E+06      0             1.52E+07     93269         13.733       0.13482       
   5.3E+06      0.98498      0             5.3E+06      0             1.53E+07     95115         14           0.13206       
   5.4E+06      0.98648      0             5.4E+06      0             1.54E+07     94130         14.267       0.12851       
   5.5E+06      0.98105      0             5.5E+06      0             1.55E+07     95232         14.533       0.12465       
   5.6E+06      0.98675      0             5.6E+06      0             1.56E+07     96166         14.8         0.12085       
   5.7E+06      0.98565      0             5.7E+06      0             1.57E+07     97061         15.067       0.11707       
   5.8E+06      0.98292      0             5.8E+06      0             1.58E+07     99522         15.333       0.11267       
   5.9E+06      0.9871       0             5.9E+06      0             1.59E+07     1.0129E+05    15.6         0.10817       
   6E+06        0.98591      0             6E+06        0             1.6E+07      1.041E+05     15.867       0.10359       
   6.1E+06      0.9902       0             6.1E+06      0             1.61E+07     1.0678E+05    16.133       0.098908      
   6.2E+06      0.98525      0             6.2E+06      0             1.62E+07     1.096E+05     16.4         0.094497      
   6.3E+06      0.98532      0             6.3E+06      0             1.63E+07     1.1244E+05    16.667       0.089121      
   6.4E+06      0.98263      0             6.4E+06      0             1.64E+07     1.1501E+05    16.933       0.084068      
   6.5E+06      0.98574      0             6.5E+06      0             1.65E+07     1.1691E+05    17.2         0.078391      
   6.6E+06      0.9838       0             6.6E+06      0             1.66E+07     1.1858E+05    17.467       0.073252      
   6.7E+06      0.9878       0             6.7E+06      0             1.67E+07     1.1963E+05    17.733       0.067338      
   6.8E+06      0.98526      0             6.8E+06      0             1.68E+07     1.2055E+05    18           0.061687      
   6.9E+06      0.98828      0             6.9E+06      0             1.69E+07     1.2258E+05    18.267       0.05565       
   7E+06        0.98555      0             7E+06        0             1.7E+07      1.1444E+05    18.533       0.049855      
   7.1E+06      0.98843      0             7.1E+06      0             1.71E+07     1.157E+05     18.8         0.04403       
   7.2E+06      0.9865       0             7.2E+06      0             1.72E+07     1.1797E+05    19.067       0.037705      
   7.3E+06      0.98224      0             7.3E+06      0             1.73E+07     1.2038E+05    19.333       0.031436      
   7.4E+06      0.98944      0             7.4E+06      0             1.74E+07     1.2073E+05    19.6         0.024897      
   7.5E+06      0.9859       0             7.5E+06      0             1.75E+07     1.2306E+05    19.867       0.017784      
   7.6E+06      0.98569      0             7.6E+06      0             1.76E+07     1.2527E+05    
   7.7E+06      0.99154      0             7.7E+06      0             1.77E+07     1.2775E+05    
   7.8E+06      0.98409      0             7.8E+06      0             1.78E+07     1.2373E+05    
   7.9E+06      0.98236      0             7.9E+06      0             1.79E+07     1.2588E+05    
   8E+06        0.986        0             8E+06        0             1.8E+07      1.2397E+05    
   8.1E+06      0.98591      0             8.1E+06      0             1.81E+07     1.2135E+05    
   8.2E+06      0.98527      0             8.2E+06      0             1.82E+07     1.2292E+05    
   8.3E+06      0.98349      0             8.3E+06      0             1.83E+07     1.2377E+05    
   8.4E+06      0.98394      0             8.4E+06      0             1.84E+07     1.252E+05     
   8.5E+06      0.98478      0             8.5E+06      0             1.85E+07     1.2581E+05    
   8.6E+06      0.98756      0             8.6E+06      0             1.86E+07     1.2169E+05    
   8.7E+06      0.9904       0             8.7E+06      0             1.87E+07     1.2358E+05    
   8.8E+06      0.98633      0             8.8E+06      0             1.88E+07     1.2451E+05    
   8.9E+06      0.98763      0             8.9E+06      0             1.89E+07     1.2607E+05    
   9E+06        0.98322      0             9E+06        0             1.9E+07      1.1915E+05    
   9.1E+06      0.98906      0             9.1E+06      0             1.91E+07     1.1941E+05    
   9.2E+06      0.98703      0             9.2E+06      0             1.92E+07     1.2135E+05    
   9.3E+06      0.98426      0             9.3E+06      0             1.93E+07     1.228E+05     
   9.4E+06      0.97966      0             9.4E+06      0             1.94E+07     1.2407E+05    
   9.5E+06      0.98779      0             9.5E+06      0             1.95E+07     1.2118E+05    
   9.6E+06      0.98585      0             9.6E+06      0             1.96E+07     1.2253E+05    
   9.7E+06      0.98457      0             9.7E+06      0             1.97E+07     1.2435E+05    
   9.8E+06      0.98934      0             9.8E+06      0             1.98E+07     1.2379E+05    
   9.9E+06      0.98509      0             9.9E+06      0             1.99E+07     1.237E+05     
   1E+07        0.98603      0             1E+07        0             2E+07        1.24E+05      
   1.01E+07     0.98575      4.2048E-09    1.01E+07     4.2048E-09    2.01E+07     1.2584E+05    
   1.02E+07     0.98502      0.00051929    1.02E+07     0.00051929    2.02E+07     1.2599E+05    
   1.03E+07     0.98608      0.00093293    1.03E+07     0.00093293    2.03E+07     1.2725E+05    
   1.04E+07     0.98621      0.00070943    1.04E+07     0.00070943    2.04E+07     1.2878E+05    
   1.05E+07     0.98655      0.00064125    1.05E+07     0.00064125    2.05E+07     1.2524E+05    
   1.06E+07     0.98616      0.00064211    1.06E+07     0.00064211    2.06E+07     1.2693E+05    
   1.07E+07     0.98653      0.00065015    1.07E+07     0.00065015    2.07E+07     1.2872E+05    
   1.08E+07     0.98705      0.00075158    1.08E+07     0.00075158    2.08E+07     1.2916E+05    
   1.09E+07     0.98739      0.00073971    1.09E+07     0.00073971    2.09E+07     1.3081E+05    
   1.1E+07      0.98729      0.00067231    1.1E+07      0.00067231    2.1E+07      1.3242E+05    
   1.11E+07     0.98706      0.0006513     1.11E+07     0.0006513     2.11E+07     1.3392E+05    
   1.12E+07     0.98712      0.00059972    1.12E+07     0.00059972    2.12E+07     1.3361E+05    
   1.13E+07     0.98724      0.00056656    1.13E+07     0.00056656    2.13E+07     1.3533E+05    
   1.14E+07     0.98703      0.000565      1.14E+07     0.000565      2.14E+07     1.3091E+05    
   1.15E+07     0.98692      0.00053765    1.15E+07     0.00053765    2.15E+07     1.3162E+05    
   1.16E+07     0.98697      0.00050641    1.16E+07     0.00050641    2.16E+07     1.3331E+05    
   1.17E+07     0.9869       0.000482      1.17E+07     0.000482      2.17E+07     1.3391E+05    
   1.18E+07     0.9868       0.0004649     1.18E+07     0.0004649     2.18E+07     1.333E+05     
   1.19E+07     0.98672      0.00044642    1.19E+07     0.00044642    2.19E+07     1.3457E+05    
   1.2E+07      0.98673      0.00042419    1.2E+07      0.00042419    2.2E+07      1.3531E+05    
   1.21E+07     0.98672      0.00040433    1.21E+07     0.00040433    2.21E+07     1.3686E+05    
   1.22E+07     0.98668      0.00038774    1.22E+07     0.00038774    2.22E+07     1.3596E+05    
   1.23E+07     0.98667      0.00037092    1.23E+07     0.00037092    2.23E+07     1.3753E+05    
   1.24E+07     0.98666      0.00035568    1.24E+07     0.00035568    2.24E+07     1.3899E+05    
   1.25E+07     0.98654      0.00036017    1.25E+07     0.00036017    2.25E+07     1.4057E+05    
   1.26E+07     0.98645      0.0003568     1.26E+07     0.0003568     2.26E+07     1.4005E+05    
   1.27E+07     0.9863       0.00037694    1.27E+07     0.00037694    2.27E+07     1.3956E+05    
   1.28E+07     0.98619      0.00037856    1.28E+07     0.00037856    2.28E+07     1.411E+05     
   1.29E+07     0.9859       0.0004644     1.29E+07     0.0004644     2.29E+07     1.4247E+05    
   1.3E+07      0.98589      0.00044893    1.3E+07      0.00044893    2.3E+07      1.4389E+05    
   1.31E+07     0.98572      0.00046564    1.31E+07     0.00046564    2.31E+07     1.4463E+05    
   1.32E+07     0.98552      0.00049283    1.32E+07     0.00049283    2.32E+07     1.4595E+05    
   1.33E+07     0.98563      0.00048851    1.33E+07     0.00048851    2.33E+07     1.4743E+05    
   1.34E+07     0.98549      0.00049183    1.34E+07     0.00049183    2.34E+07     1.4851E+05    
   1.35E+07     0.98552      0.00047842    1.35E+07     0.00047842    2.35E+07     1.4983E+05    
   1.36E+07     0.9854       0.00047977    1.36E+07     0.00047977    2.36E+07     1.4489E+05    
   1.37E+07     0.98535      0.00046887    1.37E+07     0.00046887    2.37E+07     1.4611E+05    
   1.38E+07     0.98532      0.00045768    1.38E+07     0.00045768    2.38E+07     1.4386E+05    
   1.39E+07     0.98531      0.00044602    1.39E+07     0.00044602    2.39E+07     1.4531E+05    
   1.4E+07      0.98522      0.00044552    1.4E+07      0.00044552    2.4E+07      1.4668E+05    
   1.41E+07     0.98523      0.00043503    1.41E+07     0.00043503    2.41E+07     1.4664E+05    
   1.42E+07     0.98526      0.00042573    1.42E+07     0.00042573    2.42E+07     1.4596E+05    
   1.43E+07     0.98529      0.00041692    1.43E+07     0.00041692    2.43E+07     1.467E+05     
   1.44E+07     0.98522      0.00041404    1.44E+07     0.00041404    2.44E+07     1.4798E+05    
   1.45E+07     0.98518      0.00040639    1.45E+07     0.00040639    2.45E+07     1.4916E+05    
   1.46E+07     0.98524      0.00040157    1.46E+07     0.00040157    2.46E+07     1.4711E+05    
   1.47E+07     0.98535      0.00040846    1.47E+07     0.00040846    2.47E+07     1.4751E+05    
   1.48E+07     0.98539      0.0004015     1.48E+07     0.0004015     2.48E+07     1.4891E+05    
   1.49E+07     0.98549      0.0004046     1.49E+07     0.0004046     2.49E+07     1.4885E+05    
   1.5E+07      0.98543      0.00039967    1.5E+07      0.00039967    2.5E+07      1.4917E+05    
   1.51E+07     0.98541      0.00039278    1.51E+07     0.00039278    2.51E+07     1.458E+05     
   1.52E+07     0.98544      0.00038628    1.52E+07     0.00038628    2.52E+07     1.4716E+05    
   1.53E+07     0.98539      0.0003813     1.53E+07     0.0003813     2.53E+07     1.4785E+05    
   1.54E+07     0.98547      0.00038202    1.54E+07     0.00038202    2.54E+07     1.4914E+05    
   1.55E+07     0.98552      0.00037862    1.55E+07     0.00037862    2.55E+07     1.4954E+05    
   1.56E+07     0.98557      0.00037536    1.56E+07     0.00037536    2.56E+07     1.5067E+05    
   1.57E+07     0.98552      0.00037247    1.57E+07     0.00037247    2.57E+07     1.508E+05     
   1.58E+07     0.9855       0.00036671    1.58E+07     0.00036671    2.58E+07     1.5209E+05    
   1.59E+07     0.98554      0.00036239    1.59E+07     0.00036239    2.59E+07     1.5246E+05    
   1.6E+07      0.98554      0.00035639    1.6E+07      0.00035639    2.6E+07      1.5378E+05    
   1.61E+07     0.98555      0.00035062    1.61E+07     0.00035062    2.61E+07     1.533E+05     
   1.62E+07     0.98554      0.00034504    1.62E+07     0.00034504    2.62E+07     1.5384E+05    
   1.63E+07     0.98554      0.00033959    1.63E+07     0.00033959    2.63E+07     1.5498E+05    
   1.64E+07     0.98556      0.00033479    1.64E+07     0.00033479    2.64E+07     1.546E+05     
   1.65E+07     0.98559      0.00033093    1.65E+07     0.00033093    2.65E+07     1.5584E+05    
   1.66E+07     0.98562      0.00032763    1.66E+07     0.00032763    2.66E+07     1.5639E+05    
   1.67E+07     0.98566      0.00032519    1.67E+07     0.00032519    2.67E+07     1.5457E+05    
   1.68E+07     0.98562      0.00032302    1.68E+07     0.00032302    2.68E+07     1.5582E+05    
   1.69E+07     0.98564      0.00031922    1.69E+07     0.00031922    2.69E+07     1.5683E+05    
   1.7E+07      0.98554      0.00032943    1.7E+07      0.00032943    2.7E+07      1.5704E+05    
   1.71E+07     0.98558      0.00032665    1.71E+07     0.00032665    2.71E+07     1.5756E+05    
   1.72E+07     0.98556      0.00032258    1.72E+07     0.00032258    2.72E+07     1.5875E+05    
   1.73E+07     0.98557      0.00031826    1.73E+07     0.00031826    2.73E+07     1.5997E+05    
   1.74E+07     0.98553      0.00031691    1.74E+07     0.00031691    2.74E+07     1.6112E+05    
   1.75E+07     0.98554      0.00031304    1.75E+07     0.00031304    2.75E+07     1.6232E+05    
   1.76E+07     0.98552      0.00030935    1.76E+07     0.00030935    2.76E+07     1.633E+05     
   1.77E+07     0.98553      0.00030542    1.77E+07     0.00030542    2.77E+07     1.6409E+05    
   1.78E+07     0.98546      0.00030947    1.78E+07     0.00030947    2.78E+07     1.6308E+05    
   1.79E+07     0.98548      0.00030594    1.79E+07     0.00030594    2.79E+07     1.6264E+05    
   1.8E+07      0.98553      0.00030738    1.8E+07      0.00030738    2.8E+07      1.6338E+05    
   1.81E+07     0.98547      0.0003097     1.81E+07     0.0003097     2.81E+07     1.6413E+05    
   1.82E+07     0.9855       0.00030688    1.82E+07     0.00030688    2.82E+07     1.6226E+05    
   1.83E+07     0.98546      0.00030501    1.83E+07     0.00030501    2.83E+07     1.6314E+05    
   1.84E+07     0.98549      0.00030243    1.84E+07     0.00030243    2.84E+07     1.6224E+05    
   1.85E+07     0.98545      0.00030088    1.85E+07     0.00030088    2.85E+07     1.6328E+05    
   1.86E+07     0.98552      0.00030508    1.86E+07     0.00030508    2.86E+07     1.623E+05     
   1.87E+07     0.98554      0.00030195    1.87E+07     0.00030195    2.87E+07     1.635E+05     
   1.88E+07     0.98551      0.00030004    1.88E+07     0.00030004    2.88E+07     1.6265E+05    
   1.89E+07     0.98549      0.00029721    1.89E+07     0.00029721    2.89E+07     1.6294E+05    
   1.9E+07      0.98557      0.00030493    1.9E+07      0.00030493    2.9E+07      1.6376E+05    
   1.91E+07     0.98561      0.00030379    1.91E+07     0.00030379    2.91E+07     1.6353E+05    
   1.92E+07     0.98562      0.0003006     1.92E+07     0.0003006     2.92E+07     1.6408E+05    
   1.93E+07     0.98563      0.00029795    1.93E+07     0.00029795    2.93E+07     1.6498E+05    
   1.94E+07     0.98566      0.00029567    1.94E+07     0.00029567    2.94E+07     1.6609E+05    
   1.95E+07     0.9856       0.00029838    1.95E+07     0.00029838    2.95E+07     1.6581E+05    
   1.96E+07     0.98562      0.000296      1.96E+07     0.000296      2.96E+07     1.6625E+05    
   1.97E+07     0.98563      0.00029305    1.97E+07     0.00029305    2.97E+07     1.6703E+05    
   1.98E+07     0.98567      0.00029291    1.98E+07     0.00029291    2.98E+07     1.679E+05     
   1.99E+07     0.98571      0.00029227    1.99E+07     0.00029227    2.99E+07     1.6841E+05    
   2E+07        0.98574      0.0002912     2E+07        0.0002912     3E+07        1.6693E+05    
   2.01E+07     0.98574      0.00028836    2.01E+07     0.00028836    3.01E+07     1.6702E+05    
   2.02E+07     0.98571      0.00028738    2.02E+07     0.00028738    3.02E+07     1.6762E+05    
   2.03E+07     0.98573      0.00028528    2.03E+07     0.00028528    3.03E+07     1.667E+05     
   2.04E+07     0.98575      0.0002829     2.04E+07     0.0002829     3.04E+07     1.6771E+05    
   2.05E+07     0.98569      0.00028619    2.05E+07     0.00028619    3.05E+07     1.6736E+05    
   2.06E+07     0.98569      0.00028349    2.06E+07     0.00028349    3.06E+07     1.6844E+05    
   2.07E+07     0.98569      0.00028086    2.07E+07     0.00028086    3.07E+07     1.6942E+05    
   2.08E+07     0.98566      0.00027969    2.08E+07     0.00027969    3.08E+07     1.7046E+05    
   2.09E+07     0.98565      0.00027728    2.09E+07     0.00027728    3.09E+07     1.7153E+05    
   2.1E+07      0.98565      0.00027481    2.1E+07      0.00027481    3.1E+07      1.7264E+05    
   2.11E+07     0.98567      0.00027265    2.11E+07     0.00027265    3.11E+07     1.7333E+05    
   2.12E+07     0.98563      0.0002723     2.12E+07     0.0002723     3.12E+07     1.7437E+05    
   2.13E+07     0.98563      0.00026995    2.13E+07     0.00026995    3.13E+07     1.7458E+05    
   2.14E+07     0.98568      0.00027374    2.14E+07     0.00027374    3.14E+07     1.7562E+05    
   2.15E+07     0.98571      0.00027238    2.15E+07     0.00027238    3.15E+07     1.7646E+05    
   2.16E+07     0.98571      0.00027004    2.16E+07     0.00027004    3.16E+07     1.77E+05      
   2.17E+07     0.98574      0.0002688     2.17E+07     0.0002688     3.17E+07     1.7698E+05    
   2.18E+07     0.98577      0.00026874    2.18E+07     0.00026874    3.18E+07     1.7802E+05    
   2.19E+07     0.98576      0.00026685    2.19E+07     0.00026685    3.19E+07     1.7864E+05    
   2.2E+07      0.98578      0.00026552    2.2E+07      0.00026552    3.2E+07      1.7969E+05    
   2.21E+07     0.98577      0.00026341    2.21E+07     0.00026341    3.21E+07     1.7998E+05    
   2.22E+07     0.98581      0.00026363    2.22E+07     0.00026363    3.22E+07     1.8048E+05    
   2.23E+07     0.98581      0.00026151    2.23E+07     0.00026151    3.23E+07     1.8143E+05    
   2.24E+07     0.98582      0.00025958    2.24E+07     0.00025958    3.24E+07     1.8214E+05    
   2.25E+07     0.98582      0.00025752    2.25E+07     0.00025752    3.25E+07     1.8304E+05    
   2.26E+07     0.98585      0.00025741    2.26E+07     0.00025741    3.26E+07     1.8344E+05    
   2.27E+07     0.98589      0.00025729    2.27E+07     0.00025729    3.27E+07     1.8448E+05    
   2.28E+07     0.98588      0.00025533    2.28E+07     0.00025533    3.28E+07     1.8466E+05    
   2.29E+07     0.98589      0.00025357    2.29E+07     0.00025357    3.29E+07     1.835E+05     
   2.3E+07      0.9859       0.00025176    2.3E+07      0.00025176    3.3E+07      1.8274E+05    
   2.31E+07     0.98592      0.00025048    2.31E+07     0.00025048    3.31E+07     1.8107E+05    
   2.32E+07     0.98591      0.00024881    2.32E+07     0.00024881    3.32E+07     1.8079E+05    
   2.33E+07     0.9859       0.00024704    2.33E+07     0.00024704    3.33E+07     1.7982E+05    
   2.34E+07     0.98589      0.0002456     2.34E+07     0.0002456     3.34E+07     1.8078E+05    
   2.35E+07     0.98589      0.00024394    2.35E+07     0.00024394    3.35E+07     1.8012E+05    
   2.36E+07     0.98595      0.00024753    2.36E+07     0.00024753    3.36E+07     1.811E+05     
   2.37E+07     0.98593      0.00024598    2.37E+07     0.00024598    3.37E+07     1.8194E+05    
   2.38E+07     0.98597      0.00024736    2.38E+07     0.00024736    3.38E+07     1.8267E+05    
   2.39E+07     0.98597      0.00024559    2.39E+07     0.00024559    3.39E+07     1.8361E+05    
   2.4E+07      0.98598      0.00024392    2.4E+07      0.00024392    3.4E+07      1.8358E+05    
   2.41E+07     0.98596      0.00024342    2.41E+07     0.00024342    3.41E+07     1.8399E+05    
   2.42E+07     0.98593      0.00024349    2.42E+07     0.00024349    3.42E+07     1.8492E+05    
   2.43E+07     0.98594      0.00024233    2.43E+07     0.00024233    3.43E+07     1.8487E+05    
   2.44E+07     0.98595      0.00024081    2.44E+07     0.00024081    3.44E+07     1.8582E+05    
   2.45E+07     0.98596      0.00023936    2.45E+07     0.00023936    3.45E+07     1.8636E+05    
   2.46E+07     0.986        0.00024054    2.46E+07     0.00024054    3.46E+07     1.8665E+05    
   2.47E+07     0.98602      0.00023964    2.47E+07     0.00023964    3.47E+07     1.8622E+05    
   2.48E+07     0.98602      0.00023805    2.48E+07     0.00023805    3.48E+07     1.8704E+05    
   2.49E+07     0.986        0.00023762    2.49E+07     0.00023762    3.49E+07     1.8795E+05    
   2.5E+07      0.98598      0.00023691    2.5E+07      0.00023691    3.5E+07      1.8567E+05    
   2.51E+07     0.98594      0.00023907    2.51E+07     0.00023907    3.51E+07     1.8398E+05    
   2.52E+07     0.98593      0.00023752    2.52E+07     0.00023752    3.52E+07     1.8442E+05    
   2.53E+07     0.98595      0.00023649    2.53E+07     0.00023649    3.53E+07     1.8532E+05    
   2.54E+07     0.98595      0.00023501    2.54E+07     0.00023501    3.54E+07     1.8624E+05    
   2.55E+07     0.98594      0.00023415    2.55E+07     0.00023415    3.55E+07     1.8521E+05    
   2.56E+07     0.98595      0.00023283    2.56E+07     0.00023283    3.56E+07     1.8607E+05    
   2.57E+07     0.98597      0.00023229    2.57E+07     0.00023229    3.57E+07     1.8698E+05    
   2.58E+07     0.98596      0.00023087    2.58E+07     0.00023087    3.58E+07     1.8786E+05    
   2.59E+07     0.98598      0.00023009    2.59E+07     0.00023009    3.59E+07     1.8786E+05    
   2.6E+07      0.98598      0.00022867    2.6E+07      0.00022867    3.6E+07      1.8839E+05    
   2.61E+07     0.98595      0.0002286     2.61E+07     0.0002286     3.61E+07     1.8694E+05    
   2.62E+07     0.98597      0.00022776    2.62E+07     0.00022776    3.62E+07     1.8738E+05    
   2.63E+07     0.98597      0.00022645    2.63E+07     0.00022645    3.63E+07     1.8808E+05    
   2.64E+07     0.98595      0.00022628    2.64E+07     0.00022628    3.64E+07     1.887E+05     
   2.65E+07     0.98595      0.00022497    2.65E+07     0.00022497    3.65E+07     1.8949E+05    
   2.66E+07     0.98596      0.00022414    2.66E+07     0.00022414    3.66E+07     1.8878E+05    
   2.67E+07     0.98599      0.000225      2.67E+07     0.000225      3.67E+07     1.8953E+05    
   2.68E+07     0.98599      0.00022367    2.68E+07     0.00022367    3.68E+07     1.8985E+05    
   2.69E+07     0.986        0.00022255    2.69E+07     0.00022255    3.69E+07     1.9045E+05    
   2.7E+07      0.98599      0.00022198    2.7E+07      0.00022198    3.7E+07      1.9127E+05    
   2.71E+07     0.98597      0.00022118    2.71E+07     0.00022118    3.71E+07     1.912E+05     
   2.72E+07     0.98597      0.00021993    2.72E+07     0.00021993    3.72E+07     1.9209E+05    
   2.73E+07     0.98598      0.0002187     2.73E+07     0.0002187     3.73E+07     1.922E+05     
   2.74E+07     0.98597      0.00021754    2.74E+07     0.00021754    3.74E+07     1.9251E+05    
   2.75E+07     0.98597      0.00021633    2.75E+07     0.00021633    3.75E+07     1.9334E+05    
   2.76E+07     0.98596      0.00021526    2.76E+07     0.00021526    3.76E+07     1.9374E+05    
   2.77E+07     0.98595      0.00021435    2.77E+07     0.00021435    3.77E+07     1.9297E+05    
   2.78E+07     0.98592      0.00021464    2.78E+07     0.00021464    3.78E+07     1.915E+05     
   2.79E+07     0.9859       0.00021454    2.79E+07     0.00021454    3.79E+07     1.9208E+05    
   2.8E+07      0.98589      0.00021363    2.8E+07      0.00021363    3.8E+07      1.9231E+05    
   2.81E+07     0.9859       0.00021275    2.81E+07     0.00021275    3.81E+07     1.9312E+05    
   2.82E+07     0.98593      0.00021361    2.82E+07     0.00021361    3.82E+07     1.9391E+05    
   2.83E+07     0.98594      0.00021266    2.83E+07     0.00021266    3.83E+07     1.9436E+05    
   2.84E+07     0.98592      0.00021283    2.84E+07     0.00021283    3.84E+07     1.951E+05     
   2.85E+07     0.98592      0.00021178    2.85E+07     0.00021178    3.85E+07     1.9561E+05    
   2.86E+07     0.9859       0.00021206    2.86E+07     0.00021206    3.86E+07     1.9448E+05    
   2.87E+07     0.9859       0.00021093    2.87E+07     0.00021093    3.87E+07     1.9052E+05    
   2.88E+07     0.98592      0.00021106    2.88E+07     0.00021106    3.88E+07     1.9137E+05    
   2.89E+07     0.98594      0.00021052    2.89E+07     0.00021052    3.89E+07     1.9218E+05    
   2.9E+07      0.98593      0.00020965    2.9E+07      0.00020965    3.9E+07      1.9262E+05    
   2.91E+07     0.98591      0.00020945    2.91E+07     0.00020945    3.91E+07     1.9337E+05    
   2.92E+07     0.98592      0.00020869    2.92E+07     0.00020869    3.92E+07     1.9308E+05    
   2.93E+07     0.98591      0.00020777    2.93E+07     0.00020777    3.93E+07     1.9383E+05    
   2.94E+07     0.98591      0.00020671    2.94E+07     0.00020671    3.94E+07     1.9465E+05    
   2.95E+07     0.98593      0.00020655    2.95E+07     0.00020655    3.95E+07     1.9545E+05    
   2.96E+07     0.98592      0.00020585    2.96E+07     0.00020585    3.96E+07     1.958E+05     
   2.97E+07     0.98593      0.00020504    2.97E+07     0.00020504    3.97E+07     1.9618E+05    
   2.98E+07     0.98594      0.00020417    2.98E+07     0.00020417    3.98E+07     1.9399E+05    
   2.99E+07     0.98593      0.00020354    2.99E+07     0.00020354    3.99E+07     1.9476E+05    
   3E+07        0.9859       0.00020405    3E+07        0.00020405    4E+07        1.9423E+05    
   3.01E+07     0.98588      0.00020366    3.01E+07     0.00020366    4.01E+07     1.9502E+05    
   3.02E+07     0.9859       0.00020297    3.02E+07     0.00020297    4.02E+07     1.9576E+05    
   3.03E+07     0.98587      0.0002032     3.03E+07     0.0002032     4.03E+07     1.9581E+05    
   3.04E+07     0.98588      0.00020223    3.04E+07     0.00020223    4.04E+07     1.9661E+05    
   3.05E+07     0.98586      0.0002021     3.05E+07     0.0002021     4.05E+07     1.9731E+05    
   3.06E+07     0.98586      0.00020114    3.06E+07     0.00020114    4.06E+07     1.9575E+05    
   3.07E+07     0.98585      0.00020022    3.07E+07     0.00020022    4.07E+07     1.9239E+05    
   3.08E+07     0.98585      0.00019927    3.08E+07     0.00019927    4.08E+07     1.9299E+05    
   3.09E+07     0.98585      0.00019832    3.09E+07     0.00019832    4.09E+07     1.919E+05     
   3.1E+07      0.98585      0.00019738    3.1E+07      0.00019738    4.1E+07      1.9248E+05    
   3.11E+07     0.98586      0.00019666    3.11E+07     0.00019666    4.11E+07     1.9232E+05    
   3.12E+07     0.98585      0.00019576    3.12E+07     0.00019576    4.12E+07     1.9288E+05    
   3.13E+07     0.98584      0.0001953     3.13E+07     0.0001953     4.13E+07     1.9177E+05    
   3.14E+07     0.98584      0.00019442    3.14E+07     0.00019442    4.14E+07     1.9254E+05    
   3.15E+07     0.98585      0.00019366    3.15E+07     0.00019366    4.15E+07     1.9056E+05    
   3.16E+07     0.98584      0.00019306    3.16E+07     0.00019306    4.16E+07     1.9035E+05    
   3.17E+07     0.98583      0.00019273    3.17E+07     0.00019273    4.17E+07     1.9107E+05    
   3.18E+07     0.98582      0.00019186    3.18E+07     0.00019186    4.18E+07     1.8865E+05    
   3.19E+07     0.98581      0.00019124    3.19E+07     0.00019124    4.19E+07     1.8939E+05    
   3.2E+07      0.98582      0.00019038    3.2E+07      0.00019038    4.2E+07      1.9005E+05    
   3.21E+07     0.98583      0.00018991    3.21E+07     0.00018991    4.21E+07     1.89E+05      
   3.22E+07     0.98582      0.00018935    3.22E+07     0.00018935    4.22E+07     1.8968E+05    
   3.23E+07     0.98582      0.00018857    3.23E+07     0.00018857    4.23E+07     1.9043E+05    
   3.24E+07     0.98583      0.00018791    3.24E+07     0.00018791    4.24E+07     1.89E+05      
   3.25E+07     0.98584      0.00018714    3.25E+07     0.00018714    4.25E+07     1.8958E+05    
   3.26E+07     0.98585      0.00018665    3.26E+07     0.00018665    4.26E+07     1.8994E+05    
   3.27E+07     0.98585      0.00018584    3.27E+07     0.00018584    4.27E+07     1.8925E+05    
   3.28E+07     0.98584      0.00018548    3.28E+07     0.00018548    4.28E+07     1.8987E+05    
   3.29E+07     0.98586      0.00018577    3.29E+07     0.00018577    4.29E+07     1.9001E+05    
   3.3E+07      0.98588      0.00018589    3.3E+07      0.00018589    4.3E+07      1.9037E+05    
   3.31E+07     0.98585      0.00018644    3.31E+07     0.00018644    4.31E+07     1.911E+05     
   3.32E+07     0.98587      0.00018632    3.32E+07     0.00018632    4.32E+07     1.9163E+05    
   3.33E+07     0.98589      0.0001865     3.33E+07     0.0001865     4.33E+07     1.9236E+05    
   3.34E+07     0.98589      0.00018574    3.34E+07     0.00018574    4.34E+07     1.9309E+05    
   3.35E+07     0.98587      0.00018581    3.35E+07     0.00018581    4.35E+07     1.938E+05     
   3.36E+07     0.98587      0.00018504    3.36E+07     0.00018504    4.36E+07     1.9443E+05    
   3.37E+07     0.98587      0.0001843     3.37E+07     0.0001843     4.37E+07     1.9406E+05    
   3.38E+07     0.98587      0.00018367    3.38E+07     0.00018367    4.38E+07     1.9463E+05    
   3.39E+07     0.98586      0.00018295    3.39E+07     0.00018295    4.39E+07     1.9532E+05    
   3.4E+07      0.98585      0.00018268    3.4E+07      0.00018268    4.4E+07      1.9583E+05    
   3.41E+07     0.98586      0.00018222    3.41E+07     0.00018222    4.41E+07     1.9503E+05    
   3.42E+07     0.98586      0.00018147    3.42E+07     0.00018147    4.42E+07     1.9487E+05    
   3.43E+07     0.98585      0.00018124    3.43E+07     0.00018124    4.43E+07     1.9529E+05    
   3.44E+07     0.98585      0.00018052    3.44E+07     0.00018052    4.44E+07     1.9572E+05    
   3.45E+07     0.98584      0.00018       3.45E+07     0.00018       4.45E+07     1.9638E+05    
   3.46E+07     0.98585      0.00017958    3.46E+07     0.00017958    4.46E+07     1.9694E+05    
   3.47E+07     0.98583      0.00017953    3.47E+07     0.00017953    4.47E+07     1.9761E+05    
   3.48E+07     0.98584      0.00017888    3.48E+07     0.00017888    4.48E+07     1.9798E+05    
   3.49E+07     0.98583      0.00017821    3.49E+07     0.00017821    4.49E+07     1.9845E+05    
   3.5E+07      0.98581      0.00017902    3.5E+07      0.00017902    4.5E+07      1.9893E+05    
   3.51E+07     0.98583      0.00017959    3.51E+07     0.00017959    4.51E+07     1.9928E+05    
   3.52E+07     0.98582      0.00017913    3.52E+07     0.00017913    4.52E+07     1.9992E+05    
   3.53E+07     0.98582      0.00017843    3.53E+07     0.00017843    4.53E+07     2.0034E+05    
   3.54E+07     0.98582      0.00017774    3.54E+07     0.00017774    4.54E+07     2.0056E+05    
   3.55E+07     0.9858       0.00017798    3.55E+07     0.00017798    4.55E+07     2.0109E+05    
   3.56E+07     0.9858       0.00017732    3.56E+07     0.00017732    4.56E+07     2.0133E+05    
   3.57E+07     0.9858       0.00017663    3.57E+07     0.00017663    4.57E+07     2.02E+05      
   3.58E+07     0.9858       0.00017598    3.58E+07     0.00017598    4.58E+07     2.022E+05     
   3.59E+07     0.98579      0.00017573    3.59E+07     0.00017573    4.59E+07     2.029E+05     
   3.6E+07      0.98578      0.00017525    3.6E+07      0.00017525    4.6E+07      2.0337E+05    
   3.61E+07     0.98576      0.00017568    3.61E+07     0.00017568    4.61E+07     2.0395E+05    
   3.62E+07     0.98576      0.00017521    3.62E+07     0.00017521    4.62E+07     2.0459E+05    
   3.63E+07     0.98576      0.00017465    3.63E+07     0.00017465    4.63E+07     2.0527E+05    
   3.64E+07     0.98577      0.00017413    3.64E+07     0.00017413    4.64E+07     2.0548E+05    
   3.65E+07     0.98576      0.00017352    3.65E+07     0.00017352    4.65E+07     2.0598E+05    
   3.66E+07     0.98578      0.00017358    3.66E+07     0.00017358    4.66E+07     2.0658E+05    
   3.67E+07     0.98579      0.00017301    3.67E+07     0.00017301    4.67E+07     2.0702E+05    
   3.68E+07     0.98578      0.00017263    3.68E+07     0.00017263    4.68E+07     2.075E+05     
   3.69E+07     0.98578      0.00017214    3.69E+07     0.00017214    4.69E+07     2.0745E+05    
   3.7E+07      0.98579      0.00017153    3.7E+07      0.00017153    4.7E+07      2.0688E+05    
   3.71E+07     0.98577      0.00017132    3.71E+07     0.00017132    4.71E+07     2.0749E+05    
   3.72E+07     0.98577      0.00017069    3.72E+07     0.00017069    4.72E+07     2.0736E+05    
   3.73E+07     0.98576      0.00017042    3.73E+07     0.00017042    4.73E+07     2.0787E+05    
   3.74E+07     0.98577      0.00017006    3.74E+07     0.00017006    4.74E+07     2.0849E+05    
   3.75E+07     0.98577      0.00016944    3.75E+07     0.00016944    4.75E+07     2.0915E+05    
   3.76E+07     0.98578      0.00016904    3.76E+07     0.00016904    4.76E+07     2.0946E+05    
   3.77E+07     0.98577      0.00016916    3.77E+07     0.00016916    4.77E+07     2.0996E+05    
   3.78E+07     0.98575      0.0001696     3.78E+07     0.0001696     4.78E+07     2.1055E+05    
   3.79E+07     0.98575      0.00016909    3.79E+07     0.00016909    4.79E+07     2.1075E+05    
   3.8E+07      0.98574      0.00016877    3.8E+07      0.00016877    4.8E+07      2.1108E+05    
   3.81E+07     0.98574      0.0001682     3.81E+07     0.0001682     4.81E+07     2.1176E+05    
   3.82E+07     0.98574      0.00016764    3.82E+07     0.00016764    4.82E+07     2.1207E+05    
   3.83E+07     0.98573      0.00016721    3.83E+07     0.00016721    4.83E+07     2.1197E+05    
   3.84E+07     0.98573      0.00016669    3.84E+07     0.00016669    4.84E+07     2.1175E+05    
   3.85E+07     0.98574      0.00016625    3.85E+07     0.00016625    4.85E+07     2.1243E+05    
   3.86E+07     0.98576      0.00016653    3.86E+07     0.00016653    4.86E+07     2.1306E+05    
   3.87E+07     0.98573      0.00016799    3.87E+07     0.00016799    4.87E+07     2.0514E+05    
   3.88E+07     0.98573      0.00016742    3.88E+07     0.00016742    4.88E+07     2.0538E+05    
   3.89E+07     0.98573      0.00016684    3.89E+07     0.00016684    4.89E+07     2.0599E+05    
   3.9E+07      0.98574      0.00016644    3.9E+07      0.00016644    4.9E+07      2.0536E+05    
   3.91E+07     0.98574      0.00016588    3.91E+07     0.00016588    4.91E+07     2.0583E+05    
   3.92E+07     0.98576      0.0001658     3.92E+07     0.0001658     4.92E+07     2.0585E+05    
   3.93E+07     0.98575      0.00016527    3.93E+07     0.00016527    4.93E+07     2.064E+05     
   3.94E+07     0.98575      0.00016471    3.94E+07     0.00016471    4.94E+07     2.0697E+05    
   3.95E+07     0.98575      0.00016415    3.95E+07     0.00016415    4.95E+07     2.0557E+05    
   3.96E+07     0.98576      0.0001638     3.96E+07     0.0001638     4.96E+07     2.0608E+05    
   3.97E+07     0.98577      0.00016344    3.97E+07     0.00016344    4.97E+07     2.0653E+05    
   3.98E+07     0.98575      0.00016416    3.98E+07     0.00016416    4.98E+07     2.0404E+05    
   3.99E+07     0.98575      0.00016361    3.99E+07     0.00016361    4.99E+07     2.0462E+05    
   4E+07        0.98576      0.00016362    4E+07        0.00016362    5E+07        2.0435E+05    
   4.01E+07     0.98576      0.00016309    4.01E+07     0.00016309    5.01E+07     2.049E+05     
   4.02E+07     0.98576      0.00016258    4.02E+07     0.00016258    5.02E+07     2.0204E+05    
   4.03E+07     0.98577      0.00016235    4.03E+07     0.00016235    5.03E+07     2.0257E+05    
   4.04E+07     0.98577      0.00016182    4.04E+07     0.00016182    5.04E+07     2.0279E+05    
   4.05E+07     0.98576      0.00016134    4.05E+07     0.00016134    5.05E+07     2.0304E+05    
   4.06E+07     0.98575      0.00016179    4.06E+07     0.00016179    5.06E+07     2.0302E+05    
   4.07E+07     0.98577      0.00016295    4.07E+07     0.00016295    5.07E+07     2.0361E+05    
   4.08E+07     0.98577      0.0001625     4.08E+07     0.0001625     5.08E+07     2.0418E+05    
   4.09E+07     0.98575      0.00016277    4.09E+07     0.00016277    5.09E+07     2.0412E+05    
   4.1E+07      0.98574      0.00016233    4.1E+07      0.00016233    5.1E+07      2.0451E+05    
   4.11E+07     0.98573      0.0001622     4.11E+07     0.0001622     5.11E+07     2.0477E+05    
   4.12E+07     0.98574      0.00016175    4.12E+07     0.00016175    5.12E+07     2.0326E+05    
   4.13E+07     0.98572      0.00016201    4.13E+07     0.00016201    5.13E+07     2.0324E+05    
   4.14E+07     0.98572      0.0001615     4.14E+07     0.0001615     5.14E+07     2.0379E+05    
   4.15E+07     0.98574      0.00016214    4.15E+07     0.00016214    5.15E+07     2.0414E+05    
   4.16E+07     0.98573      0.00016202    4.16E+07     0.00016202    5.16E+07     2.0474E+05    
   4.17E+07     0.98573      0.00016151    4.17E+07     0.00016151    5.17E+07     2.0528E+05    
   4.18E+07     0.98575      0.00016235    4.18E+07     0.00016235    5.18E+07     2.0562E+05    
   4.19E+07     0.98575      0.00016186    4.19E+07     0.00016186    5.19E+07     2.0608E+05    
   4.2E+07      0.98575      0.00016135    4.2E+07      0.00016135    5.2E+07      2.0653E+05    
   4.21E+07     0.98577      0.00016162    4.21E+07     0.00016162    5.21E+07     2.0711E+05    
   4.22E+07     0.98577      0.00016114    4.22E+07     0.00016114    5.22E+07     2.0701E+05    
   4.23E+07     0.98577      0.00016064    4.23E+07     0.00016064    5.23E+07     2.075E+05     
   4.24E+07     0.98575      0.00016104    4.24E+07     0.00016104    5.24E+07     2.058E+05     
   4.25E+07     0.98576      0.00016062    4.25E+07     0.00016062    5.25E+07     2.0612E+05    
   4.26E+07     0.98576      0.00016027    4.26E+07     0.00016027    5.26E+07     2.0671E+05    
   4.27E+07     0.98575      0.00016037    4.27E+07     0.00016037    5.27E+07     2.0702E+05    
   4.28E+07     0.98575      0.0001599     4.28E+07     0.0001599     5.28E+07     2.0757E+05    
   4.29E+07     0.98576      0.00015966    4.29E+07     0.00015966    5.29E+07     2.0736E+05    
   4.3E+07      0.98576      0.00015932    4.3E+07      0.00015932    5.3E+07      2.0788E+05    
   4.31E+07     0.98577      0.00015884    4.31E+07     0.00015884    5.31E+07     2.0797E+05    
   4.32E+07     0.98577      0.0001584     4.32E+07     0.0001584     5.32E+07     2.082E+05     
   4.33E+07     0.98577      0.00015793    4.33E+07     0.00015793    5.33E+07     2.0877E+05    
   4.34E+07     0.98577      0.00015746    4.34E+07     0.00015746    5.34E+07     2.0922E+05    
   4.35E+07     0.98577      0.00015699    4.35E+07     0.00015699    5.35E+07     2.0682E+05    
   4.36E+07     0.98577      0.00015654    4.36E+07     0.00015654    5.36E+07     2.0703E+05    
   4.37E+07     0.98576      0.00015651    4.37E+07     0.00015651    5.37E+07     2.0751E+05    
   4.38E+07     0.98576      0.00015611    4.38E+07     0.00015611    5.38E+07     2.0796E+05    
   4.39E+07     0.98576      0.00015566    4.39E+07     0.00015566    5.39E+07     2.0761E+05    
   4.4E+07      0.98577      0.00015527    4.4E+07      0.00015527    5.4E+07      2.0783E+05    
   4.41E+07     0.98578      0.00015541    4.41E+07     0.00015541    5.41E+07     2.074E+05     
   4.42E+07     0.98577      0.00015531    4.42E+07     0.00015531    5.42E+07     2.0788E+05    
   4.43E+07     0.98577      0.00015496    4.43E+07     0.00015496    5.43E+07     2.0835E+05    
   4.44E+07     0.98578      0.00015462    4.44E+07     0.00015462    5.44E+07     2.0892E+05    
   4.45E+07     0.98578      0.00015418    4.45E+07     0.00015418    5.45E+07     2.0948E+05    
   4.46E+07     0.98579      0.00015379    4.46E+07     0.00015379    5.46E+07     2.0903E+05    
   4.47E+07     0.98578      0.00015337    4.47E+07     0.00015337    5.47E+07     2.0891E+05    
   4.48E+07     0.98579      0.00015305    4.48E+07     0.00015305    5.48E+07     2.093E+05     
   4.49E+07     0.9858       0.00015269    4.49E+07     0.00015269    5.49E+07     2.0976E+05    
   4.5E+07      0.98579      0.00015233    4.5E+07      0.00015233    5.5E+07      2.103E+05     
   4.51E+07     0.98578      0.00015204    4.51E+07     0.00015204    5.51E+07     2.1079E+05    
   4.52E+07     0.98579      0.00015163    4.52E+07     0.00015163    5.52E+07     2.1135E+05    
   4.53E+07     0.98578      0.00015129    4.53E+07     0.00015129    5.53E+07     2.1149E+05    
   4.54E+07     0.98579      0.00015104    4.54E+07     0.00015104    5.54E+07     2.1181E+05    
   4.55E+07     0.98579      0.00015068    4.55E+07     0.00015068    5.55E+07     2.1216E+05    
   4.56E+07     0.98579      0.00015043    4.56E+07     0.00015043    5.56E+07     2.1099E+05    
   4.57E+07     0.98579      0.00015001    4.57E+07     0.00015001    5.57E+07     2.1141E+05    
   4.58E+07     0.98579      0.00014977    4.58E+07     0.00014977    5.58E+07     2.1195E+05    
   4.59E+07     0.98579      0.00014935    4.59E+07     0.00014935    5.59E+07     2.1239E+05    
   4.6E+07      0.98579      0.00014902    4.6E+07      0.00014902    5.6E+07      2.1268E+05    
   4.61E+07     0.98579      0.00014861    4.61E+07     0.00014861    5.61E+07     2.1324E+05    
   4.62E+07     0.98579      0.00014823    4.62E+07     0.00014823    5.62E+07     2.1247E+05    
   4.63E+07     0.98579      0.00014782    4.63E+07     0.00014782    5.63E+07     2.1272E+05    
   4.64E+07     0.98579      0.0001476     4.64E+07     0.0001476     5.64E+07     2.1315E+05    
   4.65E+07     0.98579      0.00014724    4.65E+07     0.00014724    5.65E+07     2.1201E+05    
   4.66E+07     0.98579      0.00014687    4.66E+07     0.00014687    5.66E+07     2.1251E+05    
   4.67E+07     0.98578      0.00014656    4.67E+07     0.00014656    5.67E+07     2.1268E+05    
   4.68E+07     0.98578      0.00014624    4.68E+07     0.00014624    5.68E+07     2.1318E+05    
   4.69E+07     0.98577      0.00014608    4.69E+07     0.00014608    5.69E+07     2.1354E+05    
   4.7E+07      0.98576      0.00014614    4.7E+07      0.00014614    5.7E+07      2.14E+05      
   4.71E+07     0.98576      0.00014576    4.71E+07     0.00014576    5.71E+07     2.1456E+05    
   4.72E+07     0.98575      0.00014566    4.72E+07     0.00014566    5.72E+07     2.1429E+05    
   4.73E+07     0.98575      0.00014531    4.73E+07     0.00014531    5.73E+07     2.1446E+05    
   4.74E+07     0.98574      0.00014495    4.74E+07     0.00014495    5.74E+07     2.1492E+05    
   4.75E+07     0.98574      0.00014457    4.75E+07     0.00014457    5.75E+07     2.1538E+05    
   4.76E+07     0.98574      0.00014432    4.76E+07     0.00014432    5.76E+07     2.1538E+05    
   4.77E+07     0.98574      0.000144      4.77E+07     0.000144      5.77E+07     2.154E+05     
   4.78E+07     0.98574      0.00014363    4.78E+07     0.00014363    5.78E+07     2.1574E+05    
   4.79E+07     0.98575      0.00014342    4.79E+07     0.00014342    5.79E+07     2.1584E+05    
   4.8E+07      0.98575      0.00014315    4.8E+07      0.00014315    5.8E+07      2.16E+05      
   4.81E+07     0.98575      0.00014278    4.81E+07     0.00014278    5.81E+07     2.1646E+05    
   4.82E+07     0.98575      0.0001425     4.82E+07     0.0001425     5.82E+07     2.1692E+05    
   4.83E+07     0.98574      0.00014239    4.83E+07     0.00014239    5.83E+07     2.1744E+05    
   4.84E+07     0.98575      0.00014232    4.84E+07     0.00014232    5.84E+07     2.1787E+05    
   4.85E+07     0.98575      0.00014195    4.85E+07     0.00014195    5.85E+07     2.1686E+05    
   4.86E+07     0.98575      0.00014159    4.86E+07     0.00014159    5.86E+07     2.1706E+05    
   4.87E+07     0.98578      0.00014415    4.87E+07     0.00014415    5.87E+07     2.1759E+05    
   4.88E+07     0.98578      0.00014393    4.88E+07     0.00014393    5.88E+07     2.1807E+05    
   4.89E+07     0.98578      0.00014356    4.89E+07     0.00014356    5.89E+07     2.1861E+05    
   4.9E+07      0.98577      0.00014362    4.9E+07      0.00014362    5.9E+07      2.1901E+05    
   4.91E+07     0.98577      0.00014331    4.91E+07     0.00014331    5.91E+07     2.1826E+05    
   4.92E+07     0.98578      0.00014317    4.92E+07     0.00014317    5.92E+07     2.1564E+05    
   4.93E+07     0.98578      0.00014283    4.93E+07     0.00014283    5.93E+07     2.1617E+05    
   4.94E+07     0.98578      0.00014248    4.94E+07     0.00014248    5.94E+07     2.1647E+05    
   4.95E+07     0.98579      0.00014282    4.95E+07     0.00014282    5.95E+07     2.1696E+05    
   4.96E+07     0.98579      0.0001425     4.96E+07     0.0001425     5.96E+07     2.174E+05     
   4.97E+07     0.98579      0.00014221    4.97E+07     0.00014221    5.97E+07     2.1638E+05    
   4.98E+07     0.98581      0.00014292    4.98E+07     0.00014292    5.98E+07     2.1597E+05    
   4.99E+07     0.98581      0.00014258    4.99E+07     0.00014258    5.99E+07     2.1557E+05    
   5E+07        0.98582      0.00014253    5E+07        0.00014253    6E+07        2.159E+05     
   5.01E+07     0.98582      0.00014221    5.01E+07     0.00014221    6.01E+07     2.159E+05     
   5.02E+07     0.98584      0.00014304    5.02E+07     0.00014304    6.02E+07     2.1634E+05    
   5.03E+07     0.98584      0.00014272    5.03E+07     0.00014272    6.03E+07     2.1656E+05    
   5.04E+07     0.98585      0.0001425     5.04E+07     0.0001425     6.04E+07     2.1676E+05    
   5.05E+07     0.98584      0.00014228    5.05E+07     0.00014228    6.05E+07     2.1699E+05    
   5.06E+07     0.98585      0.00014212    5.06E+07     0.00014212    6.06E+07     2.1736E+05    
   5.07E+07     0.98585      0.00014178    5.07E+07     0.00014178    6.07E+07     2.1782E+05    
   5.08E+07     0.98585      0.00014144    5.08E+07     0.00014144    6.08E+07     2.1826E+05    
   5.09E+07     0.98586      0.00014133    5.09E+07     0.00014133    6.09E+07     2.1861E+05    
   5.1E+07      0.98585      0.00014104    5.1E+07      0.00014104    6.1E+07      2.1868E+05    
   5.11E+07     0.98585      0.00014081    5.11E+07     0.00014081    6.11E+07     2.1818E+05    
   5.12E+07     0.98583      0.0001412     5.12E+07     0.0001412     6.12E+07     2.1868E+05    
   5.13E+07     0.98583      0.00014107    5.13E+07     0.00014107    6.13E+07     2.1904E+05    
   5.14E+07     0.98583      0.00014075    5.14E+07     0.00014075    6.14E+07     2.1955E+05    
   5.15E+07     0.98582      0.00014048    5.15E+07     0.00014048    6.15E+07     2.2003E+05    
   5.16E+07     0.98583      0.00014015    5.16E+07     0.00014015    6.16E+07     2.2028E+05    
   5.17E+07     0.98582      0.00013982    5.17E+07     0.00013982    6.17E+07     2.2072E+05    
   5.18E+07     0.98582      0.00013958    5.18E+07     0.00013958    6.18E+07     2.2108E+05    
   5.19E+07     0.98582      0.00013927    5.19E+07     0.00013927    6.19E+07     2.2156E+05    
   5.2E+07      0.98582      0.00013899    5.2E+07      0.00013899    6.2E+07      2.21E+05      
   5.21E+07     0.98582      0.00013866    5.21E+07     0.00013866    6.21E+07     2.2005E+05    
   5.22E+07     0.98583      0.00013857    5.22E+07     0.00013857    6.22E+07     2.2041E+05    
   5.23E+07     0.98582      0.00013825    5.23E+07     0.00013825    6.23E+07     2.204E+05     
   5.24E+07     0.98581      0.0001387     5.24E+07     0.0001387     6.24E+07     2.2064E+05    
   5.25E+07     0.98581      0.00013845    5.25E+07     0.00013845    6.25E+07     2.2047E+05    
   5.26E+07     0.98581      0.00013813    5.26E+07     0.00013813    6.26E+07     2.2096E+05    
   5.27E+07     0.98582      0.00013788    5.27E+07     0.00013788    6.27E+07     2.2002E+05    
   5.28E+07     0.98582      0.00013757    5.28E+07     0.00013757    6.28E+07     2.2034E+05    
   5.29E+07     0.98581      0.00013752    5.29E+07     0.00013752    6.29E+07     2.2052E+05    
   5.3E+07      0.98581      0.00013721    5.3E+07      0.00013721    6.3E+07      2.2101E+05    
   5.31E+07     0.98582      0.00013705    5.31E+07     0.00013705    6.31E+07     2.2024E+05    
   5.32E+07     0.98582      0.00013684    5.32E+07     0.00013684    6.32E+07     2.2073E+05    
   5.33E+07     0.98582      0.00013653    5.33E+07     0.00013653    6.33E+07     2.2093E+05    
   5.34E+07     0.98582      0.00013625    5.34E+07     0.00013625    6.34E+07     2.2099E+05    
   5.35E+07     0.98583      0.0001369     5.35E+07     0.0001369     6.35E+07     2.2079E+05    
   5.36E+07     0.98583      0.0001367     5.36E+07     0.0001367     6.36E+07     2.2128E+05    
   5.37E+07     0.98583      0.00013642    5.37E+07     0.00013642    6.37E+07     2.2171E+05    
   5.38E+07     0.98582      0.00013615    5.38E+07     0.00013615    6.38E+07     2.2214E+05    
   5.39E+07     0.98583      0.00013612    5.39E+07     0.00013612    6.39E+07     2.2254E+05    
   5.4E+07      0.98583      0.00013592    5.4E+07      0.00013592    6.4E+07      2.2299E+05    
   5.41E+07     0.98583      0.00013593    5.41E+07     0.00013593    6.41E+07     2.2349E+05    
   5.42E+07     0.98584      0.00013564    5.42E+07     0.00013564    6.42E+07     2.239E+05     
   5.43E+07     0.98584      0.00013536    5.43E+07     0.00013536    6.43E+07     2.2431E+05    
   5.44E+07     0.98584      0.00013505    5.44E+07     0.00013505    6.44E+07     2.237E+05     
   5.45E+07     0.98584      0.00013475    5.45E+07     0.00013475    6.45E+07     2.241E+05     
   5.46E+07     0.98585      0.00013478    5.46E+07     0.00013478    6.46E+07     2.2452E+05    
   5.47E+07     0.98584      0.00013468    5.47E+07     0.00013468    6.47E+07     2.2418E+05    
   5.48E+07     0.98584      0.00013443    5.48E+07     0.00013443    6.48E+07     2.2449E+05    
   5.49E+07     0.98584      0.00013416    5.49E+07     0.00013416    6.49E+07     2.2498E+05    
   5.5E+07      0.98584      0.00013387    5.5E+07      0.00013387    6.5E+07      2.2515E+05    
   5.51E+07     0.98584      0.00013357    5.51E+07     0.00013357    6.51E+07     2.2531E+05    
   5.52E+07     0.98584      0.00013328    5.52E+07     0.00013328    6.52E+07     2.2533E+05    
   5.53E+07     0.98583      0.00013311    5.53E+07     0.00013311    6.53E+07     2.255E+05     
   5.54E+07     0.98584      0.0001329     5.54E+07     0.0001329     6.54E+07     2.2527E+05    
   5.55E+07     0.98584      0.00013266    5.55E+07     0.00013266    6.55E+07     2.2547E+05    
   5.56E+07     0.98585      0.00013291    5.56E+07     0.00013291    6.56E+07     2.2587E+05    
   5.57E+07     0.98585      0.00013265    5.57E+07     0.00013265    6.57E+07     2.2632E+05    
   5.58E+07     0.98585      0.00013237    5.58E+07     0.00013237    6.58E+07     2.2623E+05    
   5.59E+07     0.98585      0.0001321     5.59E+07     0.0001321     6.59E+07     2.2667E+05    
   5.6E+07      0.98585      0.0001319     5.6E+07      0.0001319     6.6E+07      2.265E+05     
   5.61E+07     0.98585      0.00013161    5.61E+07     0.00013161    6.61E+07     2.2695E+05    
   5.62E+07     0.98586      0.00013173    5.62E+07     0.00013173    6.62E+07     2.2736E+05    
   5.63E+07     0.98585      0.00013154    5.63E+07     0.00013154    6.63E+07     2.2594E+05    
   5.64E+07     0.98585      0.00013128    5.64E+07     0.00013128    6.64E+07     2.2635E+05    
   5.65E+07     0.98586      0.00013152    5.65E+07     0.00013152    6.65E+07     2.2675E+05    
   5.66E+07     0.98586      0.00013125    5.66E+07     0.00013125    6.66E+07     2.2647E+05    
   5.67E+07     0.98587      0.00013109    5.67E+07     0.00013109    6.67E+07     2.2642E+05    
   5.68E+07     0.98587      0.00013081    5.68E+07     0.00013081    6.68E+07     2.2649E+05    
   5.69E+07     0.98587      0.00013059    5.69E+07     0.00013059    6.69E+07     2.2657E+05    
   5.7E+07      0.98587      0.00013033    5.7E+07      0.00013033    6.7E+07      2.2699E+05    
   5.71E+07     0.98587      0.00013005    5.71E+07     0.00013005    6.71E+07     2.2694E+05    
   5.72E+07     0.98588      0.00013001    5.72E+07     0.00013001    6.72E+07     2.2442E+05    
   5.73E+07     0.98588      0.00012984    5.73E+07     0.00012984    6.73E+07     2.2488E+05    
   5.74E+07     0.98588      0.0001296     5.74E+07     0.0001296     6.74E+07     2.2524E+05    
   5.75E+07     0.98588      0.00012935    5.75E+07     0.00012935    6.75E+07     2.257E+05     
   5.76E+07     0.98587      0.00012922    5.76E+07     0.00012922    6.76E+07     2.2583E+05    
   5.77E+07     0.98588      0.00012911    5.77E+07     0.00012911    6.77E+07     2.2534E+05    
   5.78E+07     0.98588      0.0001289     5.78E+07     0.0001289     6.78E+07     2.2566E+05    
   5.79E+07     0.98588      0.00012875    5.79E+07     0.00012875    6.79E+07     2.2564E+05    
   5.8E+07      0.98587      0.00012858    5.8E+07      0.00012858    6.8E+07      2.2561E+05    
   5.81E+07     0.98588      0.00012834    5.81E+07     0.00012834    6.81E+07     2.2604E+05    
   5.82E+07     0.98587      0.0001281     5.82E+07     0.0001281     6.82E+07     2.2631E+05    
   5.83E+07     0.98587      0.00012783    5.83E+07     0.00012783    6.83E+07     2.2651E+05    
   5.84E+07     0.98587      0.00012759    5.84E+07     0.00012759    6.84E+07     2.2484E+05    
   5.85E+07     0.98586      0.00012778    5.85E+07     0.00012778    6.85E+07     2.2525E+05    
   5.86E+07     0.98586      0.00012762    5.86E+07     0.00012762    6.86E+07     2.2569E+05    
   5.87E+07     0.98587      0.00012736    5.87E+07     0.00012736    6.87E+07     2.2587E+05    
   5.88E+07     0.98587      0.0001271     5.88E+07     0.0001271     6.88E+07     2.2599E+05    
   5.89E+07     0.98587      0.00012684    5.89E+07     0.00012684    6.89E+07     2.2642E+05    
   5.9E+07      0.98587      0.00012661    5.9E+07      0.00012661    6.9E+07      2.2679E+05    
   5.91E+07     0.98586      0.00012672    5.91E+07     0.00012672    6.91E+07     2.2623E+05    
   5.92E+07     0.98584      0.00012737    5.92E+07     0.00012737    6.92E+07     2.2657E+05    
   5.93E+07     0.98584      0.00012712    5.93E+07     0.00012712    6.93E+07     2.2653E+05    
   5.94E+07     0.98584      0.00012692    5.94E+07     0.00012692    6.94E+07     2.2694E+05    
   5.95E+07     0.98584      0.00012668    5.95E+07     0.00012668    6.95E+07     2.2728E+05    
   5.96E+07     0.98584      0.00012643    5.96E+07     0.00012643    6.96E+07     2.277E+05     
   5.97E+07     0.98585      0.00012662    5.97E+07     0.00012662    6.97E+07     2.2815E+05    
   5.98E+07     0.98586      0.00012663    5.98E+07     0.00012663    6.98E+07     2.2857E+05    
   5.99E+07     0.98586      0.00012665    5.99E+07     0.00012665    6.99E+07     2.2874E+05    
   6E+07        0.98587      0.00012645    6E+07        0.00012645    7E+07        2.2756E+05    
   6.01E+07     0.98586      0.00012634    6.01E+07     0.00012634    7.01E+07     2.2798E+05    
   6.02E+07     0.98586      0.00012611    6.02E+07     0.00012611    7.02E+07     2.282E+05     
   6.03E+07     0.98586      0.00012594    6.03E+07     0.00012594    7.03E+07     2.2853E+05    
   6.04E+07     0.98586      0.00012578    6.04E+07     0.00012578    7.04E+07     2.2862E+05    
   6.05E+07     0.98587      0.0001256     6.05E+07     0.0001256     7.05E+07     2.2841E+05    
   6.06E+07     0.98587      0.00012539    6.06E+07     0.00012539    7.06E+07     2.2789E+05    
   6.07E+07     0.98586      0.00012516    6.07E+07     0.00012516    7.07E+07     2.2794E+05    
   6.08E+07     0.98586      0.00012493    6.08E+07     0.00012493    7.08E+07     2.2806E+05    
   6.09E+07     0.98586      0.00012472    6.09E+07     0.00012472    7.09E+07     2.2471E+05    
   6.1E+07      0.98586      0.0001246     6.1E+07      0.0001246     7.1E+07      2.244E+05     
   6.11E+07     0.98587      0.00012464    6.11E+07     0.00012464    7.11E+07     2.2482E+05    
   6.12E+07     0.98587      0.0001244     6.12E+07     0.0001244     7.12E+07     2.2517E+05    
   6.13E+07     0.98587      0.00012418    6.13E+07     0.00012418    7.13E+07     2.2546E+05    
   6.14E+07     0.98587      0.00012394    6.14E+07     0.00012394    7.14E+07     2.2589E+05    
   6.15E+07     0.98587      0.00012371    6.15E+07     0.00012371    7.15E+07     2.2592E+05    
   6.16E+07     0.98587      0.00012354    6.16E+07     0.00012354    7.16E+07     2.2618E+05    
   6.17E+07     0.98587      0.00012331    6.17E+07     0.00012331    7.17E+07     2.2652E+05    
   6.18E+07     0.98588      0.0001231     6.18E+07     0.0001231     7.18E+07     2.2679E+05    
   6.19E+07     0.98588      0.00012288    6.19E+07     0.00012288    7.19E+07     2.2719E+05    
   6.2E+07      0.98587      0.00012293    6.2E+07      0.00012293    7.2E+07      2.2751E+05    
   6.21E+07     0.98588      0.00012309    6.21E+07     0.00012309    7.21E+07     2.2793E+05    
   6.22E+07     0.98588      0.00012288    6.22E+07     0.00012288    7.22E+07     2.2778E+05    
   6.23E+07     0.98587      0.00012279    6.23E+07     0.00012279    7.23E+07     2.2817E+05    
   6.24E+07     0.98587      0.00012263    6.24E+07     0.00012263    7.24E+07     2.2843E+05    
   6.25E+07     0.98586      0.00012257    6.25E+07     0.00012257    7.25E+07     2.2851E+05    
   6.26E+07     0.98586      0.00012233    6.26E+07     0.00012233    7.26E+07     2.2891E+05    
   6.27E+07     0.98587      0.0001225     6.27E+07     0.0001225     7.27E+07     2.2881E+05    
   6.28E+07     0.98587      0.00012232    6.28E+07     0.00012232    7.28E+07     2.2887E+05    
   6.29E+07     0.98588      0.00012217    6.29E+07     0.00012217    7.29E+07     2.2914E+05    
   6.3E+07      0.98588      0.00012194    6.3E+07      0.00012194    7.3E+07      2.2956E+05    
   6.31E+07     0.98587      0.00012205    6.31E+07     0.00012205    7.31E+07     2.2988E+05    
   6.32E+07     0.98587      0.00012183    6.32E+07     0.00012183    7.32E+07     2.3027E+05    
   6.33E+07     0.98586      0.00012166    6.33E+07     0.00012166    7.33E+07     2.3063E+05    
   6.34E+07     0.98587      0.00012155    6.34E+07     0.00012155    7.34E+07     2.3104E+05    
   6.35E+07     0.98588      0.00012151    6.35E+07     0.00012151    7.35E+07     2.3102E+05    
   6.36E+07     0.98588      0.00012129    6.36E+07     0.00012129    7.36E+07     2.3085E+05    
   6.37E+07     0.98588      0.00012107    6.37E+07     0.00012107    7.37E+07     2.3081E+05    
   6.38E+07     0.98588      0.00012085    6.38E+07     0.00012085    7.38E+07     2.309E+05     
   6.39E+07     0.98588      0.00012065    6.39E+07     0.00012065    7.39E+07     2.3127E+05    
   6.4E+07      0.98588      0.00012044    6.4E+07      0.00012044    7.4E+07      2.3162E+05    
   6.41E+07     0.98588      0.00012022    6.41E+07     0.00012022    7.41E+07     2.3202E+05    
   6.42E+07     0.98588      0.00012       6.42E+07     0.00012       7.42E+07     2.3245E+05    
   6.43E+07     0.98587      0.0001198     6.43E+07     0.0001198     7.43E+07     2.3268E+05    
   6.44E+07     0.98588      0.00011987    6.44E+07     0.00011987    7.44E+07     2.33E+05      
   6.45E+07     0.98588      0.00011967    6.45E+07     0.00011967    7.45E+07     2.3341E+05    
   6.46E+07     0.98588      0.00011945    6.46E+07     0.00011945    7.46E+07     2.3361E+05    
   6.47E+07     0.98589      0.00011946    6.47E+07     0.00011946    7.47E+07     2.3401E+05    
   6.48E+07     0.98589      0.00011929    6.48E+07     0.00011929    7.48E+07     2.3396E+05    
   6.49E+07     0.98589      0.00011907    6.49E+07     0.00011907    7.49E+07     2.3432E+05    
   6.5E+07      0.98589      0.00011892    6.5E+07      0.00011892    7.5E+07      2.3466E+05    
   6.51E+07     0.98588      0.00011879    6.51E+07     0.00011879    7.51E+07     2.3493E+05    
   6.52E+07     0.98588      0.00011869    6.52E+07     0.00011869    7.52E+07     2.3486E+05    
   6.53E+07     0.98587      0.00011856    6.53E+07     0.00011856    7.53E+07     2.3511E+05    
   6.54E+07     0.98587      0.00011852    6.54E+07     0.00011852    7.54E+07     2.3545E+05    
   6.55E+07     0.98587      0.00011838    6.55E+07     0.00011838    7.55E+07     2.3525E+05    
   6.56E+07     0.98587      0.00011819    6.56E+07     0.00011819    7.56E+07     2.3558E+05    
   6.57E+07     0.98587      0.00011798    6.57E+07     0.00011798    7.57E+07     2.3595E+05    
   6.58E+07     0.98587      0.00011791    6.58E+07     0.00011791    7.58E+07     2.3621E+05    
   6.59E+07     0.98587      0.0001177     6.59E+07     0.0001177     7.59E+07     2.3552E+05    
   6.6E+07      0.98586      0.00011766    6.6E+07      0.00011766    7.6E+07      2.3592E+05    
   6.61E+07     0.98586      0.00011746    6.61E+07     0.00011746    7.61E+07     2.3629E+05    
   6.62E+07     0.98586      0.00011726    6.62E+07     0.00011726    7.62E+07     2.3668E+05    
   6.63E+07     0.98587      0.00011754    6.63E+07     0.00011754    7.63E+07     2.3627E+05    
   6.64E+07     0.98588      0.00011734    6.64E+07     0.00011734    7.64E+07     2.3654E+05    
   6.65E+07     0.98587      0.00011715    6.65E+07     0.00011715    7.65E+07     2.3677E+05    
   6.66E+07     0.98587      0.00011713    6.66E+07     0.00011713    7.66E+07     2.3712E+05    
   6.67E+07     0.98587      0.00011705    6.67E+07     0.00011705    7.67E+07     2.37E+05      
   6.68E+07     0.98588      0.00011695    6.68E+07     0.00011695    7.68E+07     2.3665E+05    
   6.69E+07     0.98587      0.00011685    6.69E+07     0.00011685    7.69E+07     2.3699E+05    
   6.7E+07      0.98587      0.00011664    6.7E+07      0.00011664    7.7E+07      2.3574E+05    
   6.71E+07     0.98588      0.00011657    6.71E+07     0.00011657    7.71E+07     2.3576E+05    
   6.72E+07     0.98586      0.00011713    6.72E+07     0.00011713    7.72E+07     2.3617E+05    
   6.73E+07     0.98586      0.00011693    6.73E+07     0.00011693    7.73E+07     2.3653E+05    
   6.74E+07     0.98587      0.00011674    6.74E+07     0.00011674    7.74E+07     2.3535E+05    
   6.75E+07     0.98587      0.00011654    6.75E+07     0.00011654    7.75E+07     2.3573E+05    
   6.76E+07     0.98586      0.00011642    6.76E+07     0.00011642    7.76E+07     2.36E+05      
   6.77E+07     0.98587      0.00011646    6.77E+07     0.00011646    7.77E+07     2.3622E+05    
   6.78E+07     0.98587      0.0001163     6.78E+07     0.0001163     7.78E+07     2.3612E+05    
   6.79E+07     0.98587      0.00011622    6.79E+07     0.00011622    7.79E+07     2.365E+05     
   6.8E+07      0.98587      0.00011614    6.8E+07      0.00011614    7.8E+07      2.355E+05     
   6.81E+07     0.98587      0.00011595    6.81E+07     0.00011595    7.81E+07     2.3572E+05    
   6.82E+07     0.98587      0.0001158     6.82E+07     0.0001158     7.82E+07     2.3609E+05    
   6.83E+07     0.98587      0.00011565    6.83E+07     0.00011565    7.83E+07     2.3467E+05    
   6.84E+07     0.98588      0.000116      6.84E+07     0.000116      7.84E+07     2.3505E+05    
   6.85E+07     0.98588      0.0001158     6.85E+07     0.0001158     7.85E+07     2.353E+05     
   6.86E+07     0.98588      0.00011561    6.86E+07     0.00011561    7.86E+07     2.3348E+05    
   6.87E+07     0.98588      0.00011547    6.87E+07     0.00011547    7.87E+07     2.3344E+05    
   6.88E+07     0.98589      0.00011536    6.88E+07     0.00011536    7.88E+07     2.3359E+05    
   6.89E+07     0.98589      0.00011516    6.89E+07     0.00011516    7.89E+07     2.3395E+05    
   6.9E+07      0.98589      0.00011499    6.9E+07      0.00011499    7.9E+07      2.3352E+05    
   6.91E+07     0.98588      0.00011504    6.91E+07     0.00011504    7.91E+07     2.3385E+05    
   6.92E+07     0.98588      0.00011487    6.92E+07     0.00011487    7.92E+07     2.3398E+05    
   6.93E+07     0.98588      0.0001148     6.93E+07     0.0001148     7.93E+07     2.3425E+05    
   6.94E+07     0.98588      0.00011462    6.94E+07     0.00011462    7.94E+07     2.3438E+05    
   6.95E+07     0.98588      0.00011444    6.95E+07     0.00011444    7.95E+07     2.3461E+05    
   6.96E+07     0.98588      0.00011426    6.96E+07     0.00011426    7.96E+07     2.3498E+05    
   6.97E+07     0.98588      0.00011406    6.97E+07     0.00011406    7.97E+07     2.3394E+05    
   6.98E+07     0.98588      0.00011388    6.98E+07     0.00011388    7.98E+07     2.3426E+05    
   6.99E+07     0.98589      0.00011374    6.99E+07     0.00011374    7.99E+07     2.3441E+05    
   7E+07        0.9859       0.00011396    7E+07        0.00011396    8E+07        2.3463E+05    
   7.01E+07     0.9859       0.00011378    7.01E+07     0.00011378    8.01E+07     2.35E+05      
   7.02E+07     0.9859       0.00011364    7.02E+07     0.00011364    8.02E+07     2.3453E+05    
   7.03E+07     0.9859       0.00011347    7.03E+07     0.00011347    8.03E+07     2.3491E+05    
   7.04E+07     0.98589      0.00011337    7.04E+07     0.00011337    8.04E+07     2.3506E+05    
   7.05E+07     0.98589      0.00011334    7.05E+07     0.00011334    8.05E+07     2.349E+05     
   7.06E+07     0.98588      0.00011339    7.06E+07     0.00011339    8.06E+07     2.3523E+05    
   7.07E+07     0.98588      0.0001133     7.07E+07     0.0001133     8.07E+07     2.3351E+05    
   7.08E+07     0.98588      0.00011319    7.08E+07     0.00011319    8.08E+07     2.3384E+05    
   7.09E+07     0.98589      0.00011395    7.09E+07     0.00011395    8.09E+07     2.3417E+05    
   7.1E+07      0.9859       0.00011396    7.1E+07      0.00011396    8.1E+07      2.3375E+05    
   7.11E+07     0.9859       0.00011377    7.11E+07     0.00011377    8.11E+07     2.3412E+05    
   7.12E+07     0.9859       0.0001136     7.12E+07     0.0001136     8.12E+07     2.3447E+05    
   7.13E+07     0.9859       0.00011344    7.13E+07     0.00011344    8.13E+07     2.347E+05     
   7.14E+07     0.9859       0.00011326    7.14E+07     0.00011326    8.14E+07     2.3435E+05    
   7.15E+07     0.98591      0.00011317    7.15E+07     0.00011317    8.15E+07     2.3463E+05    
   7.16E+07     0.9859       0.00011302    7.16E+07     0.00011302    8.16E+07     2.35E+05      
   7.17E+07     0.9859       0.00011286    7.17E+07     0.00011286    8.17E+07     2.3537E+05    
   7.18E+07     0.9859       0.00011272    7.18E+07     0.00011272    8.18E+07     2.3558E+05    
   7.19E+07     0.9859       0.00011254    7.19E+07     0.00011254    8.19E+07     2.3595E+05    
   7.2E+07      0.9859       0.00011238    7.2E+07      0.00011238    8.2E+07      2.363E+05     
   7.21E+07     0.9859       0.0001122     7.21E+07     0.0001122     8.21E+07     2.3668E+05    
   7.22E+07     0.98591      0.00011216    7.22E+07     0.00011216    8.22E+07     2.3694E+05    
   7.23E+07     0.98591      0.00011199    7.23E+07     0.00011199    8.23E+07     2.3728E+05    
   7.24E+07     0.98591      0.00011184    7.24E+07     0.00011184    8.24E+07     2.3766E+05    
   7.25E+07     0.9859       0.00011174    7.25E+07     0.00011174    8.25E+07     2.3803E+05    
   7.26E+07     0.9859       0.00011157    7.26E+07     0.00011157    8.26E+07     2.3826E+05    
   7.27E+07     0.98591      0.00011152    7.27E+07     0.00011152    8.27E+07     2.3857E+05    
   7.28E+07     0.9859       0.00011142    7.28E+07     0.00011142    8.28E+07     2.3732E+05    
   7.29E+07     0.9859       0.00011128    7.29E+07     0.00011128    8.29E+07     2.3765E+05    
   7.3E+07      0.9859       0.0001111     7.3E+07      0.0001111     8.3E+07      2.3802E+05    
   7.31E+07     0.98591      0.00011095    7.31E+07     0.00011095    8.31E+07     2.3821E+05    
   7.32E+07     0.98591      0.00011078    7.32E+07     0.00011078    8.32E+07     2.3813E+05    
   7.33E+07     0.98591      0.00011062    7.33E+07     0.00011062    8.33E+07     2.3768E+05    
   7.34E+07     0.98591      0.00011044    7.34E+07     0.00011044    8.34E+07     2.3806E+05    
   7.35E+07     0.9859       0.00011037    7.35E+07     0.00011037    8.35E+07     2.3792E+05    
   7.36E+07     0.9859       0.00011033    7.36E+07     0.00011033    8.36E+07     2.3804E+05    
   7.37E+07     0.9859       0.00011027    7.37E+07     0.00011027    8.37E+07     2.3773E+05    
   7.38E+07     0.9859       0.00011017    7.38E+07     0.00011017    8.38E+07     2.3717E+05    
   7.39E+07     0.9859       0.00011001    7.39E+07     0.00011001    8.39E+07     2.3739E+05    
   7.4E+07      0.9859       0.00010985    7.4E+07      0.00010985    8.4E+07      2.3772E+05    
   7.41E+07     0.9859       0.00010968    7.41E+07     0.00010968    8.41E+07     2.3809E+05    
   7.42E+07     0.9859       0.00010951    7.42E+07     0.00010951    8.42E+07     2.3843E+05    
   7.43E+07     0.98591      0.00010938    7.43E+07     0.00010938    8.43E+07     2.3844E+05    
   7.44E+07     0.9859       0.00010922    7.44E+07     0.00010922    8.44E+07     2.3839E+05    
   7.45E+07     0.9859       0.00010905    7.45E+07     0.00010905    8.45E+07     2.3875E+05    
   7.46E+07     0.9859       0.00010894    7.46E+07     0.00010894    8.46E+07     2.391E+05     
   7.47E+07     0.9859       0.00010877    7.47E+07     0.00010877    8.47E+07     2.3904E+05    
   7.48E+07     0.98589      0.00010871    7.48E+07     0.00010871    8.48E+07     2.393E+05     
   7.49E+07     0.98589      0.00010854    7.49E+07     0.00010854    8.49E+07     2.3889E+05    
   7.5E+07      0.9859       0.00010839    7.5E+07      0.00010839    8.5E+07      2.3882E+05    
   7.51E+07     0.9859       0.00010826    7.51E+07     0.00010826    8.51E+07     2.389E+05     
   7.52E+07     0.98589      0.0001082     7.52E+07     0.0001082     8.52E+07     2.391E+05     
   7.53E+07     0.9859       0.00010807    7.53E+07     0.00010807    8.53E+07     2.3862E+05    
   7.54E+07     0.9859       0.00010791    7.54E+07     0.00010791    8.54E+07     2.3827E+05    
   7.55E+07     0.9859       0.00010789    7.55E+07     0.00010789    8.55E+07     2.3617E+05    
   7.56E+07     0.9859       0.00010775    7.56E+07     0.00010775    8.56E+07     2.3622E+05    
   7.57E+07     0.9859       0.00010758    7.57E+07     0.00010758    8.57E+07     2.3656E+05    
   7.58E+07     0.98591      0.00010745    7.58E+07     0.00010745    8.58E+07     2.3683E+05    
   7.59E+07     0.9859       0.00010754    7.59E+07     0.00010754    8.59E+07     2.3713E+05    
   7.6E+07      0.9859       0.00010738    7.6E+07      0.00010738    8.6E+07      2.3737E+05    
   7.61E+07     0.9859       0.00010723    7.61E+07     0.00010723    8.61E+07     2.3769E+05    
   7.62E+07     0.9859       0.00010707    7.62E+07     0.00010707    8.62E+07     2.3801E+05    
   7.63E+07     0.98589      0.0001071     7.63E+07     0.0001071     8.63E+07     2.3632E+05    
   7.64E+07     0.98589      0.00010697    7.64E+07     0.00010697    8.64E+07     2.3629E+05    
   7.65E+07     0.98589      0.00010684    7.65E+07     0.00010684    8.65E+07     2.3664E+05    
   7.66E+07     0.98589      0.0001067     7.66E+07     0.0001067     8.66E+07     2.3624E+05    
   7.67E+07     0.98589      0.00010665    7.67E+07     0.00010665    8.67E+07     2.366E+05     
   7.68E+07     0.98589      0.00010666    7.68E+07     0.00010666    8.68E+07     2.3511E+05    
   7.69E+07     0.9859       0.00010651    7.69E+07     0.00010651    8.69E+07     2.3546E+05    
   7.7E+07      0.98589      0.00010672    7.7E+07      0.00010672    8.7E+07      2.3547E+05    
   7.71E+07     0.98588      0.00010665    7.71E+07     0.00010665    8.71E+07     2.3537E+05    
   7.72E+07     0.98588      0.00010649    7.72E+07     0.00010649    8.72E+07     2.3568E+05    
   7.73E+07     0.98588      0.00010634    7.73E+07     0.00010634    8.73E+07     2.3576E+05    
   7.74E+07     0.98587      0.00010654    7.74E+07     0.00010654    8.74E+07     2.3594E+05    
   7.75E+07     0.98587      0.00010638    7.75E+07     0.00010638    8.75E+07     2.3624E+05    
   7.76E+07     0.98587      0.00010625    7.76E+07     0.00010625    8.76E+07     2.3586E+05    
   7.77E+07     0.98587      0.00010612    7.77E+07     0.00010612    8.77E+07     2.362E+05     
   7.78E+07     0.98588      0.00010608    7.78E+07     0.00010608    8.78E+07     2.3621E+05    
   7.79E+07     0.98588      0.00010593    7.79E+07     0.00010593    8.79E+07     2.363E+05     
   7.8E+07      0.98589      0.00010609    7.8E+07      0.00010609    8.8E+07      2.3638E+05    
   7.81E+07     0.98589      0.00010596    7.81E+07     0.00010596    8.81E+07     2.3657E+05    
   7.82E+07     0.98589      0.0001058     7.82E+07     0.0001058     8.82E+07     2.3592E+05    
   7.83E+07     0.98589      0.00010606    7.83E+07     0.00010606    8.83E+07     2.3593E+05    
   7.84E+07     0.98589      0.00010591    7.84E+07     0.00010591    8.84E+07     2.362E+05     
   7.85E+07     0.98589      0.00010578    7.85E+07     0.00010578    8.85E+07     2.3614E+05    
   7.86E+07     0.9859       0.00010612    7.86E+07     0.00010612    8.86E+07     2.3645E+05    
   7.87E+07     0.98591      0.00010607    7.87E+07     0.00010607    8.87E+07     2.3644E+05    
   7.88E+07     0.9859       0.00010596    7.88E+07     0.00010596    8.88E+07     2.3676E+05    
   7.89E+07     0.9859       0.00010581    7.89E+07     0.00010581    8.89E+07     2.3699E+05    
   7.9E+07      0.9859       0.00010584    7.9E+07      0.00010584    8.9E+07      2.3733E+05    
   7.91E+07     0.9859       0.0001057     7.91E+07     0.0001057     8.91E+07     2.3767E+05    
   7.92E+07     0.9859       0.00010561    7.92E+07     0.00010561    8.92E+07     2.3769E+05    
   7.93E+07     0.9859       0.00010548    7.93E+07     0.00010548    8.93E+07     2.3798E+05    
   7.94E+07     0.9859       0.00010539    7.94E+07     0.00010539    8.94E+07     2.3785E+05    
   7.95E+07     0.9859       0.00010527    7.95E+07     0.00010527    8.95E+07     2.381E+05     
   7.96E+07     0.9859       0.00010512    7.96E+07     0.00010512    8.96E+07     2.3837E+05    
   7.97E+07     0.98589      0.00010529    7.97E+07     0.00010529    8.97E+07     2.3867E+05    
   7.98E+07     0.98589      0.00010514    7.98E+07     0.00010514    8.98E+07     2.3882E+05    
   7.99E+07     0.9859       0.00010504    7.99E+07     0.00010504    8.99E+07     2.3916E+05    
   8E+07        0.9859       0.00010493    8E+07        0.00010493    9E+07        2.3881E+05    
   8.01E+07     0.9859       0.00010478    8.01E+07     0.00010478    9.01E+07     2.3896E+05    
   8.02E+07     0.9859       0.00010482    8.02E+07     0.00010482    9.02E+07     2.3922E+05    
   8.03E+07     0.9859       0.00010467    8.03E+07     0.00010467    9.03E+07     2.3953E+05    
   8.04E+07     0.9859       0.00010457    8.04E+07     0.00010457    9.04E+07     2.3941E+05    
   8.05E+07     0.98591      0.00010454    8.05E+07     0.00010454    9.05E+07     2.3969E+05    
   8.06E+07     0.98591      0.0001044     8.06E+07     0.0001044     9.06E+07     2.3875E+05    
   8.07E+07     0.9859       0.00010472    8.07E+07     0.00010472    9.07E+07     2.3889E+05    
   8.08E+07     0.9859       0.00010458    8.08E+07     0.00010458    9.08E+07     2.3908E+05    
   8.09E+07     0.9859       0.00010445    8.09E+07     0.00010445    9.09E+07     2.3938E+05    
   8.1E+07      0.98591      0.00010447    8.1E+07      0.00010447    9.1E+07      2.3971E+05    
   8.11E+07     0.98591      0.00010433    8.11E+07     0.00010433    9.11E+07     2.399E+05     
   8.12E+07     0.98591      0.00010418    8.12E+07     0.00010418    9.12E+07     2.4019E+05    
   8.13E+07     0.98591      0.00010407    8.13E+07     0.00010407    9.13E+07     2.3883E+05    
   8.14E+07     0.98591      0.00010408    8.14E+07     0.00010408    9.14E+07     2.391E+05     
   8.15E+07     0.98591      0.00010395    8.15E+07     0.00010395    9.15E+07     2.3923E+05    
   8.16E+07     0.98591      0.00010381    8.16E+07     0.00010381    9.16E+07     2.3955E+05    
   8.17E+07     0.98591      0.00010367    8.17E+07     0.00010367    9.17E+07     2.3988E+05    
   8.18E+07     0.98591      0.00010355    8.18E+07     0.00010355    9.18E+07     2.3945E+05    
   8.19E+07     0.98591      0.00010341    8.19E+07     0.00010341    9.19E+07     2.3966E+05    
   8.2E+07      0.98591      0.00010327    8.2E+07      0.00010327    9.2E+07      2.3903E+05    
   8.21E+07     0.98591      0.00010313    8.21E+07     0.00010313    9.21E+07     2.3921E+05    
   8.22E+07     0.98591      0.000103      8.22E+07     0.000103      9.22E+07     2.3953E+05    
   8.23E+07     0.98591      0.00010286    8.23E+07     0.00010286    9.23E+07     2.3982E+05    
   8.24E+07     0.98591      0.00010272    8.24E+07     0.00010272    9.24E+07     2.3974E+05    
   8.25E+07     0.98591      0.00010258    8.25E+07     0.00010258    9.25E+07     2.3974E+05    
   8.26E+07     0.98591      0.00010247    8.26E+07     0.00010247    9.26E+07     2.4006E+05    
   8.27E+07     0.98591      0.00010234    8.27E+07     0.00010234    9.27E+07     2.4039E+05    
   8.28E+07     0.9859       0.00010255    8.28E+07     0.00010255    9.28E+07     2.4023E+05    
   8.29E+07     0.9859       0.00010241    8.29E+07     0.00010241    9.29E+07     2.405E+05     
   8.3E+07      0.9859       0.00010228    8.3E+07      0.00010228    9.3E+07      2.4077E+05    
   8.31E+07     0.9859       0.00010217    8.31E+07     0.00010217    9.31E+07     2.4094E+05    
   8.32E+07     0.98591      0.00010213    8.32E+07     0.00010213    9.32E+07     2.4105E+05    
   8.33E+07     0.98591      0.00010216    8.33E+07     0.00010216    9.33E+07     2.4119E+05    
   8.34E+07     0.98591      0.00010202    8.34E+07     0.00010202    9.34E+07     2.414E+05     
   8.35E+07     0.98592      0.00010198    8.35E+07     0.00010198    9.35E+07     2.4169E+05    
   8.36E+07     0.98592      0.0001019     8.36E+07     0.0001019     9.36E+07     2.4198E+05    
   8.37E+07     0.98593      0.0001019     8.37E+07     0.0001019     9.37E+07     2.4162E+05    
   8.38E+07     0.98592      0.00010196    8.38E+07     0.00010196    9.38E+07     2.4188E+05    
   8.39E+07     0.98592      0.00010185    8.39E+07     0.00010185    9.39E+07     2.4202E+05    
   8.4E+07      0.98592      0.00010172    8.4E+07      0.00010172    9.4E+07      2.4218E+05    
   8.41E+07     0.98592      0.00010158    8.41E+07     0.00010158    9.41E+07     2.4244E+05    
   8.42E+07     0.98592      0.00010145    8.42E+07     0.00010145    9.42E+07     2.427E+05     
   8.43E+07     0.98592      0.00010138    8.43E+07     0.00010138    9.43E+07     2.4303E+05    
   8.44E+07     0.98593      0.00010133    8.44E+07     0.00010133    9.44E+07     2.4334E+05    
   8.45E+07     0.98593      0.0001012     8.45E+07     0.0001012     9.45E+07     2.4344E+05    
   8.46E+07     0.98593      0.00010106    8.46E+07     0.00010106    9.46E+07     2.4375E+05    
   8.47E+07     0.98593      0.00010101    8.47E+07     0.00010101    9.47E+07     2.44E+05      
   8.48E+07     0.98593      0.0001009     8.48E+07     0.0001009     9.48E+07     2.4404E+05    
   8.49E+07     0.98594      0.00010093    8.49E+07     0.00010093    9.49E+07     2.4433E+05    
   8.5E+07      0.98594      0.00010089    8.5E+07      0.00010089    9.5E+07      2.4425E+05    
   8.51E+07     0.98594      0.0001008     8.51E+07     0.0001008     9.51E+07     2.4449E+05    
   8.52E+07     0.98595      0.0001007     8.52E+07     0.0001007     9.52E+07     2.4475E+05    
   8.53E+07     0.98595      0.00010074    8.53E+07     0.00010074    9.53E+07     2.448E+05     
   8.54E+07     0.98595      0.00010076    8.54E+07     0.00010076    9.54E+07     2.451E+05     
   8.55E+07     0.98594      0.00010114    8.55E+07     0.00010114    9.55E+07     2.4542E+05    
   8.56E+07     0.98593      0.00010108    8.56E+07     0.00010108    9.56E+07     2.4574E+05    
   8.57E+07     0.98593      0.00010095    8.57E+07     0.00010095    9.57E+07     2.4599E+05    
   8.58E+07     0.98593      0.00010083    8.58E+07     0.00010083    9.58E+07     2.4632E+05    
   8.59E+07     0.98593      0.0001007     8.59E+07     0.0001007     9.59E+07     2.4662E+05    
   8.6E+07      0.98593      0.00010059    8.6E+07      0.00010059    9.6E+07      2.4694E+05    
   8.61E+07     0.98593      0.00010047    8.61E+07     0.00010047    9.61E+07     2.4722E+05    
   8.62E+07     0.98593      0.00010034    8.62E+07     0.00010034    9.62E+07     2.4632E+05    
   8.63E+07     0.98594      0.00010064    8.63E+07     0.00010064    9.63E+07     2.4657E+05    
   8.64E+07     0.98594      0.00010059    8.64E+07     0.00010059    9.64E+07     2.4644E+05    
   8.65E+07     0.98594      0.00010046    8.65E+07     0.00010046    9.65E+07     2.4634E+05    
   8.66E+07     0.98594      0.00010048    8.66E+07     0.00010048    9.66E+07     2.4622E+05    
   8.67E+07     0.98594      0.00010035    8.67E+07     0.00010035    9.67E+07     2.4643E+05    
   8.68E+07     0.98593      0.00010061    8.68E+07     0.00010061    9.68E+07     2.4511E+05    
   8.69E+07     0.98593      0.00010048    8.69E+07     0.00010048    9.69E+07     2.45E+05      
   8.7E+07      0.98594      0.00010042    8.7E+07      0.00010042    9.7E+07      2.4517E+05    
   8.71E+07     0.98593      0.00010039    8.71E+07     0.00010039    9.71E+07     2.4537E+05    
   8.72E+07     0.98593      0.00010026    8.72E+07     0.00010026    9.72E+07     2.4537E+05    
   8.73E+07     0.98593      0.00010018    8.73E+07     0.00010018    9.73E+07     2.4535E+05    
   8.74E+07     0.98593      0.00010009    8.74E+07     0.00010009    9.74E+07     2.4549E+05    
   8.75E+07     0.98593      9.997E-05     8.75E+07     9.997E-05     9.75E+07     2.4478E+05    
   8.76E+07     0.98592      9.999E-05     8.76E+07     9.999E-05     9.76E+07     2.4501E+05    
   8.77E+07     0.98592      9.9862E-05    8.77E+07     9.9862E-05    9.77E+07     2.4527E+05    
   8.78E+07     0.98592      9.9805E-05    8.78E+07     9.9805E-05    9.78E+07     2.4532E+05    
   8.79E+07     0.98592      9.9728E-05    8.79E+07     9.9728E-05    9.79E+07     2.4449E+05    
   8.8E+07      0.98592      9.9652E-05    8.8E+07      9.9652E-05    9.8E+07      2.4445E+05    
   8.81E+07     0.98592      9.9555E-05    8.81E+07     9.9555E-05    9.81E+07     2.447E+05     
   8.82E+07     0.98592      9.9638E-05    8.82E+07     9.9638E-05    9.82E+07     2.4403E+05    
   8.83E+07     0.98592      9.9578E-05    8.83E+07     9.9578E-05    9.83E+07     2.4419E+05    
   8.84E+07     0.98592      9.9462E-05    8.84E+07     9.9462E-05    9.84E+07     2.4436E+05    
   8.85E+07     0.98592      9.9418E-05    8.85E+07     9.9418E-05    9.85E+07     2.4428E+05    
   8.86E+07     0.98592      9.93E-05      8.86E+07     9.93E-05      9.86E+07     2.4453E+05    
   8.87E+07     0.98592      9.9246E-05    8.87E+07     9.9246E-05    9.87E+07     2.4478E+05    
   8.88E+07     0.98592      9.912E-05     8.88E+07     9.912E-05     9.88E+07     2.4484E+05    
   8.89E+07     0.98592      9.9017E-05    8.89E+07     9.9017E-05    9.89E+07     2.4453E+05    
   8.9E+07      0.98592      9.8894E-05    8.9E+07      9.8894E-05    9.9E+07      2.4479E+05    
   8.91E+07     0.98592      9.877E-05     8.91E+07     9.877E-05     9.91E+07     2.4508E+05    
   8.92E+07     0.98593      9.8709E-05    8.92E+07     9.8709E-05    9.92E+07     2.4454E+05    
   8.93E+07     0.98592      9.8595E-05    8.93E+07     9.8595E-05    9.93E+07     2.441E+05     
   8.94E+07     0.98593      9.8566E-05    8.94E+07     9.8566E-05    9.94E+07     2.4414E+05    
   8.95E+07     0.98593      9.8463E-05    8.95E+07     9.8463E-05    9.95E+07     2.4434E+05    
   8.96E+07     0.98593      9.8349E-05    8.96E+07     9.8349E-05    9.96E+07     2.4421E+05    
   8.97E+07     0.98593      9.8234E-05    8.97E+07     9.8234E-05    9.97E+07     2.4451E+05    
   8.98E+07     0.98594      9.8148E-05    8.98E+07     9.8148E-05    9.98E+07     2.438E+05     
   8.99E+07     0.98594      9.8027E-05    8.99E+07     9.8027E-05    9.99E+07     2.4379E+05    
   9E+07        0.98593      9.8044E-05    9E+07        9.8044E-05    1E+08        2.438E+05     
   9.01E+07     0.98593      9.7953E-05    9.01E+07     9.7953E-05    
   9.02E+07     0.98593      9.7848E-05    9.02E+07     9.7848E-05    
   9.03E+07     0.98593      9.7728E-05    9.03E+07     9.7728E-05    
   9.04E+07     0.98594      9.7702E-05    9.04E+07     9.7702E-05    
   9.05E+07     0.98594      9.7581E-05    9.05E+07     9.7581E-05    
   9.06E+07     0.98594      9.7722E-05    9.06E+07     9.7722E-05    
   9.07E+07     0.98594      9.7636E-05    9.07E+07     9.7636E-05    
   9.08E+07     0.98594      9.7527E-05    9.08E+07     9.7527E-05    
   9.09E+07     0.98594      9.741E-05     9.09E+07     9.741E-05     
   9.1E+07      0.98594      9.7292E-05    9.1E+07      9.7292E-05    
   9.11E+07     0.98594      9.7178E-05    9.11E+07     9.7178E-05    
   9.12E+07     0.98594      9.706E-05     9.12E+07     9.706E-05     
   9.13E+07     0.98595      9.7284E-05    9.13E+07     9.7284E-05    
   9.14E+07     0.98595      9.7179E-05    9.14E+07     9.7179E-05    
   9.15E+07     0.98596      9.7098E-05    9.15E+07     9.7098E-05    
   9.16E+07     0.98596      9.698E-05     9.16E+07     9.698E-05     
   9.17E+07     0.98596      9.6861E-05    9.17E+07     9.6861E-05    
   9.18E+07     0.98596      9.6898E-05    9.18E+07     9.6898E-05    
   9.19E+07     0.98596      9.6803E-05    9.19E+07     9.6803E-05    
   9.2E+07      0.98597      9.6876E-05    9.2E+07      9.6876E-05    
   9.21E+07     0.98596      9.6781E-05    9.21E+07     9.6781E-05    
   9.22E+07     0.98596      9.6667E-05    9.22E+07     9.6667E-05    
   9.23E+07     0.98596      9.6558E-05    9.23E+07     9.6558E-05    
   9.24E+07     0.98596      9.6512E-05    9.24E+07     9.6512E-05    
   9.25E+07     0.98596      9.6459E-05    9.25E+07     9.6459E-05    
   9.26E+07     0.98596      9.6345E-05    9.26E+07     9.6345E-05    
   9.27E+07     0.98596      9.623E-05     9.27E+07     9.623E-05     
   9.28E+07     0.98597      9.6198E-05    9.28E+07     9.6198E-05    
   9.29E+07     0.98597      9.6093E-05    9.29E+07     9.6093E-05    
   9.3E+07      0.98597      9.5987E-05    9.3E+07      9.5987E-05    
   9.31E+07     0.98597      9.5905E-05    9.31E+07     9.5905E-05    
   9.32E+07     0.98597      9.5826E-05    9.32E+07     9.5826E-05    
   9.33E+07     0.98597      9.5749E-05    9.33E+07     9.5749E-05    
   9.34E+07     0.98597      9.5656E-05    9.34E+07     9.5656E-05    
   9.35E+07     0.98597      9.5549E-05    9.35E+07     9.5549E-05    
   9.36E+07     0.98597      9.5437E-05    9.36E+07     9.5437E-05    
   9.37E+07     0.98596      9.5455E-05    9.37E+07     9.5455E-05    
   9.38E+07     0.98596      9.5354E-05    9.38E+07     9.5354E-05    
   9.39E+07     0.98596      9.5278E-05    9.39E+07     9.5278E-05    
   9.4E+07      0.98597      9.5195E-05    9.4E+07      9.5195E-05    
   9.41E+07     0.98597      9.5086E-05    9.41E+07     9.5086E-05    
   9.42E+07     0.98597      9.4986E-05    9.42E+07     9.4986E-05    
   9.43E+07     0.98596      9.4873E-05    9.43E+07     9.4873E-05    
   9.44E+07     0.98596      9.4762E-05    9.44E+07     9.4762E-05    
   9.45E+07     0.98597      9.4687E-05    9.45E+07     9.4687E-05    
   9.46E+07     0.98597      9.458E-05     9.46E+07     9.458E-05     
   9.47E+07     0.98597      9.4481E-05    9.47E+07     9.4481E-05    
   9.48E+07     0.98597      9.4426E-05    9.48E+07     9.4426E-05    
   9.49E+07     0.98597      9.4315E-05    9.49E+07     9.4315E-05    
   9.5E+07      0.98597      9.4283E-05    9.5E+07      9.4283E-05    
   9.51E+07     0.98597      9.4188E-05    9.51E+07     9.4188E-05    
   9.52E+07     0.98597      9.4089E-05    9.52E+07     9.4089E-05    
   9.53E+07     0.98597      9.4026E-05    9.53E+07     9.4026E-05    
   9.54E+07     0.98597      9.392E-05     9.54E+07     9.392E-05     
   9.55E+07     0.98597      9.3811E-05    9.55E+07     9.3811E-05    
   9.56E+07     0.98597      9.3703E-05    9.56E+07     9.3703E-05    
   9.57E+07     0.98597      9.3594E-05    9.57E+07     9.3594E-05    
   9.58E+07     0.98597      9.3486E-05    9.58E+07     9.3486E-05    
   9.59E+07     0.98597      9.3379E-05    9.59E+07     9.3379E-05    
   9.6E+07      0.98597      9.3272E-05    9.6E+07      9.3272E-05    
   9.61E+07     0.98597      9.3166E-05    9.61E+07     9.3166E-05    
   9.62E+07     0.98598      9.3287E-05    9.62E+07     9.3287E-05    
   9.63E+07     0.98597      9.3195E-05    9.63E+07     9.3195E-05    
   9.64E+07     0.98597      9.3172E-05    9.64E+07     9.3172E-05    
   9.65E+07     0.98597      9.3136E-05    9.65E+07     9.3136E-05    
   9.66E+07     0.98597      9.3109E-05    9.66E+07     9.3109E-05    
   9.67E+07     0.98597      9.3024E-05    9.67E+07     9.3024E-05    
   9.68E+07     0.98596      9.3225E-05    9.68E+07     9.3225E-05    
   9.69E+07     0.98596      9.3196E-05    9.69E+07     9.3196E-05    
   9.7E+07      0.98596      9.3115E-05    9.7E+07      9.3115E-05    
   9.71E+07     0.98596      9.303E-05     9.71E+07     9.303E-05     
   9.72E+07     0.98596      9.2979E-05    9.72E+07     9.2979E-05    
   9.73E+07     0.98596      9.293E-05     9.73E+07     9.293E-05     
   9.74E+07     0.98597      9.2857E-05    9.74E+07     9.2857E-05    
   9.75E+07     0.98597      9.2945E-05    9.75E+07     9.2945E-05    
   9.76E+07     0.98597      9.2857E-05    9.76E+07     9.2857E-05    
   9.77E+07     0.98597      9.2755E-05    9.77E+07     9.2755E-05    
   9.78E+07     0.98598      9.2699E-05    9.78E+07     9.2699E-05    
   9.79E+07     0.98597      9.2809E-05    9.79E+07     9.2809E-05    
   9.8E+07      0.98597      9.2771E-05    9.8E+07      9.2771E-05    
   9.81E+07     0.98596      9.2668E-05    9.81E+07     9.2668E-05    
   9.82E+07     0.98597      9.2749E-05    9.82E+07     9.2749E-05    
   9.83E+07     0.98597      9.2671E-05    9.83E+07     9.2671E-05    
   9.84E+07     0.98597      9.2595E-05    9.84E+07     9.2595E-05    
   9.85E+07     0.98596      9.2556E-05    9.85E+07     9.2556E-05    
   9.86E+07     0.98596      9.2463E-05    9.86E+07     9.2463E-05    
   9.87E+07     0.98596      9.2368E-05    9.87E+07     9.2368E-05    
   9.88E+07     0.98597      9.2312E-05    9.88E+07     9.2312E-05    
   9.89E+07     0.98597      9.2319E-05    9.89E+07     9.2319E-05    
   9.9E+07      0.98597      9.2224E-05    9.9E+07      9.2224E-05    
   9.91E+07     0.98597      9.2124E-05    9.91E+07     9.2124E-05    
   9.92E+07     0.98596      9.2182E-05    9.92E+07     9.2182E-05    
   9.93E+07     0.98596      9.2216E-05    9.93E+07     9.2216E-05    
   9.94E+07     0.98596      9.216E-05     9.94E+07     9.216E-05     
   9.95E+07     0.98596      9.2079E-05    9.95E+07     9.2079E-05    
   9.96E+07     0.98596      9.2056E-05    9.96E+07     9.2056E-05    
   9.97E+07     0.98596      9.1954E-05    9.97E+07     9.1954E-05    
   9.98E+07     0.98595      9.2019E-05    9.98E+07     9.2019E-05    
   9.99E+07     0.98596      9.1977E-05    9.99E+07     9.1977E-05    
   1E+08        0.98596      9.1928E-05    1E+08        9.1928E-05    
