# This file is written with the intent of being used to plot the data with 
# Gnuplot.  It contains no information regarding how the plot should be 
# formatted.
# =========================================================================
# Research/ArnoldivsPower -f Power1-95.dat -t 100000 -A -c 100 -C 900 -w 20 -b 75 -r  seed = 1581294674
# filename = Power1-95.dat, run = true, power = true, Arnoldi = false, storevectors = 0, raw = false, evectors = 2, evalues = 2, residual = false, arnoldimethod = implicit, tol = 2.22045e-16, verbose = 1, seed = 0, width = 20, bins = 75, acycles = 900, incycles = 100, active = 20, inactive = 0, Iterations = 10, numValues = 2, relaxed = 0, tracks = 100000, ignore_rest = false, version = false, help = false, 

#  1            2            3             4            5             6            7             8            9            
# |-            Power values           -| |-   Power eValues SD   -| |-       FOM-Power      -| |-     Power vector     -| 
#  x-coord      y-coord      error         x-coord      y-coord       x-coord      y-coord       x-coord      y-coord       
   1E+05        0.95402      0             1E+05        0             1.01E+07     0             0.13333      0.017477      
   2E+05        0.96103      0             2E+05        0             1.02E+07     13905         0.4          0.024621      
   3E+05        0.96899      0             3E+05        0             1.03E+07     13636         0.66667      0.031083      
   4E+05        0.97548      0             4E+05        0             1.04E+07     22789         0.93333      0.037295      
   5E+05        0.98027      0             5E+05        0             1.05E+07     15552         1.2          0.043564      
   6E+05        0.97581      0             6E+05        0             1.06E+07     19527         1.4667       0.049347      
   7E+05        0.98281      0             7E+05        0             1.07E+07     17498         1.7333       0.055058      
   8E+05        0.97888      0             8E+05        0             1.08E+07     20860         2            0.060999      
   9E+05        0.97971      0             9E+05        0             1.09E+07     24174         2.2667       0.066625      
   1E+06        0.98582      0             1E+06        0             1.1E+07      29581         2.5333       0.071909      
   1.1E+06      0.98077      0             1.1E+06      0             1.11E+07     34056         2.8          0.077504      
   1.2E+06      0.98244      0             1.2E+06      0             1.12E+07     39602         3.0667       0.083064      
   1.3E+06      0.98258      0             1.3E+06      0             1.13E+07     45664         3.3333       0.087968      
   1.4E+06      0.97976      0             1.4E+06      0             1.14E+07     51906         3.6          0.093312      
   1.5E+06      0.98573      0             1.5E+06      0             1.15E+07     36261         3.8667       0.097993      
   1.6E+06      0.9829       0             1.6E+06      0             1.16E+07     40904         4.1333       0.1029        
   1.7E+06      0.98495      0             1.7E+06      0             1.17E+07     44623         4.4          0.10721       
   1.8E+06      0.98674      0             1.8E+06      0             1.18E+07     49137         4.6667       0.11165       
   1.9E+06      0.98859      0             1.9E+06      0             1.19E+07     48147         4.9333       0.1164        
   2E+06        0.98473      0             2E+06        0             1.2E+07      52684         5.2          0.12019       
   2.1E+06      0.98658      0             2.1E+06      0             1.21E+07     56070         5.4667       0.1242        
   2.2E+06      0.98841      0             2.2E+06      0             1.22E+07     59713         5.7333       0.12812       
   2.3E+06      0.99066      0             2.3E+06      0             1.23E+07     62797         6            0.13125       
   2.4E+06      0.98822      0             2.4E+06      0             1.24E+07     67673         6.2667       0.13455       
   2.5E+06      0.98106      0             2.5E+06      0             1.25E+07     71852         6.5333       0.13773       
   2.6E+06      0.98455      0             2.6E+06      0             1.26E+07     71551         6.8          0.14062       
   2.7E+06      0.98774      0             2.7E+06      0             1.27E+07     76454         7.0667       0.14334       
   2.8E+06      0.99237      0             2.8E+06      0             1.28E+07     81518         7.3333       0.1456        
   2.9E+06      0.98997      0             2.9E+06      0             1.29E+07     75696         7.6          0.14808       
   3E+06        0.9859       0             3E+06        0             1.3E+07      61788         7.8667       0.1502        
   3.1E+06      0.9901       0             3.1E+06      0             1.31E+07     57066         8.1333       0.15157       
   3.2E+06      0.98283      0             3.2E+06      0             1.32E+07     56413         8.4          0.15345       
   3.3E+06      0.98477      0             3.3E+06      0             1.33E+07     59290         8.6667       0.15451       
   3.4E+06      0.98869      0             3.4E+06      0             1.34E+07     62476         8.9333       0.15588       
   3.5E+06      0.98534      0             3.5E+06      0             1.35E+07     63914         9.2          0.15654       
   3.6E+06      0.98455      0             3.6E+06      0             1.36E+07     66057         9.4667       0.15718       
   3.7E+06      0.98509      0             3.7E+06      0             1.37E+07     67282         9.7333       0.15733       
   3.8E+06      0.98557      0             3.8E+06      0             1.38E+07     70340         10           0.15734       
   3.9E+06      0.98249      0             3.9E+06      0             1.39E+07     73537         10.267       0.15742       
   4E+06        0.98725      0             4E+06        0             1.4E+07      71778         10.533       0.15712       
   4.1E+06      0.98686      0             4.1E+06      0             1.41E+07     71354         10.8         0.15646       
   4.2E+06      0.98393      0             4.2E+06      0             1.42E+07     72987         11.067       0.15566       
   4.3E+06      0.98587      0             4.3E+06      0             1.43E+07     75849         11.333       0.15442       
   4.4E+06      0.98618      0             4.4E+06      0             1.44E+07     77323         11.6         0.15316       
   4.5E+06      0.98891      0             4.5E+06      0             1.45E+07     79356         11.867       0.15166       
   4.6E+06      0.98542      0             4.6E+06      0             1.46E+07     82369         12.133       0.14971       
   4.7E+06      0.98573      0             4.7E+06      0             1.47E+07     85072         12.4         0.14796       
   4.8E+06      0.99299      0             4.8E+06      0             1.48E+07     88062         12.667       0.14569       
   4.9E+06      0.98717      0             4.9E+06      0             1.49E+07     85059         12.933       0.1434        
   5E+06        0.98343      0             5E+06        0             1.5E+07      86828         13.2         0.14082       
   5.1E+06      0.98759      0             5.1E+06      0             1.51E+07     88813         13.467       0.13803       
   5.2E+06      0.98667      0             5.2E+06      0             1.52E+07     91678         13.733       0.13496       
   5.3E+06      0.98541      0             5.3E+06      0             1.53E+07     94338         14           0.1317        
   5.4E+06      0.98406      0             5.4E+06      0             1.54E+07     94915         14.267       0.1281        
   5.5E+06      0.98403      0             5.5E+06      0             1.55E+07     96254         14.533       0.12465       
   5.6E+06      0.98332      0             5.6E+06      0             1.56E+07     98844         14.8         0.12079       
   5.7E+06      0.9868       0             5.7E+06      0             1.57E+07     99257         15.067       0.11674       
   5.8E+06      0.98435      0             5.8E+06      0             1.58E+07     1.016E+05     15.333       0.11196       
   5.9E+06      0.98918      0             5.9E+06      0             1.59E+07     1.0219E+05    15.6         0.10785       
   6E+06        0.98608      0             6E+06        0             1.6E+07      99414         15.867       0.10329       
   6.1E+06      0.98435      0             6.1E+06      0             1.61E+07     1.0204E+05    16.133       0.098675      
   6.2E+06      0.9848       0             6.2E+06      0             1.62E+07     1.0466E+05    16.4         0.093782      
   6.3E+06      0.99326      0             6.3E+06      0             1.63E+07     1.0614E+05    16.667       0.088571      
   6.4E+06      0.97949      0             6.4E+06      0             1.64E+07     1.0874E+05    16.933       0.083429      
   6.5E+06      0.99237      0             6.5E+06      0             1.65E+07     1.084E+05     17.2         0.078334      
   6.6E+06      0.98825      0             6.6E+06      0             1.66E+07     1.087E+05     17.467       0.072615      
   6.7E+06      0.98715      0             6.7E+06      0             1.67E+07     1.1058E+05    17.733       0.067149      
   6.8E+06      0.99077      0             6.8E+06      0             1.68E+07     1.1296E+05    18           0.061379      
   6.9E+06      0.98385      0             6.9E+06      0             1.69E+07     1.1479E+05    18.267       0.055367      
   7E+06        0.99087      0             7E+06        0             1.7E+07      1.1259E+05    18.533       0.049747      
   7.1E+06      0.98096      0             7.1E+06      0             1.71E+07     1.1219E+05    18.8         0.043511      
   7.2E+06      0.98617      0             7.2E+06      0             1.72E+07     1.1244E+05    19.067       0.037379      
   7.3E+06      0.98754      0             7.3E+06      0             1.73E+07     1.1302E+05    19.333       0.031172      
   7.4E+06      0.98684      0             7.4E+06      0             1.74E+07     1.1528E+05    19.6         0.024776      
   7.5E+06      0.98402      0             7.5E+06      0             1.75E+07     1.1733E+05    19.867       0.017657      
   7.6E+06      0.98255      0             7.6E+06      0             1.76E+07     1.1968E+05    
   7.7E+06      0.98642      0             7.7E+06      0             1.77E+07     1.2178E+05    
   7.8E+06      0.98413      0             7.8E+06      0             1.78E+07     1.2101E+05    
   7.9E+06      0.98243      0             7.9E+06      0             1.79E+07     1.2347E+05    
   8E+06        0.9837       0             8E+06        0             1.8E+07      1.2501E+05    
   8.1E+06      0.98292      0             8.1E+06      0             1.81E+07     1.2643E+05    
   8.2E+06      0.98502      0             8.2E+06      0             1.82E+07     1.2777E+05    
   8.3E+06      0.98735      0             8.3E+06      0             1.83E+07     1.2882E+05    
   8.4E+06      0.99031      0             8.4E+06      0             1.84E+07     1.3116E+05    
   8.5E+06      0.98838      0             8.5E+06      0             1.85E+07     1.3179E+05    
   8.6E+06      0.98273      0             8.6E+06      0             1.86E+07     1.3316E+05    
   8.7E+06      0.98729      0             8.7E+06      0             1.87E+07     1.3552E+05    
   8.8E+06      0.98724      0             8.8E+06      0             1.88E+07     1.3452E+05    
   8.9E+06      0.98533      0             8.9E+06      0             1.89E+07     1.3436E+05    
   9E+06        0.98441      0             9E+06        0             1.9E+07      1.3653E+05    
   9.1E+06      0.987        0             9.1E+06      0             1.91E+07     1.3864E+05    
   9.2E+06      0.98915      0             9.2E+06      0             1.92E+07     1.3862E+05    
   9.3E+06      0.98496      0             9.3E+06      0             1.93E+07     1.4049E+05    
   9.4E+06      0.98702      0             9.4E+06      0             1.94E+07     1.3682E+05    
   9.5E+06      0.98947      0             9.5E+06      0             1.95E+07     1.3898E+05    
   9.6E+06      0.9856       0             9.6E+06      0             1.96E+07     1.3969E+05    
   9.7E+06      0.98311      0             9.7E+06      0             1.97E+07     1.4166E+05    
   9.8E+06      0.98562      0             9.8E+06      0             1.98E+07     1.4334E+05    
   9.9E+06      0.98291      0             9.9E+06      0             1.99E+07     1.4508E+05    
   1E+07        0.98948      0             1E+07        0             2E+07        1.4602E+05    
   1.01E+07     0.988        3.7066E-09    1.01E+07     3.7066E-09    2.01E+07     1.4817E+05    
   1.02E+07     0.98627      0.0012261     1.02E+07     0.0012261     2.02E+07     1.4779E+05    
   1.03E+07     0.98514      0.0012322     1.03E+07     0.0012322     2.03E+07     1.4977E+05    
   1.04E+07     0.98538      0.00094797    1.04E+07     0.00094797    2.04E+07     1.5147E+05    
   1.05E+07     0.98634      0.0011422     1.05E+07     0.0011422     2.05E+07     1.5322E+05    
   1.06E+07     0.98595      0.0010146     1.06E+07     0.0010146     2.06E+07     1.5241E+05    
   1.07E+07     0.98528      0.0010667     1.07E+07     0.0010667     2.07E+07     1.522E+05     
   1.08E+07     0.98557      0.00097186    1.08E+07     0.00097186    2.08E+07     1.5065E+05    
   1.09E+07     0.98531      0.00089878    1.09E+07     0.00089878    2.09E+07     1.5273E+05    
   1.1E+07      0.98531      0.0008089     1.1E+07      0.0008089     2.1E+07      1.5339E+05    
   1.11E+07     0.98515      0.0007504     1.11E+07     0.0007504     2.11E+07     1.529E+05     
   1.12E+07     0.98524      0.00069247    1.12E+07     0.00069247    2.12E+07     1.524E+05     
   1.13E+07     0.98518      0.00064193    1.13E+07     0.00064193    2.13E+07     1.5141E+05    
   1.14E+07     0.98511      0.00059954    1.14E+07     0.00059954    2.14E+07     1.5234E+05    
   1.15E+07     0.98557      0.00071409    1.15E+07     0.00071409    2.15E+07     1.5108E+05    
   1.16E+07     0.98558      0.00066953    1.16E+07     0.00066953    2.16E+07     1.4819E+05    
   1.17E+07     0.98568      0.0006378     1.17E+07     0.0006378     2.17E+07     1.4371E+05    
   1.18E+07     0.98574      0.0006053     1.18E+07     0.0006053     2.18E+07     1.4502E+05    
   1.19E+07     0.98553      0.00060899    1.19E+07     0.00060899    2.19E+07     1.4661E+05    
   1.2E+07      0.98549      0.00057972    1.2E+07      0.00057972    2.2E+07      1.4827E+05    
   1.21E+07     0.98558      0.00055942    1.21E+07     0.00055942    2.21E+07     1.4865E+05    
   1.22E+07     0.9855       0.00053979    1.22E+07     0.00053979    2.22E+07     1.503E+05     
   1.23E+07     0.98541      0.00052428    1.23E+07     0.00052428    2.23E+07     1.5198E+05    
   1.24E+07     0.98539      0.00050292    1.24E+07     0.00050292    2.24E+07     1.5335E+05    
   1.25E+07     0.98544      0.00048591    1.25E+07     0.00048591    2.25E+07     1.5414E+05    
   1.26E+07     0.98558      0.00048497    1.26E+07     0.00048497    2.26E+07     1.502E+05     
   1.27E+07     0.98556      0.00046738    1.27E+07     0.00046738    2.27E+07     1.5177E+05    
   1.28E+07     0.98557      0.00045081    1.28E+07     0.00045081    2.28E+07     1.5072E+05    
   1.29E+07     0.98574      0.00046583    1.29E+07     0.00046583    2.29E+07     1.5013E+05    
   1.3E+07      0.98599      0.00051367    1.3E+07      0.00051367    2.3E+07      1.5175E+05    
   1.31E+07     0.98618      0.00053242    1.31E+07     0.00053242    2.31E+07     1.5335E+05    
   1.32E+07     0.98632      0.00053353    1.32E+07     0.00053353    2.32E+07     1.4998E+05    
   1.33E+07     0.98629      0.00051819    1.33E+07     0.00051819    2.33E+07     1.5162E+05    
   1.34E+07     0.98629      0.00050296    1.34E+07     0.00050296    2.34E+07     1.5324E+05    
   1.35E+07     0.98637      0.00049536    1.35E+07     0.00049536    2.35E+07     1.5476E+05    
   1.36E+07     0.98643      0.00048532    1.36E+07     0.00048532    2.36E+07     1.5633E+05    
   1.37E+07     0.98635      0.00047885    1.37E+07     0.00047885    2.37E+07     1.5799E+05    
   1.38E+07     0.98637      0.00046667    1.38E+07     0.00046667    2.38E+07     1.5853E+05    
   1.39E+07     0.98637      0.00045471    1.39E+07     0.00045471    2.39E+07     1.5982E+05    
   1.4E+07      0.98649      0.00045865    1.4E+07      0.00045865    2.4E+07      1.5827E+05    
   1.41E+07     0.98639      0.00045813    1.41E+07     0.00045813    2.41E+07     1.5248E+05    
   1.42E+07     0.98633      0.00045144    1.42E+07     0.00045144    2.42E+07     1.5397E+05    
   1.43E+07     0.98631      0.00044122    1.43E+07     0.00044122    2.43E+07     1.5548E+05    
   1.44E+07     0.98625      0.00043553    1.44E+07     0.00043553    2.44E+07     1.5459E+05    
   1.45E+07     0.98621      0.00042813    1.45E+07     0.00042813    2.45E+07     1.5594E+05    
   1.46E+07     0.98621      0.00041883    1.46E+07     0.00041883    2.46E+07     1.544E+05     
   1.47E+07     0.98618      0.00041076    1.47E+07     0.00041076    2.47E+07     1.5563E+05    
   1.48E+07     0.98617      0.00040232    1.48E+07     0.00040232    2.48E+07     1.5698E+05    
   1.49E+07     0.98607      0.00040784    1.49E+07     0.00040784    2.49E+07     1.5843E+05    
   1.5E+07      0.98602      0.00040227    1.5E+07      0.00040227    2.5E+07      1.584E+05     
   1.51E+07     0.98606      0.00039647    1.51E+07     0.00039647    2.51E+07     1.595E+05     
   1.52E+07     0.98607      0.0003889     1.52E+07     0.0003889     2.52E+07     1.6093E+05    
   1.53E+07     0.98605      0.00038204    1.53E+07     0.00038204    2.53E+07     1.6195E+05    
   1.54E+07     0.98599      0.00037961    1.54E+07     0.00037961    2.54E+07     1.6151E+05    
   1.55E+07     0.98594      0.00037578    1.55E+07     0.00037578    2.55E+07     1.6279E+05    
   1.56E+07     0.98592      0.0003696     1.56E+07     0.0003696     2.56E+07     1.6364E+05    
   1.57E+07     0.98586      0.00036769    1.57E+07     0.00036769    2.57E+07     1.6373E+05    
   1.58E+07     0.98589      0.00036213    1.58E+07     0.00036213    2.58E+07     1.6341E+05    
   1.59E+07     0.98583      0.00035997    1.59E+07     0.00035997    2.59E+07     1.6298E+05    
   1.6E+07      0.98575      0.00036385    1.6E+07      0.00036385    2.6E+07      1.6424E+05    
   1.61E+07     0.98576      0.00035801    1.61E+07     0.00035801    2.61E+07     1.6245E+05    
   1.62E+07     0.98575      0.00035236    1.62E+07     0.00035236    2.62E+07     1.6374E+05    
   1.63E+07     0.98578      0.00034874    1.63E+07     0.00034874    2.63E+07     1.6191E+05    
   1.64E+07     0.9858       0.00034352    1.64E+07     0.00034352    2.64E+07     1.6056E+05    
   1.65E+07     0.98585      0.00034296    1.65E+07     0.00034296    2.65E+07     1.6151E+05    
   1.66E+07     0.9859       0.00034136    1.66E+07     0.00034136    2.66E+07     1.627E+05     
   1.67E+07     0.98588      0.00033738    1.67E+07     0.00033738    2.67E+07     1.6307E+05    
   1.68E+07     0.98589      0.00033285    1.68E+07     0.00033285    2.68E+07     1.6438E+05    
   1.69E+07     0.98587      0.00032919    1.69E+07     0.00032919    2.69E+07     1.5776E+05    
   1.7E+07      0.98593      0.00033122    1.7E+07      0.00033122    2.7E+07      1.5905E+05    
   1.71E+07     0.98599      0.0003308     1.71E+07     0.0003308     2.71E+07     1.6018E+05    
   1.72E+07     0.98594      0.00032951    1.72E+07     0.00032951    2.72E+07     1.6097E+05    
   1.73E+07     0.98598      0.0003277     1.73E+07     0.0003277     2.73E+07     1.6179E+05    
   1.74E+07     0.98599      0.00032342    1.74E+07     0.00032342    2.74E+07     1.6245E+05    
   1.75E+07     0.98601      0.00031968    1.75E+07     0.00031968    2.75E+07     1.6359E+05    
   1.76E+07     0.986        0.00031562    1.76E+07     0.00031562    2.76E+07     1.6474E+05    
   1.77E+07     0.98598      0.00031204    1.77E+07     0.00031204    2.77E+07     1.6584E+05    
   1.78E+07     0.98603      0.00031199    1.78E+07     0.00031199    2.78E+07     1.6644E+05    
   1.79E+07     0.98603      0.00030805    1.79E+07     0.00030805    2.79E+07     1.6749E+05    
   1.8E+07      0.98601      0.00030529    1.8E+07      0.00030529    2.8E+07      1.6839E+05    
   1.81E+07     0.98603      0.00030276    1.81E+07     0.00030276    2.81E+07     1.6934E+05    
   1.82E+07     0.98601      0.00030022    1.82E+07     0.00030022    2.82E+07     1.7061E+05    
   1.83E+07     0.98604      0.00029821    1.83E+07     0.00029821    2.83E+07     1.7161E+05    
   1.84E+07     0.98604      0.00029473    1.84E+07     0.00029473    2.84E+07     1.7258E+05    
   1.85E+07     0.98608      0.00029326    1.85E+07     0.00029326    2.85E+07     1.7179E+05    
   1.86E+07     0.98605      0.00029084    1.86E+07     0.00029084    2.86E+07     1.7191E+05    
   1.87E+07     0.98606      0.00028755    1.87E+07     0.00028755    2.87E+07     1.6857E+05    
   1.88E+07     0.9861       0.00028783    1.88E+07     0.00028783    2.88E+07     1.682E+05     
   1.89E+07     0.98607      0.00028727    1.89E+07     0.00028727    2.89E+07     1.693E+05     
   1.9E+07      0.98606      0.00028414    1.9E+07      0.00028414    2.9E+07      1.7051E+05    
   1.91E+07     0.98607      0.00028121    1.91E+07     0.00028121    2.91E+07     1.7158E+05    
   1.92E+07     0.98611      0.00028053    1.92E+07     0.00028053    2.92E+07     1.7256E+05    
   1.93E+07     0.98612      0.00027793    1.93E+07     0.00027793    2.93E+07     1.7371E+05    
   1.94E+07     0.98606      0.00028082    1.94E+07     0.00028082    2.94E+07     1.749E+05     
   1.95E+07     0.98607      0.00027791    1.95E+07     0.00027791    2.95E+07     1.7562E+05    
   1.96E+07     0.9861       0.00027652    1.96E+07     0.00027652    2.96E+07     1.7481E+05    
   1.97E+07     0.98611      0.00027378    1.97E+07     0.00027378    2.97E+07     1.7217E+05    
   1.98E+07     0.98612      0.00027142    1.98E+07     0.00027142    2.98E+07     1.7334E+05    
   1.99E+07     0.98611      0.00026909    1.99E+07     0.00026909    2.99E+07     1.7451E+05    
   2E+07        0.98608      0.00026757    2E+07        0.00026757    3E+07        1.7552E+05    
   2.01E+07     0.98608      0.00026495    2.01E+07     0.00026495    3.01E+07     1.7641E+05    
   2.02E+07     0.98604      0.00026459    2.02E+07     0.00026459    3.02E+07     1.7745E+05    
   2.03E+07     0.98605      0.00026218    2.03E+07     0.00026218    3.03E+07     1.7841E+05    
   2.04E+07     0.98604      0.00026009    2.04E+07     0.00026009    3.04E+07     1.7951E+05    
   2.05E+07     0.98605      0.000258      2.05E+07     0.000258      3.05E+07     1.8061E+05    
   2.06E+07     0.98602      0.00025804    2.06E+07     0.00025804    3.06E+07     1.8096E+05    
   2.07E+07     0.98598      0.00025751    2.07E+07     0.00025751    3.07E+07     1.821E+05     
   2.08E+07     0.98594      0.00025822    2.08E+07     0.00025822    3.08E+07     1.8294E+05    
   2.09E+07     0.98595      0.00025586    2.09E+07     0.00025586    3.09E+07     1.8326E+05    
   2.1E+07      0.98592      0.00025469    2.1E+07      0.00025469    3.1E+07      1.8443E+05    
   2.11E+07     0.98589      0.00025443    2.11E+07     0.00025443    3.11E+07     1.8484E+05    
   2.12E+07     0.98586      0.00025426    2.12E+07     0.00025426    3.12E+07     1.8603E+05    
   2.13E+07     0.98589      0.00025452    2.13E+07     0.00025452    3.13E+07     1.8706E+05    
   2.14E+07     0.98587      0.00025313    2.14E+07     0.00025313    3.14E+07     1.8505E+05    
   2.15E+07     0.98591      0.00025355    2.15E+07     0.00025355    3.15E+07     1.8573E+05    
   2.16E+07     0.98586      0.00025542    2.16E+07     0.00025542    3.16E+07     1.8682E+05    
   2.17E+07     0.98592      0.00025879    2.17E+07     0.00025879    3.17E+07     1.8694E+05    
   2.18E+07     0.9859       0.00025705    2.18E+07     0.00025705    3.18E+07     1.8803E+05    
   2.19E+07     0.98591      0.00025499    2.19E+07     0.00025499    3.19E+07     1.8914E+05    
   2.2E+07      0.9859       0.00025301    2.2E+07      0.00025301    3.2E+07      1.8972E+05    
   2.21E+07     0.98587      0.00025209    2.21E+07     0.00025209    3.21E+07     1.9075E+05    
   2.22E+07     0.98588      0.00025017    2.22E+07     0.00025017    3.22E+07     1.9149E+05    
   2.23E+07     0.98588      0.00024817    2.23E+07     0.00024817    3.23E+07     1.9263E+05    
   2.24E+07     0.98589      0.00024653    2.24E+07     0.00024653    3.24E+07     1.9375E+05    
   2.25E+07     0.98587      0.00024533    2.25E+07     0.00024533    3.25E+07     1.9472E+05    
   2.26E+07     0.98582      0.000248      2.26E+07     0.000248      3.26E+07     1.9586E+05    
   2.27E+07     0.98583      0.00024609    2.27E+07     0.00024609    3.27E+07     1.9685E+05    
   2.28E+07     0.98586      0.00024643    2.28E+07     0.00024643    3.28E+07     1.9731E+05    
   2.29E+07     0.98583      0.00024638    2.29E+07     0.00024638    3.29E+07     1.9827E+05    
   2.3E+07      0.98583      0.00024455    2.3E+07      0.00024455    3.3E+07      1.9574E+05    
   2.31E+07     0.98583      0.00024271    2.31E+07     0.00024271    3.31E+07     1.9666E+05    
   2.32E+07     0.98587      0.00024491    2.32E+07     0.00024491    3.32E+07     1.9596E+05    
   2.33E+07     0.98588      0.00024308    2.33E+07     0.00024308    3.33E+07     1.968E+05     
   2.34E+07     0.98588      0.00024127    2.34E+07     0.00024127    3.34E+07     1.9677E+05    
   2.35E+07     0.98587      0.00023958    2.35E+07     0.00023958    3.35E+07     1.952E+05     
   2.36E+07     0.98587      0.00023784    2.36E+07     0.00023784    3.36E+07     1.94E+05      
   2.37E+07     0.98587      0.0002361     2.37E+07     0.0002361     3.37E+07     1.9166E+05    
   2.38E+07     0.98589      0.00023519    2.38E+07     0.00023519    3.38E+07     1.9232E+05    
   2.39E+07     0.9859       0.00023378    2.39E+07     0.00023378    3.39E+07     1.9265E+05    
   2.4E+07      0.98593      0.00023435    2.4E+07      0.00023435    3.4E+07      1.9343E+05    
   2.41E+07     0.98598      0.00023828    2.41E+07     0.00023828    3.41E+07     1.8956E+05    
   2.42E+07     0.98598      0.00023663    2.42E+07     0.00023663    3.42E+07     1.9039E+05    
   2.43E+07     0.98597      0.00023502    2.43E+07     0.00023502    3.43E+07     1.9072E+05    
   2.44E+07     0.986        0.00023519    2.44E+07     0.00023519    3.44E+07     1.9175E+05    
   2.45E+07     0.98601      0.00023369    2.45E+07     0.00023369    3.45E+07     1.9129E+05    
   2.46E+07     0.98598      0.00023439    2.46E+07     0.00023439    3.46E+07     1.9194E+05    
   2.47E+07     0.98599      0.00023299    2.47E+07     0.00023299    3.47E+07     1.9273E+05    
   2.48E+07     0.98599      0.00023147    2.48E+07     0.00023147    3.48E+07     1.937E+05     
   2.49E+07     0.98599      0.00022993    2.49E+07     0.00022993    3.49E+07     1.9473E+05    
   2.5E+07      0.98602      0.00022951    2.5E+07      0.00022951    3.5E+07      1.9566E+05    
   2.51E+07     0.98601      0.00022827    2.51E+07     0.00022827    3.51E+07     1.9616E+05    
   2.52E+07     0.98601      0.00022677    2.52E+07     0.00022677    3.52E+07     1.9687E+05    
   2.53E+07     0.98599      0.00022559    2.53E+07     0.00022559    3.53E+07     1.9787E+05    
   2.54E+07     0.98602      0.00022547    2.54E+07     0.00022547    3.54E+07     1.9847E+05    
   2.55E+07     0.98603      0.00022413    2.55E+07     0.00022413    3.55E+07     1.9941E+05    
   2.56E+07     0.98604      0.00022307    2.56E+07     0.00022307    3.56E+07     1.979E+05     
   2.57E+07     0.98602      0.0002226     2.57E+07     0.0002226     3.57E+07     1.9369E+05    
   2.58E+07     0.986        0.00022237    2.58E+07     0.00022237    3.58E+07     1.9458E+05    
   2.59E+07     0.98602      0.00022223    2.59E+07     0.00022223    3.59E+07     1.9543E+05    
   2.6E+07      0.98601      0.00022095    2.6E+07      0.00022095    3.6E+07      1.9633E+05    
   2.61E+07     0.98598      0.00022176    2.61E+07     0.00022176    3.61E+07     1.9728E+05    
   2.62E+07     0.98599      0.00022045    2.62E+07     0.00022045    3.62E+07     1.9815E+05    
   2.63E+07     0.98602      0.00022129    2.63E+07     0.00022129    3.63E+07     1.9743E+05    
   2.64E+07     0.98599      0.00022174    2.64E+07     0.00022174    3.64E+07     1.9837E+05    
   2.65E+07     0.986        0.00022068    2.65E+07     0.00022068    3.65E+07     1.9842E+05    
   2.66E+07     0.98599      0.00021945    2.66E+07     0.00021945    3.66E+07     1.9869E+05    
   2.67E+07     0.98598      0.00021881    2.67E+07     0.00021881    3.67E+07     1.9846E+05    
   2.68E+07     0.98598      0.00021751    2.68E+07     0.00021751    3.68E+07     1.9619E+05    
   2.69E+07     0.98593      0.0002216     2.69E+07     0.0002216     3.69E+07     1.9581E+05    
   2.7E+07      0.98593      0.0002203     2.7E+07      0.0002203     3.7E+07      1.9639E+05    
   2.71E+07     0.98593      0.00021903    2.71E+07     0.00021903    3.71E+07     1.9636E+05    
   2.72E+07     0.98595      0.0002181     2.72E+07     0.0002181     3.72E+07     1.9711E+05    
   2.73E+07     0.98593      0.00021715    2.73E+07     0.00021715    3.73E+07     1.9554E+05    
   2.74E+07     0.98595      0.00021616    2.74E+07     0.00021616    3.74E+07     1.9599E+05    
   2.75E+07     0.98595      0.00021502    2.75E+07     0.00021502    3.75E+07     1.9637E+05    
   2.76E+07     0.98595      0.00021381    2.76E+07     0.00021381    3.76E+07     1.9636E+05    
   2.77E+07     0.98596      0.00021273    2.77E+07     0.00021273    3.77E+07     1.9703E+05    
   2.78E+07     0.98595      0.00021198    2.78E+07     0.00021198    3.78E+07     1.9792E+05    
   2.79E+07     0.98596      0.00021093    2.79E+07     0.00021093    3.79E+07     1.9878E+05    
   2.8E+07      0.98596      0.00020995    2.8E+07      0.00020995    3.8E+07      1.9964E+05    
   2.81E+07     0.98597      0.00020898    2.81E+07     0.00020898    3.81E+07     2E+05         
   2.82E+07     0.98598      0.00020785    2.82E+07     0.00020785    3.82E+07     2.007E+05     
   2.83E+07     0.98597      0.00020687    2.83E+07     0.00020687    3.83E+07     2.0061E+05    
   2.84E+07     0.98596      0.0002059     2.84E+07     0.0002059     3.84E+07     2.0148E+05    
   2.85E+07     0.98594      0.00020599    2.85E+07     0.00020599    3.85E+07     2.0131E+05    
   2.86E+07     0.98592      0.00020557    2.86E+07     0.00020557    3.86E+07     2.0175E+05    
   2.87E+07     0.98589      0.00020724    2.87E+07     0.00020724    3.87E+07     2.0225E+05    
   2.88E+07     0.98591      0.0002071     2.88E+07     0.0002071     3.88E+07     2.0311E+05    
   2.89E+07     0.9859       0.00020605    2.89E+07     0.00020605    3.89E+07     2.0398E+05    
   2.9E+07      0.9859       0.00020498    2.9E+07      0.00020498    3.9E+07      2.042E+05     
   2.91E+07     0.9859       0.000204      2.91E+07     0.000204      3.91E+07     2.0502E+05    
   2.92E+07     0.98589      0.00020308    2.92E+07     0.00020308    3.92E+07     2.0578E+05    
   2.93E+07     0.98589      0.00020204    2.93E+07     0.00020204    3.93E+07     2.0596E+05    
   2.94E+07     0.98589      0.000201      2.94E+07     0.000201      3.94E+07     2.0673E+05    
   2.95E+07     0.98588      0.00020026    2.95E+07     0.00020026    3.95E+07     2.0745E+05    
   2.96E+07     0.9859       0.00020038    2.96E+07     0.00020038    3.96E+07     2.0812E+05    
   2.97E+07     0.98593      0.00020155    2.97E+07     0.00020155    3.97E+07     2.0768E+05    
   2.98E+07     0.98593      0.00020053    2.98E+07     0.00020053    3.98E+07     2.0811E+05    
   2.99E+07     0.98593      0.00019954    2.99E+07     0.00019954    3.99E+07     2.0709E+05    
   3E+07        0.98594      0.00019863    3E+07        0.00019863    4E+07        2.0479E+05    
   3.01E+07     0.98595      0.00019778    3.01E+07     0.00019778    4.01E+07     2.0521E+05    
   3.02E+07     0.98595      0.00019686    3.02E+07     0.00019686    4.02E+07     2.0602E+05    
   3.03E+07     0.98596      0.00019602    3.03E+07     0.00019602    4.03E+07     2.0666E+05    
   3.04E+07     0.98595      0.00019511    3.04E+07     0.00019511    4.04E+07     2.0648E+05    
   3.05E+07     0.98595      0.00019416    3.05E+07     0.00019416    4.05E+07     2.0702E+05    
   3.06E+07     0.98597      0.00019367    3.06E+07     0.00019367    4.06E+07     2.0614E+05    
   3.07E+07     0.98597      0.00019274    3.07E+07     0.00019274    4.07E+07     2.0632E+05    
   3.08E+07     0.98598      0.000192      3.08E+07     0.000192      4.08E+07     2.0605E+05    
   3.09E+07     0.98599      0.00019148    3.09E+07     0.00019148    4.09E+07     2.0688E+05    
   3.1E+07      0.98599      0.00019058    3.1E+07      0.00019058    4.1E+07      2.0647E+05    
   3.11E+07     0.986        0.00019005    3.11E+07     0.00019005    4.11E+07     2.0328E+05    
   3.12E+07     0.986        0.00018916    3.12E+07     0.00018916    4.12E+07     2.0396E+05    
   3.13E+07     0.986        0.00018829    3.13E+07     0.00018829    4.13E+07     2.0468E+05    
   3.14E+07     0.98602      0.00018902    3.14E+07     0.00018902    4.14E+07     2.0324E+05    
   3.15E+07     0.98602      0.00018837    3.15E+07     0.00018837    4.15E+07     2.0215E+05    
   3.16E+07     0.98601      0.00018753    3.16E+07     0.00018753    4.16E+07     2.0288E+05    
   3.17E+07     0.986        0.00018713    3.17E+07     0.00018713    4.17E+07     2.0332E+05    
   3.18E+07     0.986        0.00018631    3.18E+07     0.00018631    4.18E+07     2.0018E+05    
   3.19E+07     0.986        0.00018548    3.19E+07     0.00018548    4.19E+07     1.9973E+05    
   3.2E+07      0.98601      0.0001849     3.2E+07      0.0001849     4.2E+07      1.9917E+05    
   3.21E+07     0.98601      0.00018407    3.21E+07     0.00018407    4.21E+07     1.9849E+05    
   3.22E+07     0.98602      0.00018343    3.22E+07     0.00018343    4.22E+07     1.9837E+05    
   3.23E+07     0.98602      0.00018261    3.23E+07     0.00018261    4.23E+07     1.9907E+05    
   3.24E+07     0.98602      0.00018181    3.24E+07     0.00018181    4.24E+07     1.9909E+05    
   3.25E+07     0.98602      0.00018104    3.25E+07     0.00018104    4.25E+07     1.9939E+05    
   3.26E+07     0.98602      0.00018025    3.26E+07     0.00018025    4.26E+07     1.9963E+05    
   3.27E+07     0.98601      0.00017953    3.27E+07     0.00017953    4.27E+07     2.0041E+05    
   3.28E+07     0.986        0.00017905    3.28E+07     0.00017905    4.28E+07     2.0031E+05    
   3.29E+07     0.98601      0.00017833    3.29E+07     0.00017833    4.29E+07     2.002E+05     
   3.3E+07      0.98598      0.0001792     3.3E+07      0.0001792     4.3E+07      2.0036E+05    
   3.31E+07     0.98598      0.00017852    3.31E+07     0.00017852    4.31E+07     2.0111E+05    
   3.32E+07     0.98596      0.00017856    3.32E+07     0.00017856    4.32E+07     2.0161E+05    
   3.33E+07     0.98597      0.00017793    3.33E+07     0.00017793    4.33E+07     2.0192E+05    
   3.34E+07     0.98595      0.00017765    3.34E+07     0.00017765    4.34E+07     2.0184E+05    
   3.35E+07     0.98597      0.00017809    3.35E+07     0.00017809    4.35E+07     2.024E+05     
   3.36E+07     0.98595      0.00017839    3.36E+07     0.00017839    4.36E+07     2.0302E+05    
   3.37E+07     0.98598      0.0001792     3.37E+07     0.0001792     4.37E+07     2.0367E+05    
   3.38E+07     0.98597      0.00017864    3.38E+07     0.00017864    4.38E+07     2.0431E+05    
   3.39E+07     0.98596      0.00017822    3.39E+07     0.00017822    4.39E+07     2.0417E+05    
   3.4E+07      0.98597      0.0001776     3.4E+07      0.0001776     4.4E+07      2.0459E+05    
   3.41E+07     0.98594      0.00017914    3.41E+07     0.00017914    4.41E+07     2.0535E+05    
   3.42E+07     0.98593      0.00017846    3.42E+07     0.00017846    4.42E+07     2.0592E+05    
   3.43E+07     0.98592      0.00017805    3.43E+07     0.00017805    4.43E+07     2.0587E+05    
   3.44E+07     0.98592      0.00017732    3.44E+07     0.00017732    4.44E+07     2.0652E+05    
   3.45E+07     0.9859       0.00017729    3.45E+07     0.00017729    4.45E+07     2.0728E+05    
   3.46E+07     0.9859       0.00017669    3.46E+07     0.00017669    4.46E+07     2.0719E+05    
   3.47E+07     0.98589      0.00017609    3.47E+07     0.00017609    4.47E+07     2.0627E+05    
   3.48E+07     0.98589      0.00017539    3.48E+07     0.00017539    4.48E+07     2.0583E+05    
   3.49E+07     0.98589      0.00017468    3.49E+07     0.00017468    4.49E+07     2.0473E+05    
   3.5E+07      0.98589      0.00017399    3.5E+07      0.00017399    4.5E+07      2.0507E+05    
   3.51E+07     0.98588      0.00017353    3.51E+07     0.00017353    4.51E+07     2.0579E+05    
   3.52E+07     0.98587      0.00017297    3.52E+07     0.00017297    4.52E+07     2.0416E+05    
   3.53E+07     0.98587      0.0001723     3.53E+07     0.0001723     4.53E+07     2.0476E+05    
   3.54E+07     0.98586      0.00017176    3.54E+07     0.00017176    4.54E+07     2.0542E+05    
   3.55E+07     0.98586      0.00017112    3.55E+07     0.00017112    4.55E+07     2.0563E+05    
   3.56E+07     0.98588      0.00017153    3.56E+07     0.00017153    4.56E+07     2.0618E+05    
   3.57E+07     0.98585      0.00017316    3.57E+07     0.00017316    4.57E+07     2.0682E+05    
   3.58E+07     0.98585      0.00017249    3.58E+07     0.00017249    4.58E+07     2.0468E+05    
   3.59E+07     0.98586      0.00017189    3.59E+07     0.00017189    4.59E+07     2.0497E+05    
   3.6E+07      0.98586      0.00017126    3.6E+07      0.00017126    4.6E+07      2.025E+05     
   3.61E+07     0.98586      0.00017061    3.61E+07     0.00017061    4.61E+07     2.0299E+05    
   3.62E+07     0.98586      0.00016997    3.62E+07     0.00016997    4.62E+07     2.0293E+05    
   3.63E+07     0.98588      0.00017004    3.63E+07     0.00017004    4.63E+07     2.0341E+05    
   3.64E+07     0.98587      0.00016941    3.64E+07     0.00016941    4.64E+07     2.0371E+05    
   3.65E+07     0.98586      0.00016916    3.65E+07     0.00016916    4.65E+07     2.0313E+05    
   3.66E+07     0.98585      0.00016882    3.66E+07     0.00016882    4.66E+07     2.038E+05     
   3.67E+07     0.98584      0.00016866    3.67E+07     0.00016866    4.67E+07     2.0446E+05    
   3.68E+07     0.98586      0.00016941    3.68E+07     0.00016941    4.68E+07     2.0474E+05    
   3.69E+07     0.98585      0.00016935    3.69E+07     0.00016935    4.69E+07     2.052E+05     
   3.7E+07      0.98584      0.00016887    3.7E+07      0.00016887    4.7E+07      2.0543E+05    
   3.71E+07     0.98583      0.00016865    3.71E+07     0.00016865    4.71E+07     2.0503E+05    
   3.72E+07     0.98583      0.00016811    3.72E+07     0.00016811    4.72E+07     2.0563E+05    
   3.73E+07     0.98585      0.00016856    3.73E+07     0.00016856    4.73E+07     2.0624E+05    
   3.74E+07     0.98586      0.00016815    3.74E+07     0.00016815    4.74E+07     2.0685E+05    
   3.75E+07     0.98587      0.00016774    3.75E+07     0.00016774    4.75E+07     2.0655E+05    
   3.76E+07     0.98588      0.00016752    3.76E+07     0.00016752    4.76E+07     2.0724E+05    
   3.77E+07     0.98589      0.00016703    3.77E+07     0.00016703    4.77E+07     2.0578E+05    
   3.78E+07     0.98589      0.00016643    3.78E+07     0.00016643    4.78E+07     2.0621E+05    
   3.79E+07     0.98589      0.00016583    3.79E+07     0.00016583    4.79E+07     2.0446E+05    
   3.8E+07      0.98589      0.00016524    3.8E+07      0.00016524    4.8E+07      2.0458E+05    
   3.81E+07     0.9859       0.00016489    3.81E+07     0.00016489    4.81E+07     2.0491E+05    
   3.82E+07     0.9859       0.00016436    3.82E+07     0.00016436    4.82E+07     2.0426E+05    
   3.83E+07     0.98589      0.00016414    3.83E+07     0.00016414    4.83E+07     2.0392E+05    
   3.84E+07     0.98589      0.00016357    3.84E+07     0.00016357    4.84E+07     2.0442E+05    
   3.85E+07     0.9859       0.00016344    3.85E+07     0.00016344    4.85E+07     2.049E+05     
   3.86E+07     0.9859       0.00016305    3.86E+07     0.00016305    4.86E+07     2.0554E+05    
   3.87E+07     0.98589      0.0001626     3.87E+07     0.0001626     4.87E+07     2.0604E+05    
   3.88E+07     0.98589      0.00016205    3.88E+07     0.00016205    4.88E+07     2.0411E+05    
   3.89E+07     0.98589      0.0001615     3.89E+07     0.0001615     4.89E+07     2.0074E+05    
   3.9E+07      0.9859       0.00016121    3.9E+07      0.00016121    4.9E+07      2.013E+05     
   3.91E+07     0.9859       0.00016067    3.91E+07     0.00016067    4.91E+07     2.0193E+05    
   3.92E+07     0.98591      0.00016018    3.92E+07     0.00016018    4.92E+07     2.0255E+05    
   3.93E+07     0.9859       0.0001599     3.93E+07     0.0001599     4.93E+07     2.0242E+05    
   3.94E+07     0.98589      0.00015941    3.94E+07     0.00015941    4.94E+07     2.0175E+05    
   3.95E+07     0.9859       0.00015891    3.95E+07     0.00015891    4.95E+07     2.009E+05     
   3.96E+07     0.9859       0.00015846    3.96E+07     0.00015846    4.96E+07     2.0143E+05    
   3.97E+07     0.98591      0.00015843    3.97E+07     0.00015843    4.97E+07     2.0188E+05    
   3.98E+07     0.98591      0.00015807    3.98E+07     0.00015807    4.98E+07     2.0233E+05    
   3.99E+07     0.98589      0.00015824    3.99E+07     0.00015824    4.99E+07     2.0238E+05    
   4E+07        0.98587      0.00015894    4E+07        0.00015894    5E+07        2.0297E+05    
   4.01E+07     0.98588      0.00015858    4.01E+07     0.00015858    5.01E+07     2.0287E+05    
   4.02E+07     0.98588      0.00015808    4.02E+07     0.00015808    5.02E+07     2.0344E+05    
   4.03E+07     0.98587      0.00015761    4.03E+07     0.00015761    5.03E+07     2.0347E+05    
   4.04E+07     0.98586      0.00015749    4.04E+07     0.00015749    5.04E+07     2.0393E+05    
   4.05E+07     0.98587      0.0001571     4.05E+07     0.0001571     5.05E+07     2.0441E+05    
   4.06E+07     0.98585      0.00015724    4.06E+07     0.00015724    5.06E+07     2.0465E+05    
   4.07E+07     0.98586      0.00015697    4.07E+07     0.00015697    5.07E+07     2.0424E+05    
   4.08E+07     0.98587      0.00015688    4.08E+07     0.00015688    5.08E+07     2.0483E+05    
   4.09E+07     0.98587      0.00015639    4.09E+07     0.00015639    5.09E+07     2.0535E+05    
   4.1E+07      0.98588      0.00015635    4.1E+07      0.00015635    5.1E+07      2.058E+05     
   4.11E+07     0.9859       0.00015737    4.11E+07     0.00015737    5.11E+07     2.0626E+05    
   4.12E+07     0.98591      0.00015691    4.12E+07     0.00015691    5.12E+07     2.0659E+05    
   4.13E+07     0.9859       0.00015645    4.13E+07     0.00015645    5.13E+07     2.0705E+05    
   4.14E+07     0.98592      0.00015682    4.14E+07     0.00015682    5.14E+07     2.0747E+05    
   4.15E+07     0.98594      0.00015705    4.15E+07     0.00015705    5.15E+07     2.0764E+05    
   4.16E+07     0.98594      0.00015656    4.16E+07     0.00015656    5.16E+07     2.0806E+05    
   4.17E+07     0.98593      0.0001562     4.17E+07     0.0001562     5.17E+07     2.0865E+05    
   4.18E+07     0.98591      0.00015723    4.18E+07     0.00015723    5.18E+07     2.0749E+05    
   4.19E+07     0.9859       0.00015721    4.19E+07     0.00015721    5.19E+07     2.0678E+05    
   4.2E+07      0.98588      0.00015723    4.2E+07      0.00015723    5.2E+07      2.0735E+05    
   4.21E+07     0.98587      0.00015732    4.21E+07     0.00015732    5.21E+07     2.079E+05     
   4.22E+07     0.98588      0.00015718    4.22E+07     0.00015718    5.22E+07     2.0824E+05    
   4.23E+07     0.98588      0.00015672    4.23E+07     0.00015672    5.23E+07     2.0826E+05    
   4.24E+07     0.98589      0.00015651    4.24E+07     0.00015651    5.24E+07     2.0837E+05    
   4.25E+07     0.9859       0.00015621    4.25E+07     0.00015621    5.25E+07     2.0845E+05    
   4.26E+07     0.9859       0.00015594    4.26E+07     0.00015594    5.26E+07     2.0899E+05    
   4.27E+07     0.9859       0.00015546    4.27E+07     0.00015546    5.27E+07     2.0932E+05    
   4.28E+07     0.98591      0.00015531    4.28E+07     0.00015531    5.28E+07     2.0982E+05    
   4.29E+07     0.9859       0.00015517    4.29E+07     0.00015517    5.29E+07     2.1016E+05    
   4.3E+07      0.98589      0.00015493    4.3E+07      0.00015493    5.3E+07      2.1073E+05    
   4.31E+07     0.98589      0.00015447    4.31E+07     0.00015447    5.31E+07     2.1104E+05    
   4.32E+07     0.9859       0.00015409    4.32E+07     0.00015409    5.32E+07     2.1164E+05    
   4.33E+07     0.98589      0.00015379    4.33E+07     0.00015379    5.33E+07     2.1219E+05    
   4.34E+07     0.98588      0.00015365    4.34E+07     0.00015365    5.34E+07     2.1252E+05    
   4.35E+07     0.98588      0.00015327    4.35E+07     0.00015327    5.35E+07     2.1296E+05    
   4.36E+07     0.98588      0.00015282    4.36E+07     0.00015282    5.36E+07     2.1333E+05    
   4.37E+07     0.98588      0.00015241    4.37E+07     0.00015241    5.37E+07     2.1385E+05    
   4.38E+07     0.98588      0.00015201    4.38E+07     0.00015201    5.38E+07     2.1427E+05    
   4.39E+07     0.98589      0.00015189    4.39E+07     0.00015189    5.39E+07     2.1448E+05    
   4.4E+07      0.98589      0.00015154    4.4E+07      0.00015154    5.4E+07      2.15E+05      
   4.41E+07     0.98589      0.0001511     4.41E+07     0.0001511     5.41E+07     2.1554E+05    
   4.42E+07     0.98589      0.00015072    4.42E+07     0.00015072    5.42E+07     2.1603E+05    
   4.43E+07     0.98588      0.00015057    4.43E+07     0.00015057    5.43E+07     2.1583E+05    
   4.44E+07     0.98588      0.00015014    4.44E+07     0.00015014    5.44E+07     2.1604E+05    
   4.45E+07     0.98588      0.0001497     4.45E+07     0.0001497     5.45E+07     2.1658E+05    
   4.46E+07     0.98587      0.00014956    4.46E+07     0.00014956    5.46E+07     2.1581E+05    
   4.47E+07     0.98586      0.00014974    4.47E+07     0.00014974    5.47E+07     2.1628E+05    
   4.48E+07     0.98585      0.00014971    4.48E+07     0.00014971    5.48E+07     2.1567E+05    
   4.49E+07     0.98583      0.00014995    4.49E+07     0.00014995    5.49E+07     2.1618E+05    
   4.5E+07      0.98584      0.00014967    4.5E+07      0.00014967    5.5E+07      2.1654E+05    
   4.51E+07     0.98584      0.00014924    4.51E+07     0.00014924    5.51E+07     2.1526E+05    
   4.52E+07     0.98583      0.00014967    4.52E+07     0.00014967    5.52E+07     2.1539E+05    
   4.53E+07     0.98583      0.00014929    4.53E+07     0.00014929    5.53E+07     2.1595E+05    
   4.54E+07     0.98583      0.00014889    4.54E+07     0.00014889    5.54E+07     2.1553E+05    
   4.55E+07     0.98583      0.00014866    4.55E+07     0.00014866    5.55E+07     2.1602E+05    
   4.56E+07     0.98584      0.0001483     4.56E+07     0.0001483     5.56E+07     2.1493E+05    
   4.57E+07     0.98584      0.00014789    4.57E+07     0.00014789    5.57E+07     2.1463E+05    
   4.58E+07     0.98582      0.0001485     4.58E+07     0.0001485     5.58E+07     2.1504E+05    
   4.59E+07     0.98581      0.00014823    4.59E+07     0.00014823    5.59E+07     2.1553E+05    
   4.6E+07      0.9858       0.00014898    4.6E+07      0.00014898    5.6E+07      2.1441E+05    
   4.61E+07     0.98579      0.00014863    4.61E+07     0.00014863    5.61E+07     2.1496E+05    
   4.62E+07     0.98578      0.0001485     4.62E+07     0.0001485     5.62E+07     2.1458E+05    
   4.63E+07     0.98579      0.00014817    4.63E+07     0.00014817    5.63E+07     2.1378E+05    
   4.64E+07     0.98578      0.0001479     4.64E+07     0.0001479     5.64E+07     2.1432E+05    
   4.65E+07     0.98579      0.00014795    4.65E+07     0.00014795    5.65E+07     2.1484E+05    
   4.66E+07     0.98579      0.00014754    4.66E+07     0.00014754    5.66E+07     2.1515E+05    
   4.67E+07     0.98579      0.00014716    4.67E+07     0.00014716    5.67E+07     2.1421E+05    
   4.68E+07     0.9858       0.0001469     4.68E+07     0.0001469     5.68E+07     2.1465E+05    
   4.69E+07     0.9858       0.00014657    4.69E+07     0.00014657    5.69E+07     2.1432E+05    
   4.7E+07      0.9858       0.00014633    4.7E+07      0.00014633    5.7E+07      2.1469E+05    
   4.71E+07     0.98581      0.00014632    4.71E+07     0.00014632    5.71E+07     2.1521E+05    
   4.72E+07     0.9858       0.00014596    4.72E+07     0.00014596    5.72E+07     2.1568E+05    
   4.73E+07     0.9858       0.00014557    4.73E+07     0.00014557    5.73E+07     2.1605E+05    
   4.74E+07     0.9858       0.0001452     4.74E+07     0.0001452     5.74E+07     2.1654E+05    
   4.75E+07     0.98581      0.00014516    4.75E+07     0.00014516    5.75E+07     2.1659E+05    
   4.76E+07     0.98581      0.00014477    4.76E+07     0.00014477    5.76E+07     2.1611E+05    
   4.77E+07     0.9858       0.00014511    4.77E+07     0.00014511    5.77E+07     2.1666E+05    
   4.78E+07     0.98579      0.00014482    4.78E+07     0.00014482    5.78E+07     2.1707E+05    
   4.79E+07     0.98578      0.00014528    4.79E+07     0.00014528    5.79E+07     2.1738E+05    
   4.8E+07      0.98577      0.00014509    4.8E+07      0.00014509    5.8E+07      2.1761E+05    
   4.81E+07     0.98578      0.0001448     4.81E+07     0.0001448     5.81E+07     2.1814E+05    
   4.82E+07     0.98579      0.00014489    4.82E+07     0.00014489    5.82E+07     2.1844E+05    
   4.83E+07     0.9858       0.00014486    4.83E+07     0.00014486    5.83E+07     2.1898E+05    
   4.84E+07     0.98579      0.00014454    4.84E+07     0.00014454    5.84E+07     2.1902E+05    
   4.85E+07     0.98579      0.00014421    4.85E+07     0.00014421    5.85E+07     2.1948E+05    
   4.86E+07     0.98579      0.00014384    4.86E+07     0.00014384    5.86E+07     2.2001E+05    
   4.87E+07     0.98578      0.00014352    4.87E+07     0.00014352    5.87E+07     2.1995E+05    
   4.88E+07     0.98577      0.00014405    4.88E+07     0.00014405    5.88E+07     2.2037E+05    
   4.89E+07     0.98579      0.00014511    4.89E+07     0.00014511    5.89E+07     2.2082E+05    
   4.9E+07      0.98579      0.00014475    4.9E+07      0.00014475    5.9E+07      2.1987E+05    
   4.91E+07     0.98579      0.00014438    4.91E+07     0.00014438    5.91E+07     2.1955E+05    
   4.92E+07     0.98579      0.00014401    4.92E+07     0.00014401    5.92E+07     2.2002E+05    
   4.93E+07     0.9858       0.00014392    4.93E+07     0.00014392    5.93E+07     2.2028E+05    
   4.94E+07     0.98578      0.00014399    4.94E+07     0.00014399    5.94E+07     2.1992E+05    
   4.95E+07     0.9858       0.00014416    4.95E+07     0.00014416    5.95E+07     2.2039E+05    
   4.96E+07     0.98579      0.00014382    4.96E+07     0.00014382    5.96E+07     2.2074E+05    
   4.97E+07     0.98579      0.00014352    4.97E+07     0.00014352    5.97E+07     2.2125E+05    
   4.98E+07     0.98579      0.0001432     4.98E+07     0.0001432     5.98E+07     2.2121E+05    
   4.99E+07     0.98579      0.00014305    4.99E+07     0.00014305    5.99E+07     2.2148E+05    
   5E+07        0.98579      0.0001427     5E+07        0.0001427     6E+07        2.2184E+05    
   5.01E+07     0.98578      0.0001426     5.01E+07     0.0001426     6.01E+07     2.2215E+05    
   5.02E+07     0.98578      0.00014225    5.02E+07     0.00014225    6.02E+07     2.2237E+05    
   5.03E+07     0.98578      0.0001421     5.03E+07     0.0001421     6.03E+07     2.2214E+05    
   5.04E+07     0.98578      0.0001418     5.04E+07     0.0001418     6.04E+07     2.2252E+05    
   5.05E+07     0.98578      0.00014149    5.05E+07     0.00014149    6.05E+07     2.2258E+05    
   5.06E+07     0.98579      0.00014125    5.06E+07     0.00014125    6.06E+07     2.2136E+05    
   5.07E+07     0.98578      0.00014126    5.07E+07     0.00014126    6.07E+07     2.2186E+05    
   5.08E+07     0.98578      0.00014092    5.08E+07     0.00014092    6.08E+07     2.2055E+05    
   5.09E+07     0.98578      0.0001406     5.09E+07     0.0001406     6.09E+07     2.2097E+05    
   5.1E+07      0.98577      0.0001403     5.1E+07      0.0001403     6.1E+07      2.2148E+05    
   5.11E+07     0.98577      0.00014001    5.11E+07     0.00014001    6.11E+07     2.2143E+05    
   5.12E+07     0.98578      0.00013977    5.12E+07     0.00013977    6.12E+07     2.2052E+05    
   5.13E+07     0.98578      0.00013947    5.13E+07     0.00013947    6.13E+07     2.2088E+05    
   5.14E+07     0.98578      0.00013919    5.14E+07     0.00013919    6.14E+07     2.2029E+05    
   5.15E+07     0.98579      0.00013901    5.15E+07     0.00013901    6.15E+07     2.206E+05     
   5.16E+07     0.98579      0.00013873    5.16E+07     0.00013873    6.16E+07     2.2049E+05    
   5.17E+07     0.9858       0.00013841    5.17E+07     0.00013841    6.17E+07     2.2087E+05    
   5.18E+07     0.98578      0.00013864    5.18E+07     0.00013864    6.18E+07     2.2138E+05    
   5.19E+07     0.98579      0.00013875    5.19E+07     0.00013875    6.19E+07     2.2152E+05    
   5.2E+07      0.9858       0.00013843    5.2E+07      0.00013843    6.2E+07      2.2202E+05    
   5.21E+07     0.9858       0.00013812    5.21E+07     0.00013812    6.21E+07     2.214E+05     
   5.22E+07     0.9858       0.00013785    5.22E+07     0.00013785    6.22E+07     2.2153E+05    
   5.23E+07     0.98579      0.00013771    5.23E+07     0.00013771    6.23E+07     2.2172E+05    
   5.24E+07     0.98579      0.00013754    5.24E+07     0.00013754    6.24E+07     2.2202E+05    
   5.25E+07     0.98579      0.00013739    5.25E+07     0.00013739    6.25E+07     2.2247E+05    
   5.26E+07     0.9858       0.00013707    5.26E+07     0.00013707    6.26E+07     2.2191E+05    
   5.27E+07     0.98579      0.00013684    5.27E+07     0.00013684    6.27E+07     2.2237E+05    
   5.28E+07     0.98579      0.00013654    5.28E+07     0.00013654    6.28E+07     2.2244E+05    
   5.29E+07     0.9858       0.00013631    5.29E+07     0.00013631    6.29E+07     2.2247E+05    
   5.3E+07      0.9858       0.000136      5.3E+07      0.000136      6.3E+07      2.2289E+05    
   5.31E+07     0.9858       0.00013575    5.31E+07     0.00013575    6.31E+07     2.2332E+05    
   5.32E+07     0.9858       0.00013544    5.32E+07     0.00013544    6.32E+07     2.2381E+05    
   5.33E+07     0.9858       0.00013514    5.33E+07     0.00013514    6.33E+07     2.2413E+05    
   5.34E+07     0.98581      0.00013491    5.34E+07     0.00013491    6.34E+07     2.2461E+05    
   5.35E+07     0.98581      0.00013463    5.35E+07     0.00013463    6.35E+07     2.2436E+05    
   5.36E+07     0.98581      0.00013439    5.36E+07     0.00013439    6.36E+07     2.2468E+05    
   5.37E+07     0.98581      0.0001341     5.37E+07     0.0001341     6.37E+07     2.2504E+05    
   5.38E+07     0.98581      0.00013385    5.38E+07     0.00013385    6.38E+07     2.2553E+05    
   5.39E+07     0.98581      0.00013365    5.39E+07     0.00013365    6.39E+07     2.2458E+05    
   5.4E+07      0.98582      0.00013337    5.4E+07      0.00013337    6.4E+07      2.2508E+05    
   5.41E+07     0.98582      0.00013308    5.41E+07     0.00013308    6.41E+07     2.2498E+05    
   5.42E+07     0.98581      0.00013281    5.42E+07     0.00013281    6.42E+07     2.2523E+05    
   5.43E+07     0.98581      0.00013273    5.43E+07     0.00013273    6.43E+07     2.2389E+05    
   5.44E+07     0.9858       0.00013255    5.44E+07     0.00013255    6.44E+07     2.24E+05      
   5.45E+07     0.9858       0.00013227    5.45E+07     0.00013227    6.45E+07     2.2327E+05    
   5.46E+07     0.98579      0.00013238    5.46E+07     0.00013238    6.46E+07     2.2344E+05    
   5.47E+07     0.98579      0.00013211    5.47E+07     0.00013211    6.47E+07     2.2386E+05    
   5.48E+07     0.98578      0.00013218    5.48E+07     0.00013218    6.48E+07     2.2276E+05    
   5.49E+07     0.98578      0.00013191    5.49E+07     0.00013191    6.49E+07     2.2313E+05    
   5.5E+07      0.98579      0.00013168    5.5E+07      0.00013168    6.5E+07      2.2289E+05    
   5.51E+07     0.9858       0.00013195    5.51E+07     0.00013195    6.51E+07     2.2323E+05    
   5.52E+07     0.98579      0.00013178    5.52E+07     0.00013178    6.52E+07     2.2372E+05    
   5.53E+07     0.98579      0.0001315     5.53E+07     0.0001315     6.53E+07     2.2356E+05    
   5.54E+07     0.98579      0.00013151    5.54E+07     0.00013151    6.54E+07     2.2395E+05    
   5.55E+07     0.98578      0.00013124    5.55E+07     0.00013124    6.55E+07     2.2442E+05    
   5.56E+07     0.9858       0.00013145    5.56E+07     0.00013145    6.56E+07     2.2306E+05    
   5.57E+07     0.9858       0.00013143    5.57E+07     0.00013143    6.57E+07     2.2234E+05    
   5.58E+07     0.98581      0.00013119    5.58E+07     0.00013119    6.58E+07     2.2275E+05    
   5.59E+07     0.98581      0.00013091    5.59E+07     0.00013091    6.59E+07     2.2241E+05    
   5.6E+07      0.9858       0.00013114    5.6E+07      0.00013114    6.6E+07      2.2244E+05    
   5.61E+07     0.9858       0.00013086    5.61E+07     0.00013086    6.61E+07     2.2291E+05    
   5.62E+07     0.98581      0.00013086    5.62E+07     0.00013086    6.62E+07     2.2258E+05    
   5.63E+07     0.9858       0.00013097    5.63E+07     0.00013097    6.63E+07     2.2281E+05    
   5.64E+07     0.9858       0.0001307     5.64E+07     0.0001307     6.64E+07     2.232E+05     
   5.65E+07     0.9858       0.00013043    5.65E+07     0.00013043    6.65E+07     2.2348E+05    
   5.66E+07     0.98579      0.00013022    5.66E+07     0.00013022    6.66E+07     2.2387E+05    
   5.67E+07     0.98578      0.00013039    5.67E+07     0.00013039    6.67E+07     2.2433E+05    
   5.68E+07     0.98578      0.00013013    5.68E+07     0.00013013    6.68E+07     2.246E+05     
   5.69E+07     0.98579      0.00013011    5.69E+07     0.00013011    6.69E+07     2.2364E+05    
   5.7E+07      0.98579      0.00012989    5.7E+07      0.00012989    6.7E+07      2.2403E+05    
   5.71E+07     0.98579      0.00012962    5.71E+07     0.00012962    6.71E+07     2.24E+05      
   5.72E+07     0.9858       0.00012935    5.72E+07     0.00012935    6.72E+07     2.2443E+05    
   5.73E+07     0.9858       0.00012914    5.73E+07     0.00012914    6.73E+07     2.2447E+05    
   5.74E+07     0.9858       0.00012888    5.74E+07     0.00012888    6.74E+07     2.2487E+05    
   5.75E+07     0.98579      0.00012876    5.75E+07     0.00012876    6.75E+07     2.2442E+05    
   5.76E+07     0.9858       0.00012878    5.76E+07     0.00012878    6.76E+07     2.2392E+05    
   5.77E+07     0.9858       0.00012851    5.77E+07     0.00012851    6.77E+07     2.2428E+05    
   5.78E+07     0.9858       0.00012828    5.78E+07     0.00012828    6.78E+07     2.245E+05     
   5.79E+07     0.98579      0.00012809    5.79E+07     0.00012809    6.79E+07     2.2454E+05    
   5.8E+07      0.98579      0.00012789    5.8E+07      0.00012789    6.8E+07      2.2498E+05    
   5.81E+07     0.98579      0.00012763    5.81E+07     0.00012763    6.81E+07     2.2544E+05    
   5.82E+07     0.98579      0.00012744    5.82E+07     0.00012744    6.82E+07     2.2574E+05    
   5.83E+07     0.98579      0.00012717    5.83E+07     0.00012717    6.83E+07     2.2596E+05    
   5.84E+07     0.9858       0.00012705    5.84E+07     0.00012705    6.84E+07     2.2638E+05    
   5.85E+07     0.9858       0.00012681    5.85E+07     0.00012681    6.85E+07     2.2683E+05    
   5.86E+07     0.9858       0.00012656    5.86E+07     0.00012656    6.86E+07     2.2697E+05    
   5.87E+07     0.9858       0.00012647    5.87E+07     0.00012647    6.87E+07     2.2645E+05    
   5.88E+07     0.9858       0.00012623    5.88E+07     0.00012623    6.88E+07     2.2688E+05    
   5.89E+07     0.9858       0.00012599    5.89E+07     0.00012599    6.89E+07     2.2733E+05    
   5.9E+07      0.98581      0.00012616    5.9E+07      0.00012616    6.9E+07      2.2752E+05    
   5.91E+07     0.98581      0.00012615    5.91E+07     0.00012615    6.91E+07     2.2767E+05    
   5.92E+07     0.98581      0.0001259     5.92E+07     0.0001259     6.92E+07     2.2753E+05    
   5.93E+07     0.98581      0.00012572    5.93E+07     0.00012572    6.93E+07     2.2638E+05    
   5.94E+07     0.98582      0.00012572    5.94E+07     0.00012572    6.94E+07     2.2622E+05    
   5.95E+07     0.98582      0.00012548    5.95E+07     0.00012548    6.95E+07     2.2611E+05    
   5.96E+07     0.98582      0.00012527    5.96E+07     0.00012527    6.96E+07     2.2645E+05    
   5.97E+07     0.98582      0.00012502    5.97E+07     0.00012502    6.97E+07     2.2688E+05    
   5.98E+07     0.98581      0.00012494    5.98E+07     0.00012494    6.98E+07     2.2716E+05    
   5.99E+07     0.98582      0.00012476    5.99E+07     0.00012476    6.99E+07     2.262E+05     
   6E+07        0.98581      0.00012456    6E+07        0.00012456    7E+07        2.2643E+05    
   6.01E+07     0.98581      0.00012436    6.01E+07     0.00012436    7.01E+07     2.2664E+05    
   6.02E+07     0.98582      0.00012419    6.02E+07     0.00012419    7.02E+07     2.2709E+05    
   6.03E+07     0.98581      0.00012416    6.03E+07     0.00012416    7.03E+07     2.2745E+05    
   6.04E+07     0.98581      0.00012395    6.04E+07     0.00012395    7.04E+07     2.2781E+05    
   6.05E+07     0.98581      0.00012382    6.05E+07     0.00012382    7.05E+07     2.2824E+05    
   6.06E+07     0.9858       0.00012406    6.06E+07     0.00012406    7.06E+07     2.2866E+05    
   6.07E+07     0.9858       0.00012383    6.07E+07     0.00012383    7.07E+07     2.2909E+05    
   6.08E+07     0.98581      0.00012409    6.08E+07     0.00012409    7.08E+07     2.2949E+05    
   6.09E+07     0.98581      0.00012386    6.09E+07     0.00012386    7.09E+07     2.2975E+05    
   6.1E+07      0.98581      0.00012362    6.1E+07      0.00012362    7.1E+07      2.3004E+05    
   6.11E+07     0.9858       0.00012354    6.11E+07     0.00012354    7.11E+07     2.2762E+05    
   6.12E+07     0.98581      0.00012369    6.12E+07     0.00012369    7.12E+07     2.2785E+05    
   6.13E+07     0.98581      0.00012349    6.13E+07     0.00012349    7.13E+07     2.282E+05     
   6.14E+07     0.98581      0.00012355    6.14E+07     0.00012355    7.14E+07     2.2569E+05    
   6.15E+07     0.9858       0.00012337    6.15E+07     0.00012337    7.15E+07     2.2606E+05    
   6.16E+07     0.98581      0.0001233     6.16E+07     0.0001233     7.16E+07     2.2643E+05    
   6.17E+07     0.98581      0.00012309    6.17E+07     0.00012309    7.17E+07     2.267E+05     
   6.18E+07     0.98581      0.00012285    6.18E+07     0.00012285    7.18E+07     2.2623E+05    
   6.19E+07     0.98582      0.00012271    6.19E+07     0.00012271    7.19E+07     2.2637E+05    
   6.2E+07      0.98582      0.00012248    6.2E+07      0.00012248    7.2E+07      2.2648E+05    
   6.21E+07     0.98581      0.00012254    6.21E+07     0.00012254    7.21E+07     2.2691E+05    
   6.22E+07     0.98581      0.00012241    6.22E+07     0.00012241    7.22E+07     2.2732E+05    
   6.23E+07     0.98581      0.00012227    6.23E+07     0.00012227    7.23E+07     2.2711E+05    
   6.24E+07     0.98581      0.00012209    6.24E+07     0.00012209    7.24E+07     2.2694E+05    
   6.25E+07     0.98581      0.00012186    6.25E+07     0.00012186    7.25E+07     2.2734E+05    
   6.26E+07     0.98582      0.00012192    6.26E+07     0.00012192    7.26E+07     2.2763E+05    
   6.27E+07     0.98582      0.0001217     6.27E+07     0.0001217     7.27E+07     2.2756E+05    
   6.28E+07     0.98583      0.00012158    6.28E+07     0.00012158    7.28E+07     2.2784E+05    
   6.29E+07     0.98582      0.00012147    6.29E+07     0.00012147    7.29E+07     2.2815E+05    
   6.3E+07      0.98582      0.00012125    6.3E+07      0.00012125    7.3E+07      2.2848E+05    
   6.31E+07     0.98582      0.00012104    6.31E+07     0.00012104    7.31E+07     2.2889E+05    
   6.32E+07     0.98582      0.00012082    6.32E+07     0.00012082    7.32E+07     2.2906E+05    
   6.33E+07     0.98582      0.00012062    6.33E+07     0.00012062    7.33E+07     2.2788E+05    
   6.34E+07     0.98582      0.00012039    6.34E+07     0.00012039    7.34E+07     2.2798E+05    
   6.35E+07     0.98583      0.00012037    6.35E+07     0.00012037    7.35E+07     2.2816E+05    
   6.36E+07     0.98583      0.00012019    6.36E+07     0.00012019    7.36E+07     2.2849E+05    
   6.37E+07     0.98583      0.00011999    6.37E+07     0.00011999    7.37E+07     2.2713E+05    
   6.38E+07     0.98583      0.00011976    6.38E+07     0.00011976    7.38E+07     2.2754E+05    
   6.39E+07     0.98582      0.00011993    6.39E+07     0.00011993    7.39E+07     2.2714E+05    
   6.4E+07      0.98582      0.0001197     6.4E+07      0.0001197     7.4E+07      2.2747E+05    
   6.41E+07     0.98582      0.00011963    6.41E+07     0.00011963    7.41E+07     2.2782E+05    
   6.42E+07     0.98583      0.00011947    6.42E+07     0.00011947    7.42E+07     2.2777E+05    
   6.43E+07     0.98584      0.00011973    6.43E+07     0.00011973    7.43E+07     2.2818E+05    
   6.44E+07     0.98583      0.00011962    6.44E+07     0.00011962    7.44E+07     2.2805E+05    
   6.45E+07     0.98584      0.00011972    6.45E+07     0.00011972    7.45E+07     2.2699E+05    
   6.46E+07     0.98584      0.00011957    6.46E+07     0.00011957    7.46E+07     2.2739E+05    
   6.47E+07     0.98584      0.00011937    6.47E+07     0.00011937    7.47E+07     2.277E+05     
   6.48E+07     0.98585      0.00011957    6.48E+07     0.00011957    7.48E+07     2.2805E+05    
   6.49E+07     0.98585      0.00011938    6.49E+07     0.00011938    7.49E+07     2.2827E+05    
   6.5E+07      0.98585      0.00011935    6.5E+07      0.00011935    7.5E+07      2.2866E+05    
   6.51E+07     0.98586      0.00011917    6.51E+07     0.00011917    7.51E+07     2.2879E+05    
   6.52E+07     0.98586      0.00011895    6.52E+07     0.00011895    7.52E+07     2.2916E+05    
   6.53E+07     0.98585      0.00011891    6.53E+07     0.00011891    7.53E+07     2.2788E+05    
   6.54E+07     0.98585      0.0001187     6.54E+07     0.0001187     7.54E+07     2.2813E+05    
   6.55E+07     0.98585      0.00011849    6.55E+07     0.00011849    7.55E+07     2.2852E+05    
   6.56E+07     0.98584      0.00011876    6.56E+07     0.00011876    7.56E+07     2.2887E+05    
   6.57E+07     0.98583      0.00011887    6.57E+07     0.00011887    7.57E+07     2.2918E+05    
   6.58E+07     0.98583      0.00011866    6.58E+07     0.00011866    7.58E+07     2.2923E+05    
   6.59E+07     0.98582      0.00011867    6.59E+07     0.00011867    7.59E+07     2.2922E+05    
   6.6E+07      0.98583      0.00011857    6.6E+07      0.00011857    7.6E+07      2.2959E+05    
   6.61E+07     0.98583      0.00011836    6.61E+07     0.00011836    7.61E+07     2.2995E+05    
   6.62E+07     0.98582      0.00011834    6.62E+07     0.00011834    7.62E+07     2.3036E+05    
   6.63E+07     0.98582      0.0001182     6.63E+07     0.0001182     7.63E+07     2.3074E+05    
   6.64E+07     0.98582      0.000118      6.64E+07     0.000118      7.64E+07     2.3097E+05    
   6.65E+07     0.98582      0.00011784    6.65E+07     0.00011784    7.65E+07     2.3132E+05    
   6.66E+07     0.98582      0.00011764    6.66E+07     0.00011764    7.66E+07     2.317E+05     
   6.67E+07     0.98582      0.00011744    6.67E+07     0.00011744    7.67E+07     2.3207E+05    
   6.68E+07     0.98582      0.00011728    6.68E+07     0.00011728    7.68E+07     2.3246E+05    
   6.69E+07     0.98583      0.00011745    6.69E+07     0.00011745    7.69E+07     2.3276E+05    
   6.7E+07      0.98583      0.00011725    6.7E+07      0.00011725    7.7E+07      2.3307E+05    
   6.71E+07     0.98582      0.00011718    6.71E+07     0.00011718    7.71E+07     2.3322E+05    
   6.72E+07     0.98583      0.00011698    6.72E+07     0.00011698    7.72E+07     2.3315E+05    
   6.73E+07     0.98583      0.00011688    6.73E+07     0.00011688    7.73E+07     2.333E+05     
   6.74E+07     0.98583      0.00011669    6.74E+07     0.00011669    7.74E+07     2.3369E+05    
   6.75E+07     0.98582      0.00011672    6.75E+07     0.00011672    7.75E+07     2.3409E+05    
   6.76E+07     0.98583      0.00011677    6.76E+07     0.00011677    7.76E+07     2.3427E+05    
   6.77E+07     0.98583      0.00011659    6.77E+07     0.00011659    7.77E+07     2.3441E+05    
   6.78E+07     0.98584      0.00011645    6.78E+07     0.00011645    7.78E+07     2.3474E+05    
   6.79E+07     0.98583      0.00011635    6.79E+07     0.00011635    7.79E+07     2.351E+05     
   6.8E+07      0.98583      0.00011615    6.8E+07      0.00011615    7.8E+07      2.3499E+05    
   6.81E+07     0.98583      0.00011595    6.81E+07     0.00011595    7.81E+07     2.3523E+05    
   6.82E+07     0.98584      0.00011579    6.82E+07     0.00011579    7.82E+07     2.3558E+05    
   6.83E+07     0.98584      0.00011565    6.83E+07     0.00011565    7.83E+07     2.358E+05     
   6.84E+07     0.98584      0.00011545    6.84E+07     0.00011545    7.84E+07     2.3612E+05    
   6.85E+07     0.98584      0.00011526    6.85E+07     0.00011526    7.85E+07     2.3598E+05    
   6.86E+07     0.98585      0.00011514    6.86E+07     0.00011514    7.86E+07     2.3637E+05    
   6.87E+07     0.98585      0.00011517    6.87E+07     0.00011517    7.87E+07     2.3655E+05    
   6.88E+07     0.98585      0.00011498    6.88E+07     0.00011498    7.88E+07     2.3679E+05    
   6.89E+07     0.98585      0.00011479    6.89E+07     0.00011479    7.89E+07     2.3676E+05    
   6.9E+07      0.98586      0.00011466    6.9E+07      0.00011466    7.9E+07      2.3711E+05    
   6.91E+07     0.98585      0.00011452    6.91E+07     0.00011452    7.91E+07     2.3749E+05    
   6.92E+07     0.98585      0.00011448    6.92E+07     0.00011448    7.92E+07     2.3783E+05    
   6.93E+07     0.98586      0.00011469    6.93E+07     0.00011469    7.93E+07     2.3812E+05    
   6.94E+07     0.98585      0.00011465    6.94E+07     0.00011465    7.94E+07     2.3853E+05    
   6.95E+07     0.98586      0.00011459    6.95E+07     0.00011459    7.95E+07     2.388E+05     
   6.96E+07     0.98586      0.00011442    6.96E+07     0.00011442    7.96E+07     2.3919E+05    
   6.97E+07     0.98586      0.00011423    6.97E+07     0.00011423    7.97E+07     2.3944E+05    
   6.98E+07     0.98586      0.00011408    6.98E+07     0.00011408    7.98E+07     2.3973E+05    
   6.99E+07     0.98587      0.00011423    6.99E+07     0.00011423    7.99E+07     2.391E+05     
   7E+07        0.98587      0.0001141     7E+07        0.0001141     8E+07        2.3941E+05    
   7.01E+07     0.98588      0.00011396    7.01E+07     0.00011396    8.01E+07     2.397E+05     
   7.02E+07     0.98588      0.00011377    7.02E+07     0.00011377    8.02E+07     2.3875E+05    
   7.03E+07     0.98588      0.00011359    7.03E+07     0.00011359    8.03E+07     2.3912E+05    
   7.04E+07     0.98587      0.00011343    7.04E+07     0.00011343    8.04E+07     2.3908E+05    
   7.05E+07     0.98587      0.00011324    7.05E+07     0.00011324    8.05E+07     2.3939E+05    
   7.06E+07     0.98587      0.00011306    7.06E+07     0.00011306    8.06E+07     2.3939E+05    
   7.07E+07     0.98587      0.00011287    7.07E+07     0.00011287    8.07E+07     2.3922E+05    
   7.08E+07     0.98587      0.00011269    7.08E+07     0.00011269    8.08E+07     2.3923E+05    
   7.09E+07     0.98587      0.00011255    7.09E+07     0.00011255    8.09E+07     2.3962E+05    
   7.1E+07      0.98587      0.0001124     7.1E+07      0.0001124     8.1E+07      2.397E+05     
   7.11E+07     0.98586      0.00011292    7.11E+07     0.00011292    8.11E+07     2.4008E+05    
   7.12E+07     0.98586      0.00011277    7.12E+07     0.00011277    8.12E+07     2.3894E+05    
   7.13E+07     0.98586      0.00011261    7.13E+07     0.00011261    8.13E+07     2.3899E+05    
   7.14E+07     0.98587      0.00011316    7.14E+07     0.00011316    8.14E+07     2.3929E+05    
   7.15E+07     0.98587      0.00011299    7.15E+07     0.00011299    8.15E+07     2.395E+05     
   7.16E+07     0.98587      0.00011281    7.16E+07     0.00011281    8.16E+07     2.3956E+05    
   7.17E+07     0.98588      0.00011266    7.17E+07     0.00011266    8.17E+07     2.3924E+05    
   7.18E+07     0.98587      0.0001127     7.18E+07     0.0001127     8.18E+07     2.3952E+05    
   7.19E+07     0.98587      0.00011259    7.19E+07     0.00011259    8.19E+07     2.3987E+05    
   7.2E+07      0.98588      0.00011248    7.2E+07      0.00011248    8.2E+07      2.4014E+05    
   7.21E+07     0.98588      0.0001123     7.21E+07     0.0001123     8.21E+07     2.3864E+05    
   7.22E+07     0.98588      0.00011212    7.22E+07     0.00011212    8.22E+07     2.3871E+05    
   7.23E+07     0.98588      0.00011209    7.23E+07     0.00011209    8.23E+07     2.3908E+05    
   7.24E+07     0.98589      0.00011206    7.24E+07     0.00011206    8.24E+07     2.3859E+05    
   7.25E+07     0.98589      0.00011188    7.25E+07     0.00011188    8.25E+07     2.3867E+05    
   7.26E+07     0.98589      0.00011174    7.26E+07     0.00011174    8.26E+07     2.3855E+05    
   7.27E+07     0.98588      0.00011168    7.27E+07     0.00011168    8.27E+07     2.3893E+05    
   7.28E+07     0.98588      0.00011152    7.28E+07     0.00011152    8.28E+07     2.3929E+05    
   7.29E+07     0.98589      0.00011137    7.29E+07     0.00011137    8.29E+07     2.3924E+05    
   7.3E+07      0.98589      0.00011122    7.3E+07      0.00011122    8.3E+07      2.3947E+05    
   7.31E+07     0.98589      0.00011104    7.31E+07     0.00011104    8.31E+07     2.3955E+05    
   7.32E+07     0.98589      0.00011092    7.32E+07     0.00011092    8.32E+07     2.3951E+05    
   7.33E+07     0.98588      0.00011113    7.33E+07     0.00011113    8.33E+07     2.3924E+05    
   7.34E+07     0.98588      0.00011104    7.34E+07     0.00011104    8.34E+07     2.3938E+05    
   7.35E+07     0.98588      0.00011092    7.35E+07     0.00011092    8.35E+07     2.3973E+05    
   7.36E+07     0.98588      0.00011075    7.36E+07     0.00011075    8.36E+07     2.3999E+05    
   7.37E+07     0.98589      0.00011101    7.37E+07     0.00011101    8.37E+07     2.4001E+05    
   7.38E+07     0.98589      0.00011084    7.38E+07     0.00011084    8.38E+07     2.394E+05     
   7.39E+07     0.98588      0.00011086    7.39E+07     0.00011086    8.39E+07     2.397E+05     
   7.4E+07      0.98588      0.00011069    7.4E+07      0.00011069    8.4E+07      2.3969E+05    
   7.41E+07     0.98588      0.00011054    7.41E+07     0.00011054    8.41E+07     2.3968E+05    
   7.42E+07     0.98589      0.00011047    7.42E+07     0.00011047    8.42E+07     2.4E+05       
   7.43E+07     0.98589      0.0001103     7.43E+07     0.0001103     8.43E+07     2.4034E+05    
   7.44E+07     0.98589      0.00011025    7.44E+07     0.00011025    8.44E+07     2.3971E+05    
   7.45E+07     0.98588      0.00011044    7.45E+07     0.00011044    8.45E+07     2.3997E+05    
   7.46E+07     0.98588      0.00011026    7.46E+07     0.00011026    8.46E+07     2.3993E+05    
   7.47E+07     0.98588      0.00011012    7.47E+07     0.00011012    8.47E+07     2.3952E+05    
   7.48E+07     0.98588      0.00010995    7.48E+07     0.00010995    8.48E+07     2.3989E+05    
   7.49E+07     0.98588      0.00010983    7.49E+07     0.00010983    8.49E+07     2.3984E+05    
   7.5E+07      0.98588      0.00010966    7.5E+07      0.00010966    8.5E+07      2.402E+05     
   7.51E+07     0.98588      0.00010956    7.51E+07     0.00010956    8.51E+07     2.4047E+05    
   7.52E+07     0.98588      0.00010939    7.52E+07     0.00010939    8.52E+07     2.4082E+05    
   7.53E+07     0.98589      0.00010962    7.53E+07     0.00010962    8.53E+07     2.4119E+05    
   7.54E+07     0.98589      0.00010949    7.54E+07     0.00010949    8.54E+07     2.4145E+05    
   7.55E+07     0.98589      0.00010933    7.55E+07     0.00010933    8.55E+07     2.4177E+05    
   7.56E+07     0.98589      0.00010917    7.56E+07     0.00010917    8.56E+07     2.4205E+05    
   7.57E+07     0.98589      0.00010902    7.57E+07     0.00010902    8.57E+07     2.423E+05     
   7.58E+07     0.98589      0.00010894    7.58E+07     0.00010894    8.58E+07     2.4262E+05    
   7.59E+07     0.98589      0.00010887    7.59E+07     0.00010887    8.59E+07     2.4291E+05    
   7.6E+07      0.98589      0.00010871    7.6E+07      0.00010871    8.6E+07      2.4266E+05    
   7.61E+07     0.98589      0.00010855    7.61E+07     0.00010855    8.61E+07     2.4224E+05    
   7.62E+07     0.98589      0.00010838    7.62E+07     0.00010838    8.62E+07     2.4225E+05    
   7.63E+07     0.98589      0.00010822    7.63E+07     0.00010822    8.63E+07     2.4147E+05    
   7.64E+07     0.98589      0.0001081     7.64E+07     0.0001081     8.64E+07     2.3849E+05    
   7.65E+07     0.98589      0.00010794    7.65E+07     0.00010794    8.65E+07     2.3874E+05    
   7.66E+07     0.98589      0.00010778    7.66E+07     0.00010778    8.66E+07     2.3902E+05    
   7.67E+07     0.98589      0.00010763    7.67E+07     0.00010763    8.67E+07     2.3892E+05    
   7.68E+07     0.98589      0.00010747    7.68E+07     0.00010747    8.68E+07     2.3903E+05    
   7.69E+07     0.98589      0.00010733    7.69E+07     0.00010733    8.69E+07     2.3848E+05    
   7.7E+07      0.98589      0.00010718    7.7E+07      0.00010718    8.7E+07      2.3864E+05    
   7.71E+07     0.98589      0.00010708    7.71E+07     0.00010708    8.71E+07     2.3881E+05    
   7.72E+07     0.98589      0.00010703    7.72E+07     0.00010703    8.72E+07     2.3879E+05    
   7.73E+07     0.98589      0.00010692    7.73E+07     0.00010692    8.73E+07     2.391E+05     
   7.74E+07     0.98589      0.00010676    7.74E+07     0.00010676    8.74E+07     2.3908E+05    
   7.75E+07     0.9859       0.00010661    7.75E+07     0.00010661    8.75E+07     2.3925E+05    
   7.76E+07     0.9859       0.0001065     7.76E+07     0.0001065     8.76E+07     2.395E+05     
   7.77E+07     0.9859       0.00010639    7.77E+07     0.00010639    8.77E+07     2.3982E+05    
   7.78E+07     0.9859       0.00010625    7.78E+07     0.00010625    8.78E+07     2.4015E+05    
   7.79E+07     0.9859       0.0001061     7.79E+07     0.0001061     8.79E+07     2.3999E+05    
   7.8E+07      0.98591      0.00010606    7.8E+07      0.00010606    8.8E+07      2.4035E+05    
   7.81E+07     0.9859       0.00010593    7.81E+07     0.00010593    8.81E+07     2.4037E+05    
   7.82E+07     0.98591      0.00010579    7.82E+07     0.00010579    8.82E+07     2.4069E+05    
   7.83E+07     0.98591      0.00010567    7.83E+07     0.00010567    8.83E+07     2.4022E+05    
   7.84E+07     0.98591      0.00010554    7.84E+07     0.00010554    8.84E+07     2.4023E+05    
   7.85E+07     0.9859       0.00010549    7.85E+07     0.00010549    8.85E+07     2.4036E+05    
   7.86E+07     0.9859       0.00010534    7.86E+07     0.00010534    8.86E+07     2.4038E+05    
   7.87E+07     0.98591      0.00010522    7.87E+07     0.00010522    8.87E+07     2.4056E+05    
   7.88E+07     0.9859       0.00010511    7.88E+07     0.00010511    8.88E+07     2.4056E+05    
   7.89E+07     0.98591      0.00010504    7.89E+07     0.00010504    8.89E+07     2.4065E+05    
   7.9E+07      0.98591      0.0001049     7.9E+07      0.0001049     8.9E+07      2.4091E+05    
   7.91E+07     0.98591      0.00010475    7.91E+07     0.00010475    8.91E+07     2.4118E+05    
   7.92E+07     0.98591      0.00010461    7.92E+07     0.00010461    8.92E+07     2.4149E+05    
   7.93E+07     0.98591      0.00010447    7.93E+07     0.00010447    8.93E+07     2.4178E+05    
   7.94E+07     0.98591      0.00010432    7.94E+07     0.00010432    8.94E+07     2.4198E+05    
   7.95E+07     0.98591      0.00010419    7.95E+07     0.00010419    8.95E+07     2.422E+05     
   7.96E+07     0.98591      0.00010404    7.96E+07     0.00010404    8.96E+07     2.4251E+05    
   7.97E+07     0.98591      0.00010392    7.97E+07     0.00010392    8.97E+07     2.4268E+05    
   7.98E+07     0.98591      0.00010379    7.98E+07     0.00010379    8.98E+07     2.4247E+05    
   7.99E+07     0.98592      0.00010387    7.99E+07     0.00010387    8.99E+07     2.425E+05     
   8E+07        0.98592      0.00010374    8E+07        0.00010374    9E+07        2.4276E+05    
   8.01E+07     0.98592      0.00010361    8.01E+07     0.00010361    9.01E+07     2.4261E+05    
   8.02E+07     0.98591      0.00010375    8.02E+07     0.00010375    9.02E+07     2.4206E+05    
   8.03E+07     0.98591      0.00010361    8.03E+07     0.00010361    9.03E+07     2.4172E+05    
   8.04E+07     0.98591      0.00010355    8.04E+07     0.00010355    9.04E+07     2.4172E+05    
   8.05E+07     0.98591      0.00010342    8.05E+07     0.00010342    9.05E+07     2.4173E+05    
   8.06E+07     0.98592      0.00010335    8.06E+07     0.00010335    9.06E+07     2.419E+05     
   8.07E+07     0.98591      0.00010332    8.07E+07     0.00010332    9.07E+07     2.421E+05     
   8.08E+07     0.98591      0.00010326    8.08E+07     0.00010326    9.08E+07     2.4231E+05    
   8.09E+07     0.98591      0.00010311    8.09E+07     0.00010311    9.09E+07     2.4224E+05    
   8.1E+07      0.9859       0.00010303    8.1E+07      0.00010303    9.1E+07      2.4214E+05    
   8.11E+07     0.9859       0.00010288    8.11E+07     0.00010288    9.11E+07     2.4226E+05    
   8.12E+07     0.98591      0.00010307    8.12E+07     0.00010307    9.12E+07     2.4258E+05    
   8.13E+07     0.98591      0.00010299    8.13E+07     0.00010299    9.13E+07     2.4289E+05    
   8.14E+07     0.98591      0.00010285    8.14E+07     0.00010285    9.14E+07     2.431E+05     
   8.15E+07     0.98591      0.00010274    8.15E+07     0.00010274    9.15E+07     2.433E+05     
   8.16E+07     0.98592      0.00010266    8.16E+07     0.00010266    9.16E+07     2.4263E+05    
   8.17E+07     0.98591      0.00010267    8.17E+07     0.00010267    9.17E+07     2.4286E+05    
   8.18E+07     0.98591      0.00010254    8.18E+07     0.00010254    9.18E+07     2.4305E+05    
   8.19E+07     0.98591      0.00010241    8.19E+07     0.00010241    9.19E+07     2.4325E+05    
   8.2E+07      0.9859       0.00010229    8.2E+07      0.00010229    9.2E+07      2.4351E+05    
   8.21E+07     0.98591      0.00010255    8.21E+07     0.00010255    9.21E+07     2.4379E+05    
   8.22E+07     0.98591      0.00010247    8.22E+07     0.00010247    9.22E+07     2.441E+05     
   8.23E+07     0.98591      0.00010233    8.23E+07     0.00010233    9.23E+07     2.4439E+05    
   8.24E+07     0.98592      0.00010238    8.24E+07     0.00010238    9.24E+07     2.4464E+05    
   8.25E+07     0.98591      0.0001023     8.25E+07     0.0001023     9.25E+07     2.4485E+05    
   8.26E+07     0.98591      0.00010226    8.26E+07     0.00010226    9.26E+07     2.4515E+05    
   8.27E+07     0.98591      0.00010212    8.27E+07     0.00010212    9.27E+07     2.4523E+05    
   8.28E+07     0.98591      0.00010198    8.28E+07     0.00010198    9.28E+07     2.4501E+05    
   8.29E+07     0.9859       0.00010193    8.29E+07     0.00010193    9.29E+07     2.4533E+05    
   8.3E+07      0.98591      0.00010181    8.3E+07      0.00010181    9.3E+07      2.4546E+05    
   8.31E+07     0.98591      0.00010174    8.31E+07     0.00010174    9.31E+07     2.4559E+05    
   8.32E+07     0.9859       0.00010169    8.32E+07     0.00010169    9.32E+07     2.4549E+05    
   8.33E+07     0.9859       0.00010169    8.33E+07     0.00010169    9.33E+07     2.4576E+05    
   8.34E+07     0.9859       0.00010159    8.34E+07     0.00010159    9.34E+07     2.4576E+05    
   8.35E+07     0.9859       0.00010146    8.35E+07     0.00010146    9.35E+07     2.4591E+05    
   8.36E+07     0.9859       0.00010134    8.36E+07     0.00010134    9.36E+07     2.4624E+05    
   8.37E+07     0.9859       0.00010128    8.37E+07     0.00010128    9.37E+07     2.4637E+05    
   8.38E+07     0.98591      0.00010134    8.38E+07     0.00010134    9.38E+07     2.4667E+05    
   8.39E+07     0.98591      0.00010122    8.39E+07     0.00010122    9.39E+07     2.4605E+05    
   8.4E+07      0.98591      0.00010116    8.4E+07      0.00010116    9.4E+07      2.4636E+05    
   8.41E+07     0.98591      0.00010111    8.41E+07     0.00010111    9.41E+07     2.4662E+05    
   8.42E+07     0.98591      0.00010098    8.42E+07     0.00010098    9.42E+07     2.4694E+05    
   8.43E+07     0.98591      0.00010085    8.43E+07     0.00010085    9.43E+07     2.4722E+05    
   8.44E+07     0.98591      0.00010092    8.44E+07     0.00010092    9.44E+07     2.4752E+05    
   8.45E+07     0.98591      0.00010081    8.45E+07     0.00010081    9.45E+07     2.4687E+05    
   8.46E+07     0.98592      0.00010076    8.46E+07     0.00010076    9.46E+07     2.4716E+05    
   8.47E+07     0.98592      0.00010078    8.47E+07     0.00010078    9.47E+07     2.4706E+05    
   8.48E+07     0.98592      0.00010064    8.48E+07     0.00010064    9.48E+07     2.4737E+05    
   8.49E+07     0.98593      0.00010059    8.49E+07     0.00010059    9.49E+07     2.477E+05     
   8.5E+07      0.98593      0.00010046    8.5E+07      0.00010046    9.5E+07      2.4775E+05    
   8.51E+07     0.98592      0.00010035    8.51E+07     0.00010035    9.51E+07     2.4782E+05    
   8.52E+07     0.98592      0.00010021    8.52E+07     0.00010021    9.52E+07     2.4802E+05    
   8.53E+07     0.98592      0.00010008    8.53E+07     0.00010008    9.53E+07     2.4833E+05    
   8.54E+07     0.98593      9.9966E-05    8.54E+07     9.9966E-05    9.54E+07     2.4866E+05    
   8.55E+07     0.98592      9.9838E-05    8.55E+07     9.9838E-05    9.55E+07     2.4859E+05    
   8.56E+07     0.98593      9.9725E-05    8.56E+07     9.9725E-05    9.56E+07     2.4858E+05    
   8.57E+07     0.98592      9.9618E-05    8.57E+07     9.9618E-05    9.57E+07     2.4799E+05    
   8.58E+07     0.98592      9.9494E-05    8.58E+07     9.9494E-05    9.58E+07     2.4804E+05    
   8.59E+07     0.98592      9.9372E-05    8.59E+07     9.9372E-05    9.59E+07     2.4806E+05    
   8.6E+07      0.98593      9.9363E-05    8.6E+07      9.9363E-05    9.6E+07      2.4819E+05    
   8.61E+07     0.98592      9.9395E-05    8.61E+07     9.9395E-05    9.61E+07     2.4812E+05    
   8.62E+07     0.98593      9.9336E-05    8.62E+07     9.9336E-05    9.62E+07     2.4831E+05    
   8.63E+07     0.98593      9.9432E-05    8.63E+07     9.9432E-05    9.63E+07     2.4851E+05    
   8.64E+07     0.98592      9.9996E-05    8.64E+07     9.9996E-05    9.64E+07     2.4844E+05    
   8.65E+07     0.98592      9.989E-05     8.65E+07     9.989E-05     9.65E+07     2.4853E+05    
   8.66E+07     0.98592      9.9776E-05    8.66E+07     9.9776E-05    9.66E+07     2.4869E+05    
   8.67E+07     0.98592      9.9738E-05    8.67E+07     9.9738E-05    9.67E+07     2.4842E+05    
   8.68E+07     0.98591      9.9661E-05    8.68E+07     9.9661E-05    9.68E+07     2.4861E+05    
   8.69E+07     0.98591      9.9718E-05    8.69E+07     9.9718E-05    9.69E+07     2.4873E+05    
   8.7E+07      0.98591      9.963E-05     8.7E+07      9.963E-05     9.7E+07      2.4894E+05    
   8.71E+07     0.9859       9.9532E-05    8.71E+07     9.9532E-05    9.71E+07     2.4848E+05    
   8.72E+07     0.98591      9.9482E-05    8.72E+07     9.9482E-05    9.72E+07     2.4864E+05    
   8.73E+07     0.98591      9.9358E-05    8.73E+07     9.9358E-05    9.73E+07     2.4884E+05    
   8.74E+07     0.98591      9.9309E-05    8.74E+07     9.9309E-05    9.74E+07     2.4908E+05    
   8.75E+07     0.98591      9.921E-05     8.75E+07     9.921E-05     9.75E+07     2.492E+05     
   8.76E+07     0.98592      9.91E-05      8.76E+07     9.91E-05      9.76E+07     2.4951E+05    
   8.77E+07     0.98592      9.8976E-05    8.77E+07     9.8976E-05    9.77E+07     2.4967E+05    
   8.78E+07     0.98591      9.8855E-05    8.78E+07     9.8855E-05    9.78E+07     2.4983E+05    
   8.79E+07     0.98591      9.8822E-05    8.79E+07     9.8822E-05    9.79E+07     2.4968E+05    
   8.8E+07      0.98591      9.8695E-05    8.8E+07      9.8695E-05    9.8E+07      2.4885E+05    
   8.81E+07     0.98591      9.8637E-05    8.81E+07     9.8637E-05    9.81E+07     2.4871E+05    
   8.82E+07     0.98591      9.8516E-05    8.82E+07     9.8516E-05    9.82E+07     2.4891E+05    
   8.83E+07     0.98591      9.8556E-05    8.83E+07     9.8556E-05    9.83E+07     2.4921E+05    
   8.84E+07     0.98591      9.8491E-05    8.84E+07     9.8491E-05    9.84E+07     2.4953E+05    
   8.85E+07     0.9859       9.8412E-05    8.85E+07     9.8412E-05    9.85E+07     2.4979E+05    
   8.86E+07     0.9859       9.8352E-05    8.86E+07     9.8352E-05    9.86E+07     2.4918E+05    
   8.87E+07     0.9859       9.8261E-05    8.87E+07     9.8261E-05    9.87E+07     2.4874E+05    
   8.88E+07     0.9859       9.8201E-05    8.88E+07     9.8201E-05    9.88E+07     2.4903E+05    
   8.89E+07     0.9859       9.8129E-05    8.89E+07     9.8129E-05    9.89E+07     2.4863E+05    
   8.9E+07      0.9859       9.8022E-05    8.9E+07      9.8022E-05    9.9E+07      2.488E+05     
   8.91E+07     0.9859       9.7914E-05    8.91E+07     9.7914E-05    9.91E+07     2.4815E+05    
   8.92E+07     0.9859       9.7791E-05    8.92E+07     9.7791E-05    9.92E+07     2.4845E+05    
   8.93E+07     0.9859       9.7679E-05    8.93E+07     9.7679E-05    9.93E+07     2.4849E+05    
   8.94E+07     0.9859       9.7588E-05    8.94E+07     9.7588E-05    9.94E+07     2.4785E+05    
   8.95E+07     0.9859       9.7488E-05    8.95E+07     9.7488E-05    9.95E+07     2.4798E+05    
   8.96E+07     0.9859       9.7366E-05    8.96E+07     9.7366E-05    9.96E+07     2.4801E+05    
   8.97E+07     0.9859       9.7275E-05    8.97E+07     9.7275E-05    9.97E+07     2.4824E+05    
   8.98E+07     0.9859       9.7263E-05    8.98E+07     9.7263E-05    9.98E+07     2.4848E+05    
   8.99E+07     0.98589      9.7204E-05    8.99E+07     9.7204E-05    9.99E+07     2.4864E+05    
   9E+07        0.98589      9.7093E-05    9E+07        9.7093E-05    1E+08        2.4867E+05    
   9.01E+07     0.98589      9.7069E-05    9.01E+07     9.7069E-05    
   9.02E+07     0.98589      9.7126E-05    9.02E+07     9.7126E-05    
   9.03E+07     0.98589      9.7137E-05    9.03E+07     9.7137E-05    
   9.04E+07     0.98589      9.706E-05     9.04E+07     9.706E-05     
   9.05E+07     0.9859       9.7E-05       9.05E+07     9.7E-05       
   9.06E+07     0.98589      9.6911E-05    9.06E+07     9.6911E-05    
   9.07E+07     0.98589      9.6802E-05    9.07E+07     9.6802E-05    
   9.08E+07     0.98589      9.6707E-05    9.08E+07     9.6707E-05    
   9.09E+07     0.98589      9.6657E-05    9.09E+07     9.6657E-05    
   9.1E+07      0.9859       9.6622E-05    9.1E+07      9.6622E-05    
   9.11E+07     0.9859       9.653E-05     9.11E+07     9.653E-05     
   9.12E+07     0.9859       9.6412E-05    9.12E+07     9.6412E-05    
   9.13E+07     0.9859       9.6298E-05    9.13E+07     9.6298E-05    
   9.14E+07     0.9859       9.6199E-05    9.14E+07     9.6199E-05    
   9.15E+07     0.9859       9.6097E-05    9.15E+07     9.6097E-05    
   9.16E+07     0.98591      9.6165E-05    9.16E+07     9.6165E-05    
   9.17E+07     0.98591      9.6062E-05    9.17E+07     9.6062E-05    
   9.18E+07     0.98591      9.5966E-05    9.18E+07     9.5966E-05    
   9.19E+07     0.98591      9.5875E-05    9.19E+07     9.5875E-05    
   9.2E+07      0.98591      9.5773E-05    9.2E+07      9.5773E-05    
   9.21E+07     0.9859       9.5666E-05    9.21E+07     9.5666E-05    
   9.22E+07     0.9859       9.555E-05     9.22E+07     9.555E-05     
   9.23E+07     0.98591      9.5443E-05    9.23E+07     9.5443E-05    
   9.24E+07     0.9859       9.5345E-05    9.24E+07     9.5345E-05    
   9.25E+07     0.9859       9.5251E-05    9.25E+07     9.5251E-05    
   9.26E+07     0.9859       9.5137E-05    9.26E+07     9.5137E-05    
   9.27E+07     0.9859       9.5072E-05    9.27E+07     9.5072E-05    
   9.28E+07     0.98591      9.5066E-05    9.28E+07     9.5066E-05    
   9.29E+07     0.98591      9.4952E-05    9.29E+07     9.4952E-05    
   9.3E+07      0.98591      9.4873E-05    9.3E+07      9.4873E-05    
   9.31E+07     0.98591      9.4797E-05    9.31E+07     9.4797E-05    
   9.32E+07     0.98591      9.4767E-05    9.32E+07     9.4767E-05    
   9.33E+07     0.98591      9.4662E-05    9.33E+07     9.4662E-05    
   9.34E+07     0.98591      9.4615E-05    9.34E+07     9.4615E-05    
   9.35E+07     0.98592      9.453E-05     9.35E+07     9.453E-05     
   9.36E+07     0.98592      9.4418E-05    9.36E+07     9.4418E-05    
   9.37E+07     0.98591      9.4347E-05    9.37E+07     9.4347E-05    
   9.38E+07     0.98591      9.4238E-05    9.38E+07     9.4238E-05    
   9.39E+07     0.98592      9.4302E-05    9.39E+07     9.4302E-05    
   9.4E+07      0.98592      9.419E-05     9.4E+07      9.419E-05     
   9.41E+07     0.98592      9.4094E-05    9.41E+07     9.4094E-05    
   9.42E+07     0.98592      9.3982E-05    9.42E+07     9.3982E-05    
   9.43E+07     0.98592      9.3871E-05    9.43E+07     9.3871E-05    
   9.44E+07     0.98592      9.3766E-05    9.44E+07     9.3766E-05    
   9.45E+07     0.98593      9.3843E-05    9.45E+07     9.3843E-05    
   9.46E+07     0.98593      9.3735E-05    9.46E+07     9.3735E-05    
   9.47E+07     0.98592      9.3701E-05    9.47E+07     9.3701E-05    
   9.48E+07     0.98592      9.3592E-05    9.48E+07     9.3592E-05    
   9.49E+07     0.98592      9.3484E-05    9.49E+07     9.3484E-05    
   9.5E+07      0.98592      9.3426E-05    9.5E+07      9.3426E-05    
   9.51E+07     0.98592      9.336E-05     9.51E+07     9.336E-05     
   9.52E+07     0.98592      9.3275E-05    9.52E+07     9.3275E-05    
   9.53E+07     0.98592      9.317E-05     9.53E+07     9.317E-05     
   9.54E+07     0.98592      9.3061E-05    9.54E+07     9.3061E-05    
   9.55E+07     0.98592      9.3019E-05    9.55E+07     9.3019E-05    
   9.56E+07     0.98592      9.2974E-05    9.56E+07     9.2974E-05    
   9.57E+07     0.98592      9.3019E-05    9.57E+07     9.3019E-05    
   9.58E+07     0.98592      9.2934E-05    9.58E+07     9.2934E-05    
   9.59E+07     0.98592      9.286E-05     9.59E+07     9.286E-05     
   9.6E+07      0.98592      9.2765E-05    9.6E+07      9.2765E-05    
   9.61E+07     0.98592      9.27E-05      9.61E+07     9.27E-05      
   9.62E+07     0.98592      9.2594E-05    9.62E+07     9.2594E-05    
   9.63E+07     0.98592      9.2489E-05    9.63E+07     9.2489E-05    
   9.64E+07     0.98592      9.2424E-05    9.64E+07     9.2424E-05    
   9.65E+07     0.98592      9.2336E-05    9.65E+07     9.2336E-05    
   9.66E+07     0.98592      9.2232E-05    9.66E+07     9.2232E-05    
   9.67E+07     0.98591      9.2211E-05    9.67E+07     9.2211E-05    
   9.68E+07     0.98591      9.2105E-05    9.68E+07     9.2105E-05    
   9.69E+07     0.98591      9.2004E-05    9.69E+07     9.2004E-05    
   9.7E+07      0.98591      9.1898E-05    9.7E+07      9.1898E-05    
   9.71E+07     0.98592      9.191E-05     9.71E+07     9.191E-05     
   9.72E+07     0.98592      9.1805E-05    9.72E+07     9.1805E-05    
   9.73E+07     0.98592      9.1702E-05    9.73E+07     9.1702E-05    
   9.74E+07     0.98592      9.16E-05      9.74E+07     9.16E-05      
   9.75E+07     0.98592      9.1526E-05    9.75E+07     9.1526E-05    
   9.76E+07     0.98592      9.1425E-05    9.76E+07     9.1425E-05    
   9.77E+07     0.98592      9.1351E-05    9.77E+07     9.1351E-05    
   9.78E+07     0.98592      9.1276E-05    9.78E+07     9.1276E-05    
   9.79E+07     0.98592      9.1254E-05    9.79E+07     9.1254E-05    
   9.8E+07      0.98593      9.1359E-05    9.8E+07      9.1359E-05    
   9.81E+07     0.98593      9.134E-05     9.81E+07     9.134E-05     
   9.82E+07     0.98593      9.1258E-05    9.82E+07     9.1258E-05    
   9.83E+07     0.98593      9.1154E-05    9.83E+07     9.1154E-05    
   9.84E+07     0.98593      9.1053E-05    9.84E+07     9.1053E-05    
   9.85E+07     0.98593      9.0959E-05    9.85E+07     9.0959E-05    
   9.86E+07     0.98594      9.1027E-05    9.86E+07     9.1027E-05    
   9.87E+07     0.98594      9.1055E-05    9.87E+07     9.1055E-05    
   9.88E+07     0.98594      9.0956E-05    9.88E+07     9.0956E-05    
   9.89E+07     0.98594      9.0985E-05    9.89E+07     9.0985E-05    
   9.9E+07      0.98594      9.0911E-05    9.9E+07      9.0911E-05    
   9.91E+07     0.98595      9.0978E-05    9.91E+07     9.0978E-05    
   9.92E+07     0.98595      9.0881E-05    9.92E+07     9.0881E-05    
   9.93E+07     0.98595      9.0829E-05    9.93E+07     9.0829E-05    
   9.94E+07     0.98594      9.0904E-05    9.94E+07     9.0904E-05    
   9.95E+07     0.98594      9.083E-05     9.95E+07     9.083E-05     
   9.96E+07     0.98594      9.078E-05     9.96E+07     9.078E-05     
   9.97E+07     0.98594      9.0694E-05    9.97E+07     9.0694E-05    
   9.98E+07     0.98594      9.0607E-05    9.98E+07     9.0607E-05    
   9.99E+07     0.98594      9.0531E-05    9.99E+07     9.0531E-05    
   1E+08        0.98594      9.048E-05     1E+08        9.048E-05     
