# This file is written with the intent of being used to plot the data with 
# Gnuplot.  It contains no information regarding how the plot should be 
# formatted.
# =========================================================================
# Research/ArnoldivsPower -f Power1-98.dat -t 100000 -A -c 100 -C 900 -w 20 -b 75 -r  seed = 2644084843
# filename = Power1-98.dat, run = true, power = true, Arnoldi = false, storevectors = 0, raw = false, evectors = 2, evalues = 2, residual = false, arnoldimethod = implicit, tol = 2.22045e-16, verbose = 1, seed = 0, width = 20, bins = 75, acycles = 900, incycles = 100, active = 20, inactive = 0, Iterations = 10, numValues = 2, relaxed = 0, tracks = 100000, ignore_rest = false, version = false, help = false, 

#  1            2            3             4            5             6            7             8            9            
# |-            Power values           -| |-   Power eValues SD   -| |-       FOM-Power      -| |-     Power vector     -| 
#  x-coord      y-coord      error         x-coord      y-coord       x-coord      y-coord       x-coord      y-coord       
   1E+05        0.95771      0             1E+05        0             1.01E+07     0             0.13333      0.017616      
   2E+05        0.96753      0             2E+05        0             1.02E+07     67311         0.4          0.024771      
   3E+05        0.97098      0             3E+05        0             1.03E+07     96814         0.66667      0.031135      
   4E+05        0.97643      0             4E+05        0             1.04E+07     38793         0.93333      0.037285      
   5E+05        0.97527      0             5E+05        0             1.05E+07     57090         1.2          0.043369      
   6E+05        0.97765      0             6E+05        0             1.06E+07     54272         1.4667       0.049276      
   7E+05        0.98352      0             7E+05        0             1.07E+07     51825         1.7333       0.055137      
   8E+05        0.98372      0             8E+05        0             1.08E+07     66055         2            0.061106      
   9E+05        0.98199      0             9E+05        0             1.09E+07     82681         2.2667       0.066732      
   1E+06        0.98267      0             1E+06        0             1.1E+07      1.001E+05     2.5333       0.072147      
   1.1E+06      0.98322      0             1.1E+06      0             1.11E+07     1.1636E+05    2.8          0.077553      
   1.2E+06      0.98478      0             1.2E+06      0             1.12E+07     1.1599E+05    3.0667       0.08315       
   1.3E+06      0.98026      0             1.3E+06      0             1.13E+07     1.2643E+05    3.3333       0.08822       
   1.4E+06      0.98348      0             1.4E+06      0             1.14E+07     1.3965E+05    3.6          0.093275      
   1.5E+06      0.98372      0             1.5E+06      0             1.15E+07     1.443E+05     3.8667       0.09793       
   1.6E+06      0.98307      0             1.6E+06      0             1.16E+07     1.6068E+05    4.1333       0.1027        
   1.7E+06      0.98689      0             1.7E+06      0             1.17E+07     1.6975E+05    4.4          0.1075        
   1.8E+06      0.98329      0             1.8E+06      0             1.18E+07     1.8873E+05    4.6667       0.11219       
   1.9E+06      0.98947      0             1.9E+06      0             1.19E+07     2.0801E+05    4.9333       0.11616       
   2E+06        0.9861       0             2E+06        0             1.2E+07      1.6213E+05    5.2          0.1204        
   2.1E+06      0.98318      0             2.1E+06      0             1.21E+07     1.7677E+05    5.4667       0.12423       
   2.2E+06      0.98639      0             2.2E+06      0             1.22E+07     1.4327E+05    5.7333       0.12775       
   2.3E+06      0.98219      0             2.3E+06      0             1.23E+07     1.358E+05     6            0.13145       
   2.4E+06      0.98193      0             2.4E+06      0             1.24E+07     1.2658E+05    6.2667       0.13485       
   2.5E+06      0.98257      0             2.5E+06      0             1.25E+07     1.3564E+05    6.5333       0.1377        
   2.6E+06      0.9864       0             2.6E+06      0             1.26E+07     1.4218E+05    6.8          0.14077       
   2.7E+06      0.98487      0             2.7E+06      0             1.27E+07     1.5176E+05    7.0667       0.14346       
   2.8E+06      0.98557      0             2.8E+06      0             1.28E+07     1.2564E+05    7.3333       0.14546       
   2.9E+06      0.98531      0             2.9E+06      0             1.29E+07     1.011E+05     7.6          0.14816       
   3E+06        0.98388      0             3E+06        0             1.3E+07      1.0442E+05    7.8667       0.1501        
   3.1E+06      0.98943      0             3.1E+06      0             1.31E+07     1.1026E+05    8.1333       0.15169       
   3.2E+06      0.98648      0             3.2E+06      0             1.32E+07     1.1615E+05    8.4          0.1532        
   3.3E+06      0.98912      0             3.3E+06      0             1.33E+07     1.1456E+05    8.6667       0.15483       
   3.4E+06      0.98489      0             3.4E+06      0             1.34E+07     1.1827E+05    8.9333       0.15567       
   3.5E+06      0.9878       0             3.5E+06      0             1.35E+07     1.0739E+05    9.2          0.15653       
   3.6E+06      0.98833      0             3.6E+06      0             1.36E+07     1.1174E+05    9.4667       0.1571        
   3.7E+06      0.98968      0             3.7E+06      0             1.37E+07     1.163E+05     9.7333       0.15761       
   3.8E+06      0.97946      0             3.8E+06      0             1.38E+07     1.2181E+05    10           0.1577        
   3.9E+06      0.9814       0             3.9E+06      0             1.39E+07     1.245E+05     10.267       0.15768       
   4E+06        0.98567      0             4E+06        0             1.4E+07      1.2536E+05    10.533       0.15739       
   4.1E+06      0.98473      0             4.1E+06      0             1.41E+07     1.2464E+05    10.8         0.1567        
   4.2E+06      0.98443      0             4.2E+06      0             1.42E+07     1.2988E+05    11.067       0.15625       
   4.3E+06      0.98598      0             4.3E+06      0             1.43E+07     1.344E+05     11.333       0.15502       
   4.4E+06      0.98917      0             4.4E+06      0             1.44E+07     1.3926E+05    11.6         0.15346       
   4.5E+06      0.98337      0             4.5E+06      0             1.45E+07     1.4047E+05    11.867       0.15182       
   4.6E+06      0.98478      0             4.6E+06      0             1.46E+07     1.4549E+05    12.133       0.15017       
   4.7E+06      0.98843      0             4.7E+06      0             1.47E+07     1.4827E+05    12.4         0.14808       
   4.8E+06      0.98545      0             4.8E+06      0             1.48E+07     1.4987E+05    12.667       0.14594       
   4.9E+06      0.98923      0             4.9E+06      0             1.49E+07     1.5343E+05    12.933       0.14333       
   5E+06        0.98352      0             5E+06        0             1.5E+07      1.5717E+05    13.2         0.14044       
   5.1E+06      0.98613      0             5.1E+06      0             1.51E+07     1.5763E+05    13.467       0.13771       
   5.2E+06      0.98801      0             5.2E+06      0             1.52E+07     1.6093E+05    13.733       0.13472       
   5.3E+06      0.98639      0             5.3E+06      0             1.53E+07     1.6425E+05    14           0.13168       
   5.4E+06      0.99174      0             5.4E+06      0             1.54E+07     1.6779E+05    14.267       0.12771       
   5.5E+06      0.98671      0             5.5E+06      0             1.55E+07     1.7272E+05    14.533       0.12444       
   5.6E+06      0.98889      0             5.6E+06      0             1.56E+07     1.7554E+05    14.8         0.12051       
   5.7E+06      0.9862       0             5.7E+06      0             1.57E+07     1.7913E+05    15.067       0.11607       
   5.8E+06      0.98745      0             5.8E+06      0             1.58E+07     1.6949E+05    15.333       0.11204       
   5.9E+06      0.98414      0             5.9E+06      0             1.59E+07     1.7409E+05    15.6         0.10752       
   6E+06        0.98433      0             6E+06        0             1.6E+07      1.7761E+05    15.867       0.10319       
   6.1E+06      0.98753      0             6.1E+06      0             1.61E+07     1.5235E+05    16.133       0.098097      
   6.2E+06      0.98848      0             6.2E+06      0             1.62E+07     1.5357E+05    16.4         0.093099      
   6.3E+06      0.98433      0             6.3E+06      0             1.63E+07     1.5668E+05    16.667       0.088228      
   6.4E+06      0.98652      0             6.4E+06      0             1.64E+07     1.6058E+05    16.933       0.083014      
   6.5E+06      0.98262      0             6.5E+06      0             1.65E+07     1.5999E+05    17.2         0.077765      
   6.6E+06      0.98856      0             6.6E+06      0             1.66E+07     1.5863E+05    17.467       0.072226      
   6.7E+06      0.98366      0             6.7E+06      0             1.67E+07     1.4952E+05    17.733       0.066651      
   6.8E+06      0.98767      0             6.8E+06      0             1.68E+07     1.5144E+05    18           0.0608        
   6.9E+06      0.98838      0             6.9E+06      0             1.69E+07     1.5446E+05    18.267       0.0552        
   7E+06        0.98396      0             7E+06        0             1.7E+07      1.5371E+05    18.533       0.049411      
   7.1E+06      0.9883       0             7.1E+06      0             1.71E+07     1.5495E+05    18.8         0.04357       
   7.2E+06      0.98843      0             7.2E+06      0             1.72E+07     1.5745E+05    19.067       0.037427      
   7.3E+06      0.98413      0             7.3E+06      0             1.73E+07     1.6034E+05    19.333       0.031064      
   7.4E+06      0.98332      0             7.4E+06      0             1.74E+07     1.542E+05     19.6         0.024626      
   7.5E+06      0.98928      0             7.5E+06      0             1.75E+07     1.5642E+05    19.867       0.017647      
   7.6E+06      0.98824      0             7.6E+06      0             1.76E+07     1.5654E+05    
   7.7E+06      0.98715      0             7.7E+06      0             1.77E+07     1.5952E+05    
   7.8E+06      0.98646      0             7.8E+06      0             1.78E+07     1.6275E+05    
   7.9E+06      0.98561      0             7.9E+06      0             1.79E+07     1.6602E+05    
   8E+06        0.98428      0             8E+06        0             1.8E+07      1.6746E+05    
   8.1E+06      0.97933      0             8.1E+06      0             1.81E+07     1.7075E+05    
   8.2E+06      0.98622      0             8.2E+06      0             1.82E+07     1.7396E+05    
   8.3E+06      0.98614      0             8.3E+06      0             1.83E+07     1.7713E+05    
   8.4E+06      0.98701      0             8.4E+06      0             1.84E+07     1.8013E+05    
   8.5E+06      0.98466      0             8.5E+06      0             1.85E+07     1.8344E+05    
   8.6E+06      0.98934      0             8.6E+06      0             1.86E+07     1.8295E+05    
   8.7E+06      0.98445      0             8.7E+06      0             1.87E+07     1.8532E+05    
   8.8E+06      0.98612      0             8.8E+06      0             1.88E+07     1.8731E+05    
   8.9E+06      0.98451      0             8.9E+06      0             1.89E+07     1.8394E+05    
   9E+06        0.98395      0             9E+06        0             1.9E+07      1.8687E+05    
   9.1E+06      0.98726      0             9.1E+06      0             1.91E+07     1.8947E+05    
   9.2E+06      0.9831       0             9.2E+06      0             1.92E+07     1.9226E+05    
   9.3E+06      0.98555      0             9.3E+06      0             1.93E+07     1.9029E+05    
   9.4E+06      0.98552      0             9.4E+06      0             1.94E+07     1.8514E+05    
   9.5E+06      0.98448      0             9.5E+06      0             1.95E+07     1.8783E+05    
   9.6E+06      0.98607      0             9.6E+06      0             1.96E+07     1.8328E+05    
   9.7E+06      0.98707      0             9.7E+06      0             1.97E+07     1.7994E+05    
   9.8E+06      0.98437      0             9.8E+06      0             1.98E+07     1.8239E+05    
   9.9E+06      0.98264      0             9.9E+06      0             1.99E+07     1.7994E+05    
   1E+07        0.98744      0             1E+07        0             2E+07        1.8181E+05    
   1.01E+07     0.98626      NAN           1.01E+07     NAN           2.01E+07     1.8391E+05    
   1.02E+07     0.98547      0.00055791    1.02E+07     0.00055791    2.02E+07     1.8665E+05    
   1.03E+07     0.98581      0.00046298    1.03E+07     0.00046298    2.03E+07     1.8421E+05    
   1.04E+07     0.98655      0.00072776    1.04E+07     0.00072776    2.04E+07     1.864E+05     
   1.05E+07     0.9864       0.0005971     1.05E+07     0.0005971     2.05E+07     1.8863E+05    
   1.06E+07     0.98601      0.00060901    1.06E+07     0.00060901    2.06E+07     1.9122E+05    
   1.07E+07     0.98638      0.00062038    1.07E+07     0.00062038    2.07E+07     1.9382E+05    
   1.08E+07     0.98645      0.00054692    1.08E+07     0.00054692    2.08E+07     1.9443E+05    
   1.09E+07     0.98647      0.00048667    1.09E+07     0.00048667    2.09E+07     1.9431E+05    
   1.1E+07      0.98652      0.00044032    1.1E+07      0.00044032    2.1E+07      1.9624E+05    
   1.11E+07     0.98645      0.00040633    1.11E+07     0.00040633    2.11E+07     1.9639E+05    
   1.12E+07     0.98661      0.00040516    1.12E+07     0.00040516    2.12E+07     1.9818E+05    
   1.13E+07     0.98671      0.00038628    1.13E+07     0.00038628    2.13E+07     1.9661E+05    
   1.14E+07     0.98664      0.00036597    1.14E+07     0.00036597    2.14E+07     1.9888E+05    
   1.15E+07     0.98653      0.00035829    1.15E+07     0.00035829    2.15E+07     1.9995E+05    
   1.16E+07     0.98657      0.00033805    1.16E+07     0.00033805    2.16E+07     2.0173E+05    
   1.17E+07     0.98649      0.00032742    1.17E+07     0.00032742    2.17E+07     1.989E+05     
   1.18E+07     0.98649      0.00030924    1.18E+07     0.00030924    2.18E+07     2.0136E+05    
   1.19E+07     0.98648      0.00029306    1.19E+07     0.00029306    2.19E+07     2.002E+05     
   1.2E+07      0.9863       0.00033061    1.2E+07      0.00033061    2.2E+07      2.0245E+05    
   1.21E+07     0.98631      0.00031528    1.21E+07     0.00031528    2.21E+07     2.0481E+05    
   1.22E+07     0.98613      0.00034881    1.22E+07     0.00034881    2.22E+07     2.0723E+05    
   1.23E+07     0.986        0.00035668    1.23E+07     0.00035668    2.23E+07     2.0784E+05    
   1.24E+07     0.98614      0.00036793    1.24E+07     0.00036793    2.24E+07     2.0973E+05    
   1.25E+07     0.98617      0.00035404    1.25E+07     0.00035404    2.25E+07     2.1179E+05    
   1.26E+07     0.98612      0.00034439    1.26E+07     0.00034439    2.26E+07     2.1126E+05    
   1.27E+07     0.9861       0.00033188    1.27E+07     0.00033188    2.27E+07     2.1236E+05    
   1.28E+07     0.98628      0.00036332    1.28E+07     0.00036332    2.28E+07     2.0867E+05    
   1.29E+07     0.98607      0.0004035     1.29E+07     0.0004035     2.29E+07     2.1086E+05    
   1.3E+07      0.98614      0.00039549    1.3E+07      0.00039549    2.3E+07      2.1174E+05    
   1.31E+07     0.98616      0.00038324    1.31E+07     0.00038324    2.31E+07     2.0864E+05    
   1.32E+07     0.98618      0.00037198    1.32E+07     0.00037198    2.32E+07     2.1002E+05    
   1.33E+07     0.98628      0.00037318    1.33E+07     0.00037318    2.33E+07     2.0932E+05    
   1.34E+07     0.98623      0.00036585    1.34E+07     0.00036585    2.34E+07     2.1153E+05    
   1.35E+07     0.98609      0.00038233    1.35E+07     0.00038233    2.35E+07     2.1361E+05    
   1.36E+07     0.98605      0.00037342    1.36E+07     0.00037342    2.36E+07     2.1536E+05    
   1.37E+07     0.98602      0.0003647     1.37E+07     0.0003647     2.37E+07     2.1701E+05    
   1.38E+07     0.98602      0.0003551     1.38E+07     0.0003551     2.38E+07     2.1908E+05    
   1.39E+07     0.98607      0.00034976    1.39E+07     0.00034976    2.39E+07     2.2083E+05    
   1.4E+07      0.98613      0.00034734    1.4E+07      0.00034734    2.4E+07      2.2161E+05    
   1.41E+07     0.98606      0.00034705    1.41E+07     0.00034705    2.41E+07     2.2382E+05    
   1.42E+07     0.98606      0.00033881    1.42E+07     0.00033881    2.42E+07     2.2052E+05    
   1.43E+07     0.98608      0.0003316     1.43E+07     0.0003316     2.43E+07     2.1989E+05    
   1.44E+07     0.9861       0.00032468    1.44E+07     0.00032468    2.44E+07     2.1734E+05    
   1.45E+07     0.98605      0.00032215    1.45E+07     0.00032215    2.45E+07     2.1929E+05    
   1.46E+07     0.98603      0.00031548    1.46E+07     0.00031548    2.46E+07     2.2062E+05    
   1.47E+07     0.98607      0.00031127    1.47E+07     0.00031127    2.47E+07     2.1877E+05    
   1.48E+07     0.98612      0.00030853    1.48E+07     0.00030853    2.48E+07     2.161E+05     
   1.49E+07     0.98615      0.00030387    1.49E+07     0.00030387    2.49E+07     2.1819E+05    
   1.5E+07      0.98612      0.00029926    1.5E+07      0.00029926    2.5E+07      2.201E+05     
   1.51E+07     0.98618      0.00029783    1.51E+07     0.00029783    2.51E+07     2.195E+05     
   1.52E+07     0.98621      0.00029368    1.52E+07     0.00029368    2.52E+07     2.1948E+05    
   1.53E+07     0.98618      0.00028977    1.53E+07     0.00028977    2.53E+07     2.2143E+05    
   1.54E+07     0.98615      0.00028574    1.54E+07     0.00028574    2.54E+07     2.2342E+05    
   1.55E+07     0.98614      0.00028076    1.55E+07     0.00028076    2.55E+07     2.2544E+05    
   1.56E+07     0.98611      0.00027751    1.56E+07     0.00027751    2.56E+07     2.258E+05     
   1.57E+07     0.98613      0.00027386    1.57E+07     0.00027386    2.57E+07     2.2628E+05    
   1.58E+07     0.98605      0.00028064    1.58E+07     0.00028064    2.58E+07     2.1045E+05    
   1.59E+07     0.98604      0.00027606    1.59E+07     0.00027606    2.59E+07     2.1146E+05    
   1.6E+07      0.98606      0.00027234    1.6E+07      0.00027234    2.6E+07      2.1176E+05    
   1.61E+07     0.98618      0.00029317    1.61E+07     0.00029317    2.61E+07     2.1185E+05    
   1.62E+07     0.98614      0.00029109    1.62E+07     0.00029109    2.62E+07     2.1184E+05    
   1.63E+07     0.98612      0.00028733    1.63E+07     0.00028733    2.63E+07     2.1286E+05    
   1.64E+07     0.98612      0.00028285    1.64E+07     0.00028285    2.64E+07     2.1458E+05    
   1.65E+07     0.98607      0.00028254    1.65E+07     0.00028254    2.65E+07     2.1607E+05    
   1.66E+07     0.98602      0.00028292    1.66E+07     0.00028292    2.66E+07     2.1294E+05    
   1.67E+07     0.98594      0.0002905     1.67E+07     0.0002905     2.67E+07     2.1222E+05    
   1.68E+07     0.98597      0.0002877     1.68E+07     0.0002877     2.68E+07     2.1392E+05    
   1.69E+07     0.98595      0.00028403    1.69E+07     0.00028403    2.69E+07     2.1548E+05    
   1.7E+07      0.986        0.0002839     1.7E+07      0.0002839     2.7E+07      2.1551E+05    
   1.71E+07     0.98596      0.00028194    1.71E+07     0.00028194    2.71E+07     2.1024E+05    
   1.72E+07     0.98594      0.0002788     1.72E+07     0.0002788     2.72E+07     1.9625E+05    
   1.73E+07     0.98593      0.00027546    1.73E+07     0.00027546    2.73E+07     1.9784E+05    
   1.74E+07     0.98586      0.00028011    1.74E+07     0.00028011    2.74E+07     1.9893E+05    
   1.75E+07     0.98588      0.0002773     1.75E+07     0.0002773     2.75E+07     1.9923E+05    
   1.76E+07     0.98592      0.0002763     1.76E+07     0.0002763     2.76E+07     1.981E+05     
   1.77E+07     0.98593      0.00027295    1.77E+07     0.00027295    2.77E+07     1.9926E+05    
   1.78E+07     0.98593      0.00026949    1.78E+07     0.00026949    2.78E+07     2.0019E+05    
   1.79E+07     0.98594      0.0002661     1.79E+07     0.0002661     2.79E+07     1.9556E+05    
   1.8E+07      0.98596      0.00026406    1.8E+07      0.00026406    2.8E+07      1.9691E+05    
   1.81E+07     0.98596      0.00026081    1.81E+07     0.00026081    2.81E+07     1.9831E+05    
   1.82E+07     0.98597      0.00025767    1.82E+07     0.00025767    2.82E+07     1.9972E+05    
   1.83E+07     0.98596      0.00025467    1.83E+07     0.00025467    2.83E+07     2.0087E+05    
   1.84E+07     0.98597      0.00025176    1.84E+07     0.00025176    2.84E+07     2.0191E+05    
   1.85E+07     0.98597      0.00024881    1.85E+07     0.00024881    2.85E+07     2.0258E+05    
   1.86E+07     0.986        0.00024845    1.86E+07     0.00024845    2.86E+07     2.0177E+05    
   1.87E+07     0.98602      0.00024622    1.87E+07     0.00024622    2.87E+07     2.0238E+05    
   1.88E+07     0.98604      0.00024418    1.88E+07     0.00024418    2.88E+07     2.0208E+05    
   1.89E+07     0.98599      0.00024574    1.89E+07     0.00024574    2.89E+07     2.0068E+05    
   1.9E+07      0.986        0.00024314    1.9E+07      0.00024314    2.9E+07      2.0028E+05    
   1.91E+07     0.98602      0.00024086    1.91E+07     0.00024086    2.91E+07     2.0103E+05    
   1.92E+07     0.986        0.00023848    1.92E+07     0.00023848    2.92E+07     2.0197E+05    
   1.93E+07     0.98597      0.00023902    1.93E+07     0.00023902    2.93E+07     2.0233E+05    
   1.94E+07     0.98602      0.00024172    1.94E+07     0.00024172    2.94E+07     2.0373E+05    
   1.95E+07     0.98603      0.00023936    1.95E+07     0.00023936    2.95E+07     2.0487E+05    
   1.96E+07     0.98607      0.00024171    1.96E+07     0.00024171    2.96E+07     2.059E+05     
   1.97E+07     0.98603      0.00024323    1.97E+07     0.00024323    2.97E+07     2.05E+05      
   1.98E+07     0.98602      0.000241      1.98E+07     0.000241      2.98E+07     2.0582E+05    
   1.99E+07     0.98606      0.00024202    1.99E+07     0.00024202    2.99E+07     2.0699E+05    
   2E+07        0.98604      0.00024019    2E+07        0.00024019    3E+07        2.0817E+05    
   2.01E+07     0.98606      0.0002381     2.01E+07     0.0002381     3.01E+07     2.0947E+05    
   2.02E+07     0.98606      0.00023578    2.02E+07     0.00023578    3.02E+07     2.0847E+05    
   2.03E+07     0.98602      0.00023676    2.03E+07     0.00023676    3.03E+07     2.0969E+05    
   2.04E+07     0.98601      0.00023481    2.04E+07     0.00023481    3.04E+07     2.1078E+05    
   2.05E+07     0.986        0.00023278    2.05E+07     0.00023278    3.05E+07     2.1173E+05    
   2.06E+07     0.98599      0.00023066    2.06E+07     0.00023066    3.06E+07     2.1313E+05    
   2.07E+07     0.986        0.00022857    2.07E+07     0.00022857    3.07E+07     2.1353E+05    
   2.08E+07     0.98597      0.00022764    2.08E+07     0.00022764    3.08E+07     2.145E+05     
   2.09E+07     0.98595      0.00022711    2.09E+07     0.00022711    3.09E+07     2.156E+05     
   2.1E+07      0.98593      0.00022544    2.1E+07      0.00022544    3.1E+07      2.1613E+05    
   2.11E+07     0.98596      0.00022484    2.11E+07     0.00022484    3.11E+07     2.1559E+05    
   2.12E+07     0.98594      0.00022328    2.12E+07     0.00022328    3.12E+07     2.1681E+05    
   2.13E+07     0.98597      0.00022357    2.13E+07     0.00022357    3.13E+07     2.1697E+05    
   2.14E+07     0.98598      0.00022178    2.14E+07     0.00022178    3.14E+07     2.1806E+05    
   2.15E+07     0.98596      0.00022069    2.15E+07     0.00022069    3.15E+07     2.191E+05     
   2.16E+07     0.98598      0.00021919    2.16E+07     0.00021919    3.16E+07     2.1368E+05    
   2.17E+07     0.98594      0.00022017    2.17E+07     0.00022017    3.17E+07     2.1201E+05    
   2.18E+07     0.98594      0.00021832    2.18E+07     0.00021832    3.18E+07     2.1054E+05    
   2.19E+07     0.98591      0.00021847    2.19E+07     0.00021847    3.19E+07     2.1184E+05    
   2.2E+07      0.9859       0.00021676    2.2E+07      0.00021676    3.2E+07      2.1302E+05    
   2.21E+07     0.9859       0.00021498    2.21E+07     0.00021498    3.21E+07     2.1417E+05    
   2.22E+07     0.9859       0.00021325    2.22E+07     0.00021325    3.22E+07     2.1279E+05    
   2.23E+07     0.98592      0.00021246    2.23E+07     0.00021246    3.23E+07     2.1375E+05    
   2.24E+07     0.98591      0.00021104    2.24E+07     0.00021104    3.24E+07     2.1472E+05    
   2.25E+07     0.9859       0.00020944    2.25E+07     0.00020944    3.25E+07     2.1579E+05    
   2.26E+07     0.98593      0.00020925    2.26E+07     0.00020925    3.26E+07     2.1477E+05    
   2.27E+07     0.98591      0.00020825    2.27E+07     0.00020825    3.27E+07     2.1562E+05    
   2.28E+07     0.98587      0.00020963    2.28E+07     0.00020963    3.28E+07     2.155E+05     
   2.29E+07     0.98588      0.00020802    2.29E+07     0.00020802    3.29E+07     2.1586E+05    
   2.3E+07      0.98586      0.00020715    2.3E+07      0.00020715    3.3E+07      2.169E+05     
   2.31E+07     0.98582      0.00020822    2.31E+07     0.00020822    3.31E+07     2.1728E+05    
   2.32E+07     0.98581      0.0002071     2.32E+07     0.0002071     3.32E+07     2.1825E+05    
   2.33E+07     0.98584      0.000207      2.33E+07     0.000207      3.33E+07     2.1894E+05    
   2.34E+07     0.98583      0.00020546    2.34E+07     0.00020546    3.34E+07     2.2E+05       
   2.35E+07     0.98583      0.00020399    2.35E+07     0.00020399    3.35E+07     2.204E+05     
   2.36E+07     0.98582      0.00020273    2.36E+07     0.00020273    3.36E+07     2.1936E+05    
   2.37E+07     0.98581      0.00020155    2.37E+07     0.00020155    3.37E+07     2.1953E+05    
   2.38E+07     0.9858       0.00020013    2.38E+07     0.00020013    3.38E+07     2.1934E+05    
   2.39E+07     0.98581      0.00019893    2.39E+07     0.00019893    3.39E+07     2.2039E+05    
   2.4E+07      0.98583      0.00019814    2.4E+07      0.00019814    3.4E+07      2.2103E+05    
   2.41E+07     0.98583      0.00019677    2.41E+07     0.00019677    3.41E+07     2.1932E+05    
   2.42E+07     0.9858       0.00019777    2.42E+07     0.00019777    3.42E+07     2.1904E+05    
   2.43E+07     0.98582      0.00019767    2.43E+07     0.00019767    3.43E+07     2.1922E+05    
   2.44E+07     0.98585      0.00019841    2.44E+07     0.00019841    3.44E+07     2.1967E+05    
   2.45E+07     0.98585      0.00019714    2.45E+07     0.00019714    3.45E+07     2.2021E+05    
   2.46E+07     0.98587      0.00019612    2.46E+07     0.00019612    3.46E+07     2.2116E+05    
   2.47E+07     0.98584      0.00019657    2.47E+07     0.00019657    3.47E+07     2.2185E+05    
   2.48E+07     0.98581      0.00019738    2.48E+07     0.00019738    3.48E+07     2.1881E+05    
   2.49E+07     0.98581      0.00019606    2.49E+07     0.00019606    3.49E+07     2.199E+05     
   2.5E+07      0.98581      0.00019478    2.5E+07      0.00019478    3.5E+07      2.2017E+05    
   2.51E+07     0.98583      0.00019468    2.51E+07     0.00019468    3.51E+07     2.2121E+05    
   2.52E+07     0.98581      0.00019432    2.52E+07     0.00019432    3.52E+07     2.2082E+05    
   2.53E+07     0.98582      0.00019306    2.53E+07     0.00019306    3.53E+07     2.2018E+05    
   2.54E+07     0.98582      0.00019181    2.54E+07     0.00019181    3.54E+07     2.1823E+05    
   2.55E+07     0.98582      0.00019058    2.55E+07     0.00019058    3.55E+07     2.1819E+05    
   2.56E+07     0.9858       0.00019007    2.56E+07     0.00019007    3.56E+07     2.1919E+05    
   2.57E+07     0.98579      0.00018949    2.57E+07     0.00018949    3.57E+07     2.19E+05      
   2.58E+07     0.98573      0.00019607    2.58E+07     0.00019607    3.58E+07     2.2007E+05    
   2.59E+07     0.98572      0.00019522    2.59E+07     0.00019522    3.59E+07     2.2078E+05    
   2.6E+07      0.9857       0.00019472    2.6E+07      0.00019472    3.6E+07      2.2187E+05    
   2.61E+07     0.98572      0.00019432    2.61E+07     0.00019432    3.61E+07     2.2282E+05    
   2.62E+07     0.98574      0.00019393    2.62E+07     0.00019393    3.62E+07     2.2199E+05    
   2.63E+07     0.98573      0.00019307    2.63E+07     0.00019307    3.63E+07     2.2286E+05    
   2.64E+07     0.98573      0.00019192    2.64E+07     0.00019192    3.64E+07     2.2121E+05    
   2.65E+07     0.98572      0.00019091    2.65E+07     0.00019091    3.65E+07     2.2189E+05    
   2.66E+07     0.98575      0.00019195    2.66E+07     0.00019195    3.66E+07     2.2258E+05    
   2.67E+07     0.98577      0.00019187    2.67E+07     0.00019187    3.67E+07     2.2302E+05    
   2.68E+07     0.98578      0.00019074    2.68E+07     0.00019074    3.68E+07     2.2292E+05    
   2.69E+07     0.98577      0.00018971    2.69E+07     0.00018971    3.69E+07     2.2386E+05    
   2.7E+07      0.98575      0.00018934    2.7E+07      0.00018934    3.7E+07      2.2495E+05    
   2.71E+07     0.98572      0.00019128    2.71E+07     0.00019128    3.71E+07     2.25E+05      
   2.72E+07     0.98566      0.00019761    2.72E+07     0.00019761    3.72E+07     2.2569E+05    
   2.73E+07     0.98566      0.00019647    2.73E+07     0.00019647    3.73E+07     2.2665E+05    
   2.74E+07     0.98565      0.00019556    2.74E+07     0.00019556    3.74E+07     2.2738E+05    
   2.75E+07     0.98567      0.00019506    2.75E+07     0.00019506    3.75E+07     2.2777E+05    
   2.76E+07     0.98569      0.00019527    2.76E+07     0.00019527    3.76E+07     2.2884E+05    
   2.77E+07     0.9857       0.00019435    2.77E+07     0.00019435    3.77E+07     2.2835E+05    
   2.78E+07     0.98571      0.00019356    2.78E+07     0.00019356    3.78E+07     2.2814E+05    
   2.79E+07     0.98575      0.00019545    2.79E+07     0.00019545    3.79E+07     2.2883E+05    
   2.8E+07      0.98575      0.00019445    2.8E+07      0.00019445    3.8E+07      2.2837E+05    
   2.81E+07     0.98576      0.00019341    2.81E+07     0.00019341    3.81E+07     2.2556E+05    
   2.82E+07     0.98575      0.00019241    2.82E+07     0.00019241    3.82E+07     2.2641E+05    
   2.83E+07     0.98576      0.00019146    2.83E+07     0.00019146    3.83E+07     2.2744E+05    
   2.84E+07     0.98575      0.00019064    2.84E+07     0.00019064    3.84E+07     2.2543E+05    
   2.85E+07     0.98574      0.00018999    2.85E+07     0.00018999    3.85E+07     2.2575E+05    
   2.86E+07     0.98572      0.00019006    2.86E+07     0.00019006    3.86E+07     2.2667E+05    
   2.87E+07     0.98573      0.00018938    2.87E+07     0.00018938    3.87E+07     2.2758E+05    
   2.88E+07     0.98575      0.00018921    2.88E+07     0.00018921    3.88E+07     2.285E+05     
   2.89E+07     0.98572      0.00018953    2.89E+07     0.00018953    3.89E+07     2.2943E+05    
   2.9E+07      0.98574      0.00018941    2.9E+07      0.00018941    3.9E+07      2.304E+05     
   2.91E+07     0.98575      0.00018868    2.91E+07     0.00018868    3.91E+07     2.3014E+05    
   2.92E+07     0.98574      0.00018794    2.92E+07     0.00018794    3.92E+07     2.307E+05     
   2.93E+07     0.98573      0.00018746    2.93E+07     0.00018746    3.93E+07     2.3169E+05    
   2.94E+07     0.98573      0.0001865     2.94E+07     0.0001865     3.94E+07     2.3237E+05    
   2.95E+07     0.98573      0.00018563    2.95E+07     0.00018563    3.95E+07     2.3233E+05    
   2.96E+07     0.98574      0.00018484    2.96E+07     0.00018484    3.96E+07     2.3326E+05    
   2.97E+07     0.98572      0.00018494    2.97E+07     0.00018494    3.97E+07     2.3407E+05    
   2.98E+07     0.98571      0.00018426    2.98E+07     0.00018426    3.98E+07     2.3498E+05    
   2.99E+07     0.98572      0.0001834     2.99E+07     0.0001834     3.99E+07     2.3597E+05    
   3E+07        0.98572      0.00018257    3E+07        0.00018257    4E+07        2.3585E+05    
   3.01E+07     0.98572      0.00018171    3.01E+07     0.00018171    4.01E+07     2.3683E+05    
   3.02E+07     0.98574      0.00018185    3.02E+07     0.00018185    4.02E+07     2.3764E+05    
   3.03E+07     0.98574      0.00018101    3.03E+07     0.00018101    4.03E+07     2.3858E+05    
   3.04E+07     0.98575      0.00018021    3.04E+07     0.00018021    4.04E+07     2.3878E+05    
   3.05E+07     0.98576      0.00017952    3.05E+07     0.00017952    4.05E+07     2.3965E+05    
   3.06E+07     0.98576      0.00017865    3.06E+07     0.00017865    4.06E+07     2.4046E+05    
   3.07E+07     0.98575      0.00017812    3.07E+07     0.00017812    4.07E+07     2.4122E+05    
   3.08E+07     0.98575      0.00017744    3.08E+07     0.00017744    4.08E+07     2.4137E+05    
   3.09E+07     0.98575      0.0001767     3.09E+07     0.0001767     4.09E+07     2.4199E+05    
   3.1E+07      0.98576      0.00017621    3.1E+07      0.00017621    4.1E+07      2.4014E+05    
   3.11E+07     0.98578      0.00017616    3.11E+07     0.00017616    4.11E+07     2.4101E+05    
   3.12E+07     0.98577      0.00017535    3.12E+07     0.00017535    4.12E+07     2.4197E+05    
   3.13E+07     0.98579      0.000175      3.13E+07     0.000175      4.13E+07     2.429E+05     
   3.14E+07     0.98579      0.0001743     3.14E+07     0.0001743     4.14E+07     2.3844E+05    
   3.15E+07     0.98579      0.0001736     3.15E+07     0.0001736     4.15E+07     2.3765E+05    
   3.16E+07     0.98576      0.0001755     3.16E+07     0.0001755     4.16E+07     2.3839E+05    
   3.17E+07     0.98578      0.00017591    3.17E+07     0.00017591    4.17E+07     2.3926E+05    
   3.18E+07     0.98576      0.00017626    3.18E+07     0.00017626    4.18E+07     2.3881E+05    
   3.19E+07     0.98576      0.00017545    3.19E+07     0.00017545    4.19E+07     2.3959E+05    
   3.2E+07      0.98576      0.00017466    3.2E+07      0.00017466    4.2E+07      2.3973E+05    
   3.21E+07     0.98575      0.00017393    3.21E+07     0.00017393    4.21E+07     2.4031E+05    
   3.22E+07     0.98577      0.00017422    3.22E+07     0.00017422    4.22E+07     2.3954E+05    
   3.23E+07     0.98578      0.00017357    3.23E+07     0.00017357    4.23E+07     2.403E+05     
   3.24E+07     0.98578      0.00017288    3.24E+07     0.00017288    4.24E+07     2.4121E+05    
   3.25E+07     0.98578      0.00017219    3.25E+07     0.00017219    4.25E+07     2.3805E+05    
   3.26E+07     0.98579      0.00017233    3.26E+07     0.00017233    4.26E+07     2.3614E+05    
   3.27E+07     0.9858       0.00017174    3.27E+07     0.00017174    4.27E+07     2.3561E+05    
   3.28E+07     0.98582      0.00017148    3.28E+07     0.00017148    4.28E+07     2.3647E+05    
   3.29E+07     0.9858       0.00017109    3.29E+07     0.00017109    4.29E+07     2.3697E+05    
   3.3E+07      0.98581      0.00017042    3.3E+07      0.00017042    4.3E+07      2.3785E+05    
   3.31E+07     0.9858       0.00017002    3.31E+07     0.00017002    4.31E+07     2.3835E+05    
   3.32E+07     0.9858       0.00016935    3.32E+07     0.00016935    4.32E+07     2.3903E+05    
   3.33E+07     0.98579      0.00016883    3.33E+07     0.00016883    4.33E+07     2.3994E+05    
   3.34E+07     0.98579      0.00016818    3.34E+07     0.00016818    4.34E+07     2.406E+05     
   3.35E+07     0.9858       0.00016777    3.35E+07     0.00016777    4.35E+07     2.3796E+05    
   3.36E+07     0.98582      0.00016791    3.36E+07     0.00016791    4.36E+07     2.3874E+05    
   3.37E+07     0.9858       0.0001676     3.37E+07     0.0001676     4.37E+07     2.3961E+05    
   3.38E+07     0.98579      0.00016743    3.38E+07     0.00016743    4.38E+07     2.3998E+05    
   3.39E+07     0.9858       0.00016678    3.39E+07     0.00016678    4.39E+07     2.3918E+05    
   3.4E+07      0.98579      0.00016627    3.4E+07      0.00016627    4.4E+07      2.3974E+05    
   3.41E+07     0.98577      0.00016667    3.41E+07     0.00016667    4.41E+07     2.4063E+05    
   3.42E+07     0.98578      0.00016654    3.42E+07     0.00016654    4.42E+07     2.4149E+05    
   3.43E+07     0.98577      0.00016623    3.43E+07     0.00016623    4.43E+07     2.4013E+05    
   3.44E+07     0.98576      0.00016583    3.44E+07     0.00016583    4.44E+07     2.4063E+05    
   3.45E+07     0.98577      0.00016536    3.45E+07     0.00016536    4.45E+07     2.4142E+05    
   3.46E+07     0.98578      0.00016477    3.46E+07     0.00016477    4.46E+07     2.4161E+05    
   3.47E+07     0.98578      0.00016429    3.47E+07     0.00016429    4.47E+07     2.4216E+05    
   3.48E+07     0.98581      0.00016519    3.48E+07     0.00016519    4.48E+07     2.4291E+05    
   3.49E+07     0.98581      0.00016452    3.49E+07     0.00016452    4.49E+07     2.4183E+05    
   3.5E+07      0.9858       0.0001642     3.5E+07      0.0001642     4.5E+07      2.4127E+05    
   3.51E+07     0.98579      0.00016358    3.51E+07     0.00016358    4.51E+07     2.3806E+05    
   3.52E+07     0.98581      0.0001635     3.52E+07     0.0001635     4.52E+07     2.3891E+05    
   3.53E+07     0.98579      0.00016347    3.53E+07     0.00016347    4.53E+07     2.3944E+05    
   3.54E+07     0.98577      0.00016397    3.54E+07     0.00016397    4.54E+07     2.4029E+05    
   3.55E+07     0.98576      0.00016377    3.55E+07     0.00016377    4.55E+07     2.4107E+05    
   3.56E+07     0.98576      0.00016316    3.56E+07     0.00016316    4.56E+07     2.4056E+05    
   3.57E+07     0.98574      0.00016298    3.57E+07     0.00016298    4.57E+07     2.4028E+05    
   3.58E+07     0.98575      0.00016235    3.58E+07     0.00016235    4.58E+07     2.411E+05     
   3.59E+07     0.98574      0.00016187    3.59E+07     0.00016187    4.59E+07     2.4141E+05    
   3.6E+07      0.98574      0.00016125    3.6E+07      0.00016125    4.6E+07      2.4189E+05    
   3.61E+07     0.98574      0.00016064    3.61E+07     0.00016064    4.61E+07     2.4207E+05    
   3.62E+07     0.98575      0.00016072    3.62E+07     0.00016072    4.62E+07     2.4202E+05    
   3.63E+07     0.98576      0.00016018    3.63E+07     0.00016018    4.63E+07     2.4276E+05    
   3.64E+07     0.98577      0.00016056    3.64E+07     0.00016056    4.64E+07     2.4314E+05    
   3.65E+07     0.98578      0.00016007    3.65E+07     0.00016007    4.65E+07     2.4397E+05    
   3.66E+07     0.98579      0.00015961    3.66E+07     0.00015961    4.66E+07     2.4394E+05    
   3.67E+07     0.9858       0.00015923    3.67E+07     0.00015923    4.67E+07     2.4442E+05    
   3.68E+07     0.98578      0.00015906    3.68E+07     0.00015906    4.68E+07     2.4442E+05    
   3.69E+07     0.98578      0.00015848    3.69E+07     0.00015848    4.69E+07     2.4462E+05    
   3.7E+07      0.98578      0.0001579     3.7E+07      0.0001579     4.7E+07      2.4531E+05    
   3.71E+07     0.98577      0.00015765    3.71E+07     0.00015765    4.71E+07     2.4435E+05    
   3.72E+07     0.98577      0.00015721    3.72E+07     0.00015721    4.72E+07     2.4511E+05    
   3.73E+07     0.98577      0.00015664    3.73E+07     0.00015664    4.73E+07     2.4591E+05    
   3.74E+07     0.98576      0.00015619    3.74E+07     0.00015619    4.74E+07     2.4661E+05    
   3.75E+07     0.98577      0.00015585    3.75E+07     0.00015585    4.75E+07     2.4719E+05    
   3.76E+07     0.98577      0.00015529    3.76E+07     0.00015529    4.76E+07     2.4765E+05    
   3.77E+07     0.98576      0.00015522    3.77E+07     0.00015522    4.77E+07     2.4688E+05    
   3.78E+07     0.98575      0.0001551     3.78E+07     0.0001551     4.78E+07     2.4753E+05    
   3.79E+07     0.98574      0.00015467    3.79E+07     0.00015467    4.79E+07     2.4824E+05    
   3.8E+07      0.98573      0.00015462    3.8E+07      0.00015462    4.8E+07      2.4896E+05    
   3.81E+07     0.98575      0.00015535    3.81E+07     0.00015535    4.81E+07     2.4786E+05    
   3.82E+07     0.98575      0.00015485    3.82E+07     0.00015485    4.82E+07     2.4863E+05    
   3.83E+07     0.98575      0.0001543     3.83E+07     0.0001543     4.83E+07     2.4927E+05    
   3.84E+07     0.98577      0.00015478    3.84E+07     0.00015478    4.84E+07     2.4556E+05    
   3.85E+07     0.98578      0.00015446    3.85E+07     0.00015446    4.85E+07     2.4229E+05    
   3.86E+07     0.98577      0.00015396    3.86E+07     0.00015396    4.86E+07     2.4295E+05    
   3.87E+07     0.98577      0.00015346    3.87E+07     0.00015346    4.87E+07     2.4329E+05    
   3.88E+07     0.98577      0.00015295    3.88E+07     0.00015295    4.88E+07     2.4361E+05    
   3.89E+07     0.98577      0.00015243    3.89E+07     0.00015243    4.89E+07     2.417E+05     
   3.9E+07      0.98577      0.00015191    3.9E+07      0.00015191    4.9E+07      2.4088E+05    
   3.91E+07     0.98576      0.00015182    3.91E+07     0.00015182    4.91E+07     2.414E+05     
   3.92E+07     0.98575      0.00015145    3.92E+07     0.00015145    4.92E+07     2.4205E+05    
   3.93E+07     0.98575      0.00015093    3.93E+07     0.00015093    4.93E+07     2.4279E+05    
   3.94E+07     0.98575      0.00015048    3.94E+07     0.00015048    4.94E+07     2.4353E+05    
   3.95E+07     0.98574      0.0001503     3.95E+07     0.0001503     4.95E+07     2.4428E+05    
   3.96E+07     0.98573      0.00014982    3.96E+07     0.00014982    4.96E+07     2.4491E+05    
   3.97E+07     0.98573      0.00014936    3.97E+07     0.00014936    4.97E+07     2.4565E+05    
   3.98E+07     0.98573      0.00014888    3.98E+07     0.00014888    4.98E+07     2.4639E+05    
   3.99E+07     0.98573      0.00014838    3.99E+07     0.00014838    4.99E+07     2.4641E+05    
   4E+07        0.98572      0.00014824    4E+07        0.00014824    5E+07        2.4705E+05    
   4.01E+07     0.98572      0.00014775    4.01E+07     0.00014775    5.01E+07     2.4574E+05    
   4.02E+07     0.98572      0.00014731    4.02E+07     0.00014731    5.02E+07     2.4516E+05    
   4.03E+07     0.98572      0.00014683    4.03E+07     0.00014683    5.03E+07     2.4437E+05    
   4.04E+07     0.98571      0.0001466     4.04E+07     0.0001466     5.04E+07     2.4495E+05    
   4.05E+07     0.98571      0.00014616    4.05E+07     0.00014616    5.05E+07     2.4543E+05    
   4.06E+07     0.98571      0.00014571    4.06E+07     0.00014571    5.06E+07     2.4617E+05    
   4.07E+07     0.98571      0.00014531    4.07E+07     0.00014531    5.07E+07     2.4575E+05    
   4.08E+07     0.98572      0.00014509    4.08E+07     0.00014509    5.08E+07     2.4363E+05    
   4.09E+07     0.98572      0.00014474    4.09E+07     0.00014474    5.09E+07     2.4366E+05    
   4.1E+07      0.98573      0.00014509    4.1E+07      0.00014509    5.1E+07      2.4354E+05    
   4.11E+07     0.98573      0.00014466    4.11E+07     0.00014466    5.11E+07     2.4409E+05    
   4.12E+07     0.98573      0.0001442     4.12E+07     0.0001442     5.12E+07     2.4478E+05    
   4.13E+07     0.98573      0.00014376    4.13E+07     0.00014376    5.13E+07     2.4504E+05    
   4.14E+07     0.98575      0.00014489    4.14E+07     0.00014489    5.14E+07     2.4532E+05    
   4.15E+07     0.98574      0.00014497    4.15E+07     0.00014497    5.15E+07     2.4601E+05    
   4.16E+07     0.98574      0.00014457    4.16E+07     0.00014457    5.16E+07     2.4521E+05    
   4.17E+07     0.98574      0.00014415    4.17E+07     0.00014415    5.17E+07     2.4547E+05    
   4.18E+07     0.98573      0.00014409    4.18E+07     0.00014409    5.18E+07     2.449E+05     
   4.19E+07     0.98574      0.00014369    4.19E+07     0.00014369    5.19E+07     2.4371E+05    
   4.2E+07      0.98573      0.00014348    4.2E+07      0.00014348    5.2E+07      2.4332E+05    
   4.21E+07     0.98573      0.00014313    4.21E+07     0.00014313    5.21E+07     2.4217E+05    
   4.22E+07     0.98575      0.00014318    4.22E+07     0.00014318    5.22E+07     2.4272E+05    
   4.23E+07     0.98574      0.00014278    4.23E+07     0.00014278    5.23E+07     2.4327E+05    
   4.24E+07     0.98574      0.00014235    4.24E+07     0.00014235    5.24E+07     2.4393E+05    
   4.25E+07     0.98576      0.00014313    4.25E+07     0.00014313    5.25E+07     2.4338E+05    
   4.26E+07     0.98577      0.00014352    4.26E+07     0.00014352    5.26E+07     2.4406E+05    
   4.27E+07     0.98579      0.00014351    4.27E+07     0.00014351    5.27E+07     2.4277E+05    
   4.28E+07     0.98578      0.00014309    4.28E+07     0.00014309    5.28E+07     2.411E+05     
   4.29E+07     0.98578      0.00014276    4.29E+07     0.00014276    5.29E+07     2.3901E+05    
   4.3E+07      0.98578      0.00014234    4.3E+07      0.00014234    5.3E+07      2.3963E+05    
   4.31E+07     0.98577      0.000142      4.31E+07     0.000142      5.31E+07     2.4032E+05    
   4.32E+07     0.98578      0.00014164    4.32E+07     0.00014164    5.32E+07     2.4097E+05    
   4.33E+07     0.98578      0.00014122    4.33E+07     0.00014122    5.33E+07     2.4029E+05    
   4.34E+07     0.98578      0.00014086    4.34E+07     0.00014086    5.34E+07     2.4043E+05    
   4.35E+07     0.98577      0.00014147    4.35E+07     0.00014147    5.35E+07     2.4051E+05    
   4.36E+07     0.98577      0.00014107    4.36E+07     0.00014107    5.36E+07     2.4074E+05    
   4.37E+07     0.98577      0.00014066    4.37E+07     0.00014066    5.37E+07     2.4136E+05    
   4.38E+07     0.98576      0.00014039    4.38E+07     0.00014039    5.38E+07     2.4198E+05    
   4.39E+07     0.98578      0.00014046    4.39E+07     0.00014046    5.39E+07     2.4253E+05    
   4.4E+07      0.98577      0.00014013    4.4E+07      0.00014013    5.4E+07      2.4273E+05    
   4.41E+07     0.98577      0.00013972    4.41E+07     0.00013972    5.41E+07     2.4288E+05    
   4.42E+07     0.98577      0.00013932    4.42E+07     0.00013932    5.42E+07     2.4302E+05    
   4.43E+07     0.98579      0.00013954    4.43E+07     0.00013954    5.43E+07     2.4294E+05    
   4.44E+07     0.98578      0.00013924    4.44E+07     0.00013924    5.44E+07     2.436E+05     
   4.45E+07     0.98578      0.00013886    4.45E+07     0.00013886    5.45E+07     2.4413E+05    
   4.46E+07     0.98579      0.00013866    4.46E+07     0.00013866    5.46E+07     2.4479E+05    
   4.47E+07     0.98579      0.00013832    4.47E+07     0.00013832    5.47E+07     2.3862E+05    
   4.48E+07     0.98578      0.00013796    4.48E+07     0.00013796    5.48E+07     2.3927E+05    
   4.49E+07     0.9858       0.00013811    4.49E+07     0.00013811    5.49E+07     2.3926E+05    
   4.5E+07      0.98578      0.00013813    4.5E+07      0.00013813    5.5E+07      2.3989E+05    
   4.51E+07     0.9858       0.00013889    4.51E+07     0.00013889    5.51E+07     2.3981E+05    
   4.52E+07     0.9858       0.00013849    4.52E+07     0.00013849    5.52E+07     2.3999E+05    
   4.53E+07     0.9858       0.00013819    4.53E+07     0.00013819    5.53E+07     2.405E+05     
   4.54E+07     0.9858       0.0001378     4.54E+07     0.0001378     5.54E+07     2.4092E+05    
   4.55E+07     0.9858       0.00013741    4.55E+07     0.00013741    5.55E+07     2.3908E+05    
   4.56E+07     0.98581      0.0001374     4.56E+07     0.0001374     5.56E+07     2.3969E+05    
   4.57E+07     0.98582      0.00013733    4.57E+07     0.00013733    5.57E+07     2.3971E+05    
   4.58E+07     0.98582      0.00013695    4.58E+07     0.00013695    5.58E+07     2.3941E+05    
   4.59E+07     0.98582      0.00013669    4.59E+07     0.00013669    5.59E+07     2.3974E+05    
   4.6E+07      0.98583      0.00013641    4.6E+07      0.00013641    5.6E+07      2.4002E+05    
   4.61E+07     0.98583      0.00013622    4.61E+07     0.00013622    5.61E+07     2.4032E+05    
   4.62E+07     0.98584      0.00013609    4.62E+07     0.00013609    5.62E+07     2.4091E+05    
   4.63E+07     0.98584      0.00013571    4.63E+07     0.00013571    5.63E+07     2.413E+05     
   4.64E+07     0.98585      0.00013546    4.64E+07     0.00013546    5.64E+07     2.4145E+05    
   4.65E+07     0.98585      0.00013509    4.65E+07     0.00013509    5.65E+07     2.4175E+05    
   4.66E+07     0.98585      0.00013496    4.66E+07     0.00013496    5.66E+07     2.4233E+05    
   4.67E+07     0.98585      0.00013466    4.67E+07     0.00013466    5.67E+07     2.4294E+05    
   4.68E+07     0.98586      0.00013452    4.68E+07     0.00013452    5.68E+07     2.4294E+05    
   4.69E+07     0.98586      0.00013433    4.69E+07     0.00013433    5.69E+07     2.4162E+05    
   4.7E+07      0.98586      0.00013399    4.7E+07      0.00013399    5.7E+07      2.422E+05     
   4.71E+07     0.98587      0.00013412    4.71E+07     0.00013412    5.71E+07     2.4206E+05    
   4.72E+07     0.98587      0.00013376    4.72E+07     0.00013376    5.72E+07     2.4265E+05    
   4.73E+07     0.98587      0.00013341    4.73E+07     0.00013341    5.73E+07     2.4321E+05    
   4.74E+07     0.98587      0.00013309    4.74E+07     0.00013309    5.74E+07     2.4312E+05    
   4.75E+07     0.98587      0.00013279    4.75E+07     0.00013279    5.75E+07     2.4228E+05    
   4.76E+07     0.98587      0.00013252    4.76E+07     0.00013252    5.76E+07     2.4207E+05    
   4.77E+07     0.98586      0.00013258    4.77E+07     0.00013258    5.77E+07     2.4043E+05    
   4.78E+07     0.98585      0.00013228    4.78E+07     0.00013228    5.78E+07     2.4027E+05    
   4.79E+07     0.98586      0.00013195    4.79E+07     0.00013195    5.79E+07     2.4081E+05    
   4.8E+07      0.98586      0.0001316     4.8E+07      0.0001316     5.8E+07      2.4141E+05    
   4.81E+07     0.98587      0.00013175    4.81E+07     0.00013175    5.81E+07     2.4175E+05    
   4.82E+07     0.98587      0.00013142    4.82E+07     0.00013142    5.82E+07     2.4233E+05    
   4.83E+07     0.98587      0.00013111    4.83E+07     0.00013111    5.83E+07     2.4234E+05    
   4.84E+07     0.98585      0.00013196    4.84E+07     0.00013196    5.84E+07     2.4284E+05    
   4.85E+07     0.98583      0.00013271    4.85E+07     0.00013271    5.85E+07     2.4344E+05    
   4.86E+07     0.98583      0.00013238    4.86E+07     0.00013238    5.86E+07     2.4399E+05    
   4.87E+07     0.98583      0.00013215    4.87E+07     0.00013215    5.87E+07     2.4456E+05    
   4.88E+07     0.98583      0.00013192    4.88E+07     0.00013192    5.88E+07     2.4444E+05    
   4.89E+07     0.98585      0.00013231    4.89E+07     0.00013231    5.89E+07     2.4504E+05    
   4.9E+07      0.98583      0.0001324     4.9E+07      0.0001324     5.9E+07      2.4535E+05    
   4.91E+07     0.98584      0.00013214    4.91E+07     0.00013214    5.91E+07     2.4522E+05    
   4.92E+07     0.98584      0.00013182    4.92E+07     0.00013182    5.92E+07     2.4578E+05    
   4.93E+07     0.98584      0.00013149    4.93E+07     0.00013149    5.93E+07     2.4501E+05    
   4.94E+07     0.98584      0.00013116    4.94E+07     0.00013116    5.94E+07     2.4522E+05    
   4.95E+07     0.98584      0.00013084    4.95E+07     0.00013084    5.95E+07     2.4564E+05    
   4.96E+07     0.98584      0.00013052    4.96E+07     0.00013052    5.96E+07     2.4621E+05    
   4.97E+07     0.98584      0.0001302     4.97E+07     0.0001302     5.97E+07     2.4673E+05    
   4.98E+07     0.98584      0.00012987    4.98E+07     0.00012987    5.98E+07     2.4588E+05    
   4.99E+07     0.98584      0.00012974    4.99E+07     0.00012974    5.99E+07     2.4598E+05    
   5E+07        0.98584      0.00012942    5E+07        0.00012942    6E+07        2.4571E+05    
   5.01E+07     0.98586      0.00012964    5.01E+07     0.00012964    6.01E+07     2.4626E+05    
   5.02E+07     0.98587      0.00012967    5.02E+07     0.00012967    6.02E+07     2.4585E+05    
   5.03E+07     0.98586      0.00012975    5.03E+07     0.00012975    6.03E+07     2.4632E+05    
   5.04E+07     0.98586      0.00012945    5.04E+07     0.00012945    6.04E+07     2.4688E+05    
   5.05E+07     0.98586      0.0001292     5.05E+07     0.0001292     6.05E+07     2.4726E+05    
   5.06E+07     0.98586      0.00012889    5.06E+07     0.00012889    6.06E+07     2.4715E+05    
   5.07E+07     0.98587      0.00012887    5.07E+07     0.00012887    6.07E+07     2.4735E+05    
   5.08E+07     0.98586      0.0001293     5.08E+07     0.0001293     6.08E+07     2.4793E+05    
   5.09E+07     0.98585      0.00012915    5.09E+07     0.00012915    6.09E+07     2.4828E+05    
   5.1E+07      0.98586      0.00012906    5.1E+07      0.00012906    6.1E+07      2.4853E+05    
   5.11E+07     0.98586      0.00012879    5.11E+07     0.00012879    6.11E+07     2.4909E+05    
   5.12E+07     0.98586      0.00012849    5.12E+07     0.00012849    6.12E+07     2.4927E+05    
   5.13E+07     0.98587      0.00012829    5.13E+07     0.00012829    6.13E+07     2.4977E+05    
   5.14E+07     0.98586      0.00012809    5.14E+07     0.00012809    6.14E+07     2.4952E+05    
   5.15E+07     0.98586      0.00012779    5.15E+07     0.00012779    6.15E+07     2.4954E+05    
   5.16E+07     0.98585      0.00012788    5.16E+07     0.00012788    6.16E+07     2.4993E+05    
   5.17E+07     0.98585      0.00012766    5.17E+07     0.00012766    6.17E+07     2.5051E+05    
   5.18E+07     0.98586      0.00012769    5.18E+07     0.00012769    6.18E+07     2.5096E+05    
   5.19E+07     0.98588      0.00012788    5.19E+07     0.00012788    6.19E+07     2.5087E+05    
   5.2E+07      0.98587      0.00012786    5.2E+07      0.00012786    6.2E+07      2.4886E+05    
   5.21E+07     0.98586      0.00012803    5.21E+07     0.00012803    6.21E+07     2.4909E+05    
   5.22E+07     0.98586      0.00012776    5.22E+07     0.00012776    6.22E+07     2.4892E+05    
   5.23E+07     0.98586      0.0001275     5.23E+07     0.0001275     6.23E+07     2.4834E+05    
   5.24E+07     0.98586      0.0001272     5.24E+07     0.0001272     6.24E+07     2.4583E+05    
   5.25E+07     0.98585      0.00012721    5.25E+07     0.00012721    6.25E+07     2.4518E+05    
   5.26E+07     0.98585      0.00012691    5.26E+07     0.00012691    6.26E+07     2.4568E+05    
   5.27E+07     0.98584      0.00012713    5.27E+07     0.00012713    6.27E+07     2.453E+05     
   5.28E+07     0.98586      0.00012745    5.28E+07     0.00012745    6.28E+07     2.4582E+05    
   5.29E+07     0.98587      0.00012787    5.29E+07     0.00012787    6.29E+07     2.4524E+05    
   5.3E+07      0.98587      0.00012758    5.3E+07      0.00012758    6.3E+07      2.4547E+05    
   5.31E+07     0.98587      0.00012729    5.31E+07     0.00012729    6.31E+07     2.46E+05      
   5.32E+07     0.98587      0.00012699    5.32E+07     0.00012699    6.32E+07     2.4649E+05    
   5.33E+07     0.98588      0.00012704    5.33E+07     0.00012704    6.33E+07     2.4675E+05    
   5.34E+07     0.98587      0.00012687    5.34E+07     0.00012687    6.34E+07     2.4583E+05    
   5.35E+07     0.98586      0.00012673    5.35E+07     0.00012673    6.35E+07     2.4591E+05    
   5.36E+07     0.98586      0.00012649    5.36E+07     0.00012649    6.36E+07     2.4535E+05    
   5.37E+07     0.98586      0.00012622    5.37E+07     0.00012622    6.37E+07     2.4583E+05    
   5.38E+07     0.98586      0.00012594    5.38E+07     0.00012594    6.38E+07     2.4628E+05    
   5.39E+07     0.98585      0.00012569    5.39E+07     0.00012569    6.39E+07     2.4676E+05    
   5.4E+07      0.98585      0.00012552    5.4E+07      0.00012552    6.4E+07      2.4683E+05    
   5.41E+07     0.98585      0.00012535    5.41E+07     0.00012535    6.41E+07     2.4697E+05    
   5.42E+07     0.98586      0.00012521    5.42E+07     0.00012521    6.42E+07     2.4739E+05    
   5.43E+07     0.98587      0.00012511    5.43E+07     0.00012511    6.43E+07     2.4788E+05    
   5.44E+07     0.98587      0.00012483    5.44E+07     0.00012483    6.44E+07     2.4771E+05    
   5.45E+07     0.98587      0.00012457    5.45E+07     0.00012457    6.45E+07     2.4823E+05    
   5.46E+07     0.98587      0.00012429    5.46E+07     0.00012429    6.46E+07     2.478E+05     
   5.47E+07     0.98589      0.00012577    5.47E+07     0.00012577    6.47E+07     2.4731E+05    
   5.48E+07     0.98589      0.00012549    5.48E+07     0.00012549    6.48E+07     2.478E+05     
   5.49E+07     0.98588      0.00012536    5.49E+07     0.00012536    6.49E+07     2.4735E+05    
   5.5E+07      0.98588      0.00012509    5.5E+07      0.00012509    6.5E+07      2.478E+05     
   5.51E+07     0.98589      0.00012499    5.51E+07     0.00012499    6.51E+07     2.474E+05     
   5.52E+07     0.98588      0.00012484    5.52E+07     0.00012484    6.52E+07     2.4512E+05    
   5.53E+07     0.98588      0.00012457    5.53E+07     0.00012457    6.53E+07     2.4562E+05    
   5.54E+07     0.98589      0.00012436    5.54E+07     0.00012436    6.54E+07     2.4566E+05    
   5.55E+07     0.98588      0.00012472    5.55E+07     0.00012472    6.55E+07     2.4599E+05    
   5.56E+07     0.98588      0.00012446    5.56E+07     0.00012446    6.56E+07     2.465E+05     
   5.57E+07     0.98588      0.00012433    5.57E+07     0.00012433    6.57E+07     2.4657E+05    
   5.58E+07     0.98587      0.0001243     5.58E+07     0.0001243     6.58E+07     2.4621E+05    
   5.59E+07     0.98587      0.00012411    5.59E+07     0.00012411    6.59E+07     2.4646E+05    
   5.6E+07      0.98587      0.00012391    5.6E+07      0.00012391    6.6E+07      2.4683E+05    
   5.61E+07     0.98586      0.00012371    5.61E+07     0.00012371    6.61E+07     2.4733E+05    
   5.62E+07     0.98586      0.00012344    5.62E+07     0.00012344    6.62E+07     2.474E+05     
   5.63E+07     0.98586      0.00012324    5.63E+07     0.00012324    6.63E+07     2.4781E+05    
   5.64E+07     0.98586      0.00012309    5.64E+07     0.00012309    6.64E+07     2.482E+05     
   5.65E+07     0.98586      0.0001229     5.65E+07     0.0001229     6.65E+07     2.487E+05     
   5.66E+07     0.98586      0.00012264    5.66E+07     0.00012264    6.66E+07     2.4904E+05    
   5.67E+07     0.98586      0.00012238    5.67E+07     0.00012238    6.67E+07     2.4826E+05    
   5.68E+07     0.98585      0.00012228    5.68E+07     0.00012228    6.68E+07     2.4749E+05    
   5.69E+07     0.98584      0.0001225     5.69E+07     0.0001225     6.69E+07     2.4792E+05    
   5.7E+07      0.98584      0.00012224    5.7E+07      0.00012224    6.7E+07      2.4613E+05    
   5.71E+07     0.98585      0.00012218    5.71E+07     0.00012218    6.71E+07     2.4662E+05    
   5.72E+07     0.98585      0.00012193    5.72E+07     0.00012193    6.72E+07     2.4696E+05    
   5.73E+07     0.98585      0.00012168    5.73E+07     0.00012168    6.73E+07     2.4709E+05    
   5.74E+07     0.98586      0.0001216     5.74E+07     0.0001216     6.74E+07     2.4709E+05    
   5.75E+07     0.98585      0.00012171    5.75E+07     0.00012171    6.75E+07     2.4752E+05    
   5.76E+07     0.98585      0.00012166    5.76E+07     0.00012166    6.76E+07     2.4793E+05    
   5.77E+07     0.98587      0.00012195    5.77E+07     0.00012195    6.77E+07     2.4808E+05    
   5.78E+07     0.98586      0.0001219     5.78E+07     0.0001219     6.78E+07     2.4833E+05    
   5.79E+07     0.98586      0.00012165    5.79E+07     0.00012165    6.79E+07     2.4851E+05    
   5.8E+07      0.98586      0.0001214     5.8E+07      0.0001214     6.8E+07      2.4725E+05    
   5.81E+07     0.98586      0.00012119    5.81E+07     0.00012119    6.81E+07     2.4763E+05    
   5.82E+07     0.98586      0.00012095    5.82E+07     0.00012095    6.82E+07     2.4813E+05    
   5.83E+07     0.98587      0.00012084    5.83E+07     0.00012084    6.83E+07     2.4825E+05    
   5.84E+07     0.98586      0.00012062    5.84E+07     0.00012062    6.84E+07     2.4859E+05    
   5.85E+07     0.98586      0.00012037    5.85E+07     0.00012037    6.85E+07     2.4898E+05    
   5.86E+07     0.98586      0.00012012    5.86E+07     0.00012012    6.86E+07     2.4892E+05    
   5.87E+07     0.98587      0.00011988    5.87E+07     0.00011988    6.87E+07     2.4903E+05    
   5.88E+07     0.98587      0.00011981    5.88E+07     0.00011981    6.88E+07     2.4865E+05    
   5.89E+07     0.98587      0.00011957    5.89E+07     0.00011957    6.89E+07     2.4802E+05    
   5.9E+07      0.98587      0.00011938    5.9E+07      0.00011938    6.9E+07      2.4793E+05    
   5.91E+07     0.98587      0.00011932    5.91E+07     0.00011932    6.91E+07     2.4835E+05    
   5.92E+07     0.98587      0.00011908    5.92E+07     0.00011908    6.92E+07     2.4874E+05    
   5.93E+07     0.98588      0.00011917    5.93E+07     0.00011917    6.93E+07     2.4922E+05    
   5.94E+07     0.98589      0.00011901    5.94E+07     0.00011901    6.94E+07     2.4964E+05    
   5.95E+07     0.98589      0.00011882    5.95E+07     0.00011882    6.95E+07     2.5014E+05    
   5.96E+07     0.98589      0.00011858    5.96E+07     0.00011858    6.96E+07     2.5052E+05    
   5.97E+07     0.98589      0.00011836    5.97E+07     0.00011836    6.97E+07     2.506E+05     
   5.98E+07     0.98588      0.00011846    5.98E+07     0.00011846    6.98E+07     2.5085E+05    
   5.99E+07     0.98588      0.00011834    5.99E+07     0.00011834    6.99E+07     2.5052E+05    
   6E+07        0.98588      0.00011831    6E+07        0.00011831    7E+07        2.5097E+05    
   6.01E+07     0.98588      0.00011808    6.01E+07     0.00011808    7.01E+07     2.514E+05     
   6.02E+07     0.98589      0.00011807    6.02E+07     0.00011807    7.02E+07     2.5173E+05    
   6.03E+07     0.98588      0.00011785    6.03E+07     0.00011785    7.03E+07     2.5222E+05    
   6.04E+07     0.98589      0.00011763    6.04E+07     0.00011763    7.04E+07     2.5262E+05    
   6.05E+07     0.98589      0.00011744    6.05E+07     0.00011744    7.05E+07     2.5304E+05    
   6.06E+07     0.98589      0.00011736    6.06E+07     0.00011736    7.06E+07     2.5345E+05    
   6.07E+07     0.9859       0.00011721    6.07E+07     0.00011721    7.07E+07     2.5324E+05    
   6.08E+07     0.9859       0.00011699    6.08E+07     0.00011699    7.08E+07     2.5289E+05    
   6.09E+07     0.9859       0.0001168     6.09E+07     0.0001168     7.09E+07     2.5164E+05    
   6.1E+07      0.98591      0.00011664    6.1E+07      0.00011664    7.1E+07      2.5142E+05    
   6.11E+07     0.98591      0.00011641    6.11E+07     0.00011641    7.11E+07     2.5178E+05    
   6.12E+07     0.98591      0.00011628    6.12E+07     0.00011628    7.12E+07     2.5179E+05    
   6.13E+07     0.98591      0.00011607    6.13E+07     0.00011607    7.13E+07     2.5219E+05    
   6.14E+07     0.9859       0.00011602    6.14E+07     0.00011602    7.14E+07     2.5268E+05    
   6.15E+07     0.9859       0.00011593    6.15E+07     0.00011593    7.15E+07     2.5275E+05    
   6.16E+07     0.9859       0.00011574    6.16E+07     0.00011574    7.16E+07     2.5321E+05    
   6.17E+07     0.9859       0.00011552    6.17E+07     0.00011552    7.17E+07     2.5295E+05    
   6.18E+07     0.9859       0.00011531    6.18E+07     0.00011531    7.18E+07     2.5335E+05    
   6.19E+07     0.98589      0.00011524    6.19E+07     0.00011524    7.19E+07     2.5372E+05    
   6.2E+07      0.98588      0.00011561    6.2E+07      0.00011561    7.2E+07      2.5379E+05    
   6.21E+07     0.98588      0.00011547    6.21E+07     0.00011547    7.21E+07     2.5382E+05    
   6.22E+07     0.98589      0.00011541    6.22E+07     0.00011541    7.22E+07     2.5141E+05    
   6.23E+07     0.98588      0.00011545    6.23E+07     0.00011545    7.23E+07     2.5156E+05    
   6.24E+07     0.98587      0.00011595    6.24E+07     0.00011595    7.24E+07     2.5203E+05    
   6.25E+07     0.98588      0.00011601    6.25E+07     0.00011601    7.25E+07     2.5242E+05    
   6.26E+07     0.98588      0.00011579    6.26E+07     0.00011579    7.26E+07     2.5284E+05    
   6.27E+07     0.98588      0.00011579    6.27E+07     0.00011579    7.27E+07     2.5324E+05    
   6.28E+07     0.98589      0.00011558    6.28E+07     0.00011558    7.28E+07     2.5321E+05    
   6.29E+07     0.98588      0.00011563    6.29E+07     0.00011563    7.29E+07     2.536E+05     
   6.3E+07      0.98588      0.00011549    6.3E+07      0.00011549    7.3E+07      2.5363E+05    
   6.31E+07     0.98588      0.00011527    6.31E+07     0.00011527    7.31E+07     2.5407E+05    
   6.32E+07     0.98588      0.00011507    6.32E+07     0.00011507    7.32E+07     2.5429E+05    
   6.33E+07     0.98588      0.00011491    6.33E+07     0.00011491    7.33E+07     2.5416E+05    
   6.34E+07     0.98589      0.00011504    6.34E+07     0.00011504    7.34E+07     2.5462E+05    
   6.35E+07     0.98589      0.00011493    6.35E+07     0.00011493    7.35E+07     2.5462E+05    
   6.36E+07     0.9859       0.00011497    6.36E+07     0.00011497    7.36E+07     2.5491E+05    
   6.37E+07     0.9859       0.00011477    6.37E+07     0.00011477    7.37E+07     2.5528E+05    
   6.38E+07     0.98591      0.00011458    6.38E+07     0.00011458    7.38E+07     2.5512E+05    
   6.39E+07     0.98591      0.00011437    6.39E+07     0.00011437    7.39E+07     2.5559E+05    
   6.4E+07      0.9859       0.00011427    6.4E+07      0.00011427    7.4E+07      2.5548E+05    
   6.41E+07     0.9859       0.00011415    6.41E+07     0.00011415    7.41E+07     2.5526E+05    
   6.42E+07     0.9859       0.00011396    6.42E+07     0.00011396    7.42E+07     2.5571E+05    
   6.43E+07     0.9859       0.00011376    6.43E+07     0.00011376    7.43E+07     2.5498E+05    
   6.44E+07     0.98589      0.00011371    6.44E+07     0.00011371    7.44E+07     2.5531E+05    
   6.45E+07     0.98589      0.0001135     6.45E+07     0.0001135     7.45E+07     2.5548E+05    
   6.46E+07     0.9859       0.00011351    6.46E+07     0.00011351    7.46E+07     2.559E+05     
   6.47E+07     0.98591      0.00011353    6.47E+07     0.00011353    7.47E+07     2.5504E+05    
   6.48E+07     0.98591      0.00011333    6.48E+07     0.00011333    7.48E+07     2.5462E+05    
   6.49E+07     0.9859       0.00011335    6.49E+07     0.00011335    7.49E+07     2.548E+05     
   6.5E+07      0.9859       0.00011316    6.5E+07      0.00011316    7.5E+07      2.5446E+05    
   6.51E+07     0.98591      0.00011316    6.51E+07     0.00011316    7.51E+07     2.5479E+05    
   6.52E+07     0.98592      0.0001136     6.52E+07     0.0001136     7.52E+07     2.5491E+05    
   6.53E+07     0.98592      0.0001134     6.53E+07     0.0001134     7.53E+07     2.549E+05     
   6.54E+07     0.98591      0.00011331    6.54E+07     0.00011331    7.54E+07     2.5458E+05    
   6.55E+07     0.98592      0.00011313    6.55E+07     0.00011313    7.55E+07     2.5462E+05    
   6.56E+07     0.98592      0.00011294    6.56E+07     0.00011294    7.56E+07     2.5491E+05    
   6.57E+07     0.98591      0.00011283    6.57E+07     0.00011283    7.57E+07     2.55E+05      
   6.58E+07     0.9859       0.00011283    6.58E+07     0.00011283    7.58E+07     2.5401E+05    
   6.59E+07     0.98591      0.00011269    6.59E+07     0.00011269    7.59E+07     2.5444E+05    
   6.6E+07      0.98591      0.00011252    6.6E+07      0.00011252    7.6E+07      2.5371E+05    
   6.61E+07     0.98591      0.00011232    6.61E+07     0.00011232    7.61E+07     2.5368E+05    
   6.62E+07     0.98591      0.00011223    6.62E+07     0.00011223    7.62E+07     2.5385E+05    
   6.63E+07     0.98591      0.00011205    6.63E+07     0.00011205    7.63E+07     2.5426E+05    
   6.64E+07     0.98591      0.00011186    6.64E+07     0.00011186    7.64E+07     2.5447E+05    
   6.65E+07     0.98591      0.00011167    6.65E+07     0.00011167    7.65E+07     2.5492E+05    
   6.66E+07     0.98591      0.00011151    6.66E+07     0.00011151    7.66E+07     2.5427E+05    
   6.67E+07     0.98591      0.0001116     6.67E+07     0.0001116     7.67E+07     2.5415E+05    
   6.68E+07     0.98592      0.00011168    6.68E+07     0.00011168    7.68E+07     2.5435E+05    
   6.69E+07     0.98592      0.00011151    6.69E+07     0.00011151    7.69E+07     2.5473E+05    
   6.7E+07      0.98593      0.00011183    6.7E+07      0.00011183    7.7E+07      2.5482E+05    
   6.71E+07     0.98593      0.00011164    6.71E+07     0.00011164    7.71E+07     2.5526E+05    
   6.72E+07     0.98593      0.00011147    6.72E+07     0.00011147    7.72E+07     2.5567E+05    
   6.73E+07     0.98593      0.00011136    6.73E+07     0.00011136    7.73E+07     2.5594E+05    
   6.74E+07     0.98593      0.00011128    6.74E+07     0.00011128    7.74E+07     2.559E+05     
   6.75E+07     0.98592      0.0001111     6.75E+07     0.0001111     7.75E+07     2.5621E+05    
   6.76E+07     0.98592      0.00011092    6.76E+07     0.00011092    7.76E+07     2.5658E+05    
   6.77E+07     0.98593      0.0001108     6.77E+07     0.0001108     7.77E+07     2.5701E+05    
   6.78E+07     0.98592      0.00011067    6.78E+07     0.00011067    7.78E+07     2.5723E+05    
   6.79E+07     0.98593      0.00011055    6.79E+07     0.00011055    7.79E+07     2.576E+05     
   6.8E+07      0.98594      0.00011074    6.8E+07      0.00011074    7.8E+07      2.5777E+05    
   6.81E+07     0.98593      0.00011058    6.81E+07     0.00011058    7.81E+07     2.5809E+05    
   6.82E+07     0.98594      0.00011039    6.82E+07     0.00011039    7.82E+07     2.5847E+05    
   6.83E+07     0.98593      0.00011028    6.83E+07     0.00011028    7.83E+07     2.5886E+05    
   6.84E+07     0.98593      0.00011012    6.84E+07     0.00011012    7.84E+07     2.5926E+05    
   6.85E+07     0.98593      0.00010995    6.85E+07     0.00010995    7.85E+07     2.597E+05     
   6.86E+07     0.98594      0.00010989    6.86E+07     0.00010989    7.86E+07     2.5739E+05    
   6.87E+07     0.98594      0.00010978    6.87E+07     0.00010978    7.87E+07     2.5712E+05    
   6.88E+07     0.98595      0.00010978    6.88E+07     0.00010978    7.88E+07     2.5576E+05    
   6.89E+07     0.98595      0.00010984    6.89E+07     0.00010984    7.89E+07     2.5619E+05    
   6.9E+07      0.98596      0.00010978    6.9E+07      0.00010978    7.9E+07      2.5604E+05    
   6.91E+07     0.98596      0.00010961    6.91E+07     0.00010961    7.91E+07     2.5648E+05    
   6.92E+07     0.98596      0.00010944    6.92E+07     0.00010944    7.92E+07     2.5665E+05    
   6.93E+07     0.98596      0.00010926    6.93E+07     0.00010926    7.93E+07     2.57E+05      
   6.94E+07     0.98596      0.00010909    6.94E+07     0.00010909    7.94E+07     2.5625E+05    
   6.95E+07     0.98596      0.00010891    6.95E+07     0.00010891    7.95E+07     2.564E+05     
   6.96E+07     0.98596      0.00010874    6.96E+07     0.00010874    7.96E+07     2.5648E+05    
   6.97E+07     0.98596      0.00010865    6.97E+07     0.00010865    7.97E+07     2.5649E+05    
   6.98E+07     0.98597      0.00010851    6.98E+07     0.00010851    7.98E+07     2.565E+05     
   6.99E+07     0.98597      0.00010851    6.99E+07     0.00010851    7.99E+07     2.5674E+05    
   7E+07        0.98597      0.00010833    7E+07        0.00010833    8E+07        2.5716E+05    
   7.01E+07     0.98598      0.00010816    7.01E+07     0.00010816    8.01E+07     2.5719E+05    
   7.02E+07     0.98598      0.00010801    7.02E+07     0.00010801    8.02E+07     2.5745E+05    
   7.03E+07     0.98598      0.00010783    7.03E+07     0.00010783    8.03E+07     2.578E+05     
   7.04E+07     0.98598      0.00010767    7.04E+07     0.00010767    8.04E+07     2.5801E+05    
   7.05E+07     0.98597      0.0001075     7.05E+07     0.0001075     8.05E+07     2.5841E+05    
   7.06E+07     0.98597      0.00010733    7.06E+07     0.00010733    8.06E+07     2.5837E+05    
   7.07E+07     0.98597      0.0001073     7.07E+07     0.0001073     8.07E+07     2.5804E+05    
   7.08E+07     0.98596      0.0001073     7.08E+07     0.0001073     8.08E+07     2.5812E+05    
   7.09E+07     0.98597      0.00010749    7.09E+07     0.00010749    8.09E+07     2.5843E+05    
   7.1E+07      0.98596      0.00010746    7.1E+07      0.00010746    8.1E+07      2.5877E+05    
   7.11E+07     0.98597      0.00010731    7.11E+07     0.00010731    8.11E+07     2.5895E+05    
   7.12E+07     0.98597      0.00010724    7.12E+07     0.00010724    8.12E+07     2.5934E+05    
   7.13E+07     0.98597      0.00010707    7.13E+07     0.00010707    8.13E+07     2.5954E+05    
   7.14E+07     0.98597      0.0001069     7.14E+07     0.0001069     8.14E+07     2.5991E+05    
   7.15E+07     0.98597      0.00010681    7.15E+07     0.00010681    8.15E+07     2.5955E+05    
   7.16E+07     0.98598      0.00010664    7.16E+07     0.00010664    8.16E+07     2.5991E+05    
   7.17E+07     0.98598      0.00010661    7.17E+07     0.00010661    8.17E+07     2.6025E+05    
   7.18E+07     0.98598      0.00010646    7.18E+07     0.00010646    8.18E+07     2.5967E+05    
   7.19E+07     0.98598      0.0001063     7.19E+07     0.0001063     8.19E+07     2.5981E+05    
   7.2E+07      0.98598      0.00010622    7.2E+07      0.00010622    8.2E+07      2.6007E+05    
   7.21E+07     0.98598      0.00010613    7.21E+07     0.00010613    8.21E+07     2.5999E+05    
   7.22E+07     0.98597      0.00010657    7.22E+07     0.00010657    8.22E+07     2.6033E+05    
   7.23E+07     0.98597      0.00010646    7.23E+07     0.00010646    8.23E+07     2.6004E+05    
   7.24E+07     0.98597      0.00010629    7.24E+07     0.00010629    8.24E+07     2.5911E+05    
   7.25E+07     0.98597      0.00010613    7.25E+07     0.00010613    8.25E+07     2.5853E+05    
   7.26E+07     0.98597      0.00010597    7.26E+07     0.00010597    8.26E+07     2.5857E+05    
   7.27E+07     0.98597      0.00010581    7.27E+07     0.00010581    8.27E+07     2.5895E+05    
   7.28E+07     0.98597      0.00010575    7.28E+07     0.00010575    8.28E+07     2.5909E+05    
   7.29E+07     0.98597      0.00010559    7.29E+07     0.00010559    8.29E+07     2.5934E+05    
   7.3E+07      0.98597      0.00010551    7.3E+07      0.00010551    8.3E+07      2.5971E+05    
   7.31E+07     0.98597      0.00010535    7.31E+07     0.00010535    8.31E+07     2.5956E+05    
   7.32E+07     0.98597      0.00010523    7.32E+07     0.00010523    8.32E+07     2.5868E+05    
   7.33E+07     0.98597      0.00010518    7.33E+07     0.00010518    8.33E+07     2.5762E+05    
   7.34E+07     0.98597      0.00010501    7.34E+07     0.00010501    8.34E+07     2.5796E+05    
   7.35E+07     0.98597      0.00010494    7.35E+07     0.00010494    8.35E+07     2.5834E+05    
   7.36E+07     0.98598      0.00010481    7.36E+07     0.00010481    8.36E+07     2.5865E+05    
   7.37E+07     0.98598      0.00010466    7.37E+07     0.00010466    8.37E+07     2.5905E+05    
   7.38E+07     0.98598      0.00010462    7.38E+07     0.00010462    8.38E+07     2.5838E+05    
   7.39E+07     0.98598      0.00010445    7.39E+07     0.00010445    8.39E+07     2.5859E+05    
   7.4E+07      0.98598      0.00010441    7.4E+07      0.00010441    8.4E+07      2.582E+05     
   7.41E+07     0.98597      0.00010437    7.41E+07     0.00010437    8.41E+07     2.5833E+05    
   7.42E+07     0.98597      0.00010421    7.42E+07     0.00010421    8.42E+07     2.5823E+05    
   7.43E+07     0.98597      0.00010429    7.43E+07     0.00010429    8.43E+07     2.5854E+05    
   7.44E+07     0.98597      0.00010415    7.44E+07     0.00010415    8.44E+07     2.5877E+05    
   7.45E+07     0.98597      0.00010404    7.45E+07     0.00010404    8.45E+07     2.5917E+05    
   7.46E+07     0.98597      0.00010389    7.46E+07     0.00010389    8.46E+07     2.5949E+05    
   7.47E+07     0.98598      0.00010399    7.47E+07     0.00010399    8.47E+07     2.5989E+05    
   7.48E+07     0.98597      0.00010401    7.48E+07     0.00010401    8.48E+07     2.6016E+05    
   7.49E+07     0.98597      0.0001039     7.49E+07     0.0001039     8.49E+07     2.6047E+05    
   7.5E+07      0.98597      0.0001039     7.5E+07      0.0001039     8.5E+07      2.602E+05     
   7.51E+07     0.98597      0.00010376    7.51E+07     0.00010376    8.51E+07     2.6037E+05    
   7.52E+07     0.98596      0.00010367    7.52E+07     0.00010367    8.52E+07     2.593E+05     
   7.53E+07     0.98597      0.0001036     7.53E+07     0.0001036     8.53E+07     2.5935E+05    
   7.54E+07     0.98597      0.0001036     7.54E+07     0.0001036     8.54E+07     2.5868E+05    
   7.55E+07     0.98598      0.00010352    7.55E+07     0.00010352    8.55E+07     2.5864E+05    
   7.56E+07     0.98598      0.0001034     7.56E+07     0.0001034     8.56E+07     2.5887E+05    
   7.57E+07     0.98598      0.00010331    7.57E+07     0.00010331    8.57E+07     2.5921E+05    
   7.58E+07     0.98598      0.00010343    7.58E+07     0.00010343    8.58E+07     2.5942E+05    
   7.59E+07     0.98598      0.00010328    7.59E+07     0.00010328    8.59E+07     2.5944E+05    
   7.6E+07      0.98598      0.00010336    7.6E+07      0.00010336    8.6E+07      2.5978E+05    
   7.61E+07     0.98598      0.0001033     7.61E+07     0.0001033     8.61E+07     2.6001E+05    
   7.62E+07     0.98598      0.00010319    7.62E+07     0.00010319    8.62E+07     2.604E+05     
   7.63E+07     0.98598      0.00010305    7.63E+07     0.00010305    8.63E+07     2.6057E+05    
   7.64E+07     0.98598      0.00010293    7.64E+07     0.00010293    8.64E+07     2.6081E+05    
   7.65E+07     0.98598      0.00010277    7.65E+07     0.00010277    8.65E+07     2.6115E+05    
   7.66E+07     0.98599      0.00010283    7.66E+07     0.00010283    8.66E+07     2.6135E+05    
   7.67E+07     0.98599      0.00010279    7.67E+07     0.00010279    8.67E+07     2.6159E+05    
   7.68E+07     0.98599      0.00010268    7.68E+07     0.00010268    8.68E+07     2.6119E+05    
   7.69E+07     0.98599      0.00010254    7.69E+07     0.00010254    8.69E+07     2.6077E+05    
   7.7E+07      0.98598      0.00010245    7.7E+07      0.00010245    8.7E+07      2.6094E+05    
   7.71E+07     0.98598      0.0001023     7.71E+07     0.0001023     8.71E+07     2.6133E+05    
   7.72E+07     0.98598      0.00010215    7.72E+07     0.00010215    8.72E+07     2.616E+05     
   7.73E+07     0.98598      0.00010203    7.73E+07     0.00010203    8.73E+07     2.6197E+05    
   7.74E+07     0.98599      0.00010197    7.74E+07     0.00010197    8.74E+07     2.6234E+05    
   7.75E+07     0.98599      0.00010184    7.75E+07     0.00010184    8.75E+07     2.6266E+05    
   7.76E+07     0.98599      0.0001017     7.76E+07     0.0001017     8.76E+07     2.6262E+05    
   7.77E+07     0.98599      0.00010155    7.77E+07     0.00010155    8.77E+07     2.6284E+05    
   7.78E+07     0.98599      0.00010144    7.78E+07     0.00010144    8.78E+07     2.6303E+05    
   7.79E+07     0.98598      0.00010131    7.79E+07     0.00010131    8.79E+07     2.6294E+05    
   7.8E+07      0.98599      0.00010121    7.8E+07      0.00010121    8.8E+07      2.6256E+05    
   7.81E+07     0.98599      0.00010109    7.81E+07     0.00010109    8.81E+07     2.6219E+05    
   7.82E+07     0.98599      0.00010094    7.82E+07     0.00010094    8.82E+07     2.6254E+05    
   7.83E+07     0.98599      0.0001008     7.83E+07     0.0001008     8.83E+07     2.6143E+05    
   7.84E+07     0.98599      0.00010066    7.84E+07     0.00010066    8.84E+07     2.6026E+05    
   7.85E+07     0.98599      0.00010052    7.85E+07     0.00010052    8.85E+07     2.6017E+05    
   7.86E+07     0.986        0.00010089    7.86E+07     0.00010089    8.86E+07     2.6018E+05    
   7.87E+07     0.986        0.00010088    7.87E+07     0.00010088    8.87E+07     2.594E+05     
   7.88E+07     0.98601      0.00010109    7.88E+07     0.00010109    8.88E+07     2.5825E+05    
   7.89E+07     0.98601      0.00010094    7.89E+07     0.00010094    8.89E+07     2.5716E+05    
   7.9E+07      0.98602      0.0001009     7.9E+07      0.0001009     8.9E+07      2.5707E+05    
   7.91E+07     0.98602      0.00010075    7.91E+07     0.00010075    8.91E+07     2.5692E+05    
   7.92E+07     0.98602      0.00010066    7.92E+07     0.00010066    8.92E+07     2.5722E+05    
   7.93E+07     0.98602      0.00010053    7.93E+07     0.00010053    8.93E+07     2.5744E+05    
   7.94E+07     0.98603      0.0001006     7.94E+07     0.0001006     8.94E+07     2.5716E+05    
   7.95E+07     0.98603      0.00010051    7.95E+07     0.00010051    8.95E+07     2.575E+05     
   7.96E+07     0.98603      0.00010044    7.96E+07     0.00010044    8.96E+07     2.5682E+05    
   7.97E+07     0.98603      0.00010037    7.97E+07     0.00010037    8.97E+07     2.5673E+05    
   7.98E+07     0.98602      0.00010031    7.98E+07     0.00010031    8.98E+07     2.571E+05     
   7.99E+07     0.98603      0.00010019    7.99E+07     0.00010019    8.99E+07     2.5714E+05    
   8E+07        0.98603      0.00010005    8E+07        0.00010005    9E+07        2.5749E+05    
   8.01E+07     0.98603      9.9985E-05    8.01E+07     9.9985E-05    9.01E+07     2.5739E+05    
   8.02E+07     0.98603      9.9876E-05    8.02E+07     9.9876E-05    9.02E+07     2.5766E+05    
   8.03E+07     0.98603      9.9741E-05    8.03E+07     9.9741E-05    9.03E+07     2.5783E+05    
   8.04E+07     0.98603      9.9641E-05    8.04E+07     9.9641E-05    9.04E+07     2.5731E+05    
   8.05E+07     0.98603      9.9501E-05    8.05E+07     9.9501E-05    9.05E+07     2.5751E+05    
   8.06E+07     0.98603      9.9451E-05    8.06E+07     9.9451E-05    9.06E+07     2.5774E+05    
   8.07E+07     0.98603      9.9444E-05    8.07E+07     9.9444E-05    9.07E+07     2.5787E+05    
   8.08E+07     0.98603      9.9372E-05    8.08E+07     9.9372E-05    9.08E+07     2.5816E+05    
   8.09E+07     0.98603      9.9251E-05    8.09E+07     9.9251E-05    9.09E+07     2.5848E+05    
   8.1E+07      0.98603      9.9126E-05    8.1E+07      9.9126E-05    9.1E+07      2.5821E+05    
   8.11E+07     0.98603      9.9025E-05    8.11E+07     9.9025E-05    9.11E+07     2.5854E+05    
   8.12E+07     0.98603      9.8892E-05    8.12E+07     9.8892E-05    9.12E+07     2.5873E+05    
   8.13E+07     0.98603      9.8796E-05    8.13E+07     9.8796E-05    9.13E+07     2.5904E+05    
   8.14E+07     0.98603      9.8667E-05    8.14E+07     9.8667E-05    9.14E+07     2.5933E+05    
   8.15E+07     0.98603      9.8669E-05    8.15E+07     9.8669E-05    9.15E+07     2.5969E+05    
   8.16E+07     0.98603      9.8539E-05    8.16E+07     9.8539E-05    9.16E+07     2.5998E+05    
   8.17E+07     0.98603      9.8419E-05    8.17E+07     9.8419E-05    9.17E+07     2.6029E+05    
   8.18E+07     0.98602      9.8469E-05    8.18E+07     9.8469E-05    9.18E+07     2.5973E+05    
   8.19E+07     0.98602      9.8376E-05    8.19E+07     9.8376E-05    9.19E+07     2.5986E+05    
   8.2E+07      0.98602      9.8262E-05    8.2E+07      9.8262E-05    9.2E+07      2.6017E+05    
   8.21E+07     0.98601      9.8221E-05    8.21E+07     9.8221E-05    9.21E+07     2.5995E+05    
   8.22E+07     0.98601      9.8098E-05    8.22E+07     9.8098E-05    9.22E+07     2.6023E+05    
   8.23E+07     0.98602      9.8086E-05    8.23E+07     9.8086E-05    9.23E+07     2.6056E+05    
   8.24E+07     0.98601      9.8203E-05    8.24E+07     9.8203E-05    9.24E+07     2.6073E+05    
   8.25E+07     0.98602      9.825E-05     8.25E+07     9.825E-05     9.25E+07     2.6089E+05    
   8.26E+07     0.98602      9.8184E-05    8.26E+07     9.8184E-05    9.26E+07     2.6116E+05    
   8.27E+07     0.98602      9.805E-05     8.27E+07     9.805E-05     9.27E+07     2.6102E+05    
   8.28E+07     0.98602      9.7964E-05    8.28E+07     9.7964E-05    9.28E+07     2.6059E+05    
   8.29E+07     0.98602      9.786E-05     8.29E+07     9.786E-05     9.29E+07     2.6046E+05    
   8.3E+07      0.98602      9.7735E-05    8.3E+07      9.7735E-05    9.3E+07      2.6039E+05    
   8.31E+07     0.98601      9.7698E-05    8.31E+07     9.7698E-05    9.31E+07     2.6074E+05    
   8.32E+07     0.98601      9.7809E-05    8.32E+07     9.7809E-05    9.32E+07     2.6103E+05    
   8.33E+07     0.98601      9.7951E-05    8.33E+07     9.7951E-05    9.33E+07     2.6137E+05    
   8.34E+07     0.98602      9.7832E-05    8.34E+07     9.7832E-05    9.34E+07     2.6168E+05    
   8.35E+07     0.98601      9.7701E-05    8.35E+07     9.7701E-05    9.35E+07     2.6189E+05    
   8.36E+07     0.98601      9.7581E-05    8.36E+07     9.7581E-05    9.36E+07     2.6217E+05    
   8.37E+07     0.98601      9.7449E-05    8.37E+07     9.7449E-05    9.37E+07     2.6249E+05    
   8.38E+07     0.98602      9.7518E-05    8.38E+07     9.7518E-05    9.38E+07     2.6264E+05    
   8.39E+07     0.98602      9.7422E-05    8.39E+07     9.7422E-05    9.39E+07     2.6293E+05    
   8.4E+07      0.98602      9.7434E-05    8.4E+07      9.7434E-05    9.4E+07      2.6282E+05    
   8.41E+07     0.98602      9.7353E-05    8.41E+07     9.7353E-05    9.41E+07     2.6308E+05    
   8.42E+07     0.98602      9.7315E-05    8.42E+07     9.7315E-05    9.42E+07     2.6328E+05    
   8.43E+07     0.98603      9.7203E-05    8.43E+07     9.7203E-05    9.43E+07     2.6336E+05    
   8.44E+07     0.98603      9.7097E-05    8.44E+07     9.7097E-05    9.44E+07     2.6342E+05    
   8.45E+07     0.98603      9.6967E-05    8.45E+07     9.6967E-05    9.45E+07     2.6375E+05    
   8.46E+07     0.98603      9.6849E-05    8.46E+07     9.6849E-05    9.46E+07     2.6399E+05    
   8.47E+07     0.98603      9.672E-05     8.47E+07     9.672E-05     9.47E+07     2.6434E+05    
   8.48E+07     0.98603      9.6599E-05    8.48E+07     9.6599E-05    9.48E+07     2.6465E+05    
   8.49E+07     0.98603      9.6488E-05    8.49E+07     9.6488E-05    9.49E+07     2.646E+05     
   8.5E+07      0.98602      9.6482E-05    8.5E+07      9.6482E-05    9.5E+07      2.639E+05     
   8.51E+07     0.98603      9.6398E-05    8.51E+07     9.6398E-05    9.51E+07     2.638E+05     
   8.52E+07     0.98603      9.6533E-05    8.52E+07     9.6533E-05    9.52E+07     2.6393E+05    
   8.53E+07     0.98604      9.6471E-05    8.53E+07     9.6471E-05    9.53E+07     2.6423E+05    
   8.54E+07     0.98604      9.6538E-05    8.54E+07     9.6538E-05    9.54E+07     2.6424E+05    
   8.55E+07     0.98604      9.6491E-05    8.55E+07     9.6491E-05    9.55E+07     2.6458E+05    
   8.56E+07     0.98604      9.6383E-05    8.56E+07     9.6383E-05    9.56E+07     2.6429E+05    
   8.57E+07     0.98604      9.6267E-05    8.57E+07     9.6267E-05    9.57E+07     2.6383E+05    
   8.58E+07     0.98604      9.6174E-05    8.58E+07     9.6174E-05    9.58E+07     2.6416E+05    
   8.59E+07     0.98604      9.6112E-05    8.59E+07     9.6112E-05    9.59E+07     2.6448E+05    
   8.6E+07      0.98604      9.599E-05     8.6E+07      9.599E-05     9.6E+07      2.6405E+05    
   8.61E+07     0.98604      9.5893E-05    8.61E+07     9.5893E-05    9.61E+07     2.642E+05     
   8.62E+07     0.98604      9.5768E-05    8.62E+07     9.5768E-05    9.62E+07     2.6429E+05    
   8.63E+07     0.98604      9.5682E-05    8.63E+07     9.5682E-05    9.63E+07     2.6461E+05    
   8.64E+07     0.98604      9.558E-05     8.64E+07     9.558E-05     9.64E+07     2.6495E+05    
   8.65E+07     0.98604      9.5461E-05    8.65E+07     9.5461E-05    9.65E+07     2.6527E+05    
   8.66E+07     0.98604      9.5374E-05    8.66E+07     9.5374E-05    9.66E+07     2.6559E+05    
   8.67E+07     0.98604      9.5274E-05    8.67E+07     9.5274E-05    9.67E+07     2.6589E+05    
   8.68E+07     0.98605      9.5286E-05    8.68E+07     9.5286E-05    9.68E+07     2.659E+05     
   8.69E+07     0.98604      9.5308E-05    8.69E+07     9.5308E-05    9.69E+07     2.6566E+05    
   8.7E+07      0.98604      9.5225E-05    8.7E+07      9.5225E-05    9.7E+07      2.6585E+05    
   8.71E+07     0.98604      9.5102E-05    8.71E+07     9.5102E-05    9.71E+07     2.6618E+05    
   8.72E+07     0.98604      9.4988E-05    8.72E+07     9.4988E-05    9.72E+07     2.6577E+05    
   8.73E+07     0.98604      9.4869E-05    8.73E+07     9.4869E-05    9.73E+07     2.6606E+05    
   8.74E+07     0.98604      9.4749E-05    8.74E+07     9.4749E-05    9.74E+07     2.6629E+05    
   8.75E+07     0.98605      9.4639E-05    8.75E+07     9.4639E-05    9.75E+07     2.6645E+05    
   8.76E+07     0.98604      9.4591E-05    8.76E+07     9.4591E-05    9.76E+07     2.6678E+05    
   8.77E+07     0.98604      9.45E-05      8.77E+07     9.45E-05      9.77E+07     2.6711E+05    
   8.78E+07     0.98604      9.4413E-05    8.78E+07     9.4413E-05    9.78E+07     2.67E+05      
   8.79E+07     0.98605      9.4377E-05    8.79E+07     9.4377E-05    9.79E+07     2.6731E+05    
   8.8E+07      0.98605      9.4392E-05    8.8E+07      9.4392E-05    9.8E+07      2.6748E+05    
   8.81E+07     0.98606      9.4395E-05    8.81E+07     9.4395E-05    9.81E+07     2.6775E+05    
   8.82E+07     0.98605      9.4278E-05    8.82E+07     9.4278E-05    9.82E+07     2.6796E+05    
   8.83E+07     0.98605      9.4426E-05    8.83E+07     9.4426E-05    9.83E+07     2.6782E+05    
   8.84E+07     0.98605      9.4584E-05    8.84E+07     9.4584E-05    9.84E+07     2.6751E+05    
   8.85E+07     0.98606      9.4544E-05    8.85E+07     9.4544E-05    9.85E+07     2.6766E+05    
   8.86E+07     0.98606      9.4491E-05    8.86E+07     9.4491E-05    9.86E+07     2.68E+05      
   8.87E+07     0.98606      9.4578E-05    8.87E+07     9.4578E-05    9.87E+07     2.6822E+05    
   8.88E+07     0.98606      9.4737E-05    8.88E+07     9.4737E-05    9.88E+07     2.681E+05     
   8.89E+07     0.98607      9.4876E-05    8.89E+07     9.4876E-05    9.89E+07     2.6828E+05    
   8.9E+07      0.98607      9.4843E-05    8.9E+07      9.4843E-05    9.9E+07      2.6823E+05    
   8.91E+07     0.98606      9.4818E-05    8.91E+07     9.4818E-05    9.91E+07     2.6811E+05    
   8.92E+07     0.98606      9.4713E-05    8.92E+07     9.4713E-05    9.92E+07     2.6767E+05    
   8.93E+07     0.98606      9.4613E-05    8.93E+07     9.4613E-05    9.93E+07     2.6791E+05    
   8.94E+07     0.98606      9.4614E-05    8.94E+07     9.4614E-05    9.94E+07     2.6818E+05    
   8.95E+07     0.98606      9.4499E-05    8.95E+07     9.4499E-05    9.95E+07     2.6843E+05    
   8.96E+07     0.98606      9.4575E-05    8.96E+07     9.4575E-05    9.96E+07     2.6834E+05    
   8.97E+07     0.98607      9.4529E-05    8.97E+07     9.4529E-05    9.97E+07     2.6867E+05    
   8.98E+07     0.98607      9.4412E-05    8.98E+07     9.4412E-05    9.98E+07     2.6873E+05    
   8.99E+07     0.98607      9.435E-05     8.99E+07     9.435E-05     9.99E+07     2.6904E+05    
   9E+07        0.98607      9.4238E-05    9E+07        9.4238E-05    1E+08        2.6925E+05    
   9.01E+07     0.98606      9.4203E-05    9.01E+07     9.4203E-05    
   9.02E+07     0.98607      9.41E-05      9.02E+07     9.41E-05      
   9.03E+07     0.98606      9.4019E-05    9.03E+07     9.4019E-05    
   9.04E+07     0.98606      9.4062E-05    9.04E+07     9.4062E-05    
   9.05E+07     0.98606      9.397E-05     9.05E+07     9.397E-05     
   9.06E+07     0.98606      9.3877E-05    9.06E+07     9.3877E-05    
   9.07E+07     0.98605      9.3804E-05    9.07E+07     9.3804E-05    
   9.08E+07     0.98606      9.3699E-05    9.08E+07     9.3699E-05    
   9.09E+07     0.98606      9.3584E-05    9.09E+07     9.3584E-05    
   9.1E+07      0.98605      9.3579E-05    9.1E+07      9.3579E-05    
   9.11E+07     0.98605      9.347E-05     9.11E+07     9.347E-05     
   9.12E+07     0.98605      9.3385E-05    9.12E+07     9.3385E-05    
   9.13E+07     0.98606      9.3272E-05    9.13E+07     9.3272E-05    
   9.14E+07     0.98605      9.3169E-05    9.14E+07     9.3169E-05    
   9.15E+07     0.98605      9.3057E-05    9.15E+07     9.3057E-05    
   9.16E+07     0.98606      9.2957E-05    9.16E+07     9.2957E-05    
   9.17E+07     0.98606      9.2845E-05    9.17E+07     9.2845E-05    
   9.18E+07     0.98605      9.2897E-05    9.18E+07     9.2897E-05    
   9.19E+07     0.98605      9.2825E-05    9.19E+07     9.2825E-05    
   9.2E+07      0.98605      9.2721E-05    9.2E+07      9.2721E-05    
   9.21E+07     0.98605      9.2702E-05    9.21E+07     9.2702E-05    
   9.22E+07     0.98605      9.2605E-05    9.22E+07     9.2605E-05    
   9.23E+07     0.98605      9.2495E-05    9.23E+07     9.2495E-05    
   9.24E+07     0.98606      9.2416E-05    9.24E+07     9.2416E-05    
   9.25E+07     0.98606      9.2332E-05    9.25E+07     9.2332E-05    
   9.26E+07     0.98606      9.2238E-05    9.26E+07     9.2238E-05    
   9.27E+07     0.98606      9.2212E-05    9.27E+07     9.2212E-05    
   9.28E+07     0.98607      9.2239E-05    9.28E+07     9.2239E-05    
   9.29E+07     0.98607      9.2209E-05    9.29E+07     9.2209E-05    
   9.3E+07      0.98607      9.2172E-05    9.3E+07      9.2172E-05    
   9.31E+07     0.98607      9.2063E-05    9.31E+07     9.2063E-05    
   9.32E+07     0.98607      9.1962E-05    9.32E+07     9.1962E-05    
   9.33E+07     0.98607      9.1857E-05    9.33E+07     9.1857E-05    
   9.34E+07     0.98607      9.1747E-05    9.34E+07     9.1747E-05    
   9.35E+07     0.98607      9.1665E-05    9.35E+07     9.1665E-05    
   9.36E+07     0.98607      9.157E-05     9.36E+07     9.157E-05     
   9.37E+07     0.98607      9.1467E-05    9.37E+07     9.1467E-05    
   9.38E+07     0.98607      9.1386E-05    9.38E+07     9.1386E-05    
   9.39E+07     0.98607      9.129E-05     9.39E+07     9.129E-05     
   9.4E+07      0.98607      9.1259E-05    9.4E+07      9.1259E-05    
   9.41E+07     0.98607      9.1168E-05    9.41E+07     9.1168E-05    
   9.42E+07     0.98607      9.1079E-05    9.42E+07     9.1079E-05    
   9.43E+07     0.98608      9.1019E-05    9.43E+07     9.1019E-05    
   9.44E+07     0.98607      9.0963E-05    9.44E+07     9.0963E-05    
   9.45E+07     0.98607      9.0858E-05    9.45E+07     9.0858E-05    
   9.46E+07     0.98607      9.0764E-05    9.46E+07     9.0764E-05    
   9.47E+07     0.98607      9.0657E-05    9.47E+07     9.0657E-05    
   9.48E+07     0.98607      9.0553E-05    9.48E+07     9.0553E-05    
   9.49E+07     0.98607      9.0513E-05    9.49E+07     9.0513E-05    
   9.5E+07      0.98606      9.0581E-05    9.5E+07      9.0581E-05    
   9.51E+07     0.98607      9.0552E-05    9.51E+07     9.0552E-05    
   9.52E+07     0.98607      9.0483E-05    9.52E+07     9.0483E-05    
   9.53E+07     0.98607      9.0386E-05    9.53E+07     9.0386E-05    
   9.54E+07     0.98606      9.0334E-05    9.54E+07     9.0334E-05    
   9.55E+07     0.98606      9.0229E-05    9.55E+07     9.0229E-05    
   9.56E+07     0.98607      9.0234E-05    9.56E+07     9.0234E-05    
   9.57E+07     0.98606      9.0264E-05    9.57E+07     9.0264E-05    
   9.58E+07     0.98606      9.016E-05     9.58E+07     9.016E-05     
   9.59E+07     0.98606      9.0055E-05    9.59E+07     9.0055E-05    
   9.6E+07      0.98607      9.0084E-05    9.6E+07      9.0084E-05    
   9.61E+07     0.98607      9.0014E-05    9.61E+07     9.0014E-05    
   9.62E+07     0.98607      8.9942E-05    9.62E+07     8.9942E-05    
   9.63E+07     0.98607      8.9843E-05    9.63E+07     8.9843E-05    
   9.64E+07     0.98607      8.9739E-05    9.64E+07     8.9739E-05    
   9.65E+07     0.98607      8.9641E-05    9.65E+07     8.9641E-05    
   9.66E+07     0.98607      8.9538E-05    9.66E+07     8.9538E-05    
   9.67E+07     0.98607      8.9444E-05    9.67E+07     8.9444E-05    
   9.68E+07     0.98608      8.9394E-05    9.68E+07     8.9394E-05    
   9.69E+07     0.98607      8.9391E-05    9.69E+07     8.9391E-05    
   9.7E+07      0.98607      8.9307E-05    9.7E+07      8.9307E-05    
   9.71E+07     0.98608      8.921E-05     9.71E+07     8.921E-05     
   9.72E+07     0.98608      8.923E-05     9.72E+07     8.923E-05     
   9.73E+07     0.98608      8.9139E-05    9.73E+07     8.9139E-05    
   9.74E+07     0.98608      8.9054E-05    9.74E+07     8.9054E-05    
   9.75E+07     0.98608      8.8978E-05    9.75E+07     8.8978E-05    
   9.76E+07     0.98608      8.888E-05     9.76E+07     8.888E-05     
   9.77E+07     0.98608      8.8779E-05    9.77E+07     8.8779E-05    
   9.78E+07     0.98608      8.8752E-05    9.78E+07     8.8752E-05    
   9.79E+07     0.98608      8.8651E-05    9.79E+07     8.8651E-05    
   9.8E+07      0.98609      8.8579E-05    9.8E+07      8.8579E-05    
   9.81E+07     0.98609      8.849E-05     9.81E+07     8.849E-05     
   9.82E+07     0.98608      8.8411E-05    9.82E+07     8.8411E-05    
   9.83E+07     0.98609      8.8384E-05    9.83E+07     8.8384E-05    
   9.84E+07     0.98608      8.8393E-05    9.84E+07     8.8393E-05    
   9.85E+07     0.98608      8.8324E-05    9.85E+07     8.8324E-05    
   9.86E+07     0.98608      8.8224E-05    9.86E+07     8.8224E-05    
   9.87E+07     0.98608      8.8134E-05    9.87E+07     8.8134E-05    
   9.88E+07     0.98608      8.811E-05     9.88E+07     8.811E-05     
   9.89E+07     0.98608      8.8037E-05    9.89E+07     8.8037E-05    
   9.9E+07      0.98607      8.8004E-05    9.9E+07      8.8004E-05    
   9.91E+07     0.98607      8.7973E-05    9.91E+07     8.7973E-05    
   9.92E+07     0.98607      8.8003E-05    9.92E+07     8.8003E-05    
   9.93E+07     0.98608      8.792E-05     9.93E+07     8.792E-05     
   9.94E+07     0.98607      8.7833E-05    9.94E+07     8.7833E-05    
   9.95E+07     0.98607      8.7739E-05    9.95E+07     8.7739E-05    
   9.96E+07     0.98607      8.7711E-05    9.96E+07     8.7711E-05    
   9.97E+07     0.98607      8.7616E-05    9.97E+07     8.7616E-05    
   9.98E+07     0.98607      8.7562E-05    9.98E+07     8.7562E-05    
   9.99E+07     0.98607      8.7467E-05    9.99E+07     8.7467E-05    
   1E+08        0.98607      8.739E-05     1E+08        8.739E-05     
