# This file is written with the intent of being used to plot the data with 
# Gnuplot.  It contains no information regarding how the plot should be 
# formatted.
# =========================================================================
# Research/ArnoldivsPower -f Power1-w50-28.dat -t 100000 -A -c 100 -C 900 -w 50 -b 75 -r  seed = 2879257080
# filename = Power1-w50-28.dat, run = true, power = true, Arnoldi = false, storevectors = 0, raw = false, evectors = 2, evalues = 2, residual = false, arnoldimethod = implicit, tol = 2.22045e-16, verbose = 1, seed = 0, width = 50, bins = 75, acycles = 900, incycles = 100, active = 20, inactive = 0, Iterations = 10, numValues = 2, relaxed = 0, tracks = 100000, ignore_rest = false, version = false, help = false, 

#  1            2            3             4            5             6            7             8            9            
# |-            Power values           -| |-   Power eValues SD   -| |-       FOM-Power      -| |-     Power vector     -| 
#  x-coord      y-coord      error         x-coord      y-coord       x-coord      y-coord       x-coord      y-coord       
   1E+05        0.9872       0             1E+05        0             1.01E+07     0             0.33333      0.0099638     
   2E+05        0.98804      0             2E+05        0             1.02E+07     6880.3        1            0.017121      
   3E+05        0.99503      0             3E+05        0             1.03E+07     14140         1.6667       0.024068      
   4E+05        0.99409      0             4E+05        0             1.04E+07     24887         2.3333       0.030649      
   5E+05        0.99454      0             5E+05        0             1.05E+07     34468         3            0.037391      
   6E+05        0.99403      0             6E+05        0             1.06E+07     35276         3.6667       0.043836      
   7E+05        0.99545      0             7E+05        0             1.07E+07     44954         4.3333       0.050478      
   8E+05        0.99615      0             8E+05        0             1.08E+07     26913         5            0.056612      
   9E+05        0.99354      0             9E+05        0             1.09E+07     22911         5.6667       0.063079      
   1E+06        0.99653      0             1E+06        0             1.1E+07      27990         6.3333       0.069443      
   1.1E+06      0.99473      0             1.1E+06      0             1.11E+07     33512         7            0.075438      
   1.2E+06      0.99586      0             1.2E+06      0             1.12E+07     39365         7.6667       0.080632      
   1.3E+06      0.99237      0             1.3E+06      0             1.13E+07     44284         8.3333       0.086275      
   1.4E+06      0.99183      0             1.4E+06      0             1.14E+07     49146         9            0.091798      
   1.5E+06      0.99522      0             1.5E+06      0             1.15E+07     55417         9.6667       0.097475      
   1.6E+06      0.99651      0             1.6E+06      0             1.16E+07     52188         10.333       0.10227       
   1.7E+06      0.99727      0             1.7E+06      0             1.17E+07     49351         11           0.10783       
   1.8E+06      0.99798      0             1.8E+06      0             1.18E+07     54774         11.667       0.11283       
   1.9E+06      0.99505      0             1.9E+06      0             1.19E+07     56950         12.333       0.11806       
   2E+06        0.99295      0             2E+06        0             1.2E+07      62530         13           0.12247       
   2.1E+06      0.99646      0             2.1E+06      0             1.21E+07     68374         13.667       0.12709       
   2.2E+06      0.99731      0             2.2E+06      0             1.22E+07     73960         14.333       0.13057       
   2.3E+06      0.99133      0             2.3E+06      0             1.23E+07     78649         15           0.13449       
   2.4E+06      0.99825      0             2.4E+06      0             1.24E+07     83589         15.667       0.13837       
   2.5E+06      0.99628      0             2.5E+06      0             1.25E+07     89756         16.333       0.14178       
   2.6E+06      0.99952      0             2.6E+06      0             1.26E+07     95688         17           0.14508       
   2.7E+06      0.99602      0             2.7E+06      0             1.27E+07     1.0198E+05    17.667       0.14761       
   2.8E+06      0.99857      0             2.8E+06      0             1.28E+07     1.0437E+05    18.333       0.15047       
   2.9E+06      0.9959       0             2.9E+06      0             1.29E+07     1.0982E+05    19           0.15302       
   3E+06        0.9984       0             3E+06        0             1.3E+07      1.1639E+05    19.667       0.15436       
   3.1E+06      0.99749      0             3.1E+06      0             1.31E+07     1.2315E+05    20.333       0.15623       
   3.2E+06      0.99408      0             3.2E+06      0             1.32E+07     1.2983E+05    21           0.15717       
   3.3E+06      0.99475      0             3.3E+06      0             1.33E+07     1.3452E+05    21.667       0.15859       
   3.4E+06      0.99013      0             3.4E+06      0             1.34E+07     1.4151E+05    22.333       0.15967       
   3.5E+06      0.99639      0             3.5E+06      0             1.35E+07     1.4366E+05    23           0.16003       
   3.6E+06      0.99455      0             3.6E+06      0             1.36E+07     1.5038E+05    23.667       0.16051       
   3.7E+06      0.99708      0             3.7E+06      0             1.37E+07     1.5696E+05    24.333       0.16091       
   3.8E+06      0.99582      0             3.8E+06      0             1.38E+07     1.6336E+05    25           0.16082       
   3.9E+06      0.99719      0             3.9E+06      0             1.39E+07     1.576E+05     25.667       0.16001       
   4E+06        1.0015       0             4E+06        0             1.4E+07      1.5879E+05    26.333       0.15949       
   4.1E+06      1.0011       0             4.1E+06      0             1.41E+07     1.6314E+05    27           0.15878       
   4.2E+06      0.99498      0             4.2E+06      0             1.42E+07     1.6949E+05    27.667       0.15649       
   4.3E+06      0.99803      0             4.3E+06      0             1.43E+07     1.7586E+05    28.333       0.15552       
   4.4E+06      0.99946      0             4.4E+06      0             1.44E+07     1.4313E+05    29           0.15386       
   4.5E+06      0.99087      0             4.5E+06      0             1.45E+07     1.487E+05     29.667       0.15238       
   4.6E+06      0.99793      0             4.6E+06      0             1.46E+07     1.4764E+05    30.333       0.15033       
   4.7E+06      1.0026       0             4.7E+06      0             1.47E+07     1.3954E+05    31           0.14786       
   4.8E+06      0.99714      0             4.8E+06      0             1.48E+07     1.3602E+05    31.667       0.14519       
   4.9E+06      0.99707      0             4.9E+06      0             1.49E+07     1.3827E+05    32.333       0.14235       
   5E+06        0.99797      0             5E+06        0             1.5E+07      1.4226E+05    33           0.13923       
   5.1E+06      0.99641      0             5.1E+06      0             1.51E+07     1.4695E+05    33.667       0.13573       
   5.2E+06      0.99614      0             5.2E+06      0             1.52E+07     1.5138E+05    34.333       0.13257       
   5.3E+06      0.99688      0             5.3E+06      0             1.53E+07     1.5614E+05    35           0.12856       
   5.4E+06      1.0005       0             5.4E+06      0             1.54E+07     1.5871E+05    35.667       0.12472       
   5.5E+06      0.99694      0             5.5E+06      0             1.55E+07     1.5657E+05    36.333       0.12094       
   5.6E+06      0.99735      0             5.6E+06      0             1.56E+07     1.5999E+05    37           0.1171        
   5.7E+06      1            0             5.7E+06      0             1.57E+07     1.5733E+05    37.667       0.11251       
   5.8E+06      0.99545      0             5.8E+06      0             1.58E+07     1.6167E+05    38.333       0.10806       
   5.9E+06      1.0022       0             5.9E+06      0             1.59E+07     1.5865E+05    39           0.10295       
   6E+06        0.99934      0             6E+06        0             1.6E+07      1.6122E+05    39.667       0.097843      
   6.1E+06      0.99341      0             6.1E+06      0             1.61E+07     1.6116E+05    40.333       0.093239      
   6.2E+06      0.99409      0             6.2E+06      0             1.62E+07     1.6548E+05    41           0.08797       
   6.3E+06      0.99926      0             6.3E+06      0             1.63E+07     1.6377E+05    41.667       0.082602      
   6.4E+06      0.99561      0             6.4E+06      0             1.64E+07     1.5961E+05    42.333       0.076935      
   6.5E+06      0.99678      0             6.5E+06      0             1.65E+07     1.6096E+05    43           0.071194      
   6.6E+06      0.99377      0             6.6E+06      0             1.66E+07     1.6368E+05    43.667       0.065406      
   6.7E+06      1.0043       0             6.7E+06      0             1.67E+07     1.6754E+05    44.333       0.059819      
   6.8E+06      0.99602      0             6.8E+06      0             1.68E+07     1.6978E+05    45           0.053951      
   6.9E+06      0.99717      0             6.9E+06      0             1.69E+07     1.7375E+05    45.667       0.047802      
   7E+06        1.0018       0             7E+06        0             1.7E+07      1.777E+05     46.333       0.041653      
   7.1E+06      0.99479      0             7.1E+06      0             1.71E+07     1.7923E+05    47           0.035284      
   7.2E+06      0.99396      0             7.2E+06      0             1.72E+07     1.8177E+05    47.667       0.028865      
   7.3E+06      1.0013       0             7.3E+06      0             1.73E+07     1.8004E+05    48.333       0.022582      
   7.4E+06      1.0016       0             7.4E+06      0             1.74E+07     1.7096E+05    49           0.016029      
   7.5E+06      0.99636      0             7.5E+06      0             1.75E+07     1.7444E+05    49.667       0.009454      
   7.6E+06      0.99872      0             7.6E+06      0             1.76E+07     1.7772E+05    
   7.7E+06      1.0003       0             7.7E+06      0             1.77E+07     1.7905E+05    
   7.8E+06      0.99903      0             7.8E+06      0             1.78E+07     1.8163E+05    
   7.9E+06      0.99289      0             7.9E+06      0             1.79E+07     1.8429E+05    
   8E+06        1.0045       0             8E+06        0             1.8E+07      1.8795E+05    
   8.1E+06      0.99734      0             8.1E+06      0             1.81E+07     1.9106E+05    
   8.2E+06      1.0021       0             8.2E+06      0             1.82E+07     1.9442E+05    
   8.3E+06      0.99685      0             8.3E+06      0             1.83E+07     1.9458E+05    
   8.4E+06      0.99365      0             8.4E+06      0             1.84E+07     1.9813E+05    
   8.5E+06      0.9959       0             8.5E+06      0             1.85E+07     2.0173E+05    
   8.6E+06      0.9955       0             8.6E+06      0             1.86E+07     2.0242E+05    
   8.7E+06      0.99974      0             8.7E+06      0             1.87E+07     2.0163E+05    
   8.8E+06      0.99943      0             8.8E+06      0             1.88E+07     2.0163E+05    
   8.9E+06      0.99229      0             8.9E+06      0             1.89E+07     2.0445E+05    
   9E+06        1.0004       0             9E+06        0             1.9E+07      2.0681E+05    
   9.1E+06      0.99303      0             9.1E+06      0             1.91E+07     1.9393E+05    
   9.2E+06      1.0046       0             9.2E+06      0             1.92E+07     1.9611E+05    
   9.3E+06      0.99866      0             9.3E+06      0             1.93E+07     1.9789E+05    
   9.4E+06      0.99448      0             9.4E+06      0             1.94E+07     1.9554E+05    
   9.5E+06      0.99657      0             9.5E+06      0             1.95E+07     1.9848E+05    
   9.6E+06      0.99432      0             9.6E+06      0             1.96E+07     2.0129E+05    
   9.7E+06      0.99891      0             9.7E+06      0             1.97E+07     2.0432E+05    
   9.8E+06      0.99862      0             9.8E+06      0             1.98E+07     2.0267E+05    
   9.9E+06      0.99382      0             9.9E+06      0             1.99E+07     2.0487E+05    
   1E+07        0.99572      0             1E+07        0             2E+07        2.0776E+05    
   1.01E+07     0.99938      NAN           1.01E+07     NAN           2.01E+07     2.0955E+05    
   1.02E+07     0.99694      0.0017278     1.02E+07     0.0017278     2.02E+07     2.1125E+05    
   1.03E+07     0.99653      0.0011995     1.03E+07     0.0011995     2.03E+07     2.1394E+05    
   1.04E+07     0.99654      0.00089972    1.04E+07     0.00089972    2.04E+07     2.1601E+05    
   1.05E+07     0.99682      0.00076093    1.05E+07     0.00076093    2.05E+07     2.1418E+05    
   1.06E+07     0.99725      0.00074825    1.06E+07     0.00074825    2.06E+07     2.1436E+05    
   1.07E+07     0.99708      0.00065984    1.07E+07     0.00065984    2.07E+07     2.1729E+05    
   1.08E+07     0.99775      0.00084871    1.08E+07     0.00084871    2.08E+07     2.1848E+05    
   1.09E+07     0.9983       0.00091579    1.09E+07     0.00091579    2.09E+07     2.0755E+05    
   1.1E+07      0.9983       0.00082423    1.1E+07      0.00082423    2.1E+07      2.0406E+05    
   1.11E+07     0.99827      0.00074999    1.11E+07     0.00074999    2.11E+07     2.0668E+05    
   1.12E+07     0.99823      0.00068887    1.12E+07     0.00068887    2.12E+07     2.0915E+05    
   1.13E+07     0.9981       0.00064663    1.13E+07     0.00064663    2.13E+07     2.0982E+05    
   1.14E+07     0.99822      0.000611      1.14E+07     0.000611      2.14E+07     2.1219E+05    
   1.15E+07     0.99817      0.00057279    1.15E+07     0.00057279    2.15E+07     2.1288E+05    
   1.16E+07     0.99792      0.00058779    1.16E+07     0.00058779    2.16E+07     1.9921E+05    
   1.17E+07     0.99767      0.00060179    1.17E+07     0.00060179    2.17E+07     2.0172E+05    
   1.18E+07     0.99769      0.00056866    1.18E+07     0.00056866    2.18E+07     2.0281E+05    
   1.19E+07     0.99783      0.00055524    1.19E+07     0.00055524    2.19E+07     2.027E+05     
   1.2E+07      0.99785      0.00052776    1.2E+07      0.00052776    2.2E+07      2.0254E+05    
   1.21E+07     0.99784      0.00050267    1.21E+07     0.00050267    2.21E+07     2.0387E+05    
   1.22E+07     0.99788      0.00048135    1.22E+07     0.00048135    2.22E+07     2.0587E+05    
   1.23E+07     0.99795      0.00046495    1.23E+07     0.00046495    2.23E+07     2.0562E+05    
   1.24E+07     0.99801      0.00044925    1.24E+07     0.00044925    2.24E+07     2.0778E+05    
   1.25E+07     0.99803      0.00043187    1.25E+07     0.00043187    2.25E+07     2.0482E+05    
   1.26E+07     0.99801      0.0004157     1.26E+07     0.0004157     2.26E+07     2.0594E+05    
   1.27E+07     0.99803      0.00040105    1.27E+07     0.00040105    2.27E+07     2.0627E+05    
   1.28E+07     0.99812      0.00039494    1.28E+07     0.00039494    2.28E+07     2.0592E+05    
   1.29E+07     0.99816      0.00038357    1.29E+07     0.00038357    2.29E+07     2.0814E+05    
   1.3E+07      0.99817      0.00037095    1.3E+07      0.00037095    2.3E+07      2.1047E+05    
   1.31E+07     0.99819      0.0003593     1.31E+07     0.0003593     2.31E+07     2.1127E+05    
   1.32E+07     0.9982       0.0003486     1.32E+07     0.0003486     2.32E+07     2.1084E+05    
   1.33E+07     0.99816      0.00034124    1.33E+07     0.00034124    2.33E+07     2.1317E+05    
   1.34E+07     0.99815      0.00033126    1.34E+07     0.00033126    2.34E+07     2.1473E+05    
   1.35E+07     0.99809      0.00032759    1.35E+07     0.00032759    2.35E+07     2.1694E+05    
   1.36E+07     0.99807      0.00031902    1.36E+07     0.00031902    2.36E+07     2.1922E+05    
   1.37E+07     0.99805      0.00031116    1.37E+07     0.00031116    2.37E+07     2.1853E+05    
   1.38E+07     0.99803      0.0003037     1.38E+07     0.0003037     2.38E+07     2.1507E+05    
   1.39E+07     0.99794      0.00030812    1.39E+07     0.00030812    2.39E+07     2.169E+05     
   1.4E+07      0.998        0.00030584    1.4E+07      0.00030584    2.4E+07      2.1873E+05    
   1.41E+07     0.99796      0.0003007     1.41E+07     0.0003007     2.41E+07     2.181E+05     
   1.42E+07     0.99795      0.00029384    1.42E+07     0.00029384    2.42E+07     2.1918E+05    
   1.43E+07     0.99796      0.00028746    1.43E+07     0.00028746    2.43E+07     2.0722E+05    
   1.44E+07     0.99781      0.00031752    1.44E+07     0.00031752    2.44E+07     2.022E+05     
   1.45E+07     0.99781      0.00031047    1.45E+07     0.00031047    2.45E+07     2.0167E+05    
   1.46E+07     0.99788      0.00031046    1.46E+07     0.00031046    2.46E+07     2.0345E+05    
   1.47E+07     0.99778      0.00031808    1.47E+07     0.00031808    2.47E+07     2.0449E+05    
   1.48E+07     0.99786      0.00032111    1.48E+07     0.00032111    2.48E+07     2.0643E+05    
   1.49E+07     0.99782      0.00031742    1.49E+07     0.00031742    2.49E+07     2.0843E+05    
   1.5E+07      0.9978       0.00031182    1.5E+07      0.00031182    2.5E+07      2.0976E+05    
   1.51E+07     0.99779      0.00030572    1.51E+07     0.00030572    2.51E+07     2.108E+05     
   1.52E+07     0.99778      0.00030025    1.52E+07     0.00030025    2.52E+07     2.0627E+05    
   1.53E+07     0.99777      0.00029467    1.53E+07     0.00029467    2.53E+07     2.0746E+05    
   1.54E+07     0.99781      0.00029136    1.54E+07     0.00029136    2.54E+07     2.0587E+05    
   1.55E+07     0.99787      0.00029223    1.55E+07     0.00029223    2.55E+07     2.0729E+05    
   1.56E+07     0.99784      0.00028819    1.56E+07     0.00028819    2.56E+07     2.0863E+05    
   1.57E+07     0.99778      0.00028966    1.57E+07     0.00028966    2.57E+07     2.1045E+05    
   1.58E+07     0.99779      0.00028483    1.58E+07     0.00028483    2.58E+07     2.1151E+05    
   1.59E+07     0.99773      0.00028654    1.59E+07     0.00028654    2.59E+07     2.106E+05     
   1.6E+07      0.99776      0.00028338    1.6E+07      0.00028338    2.6E+07      2.1222E+05    
   1.61E+07     0.99771      0.00028256    1.61E+07     0.00028256    2.61E+07     2.1405E+05    
   1.62E+07     0.99771      0.000278      1.62E+07     0.000278      2.62E+07     2.1579E+05    
   1.63E+07     0.99766      0.00027853    1.63E+07     0.00027853    2.63E+07     2.1018E+05    
   1.64E+07     0.99759      0.00028128    1.64E+07     0.00028128    2.64E+07     2.0962E+05    
   1.65E+07     0.99756      0.00027928    1.65E+07     0.00027928    2.65E+07     2.1139E+05    
   1.66E+07     0.99758      0.00027609    1.66E+07     0.00027609    2.66E+07     2.1295E+05    
   1.67E+07     0.99758      0.00027197    1.67E+07     0.00027197    2.67E+07     2.1455E+05    
   1.68E+07     0.99761      0.00026936    1.68E+07     0.00026936    2.68E+07     2.1566E+05    
   1.69E+07     0.9976       0.0002655     1.69E+07     0.0002655     2.69E+07     2.1615E+05    
   1.7E+07      0.99761      0.00026174    1.7E+07      0.00026174    2.7E+07      2.1477E+05    
   1.71E+07     0.99764      0.00025981    1.71E+07     0.00025981    2.71E+07     2.1622E+05    
   1.72E+07     0.99766      0.00025722    1.72E+07     0.00025722    2.72E+07     2.1767E+05    
   1.73E+07     0.99761      0.00025773    1.73E+07     0.00025773    2.73E+07     2.1934E+05    
   1.74E+07     0.99754      0.00026373    1.74E+07     0.00026373    2.74E+07     2.1746E+05    
   1.75E+07     0.99755      0.00026029    1.75E+07     0.00026029    2.75E+07     2.1832E+05    
   1.76E+07     0.99756      0.00025711    1.76E+07     0.00025711    2.76E+07     2.1795E+05    
   1.77E+07     0.99753      0.00025545    1.77E+07     0.00025545    2.77E+07     2.1967E+05    
   1.78E+07     0.99751      0.00025293    1.78E+07     0.00025293    2.78E+07     2.2093E+05    
   1.79E+07     0.9975       0.00025026    1.79E+07     0.00025026    2.79E+07     2.2264E+05    
   1.8E+07      0.9975       0.00024713    1.8E+07      0.00024713    2.8E+07      2.2347E+05    
   1.81E+07     0.99751      0.00024444    1.81E+07     0.00024444    2.81E+07     2.2329E+05    
   1.82E+07     0.99752      0.00024168    1.82E+07     0.00024168    2.82E+07     2.2325E+05    
   1.83E+07     0.99749      0.00024079    1.83E+07     0.00024079    2.83E+07     2.2486E+05    
   1.84E+07     0.99748      0.000238      1.84E+07     0.000238      2.84E+07     2.2502E+05    
   1.85E+07     0.99748      0.00023521    1.85E+07     0.00023521    2.85E+07     2.2649E+05    
   1.86E+07     0.99745      0.0002342     1.86E+07     0.0002342     2.86E+07     2.2514E+05    
   1.87E+07     0.99748      0.00023392    1.87E+07     0.00023392    2.87E+07     2.2488E+05    
   1.88E+07     0.99752      0.00023333    1.88E+07     0.00023333    2.88E+07     2.2522E+05    
   1.89E+07     0.99753      0.0002311     1.89E+07     0.0002311     2.89E+07     2.2659E+05    
   1.9E+07      0.99751      0.0002292     1.9E+07      0.0002292     2.9E+07      2.275E+05     
   1.91E+07     0.99745      0.00023608    1.91E+07     0.00023608    2.91E+07     2.2846E+05    
   1.92E+07     0.99746      0.00023417    1.92E+07     0.00023417    2.92E+07     2.2964E+05    
   1.93E+07     0.99748      0.0002325     1.93E+07     0.0002325     2.93E+07     2.2908E+05    
   1.94E+07     0.99744      0.00023331    1.94E+07     0.00023331    2.94E+07     2.3065E+05    
   1.95E+07     0.99744      0.00023091    1.95E+07     0.00023091    2.95E+07     2.3033E+05    
   1.96E+07     0.99745      0.00022871    1.96E+07     0.00022871    2.96E+07     2.2988E+05    
   1.97E+07     0.99746      0.00022646    1.97E+07     0.00022646    2.97E+07     2.3066E+05    
   1.98E+07     0.99749      0.00022679    1.98E+07     0.00022679    2.98E+07     2.3222E+05    
   1.99E+07     0.9975       0.00022495    1.99E+07     0.00022495    2.99E+07     2.2811E+05    
   2E+07        0.9975       0.00022281    2E+07        0.00022281    3E+07        2.2944E+05    
   2.01E+07     0.99752      0.00022133    2.01E+07     0.00022133    3.01E+07     2.3096E+05    
   2.02E+07     0.99753      0.00021986    2.02E+07     0.00021986    3.02E+07     2.3218E+05    
   2.03E+07     0.99754      0.00021783    2.03E+07     0.00021783    3.03E+07     2.3373E+05    
   2.04E+07     0.99756      0.00021626    2.04E+07     0.00021626    3.04E+07     2.3452E+05    
   2.05E+07     0.99752      0.00021667    2.05E+07     0.00021667    3.05E+07     2.3609E+05    
   2.06E+07     0.9975       0.00021606    2.06E+07     0.00021606    3.06E+07     2.373E+05     
   2.07E+07     0.9975       0.00021404    2.07E+07     0.00021404    3.07E+07     2.3854E+05    
   2.08E+07     0.99748      0.00021291    2.08E+07     0.00021291    3.08E+07     2.3421E+05    
   2.09E+07     0.99753      0.00021794    2.09E+07     0.00021794    3.09E+07     2.3438E+05    
   2.1E+07      0.99757      0.00021926    2.1E+07      0.00021926    3.1E+07      2.3117E+05    
   2.11E+07     0.99757      0.00021729    2.11E+07     0.00021729    3.11E+07     2.3217E+05    
   2.12E+07     0.99757      0.00021548    2.12E+07     0.00021548    3.12E+07     2.2871E+05    
   2.13E+07     0.99759      0.00021465    2.13E+07     0.00021465    3.13E+07     2.2982E+05    
   2.14E+07     0.9976       0.00021297    2.14E+07     0.00021297    3.14E+07     2.3127E+05    
   2.15E+07     0.99762      0.00021208    2.15E+07     0.00021208    3.15E+07     2.315E+05     
   2.16E+07     0.99756      0.00021875    2.16E+07     0.00021875    3.16E+07     2.3157E+05    
   2.17E+07     0.99756      0.00021688    2.17E+07     0.00021688    3.17E+07     2.324E+05     
   2.18E+07     0.99754      0.00021581    2.18E+07     0.00021581    3.18E+07     2.336E+05     
   2.19E+07     0.99756      0.00021531    2.19E+07     0.00021531    3.19E+07     2.3085E+05    
   2.2E+07      0.99759      0.00021493    2.2E+07      0.00021493    3.2E+07      2.3194E+05    
   2.21E+07     0.99757      0.00021373    2.21E+07     0.00021373    3.21E+07     2.3294E+05    
   2.22E+07     0.99758      0.00021223    2.22E+07     0.00021223    3.22E+07     2.3339E+05    
   2.23E+07     0.9976       0.00021183    2.23E+07     0.00021183    3.23E+07     2.3347E+05    
   2.24E+07     0.9976       0.00021027    2.24E+07     0.00021027    3.24E+07     2.3423E+05    
   2.25E+07     0.99763      0.0002113     2.25E+07     0.0002113     3.25E+07     2.3349E+05    
   2.26E+07     0.99761      0.00021027    2.26E+07     0.00021027    3.26E+07     2.3486E+05    
   2.27E+07     0.99763      0.00020957    2.27E+07     0.00020957    3.27E+07     2.362E+05     
   2.28E+07     0.99761      0.00020931    2.28E+07     0.00020931    3.28E+07     2.3677E+05    
   2.29E+07     0.99761      0.00020772    2.29E+07     0.00020772    3.29E+07     2.3712E+05    
   2.3E+07      0.99761      0.00020614    2.3E+07      0.00020614    3.3E+07      2.3823E+05    
   2.31E+07     0.99759      0.00020524    2.31E+07     0.00020524    3.31E+07     2.3961E+05    
   2.32E+07     0.99757      0.00020502    2.32E+07     0.00020502    3.32E+07     2.4085E+05    
   2.33E+07     0.99757      0.00020347    2.33E+07     0.00020347    3.33E+07     2.4213E+05    
   2.34E+07     0.99756      0.0002023     2.34E+07     0.0002023     3.34E+07     2.4333E+05    
   2.35E+07     0.99756      0.0002008     2.35E+07     0.0002008     3.35E+07     2.4231E+05    
   2.36E+07     0.99756      0.00019933    2.36E+07     0.00019933    3.36E+07     2.4119E+05    
   2.37E+07     0.99759      0.00019923    2.37E+07     0.00019923    3.37E+07     2.3677E+05    
   2.38E+07     0.99755      0.0002004     2.38E+07     0.0002004     3.38E+07     2.3461E+05    
   2.39E+07     0.99756      0.0001991     2.39E+07     0.0001991     3.39E+07     2.3514E+05    
   2.4E+07      0.99757      0.00019783    2.4E+07      0.00019783    3.4E+07      2.348E+05     
   2.41E+07     0.99759      0.00019772    2.41E+07     0.00019772    3.41E+07     2.3305E+05    
   2.42E+07     0.99758      0.00019682    2.42E+07     0.00019682    3.42E+07     2.3429E+05    
   2.43E+07     0.99753      0.00020198    2.43E+07     0.00020198    3.43E+07     2.3297E+05    
   2.44E+07     0.99756      0.00020402    2.44E+07     0.00020402    3.44E+07     2.3354E+05    
   2.45E+07     0.99754      0.00020389    2.45E+07     0.00020389    3.45E+07     2.3413E+05    
   2.46E+07     0.99753      0.00020258    2.46E+07     0.00020258    3.46E+07     2.3531E+05    
   2.47E+07     0.99755      0.00020161    2.47E+07     0.00020161    3.47E+07     2.3656E+05    
   2.48E+07     0.99755      0.00020025    2.48E+07     0.00020025    3.48E+07     2.3743E+05    
   2.49E+07     0.99755      0.00019891    2.49E+07     0.00019891    3.49E+07     2.3854E+05    
   2.5E+07      0.99754      0.0001979     2.5E+07      0.0001979     3.5E+07      2.3969E+05    
   2.51E+07     0.99752      0.00019702    2.51E+07     0.00019702    3.51E+07     2.4071E+05    
   2.52E+07     0.99756      0.00019874    2.52E+07     0.00019874    3.52E+07     2.409E+05     
   2.53E+07     0.99757      0.00019778    2.53E+07     0.00019778    3.53E+07     2.4072E+05    
   2.54E+07     0.99754      0.00019817    2.54E+07     0.00019817    3.54E+07     2.4198E+05    
   2.55E+07     0.99753      0.0001971     2.55E+07     0.0001971     3.55E+07     2.421E+05     
   2.56E+07     0.99754      0.00019606    2.56E+07     0.00019606    3.56E+07     2.4335E+05    
   2.57E+07     0.99755      0.00019482    2.57E+07     0.00019482    3.57E+07     2.4447E+05    
   2.58E+07     0.99753      0.00019397    2.58E+07     0.00019397    3.58E+07     2.457E+05     
   2.59E+07     0.99756      0.00019401    2.59E+07     0.00019401    3.59E+07     2.4545E+05    
   2.6E+07      0.99755      0.00019287    2.6E+07      0.00019287    3.6E+07      2.4588E+05    
   2.61E+07     0.99755      0.00019168    2.61E+07     0.00019168    3.61E+07     2.4679E+05    
   2.62E+07     0.99755      0.00019055    2.62E+07     0.00019055    3.62E+07     2.48E+05      
   2.63E+07     0.99758      0.00019271    2.63E+07     0.00019271    3.63E+07     2.4717E+05    
   2.64E+07     0.99756      0.00019257    2.64E+07     0.00019257    3.64E+07     2.4831E+05    
   2.65E+07     0.99756      0.00019141    2.65E+07     0.00019141    3.65E+07     2.4907E+05    
   2.66E+07     0.99757      0.00019034    2.66E+07     0.00019034    3.66E+07     2.4968E+05    
   2.67E+07     0.99757      0.00018929    2.67E+07     0.00018929    3.67E+07     2.502E+05     
   2.68E+07     0.99758      0.00018841    2.68E+07     0.00018841    3.68E+07     2.5094E+05    
   2.69E+07     0.99757      0.00018786    2.69E+07     0.00018786    3.69E+07     2.5196E+05    
   2.7E+07      0.99759      0.00018811    2.7E+07      0.00018811    3.7E+07      2.5161E+05    
   2.71E+07     0.99758      0.00018715    2.71E+07     0.00018715    3.71E+07     2.5282E+05    
   2.72E+07     0.99758      0.00018614    2.72E+07     0.00018614    3.72E+07     2.507E+05     
   2.73E+07     0.99757      0.00018511    2.73E+07     0.00018511    3.73E+07     2.4862E+05    
   2.74E+07     0.9976       0.00018557    2.74E+07     0.00018557    3.74E+07     2.4672E+05    
   2.75E+07     0.99758      0.00018489    2.75E+07     0.00018489    3.75E+07     2.4739E+05    
   2.76E+07     0.9976       0.00018466    2.76E+07     0.00018466    3.76E+07     2.4675E+05    
   2.77E+07     0.9976       0.00018362    2.77E+07     0.00018362    3.77E+07     2.4699E+05    
   2.78E+07     0.99759      0.00018276    2.78E+07     0.00018276    3.78E+07     2.4741E+05    
   2.79E+07     0.99759      0.00018175    2.79E+07     0.00018175    3.79E+07     2.484E+05     
   2.8E+07      0.99758      0.00018104    2.8E+07      0.00018104    3.8E+07      2.4893E+05    
   2.81E+07     0.99756      0.00018081    2.81E+07     0.00018081    3.81E+07     2.4823E+05    
   2.82E+07     0.99755      0.00018052    2.82E+07     0.00018052    3.82E+07     2.4848E+05    
   2.83E+07     0.99755      0.00017955    2.83E+07     0.00017955    3.83E+07     2.4864E+05    
   2.84E+07     0.99753      0.00017913    2.84E+07     0.00017913    3.84E+07     2.4933E+05    
   2.85E+07     0.99754      0.00017823    2.85E+07     0.00017823    3.85E+07     2.503E+05     
   2.86E+07     0.99752      0.00017847    2.86E+07     0.00017847    3.86E+07     2.5137E+05    
   2.87E+07     0.99753      0.00017826    2.87E+07     0.00017826    3.87E+07     2.4852E+05    
   2.88E+07     0.99755      0.00017778    2.88E+07     0.00017778    3.88E+07     2.4944E+05    
   2.89E+07     0.99754      0.00017694    2.89E+07     0.00017694    3.89E+07     2.493E+05     
   2.9E+07      0.99753      0.0001763     2.9E+07      0.0001763     3.9E+07      2.4446E+05    
   2.91E+07     0.99754      0.00017562    2.91E+07     0.00017562    3.91E+07     2.4183E+05    
   2.92E+07     0.99755      0.00017485    2.92E+07     0.00017485    3.92E+07     2.4153E+05    
   2.93E+07     0.99753      0.00017477    2.93E+07     0.00017477    3.93E+07     2.4177E+05    
   2.94E+07     0.99753      0.00017389    2.94E+07     0.00017389    3.94E+07     2.4253E+05    
   2.95E+07     0.99751      0.00017371    2.95E+07     0.00017371    3.95E+07     2.3937E+05    
   2.96E+07     0.99749      0.00017358    2.96E+07     0.00017358    3.96E+07     2.3925E+05    
   2.97E+07     0.99748      0.00017301    2.97E+07     0.00017301    3.97E+07     2.3825E+05    
   2.98E+07     0.99748      0.00017214    2.98E+07     0.00017214    3.98E+07     2.3761E+05    
   2.99E+07     0.99746      0.0001734     2.99E+07     0.0001734     3.99E+07     2.3843E+05    
   3E+07        0.99746      0.00017257    3E+07        0.00017257    4E+07        2.3907E+05    
   3.01E+07     0.99746      0.00017173    3.01E+07     0.00017173    4.01E+07     2.3953E+05    
   3.02E+07     0.99745      0.00017098    3.02E+07     0.00017098    4.02E+07     2.396E+05     
   3.03E+07     0.99745      0.00017014    3.03E+07     0.00017014    4.03E+07     2.395E+05     
   3.04E+07     0.99744      0.00016953    3.04E+07     0.00016953    4.04E+07     2.3959E+05    
   3.05E+07     0.99744      0.0001687     3.05E+07     0.0001687     4.05E+07     2.4056E+05    
   3.06E+07     0.99743      0.00016798    3.06E+07     0.00016798    4.06E+07     2.4145E+05    
   3.07E+07     0.99744      0.00016729    3.07E+07     0.00016729    4.07E+07     2.4238E+05    
   3.08E+07     0.99741      0.00016852    3.08E+07     0.00016852    4.08E+07     2.4134E+05    
   3.09E+07     0.9974       0.0001682     3.09E+07     0.0001682     4.09E+07     2.4145E+05    
   3.1E+07      0.99738      0.00016909    3.1E+07      0.00016909    4.1E+07      2.4233E+05    
   3.11E+07     0.99737      0.00016846    3.11E+07     0.00016846    4.11E+07     2.4223E+05    
   3.12E+07     0.99739      0.00016945    3.12E+07     0.00016945    4.12E+07     2.4165E+05    
   3.13E+07     0.99739      0.00016877    3.13E+07     0.00016877    4.13E+07     2.4133E+05    
   3.14E+07     0.99739      0.00016798    3.14E+07     0.00016798    4.14E+07     2.4109E+05    
   3.15E+07     0.9974       0.00016762    3.15E+07     0.00016762    4.15E+07     2.4203E+05    
   3.16E+07     0.99739      0.00016735    3.16E+07     0.00016735    4.16E+07     2.402E+05     
   3.17E+07     0.99738      0.00016674    3.17E+07     0.00016674    4.17E+07     2.4112E+05    
   3.18E+07     0.99739      0.00016606    3.18E+07     0.00016606    4.18E+07     2.4164E+05    
   3.19E+07     0.99741      0.00016678    3.19E+07     0.00016678    4.19E+07     2.4242E+05    
   3.2E+07      0.99742      0.00016614    3.2E+07      0.00016614    4.2E+07      2.4329E+05    
   3.21E+07     0.99741      0.00016549    3.21E+07     0.00016549    4.21E+07     2.4084E+05    
   3.22E+07     0.99742      0.00016508    3.22E+07     0.00016508    4.22E+07     2.4149E+05    
   3.23E+07     0.99743      0.00016479    3.23E+07     0.00016479    4.23E+07     2.4236E+05    
   3.24E+07     0.99742      0.00016429    3.24E+07     0.00016429    4.24E+07     2.4329E+05    
   3.25E+07     0.99744      0.00016425    3.25E+07     0.00016425    4.25E+07     2.4387E+05    
   3.26E+07     0.99744      0.00016353    3.26E+07     0.00016353    4.26E+07     2.4467E+05    
   3.27E+07     0.99744      0.00016281    3.27E+07     0.00016281    4.27E+07     2.4546E+05    
   3.28E+07     0.99745      0.00016237    3.28E+07     0.00016237    4.28E+07     2.4637E+05    
   3.29E+07     0.99746      0.00016198    3.29E+07     0.00016198    4.29E+07     2.4726E+05    
   3.3E+07      0.99745      0.00016137    3.3E+07      0.00016137    4.3E+07      2.4812E+05    
   3.31E+07     0.99745      0.00016067    3.31E+07     0.00016067    4.31E+07     2.4902E+05    
   3.32E+07     0.99746      0.00016002    3.32E+07     0.00016002    4.32E+07     2.4997E+05    
   3.33E+07     0.99746      0.00015933    3.33E+07     0.00015933    4.33E+07     2.4166E+05    
   3.34E+07     0.99745      0.0001587     3.34E+07     0.0001587     4.34E+07     2.4161E+05    
   3.35E+07     0.99744      0.0001588     3.35E+07     0.0001588     4.35E+07     2.4181E+05    
   3.36E+07     0.99742      0.00015893    3.36E+07     0.00015893    4.36E+07     2.3701E+05    
   3.37E+07     0.9974       0.00016015    3.37E+07     0.00016015    4.37E+07     2.3782E+05    
   3.38E+07     0.99738      0.00016065    3.38E+07     0.00016065    4.38E+07     2.3819E+05    
   3.39E+07     0.99737      0.00016024    3.39E+07     0.00016024    4.39E+07     2.3843E+05    
   3.4E+07      0.99735      0.00016012    3.4E+07      0.00016012    4.4E+07      2.392E+05     
   3.41E+07     0.99734      0.00016047    3.41E+07     0.00016047    4.41E+07     2.3988E+05    
   3.42E+07     0.99734      0.00015981    3.42E+07     0.00015981    4.42E+07     2.4064E+05    
   3.43E+07     0.99732      0.00016004    3.43E+07     0.00016004    4.43E+07     2.4013E+05    
   3.44E+07     0.99731      0.00015961    3.44E+07     0.00015961    4.44E+07     2.4051E+05    
   3.45E+07     0.99732      0.00015916    3.45E+07     0.00015916    4.45E+07     2.4129E+05    
   3.46E+07     0.99732      0.00015853    3.46E+07     0.00015853    4.46E+07     2.4112E+05    
   3.47E+07     0.99732      0.00015789    3.47E+07     0.00015789    4.47E+07     2.4196E+05    
   3.48E+07     0.99733      0.00015738    3.48E+07     0.00015738    4.48E+07     2.4273E+05    
   3.49E+07     0.99733      0.00015677    3.49E+07     0.00015677    4.49E+07     2.432E+05     
   3.5E+07      0.99732      0.00015618    3.5E+07      0.00015618    4.5E+07      2.4397E+05    
   3.51E+07     0.99732      0.00015562    3.51E+07     0.00015562    4.51E+07     2.4458E+05    
   3.52E+07     0.99733      0.00015535    3.52E+07     0.00015535    4.52E+07     2.4455E+05    
   3.53E+07     0.99734      0.00015515    3.53E+07     0.00015515    4.53E+07     2.449E+05     
   3.54E+07     0.99734      0.00015454    3.54E+07     0.00015454    4.54E+07     2.4551E+05    
   3.55E+07     0.99735      0.00015429    3.55E+07     0.00015429    4.55E+07     2.4567E+05    
   3.56E+07     0.99735      0.00015368    3.56E+07     0.00015368    4.56E+07     2.4545E+05    
   3.57E+07     0.99735      0.00015309    3.57E+07     0.00015309    4.57E+07     2.4589E+05    
   3.58E+07     0.99735      0.00015251    3.58E+07     0.00015251    4.58E+07     2.4626E+05    
   3.59E+07     0.99736      0.00015237    3.59E+07     0.00015237    4.59E+07     2.4602E+05    
   3.6E+07      0.99737      0.00015203    3.6E+07      0.00015203    4.6E+07      2.4688E+05    
   3.61E+07     0.99738      0.00015152    3.61E+07     0.00015152    4.61E+07     2.467E+05     
   3.62E+07     0.99738      0.00015095    3.62E+07     0.00015095    4.62E+07     2.4636E+05    
   3.63E+07     0.99736      0.000151      3.63E+07     0.000151      4.63E+07     2.4678E+05    
   3.64E+07     0.99736      0.00015045    3.64E+07     0.00015045    4.64E+07     2.4714E+05    
   3.65E+07     0.99735      0.00015       3.65E+07     0.00015       4.65E+07     2.4795E+05    
   3.66E+07     0.99736      0.00014961    3.66E+07     0.00014961    4.66E+07     2.487E+05     
   3.67E+07     0.99737      0.00014927    3.67E+07     0.00014927    4.67E+07     2.4954E+05    
   3.68E+07     0.99738      0.00014884    3.68E+07     0.00014884    4.68E+07     2.4975E+05    
   3.69E+07     0.99737      0.00014832    3.69E+07     0.00014832    4.69E+07     2.5054E+05    
   3.7E+07      0.99736      0.00014822    3.7E+07      0.00014822    4.7E+07      2.5124E+05    
   3.71E+07     0.99736      0.00014767    3.71E+07     0.00014767    4.71E+07     2.5144E+05    
   3.72E+07     0.99734      0.00014809    3.72E+07     0.00014809    4.72E+07     2.5013E+05    
   3.73E+07     0.99733      0.0001485     3.73E+07     0.0001485     4.73E+07     2.5092E+05    
   3.74E+07     0.99734      0.00014887    3.74E+07     0.00014887    4.74E+07     2.5171E+05    
   3.75E+07     0.99735      0.00014848    3.75E+07     0.00014848    4.75E+07     2.5195E+05    
   3.76E+07     0.99734      0.00014848    3.76E+07     0.00014848    4.76E+07     2.5156E+05    
   3.77E+07     0.99735      0.00014819    3.77E+07     0.00014819    4.77E+07     2.5159E+05    
   3.78E+07     0.99736      0.00014787    3.78E+07     0.00014787    4.78E+07     2.4989E+05    
   3.79E+07     0.99735      0.00014739    3.79E+07     0.00014739    4.79E+07     2.5029E+05    
   3.8E+07      0.99736      0.00014705    3.8E+07      0.00014705    4.8E+07      2.505E+05     
   3.81E+07     0.99735      0.00014704    3.81E+07     0.00014704    4.81E+07     2.4362E+05    
   3.82E+07     0.99735      0.00014678    3.82E+07     0.00014678    4.82E+07     2.4437E+05    
   3.83E+07     0.99736      0.00014654    3.83E+07     0.00014654    4.83E+07     2.4191E+05    
   3.84E+07     0.99737      0.00014615    3.84E+07     0.00014615    4.84E+07     2.3981E+05    
   3.85E+07     0.99737      0.00014568    3.85E+07     0.00014568    4.85E+07     2.4028E+05    
   3.86E+07     0.99737      0.00014517    3.86E+07     0.00014517    4.86E+07     2.4043E+05    
   3.87E+07     0.99738      0.00014581    3.87E+07     0.00014581    4.87E+07     2.4082E+05    
   3.88E+07     0.99738      0.00014537    3.88E+07     0.00014537    4.88E+07     2.4051E+05    
   3.89E+07     0.99737      0.00014522    3.89E+07     0.00014522    4.89E+07     2.4059E+05    
   3.9E+07      0.99735      0.00014645    3.9E+07      0.00014645    4.9E+07      2.413E+05     
   3.91E+07     0.99737      0.00014705    3.91E+07     0.00014705    4.91E+07     2.419E+05     
   3.92E+07     0.99738      0.00014696    3.92E+07     0.00014696    4.92E+07     2.4266E+05    
   3.93E+07     0.99738      0.00014669    3.93E+07     0.00014669    4.93E+07     2.4323E+05    
   3.94E+07     0.99738      0.00014626    3.94E+07     0.00014626    4.94E+07     2.436E+05     
   3.95E+07     0.9974       0.00014704    3.95E+07     0.00014704    4.95E+07     2.4406E+05    
   3.96E+07     0.99741      0.0001469     3.96E+07     0.0001469     4.96E+07     2.4475E+05    
   3.97E+07     0.99742      0.00014702    3.97E+07     0.00014702    4.97E+07     2.4495E+05    
   3.98E+07     0.99741      0.00014701    3.98E+07     0.00014701    4.98E+07     2.447E+05     
   3.99E+07     0.99741      0.00014659    3.99E+07     0.00014659    4.99E+07     2.4336E+05    
   4E+07        0.99741      0.0001462     4E+07        0.0001462     5E+07        2.4388E+05    
   4.01E+07     0.99742      0.00014589    4.01E+07     0.00014589    5.01E+07     2.4439E+05    
   4.02E+07     0.99741      0.00014567    4.02E+07     0.00014567    5.02E+07     2.4487E+05    
   4.03E+07     0.9974       0.00014553    4.03E+07     0.00014553    5.03E+07     2.4451E+05    
   4.04E+07     0.99739      0.00014532    4.04E+07     0.00014532    5.04E+07     2.4511E+05    
   4.05E+07     0.99739      0.00014485    4.05E+07     0.00014485    5.05E+07     2.4455E+05    
   4.06E+07     0.99739      0.00014439    4.06E+07     0.00014439    5.06E+07     2.4528E+05    
   4.07E+07     0.99739      0.00014394    4.07E+07     0.00014394    5.07E+07     2.4596E+05    
   4.08E+07     0.99738      0.00014407    4.08E+07     0.00014407    5.08E+07     2.4585E+05    
   4.09E+07     0.99738      0.00014387    4.09E+07     0.00014387    5.09E+07     2.4613E+05    
   4.1E+07      0.99739      0.00014341    4.1E+07      0.00014341    5.1E+07      2.4683E+05    
   4.11E+07     0.9974       0.00014328    4.11E+07     0.00014328    5.11E+07     2.4589E+05    
   4.12E+07     0.99741      0.00014328    4.12E+07     0.00014328    5.12E+07     2.4614E+05    
   4.13E+07     0.99742      0.0001432     4.13E+07     0.0001432     5.13E+07     2.4679E+05    
   4.14E+07     0.99743      0.00014308    4.14E+07     0.00014308    5.14E+07     2.474E+05     
   4.15E+07     0.99743      0.00014263    4.15E+07     0.00014263    5.15E+07     2.4784E+05    
   4.16E+07     0.99744      0.00014301    4.16E+07     0.00014301    5.16E+07     2.4857E+05    
   4.17E+07     0.99744      0.00014257    4.17E+07     0.00014257    5.17E+07     2.4927E+05    
   4.18E+07     0.99745      0.00014225    4.18E+07     0.00014225    5.18E+07     2.4998E+05    
   4.19E+07     0.99745      0.00014186    4.19E+07     0.00014186    5.19E+07     2.5044E+05    
   4.2E+07      0.99745      0.00014145    4.2E+07      0.00014145    5.2E+07      2.5117E+05    
   4.21E+07     0.99744      0.00014201    4.21E+07     0.00014201    5.21E+07     2.516E+05     
   4.22E+07     0.99743      0.00014157    4.22E+07     0.00014157    5.22E+07     2.5233E+05    
   4.23E+07     0.99744      0.00014114    4.23E+07     0.00014114    5.23E+07     2.5206E+05    
   4.24E+07     0.99744      0.00014071    4.24E+07     0.00014071    5.24E+07     2.5272E+05    
   4.25E+07     0.99743      0.00014038    4.25E+07     0.00014038    5.25E+07     2.5188E+05    
   4.26E+07     0.99743      0.00013996    4.26E+07     0.00013996    5.26E+07     2.512E+05     
   4.27E+07     0.99743      0.00013957    4.27E+07     0.00013957    5.27E+07     2.5153E+05    
   4.28E+07     0.99743      0.00013916    4.28E+07     0.00013916    5.28E+07     2.5166E+05    
   4.29E+07     0.99743      0.00013874    4.29E+07     0.00013874    5.29E+07     2.5178E+05    
   4.3E+07      0.99743      0.00013833    4.3E+07      0.00013833    5.3E+07      2.4671E+05    
   4.31E+07     0.99743      0.00013792    4.31E+07     0.00013792    5.31E+07     2.4693E+05    
   4.32E+07     0.99743      0.0001375     4.32E+07     0.0001375     5.32E+07     2.4758E+05    
   4.33E+07     0.99746      0.0001397     4.33E+07     0.0001397     5.33E+07     2.4803E+05    
   4.34E+07     0.99747      0.00013953    4.34E+07     0.00013953    5.34E+07     2.4855E+05    
   4.35E+07     0.99746      0.00013932    4.35E+07     0.00013932    5.35E+07     2.4891E+05    
   4.36E+07     0.99748      0.00014056    4.36E+07     0.00014056    5.36E+07     2.4842E+05    
   4.37E+07     0.99748      0.00014017    4.37E+07     0.00014017    5.37E+07     2.4912E+05    
   4.38E+07     0.99748      0.00013988    4.38E+07     0.00013988    5.38E+07     2.4953E+05    
   4.39E+07     0.99747      0.00013966    4.39E+07     0.00013966    5.39E+07     2.4886E+05    
   4.4E+07      0.99747      0.00013928    4.4E+07      0.00013928    5.4E+07      2.4944E+05    
   4.41E+07     0.99748      0.00013893    4.41E+07     0.00013893    5.41E+07     2.5013E+05    
   4.42E+07     0.99748      0.00013853    4.42E+07     0.00013853    5.42E+07     2.5078E+05    
   4.43E+07     0.99749      0.00013853    4.43E+07     0.00013853    5.43E+07     2.5137E+05    
   4.44E+07     0.99749      0.00013826    4.44E+07     0.00013826    5.44E+07     2.5202E+05    
   4.45E+07     0.99749      0.00013789    4.45E+07     0.00013789    5.45E+07     2.5271E+05    
   4.46E+07     0.99748      0.00013777    4.46E+07     0.00013777    5.46E+07     2.5287E+05    
   4.47E+07     0.99748      0.00013738    4.47E+07     0.00013738    5.47E+07     2.5183E+05    
   4.48E+07     0.99749      0.00013702    4.48E+07     0.00013702    5.48E+07     2.5221E+05    
   4.49E+07     0.99749      0.00013673    4.49E+07     0.00013673    5.49E+07     2.528E+05     
   4.5E+07      0.9975       0.00013636    4.5E+07      0.00013636    5.5E+07      2.5282E+05    
   4.51E+07     0.99749      0.00013604    4.51E+07     0.00013604    5.51E+07     2.5336E+05    
   4.52E+07     0.9975       0.0001359     4.52E+07     0.0001359     5.52E+07     2.523E+05     
   4.53E+07     0.99749      0.00013565    4.53E+07     0.00013565    5.53E+07     2.5194E+05    
   4.54E+07     0.99749      0.00013532    4.54E+07     0.00013532    5.54E+07     2.525E+05     
   4.55E+07     0.9975       0.00013513    4.55E+07     0.00013513    5.55E+07     2.5186E+05    
   4.56E+07     0.99751      0.00013505    4.56E+07     0.00013505    5.56E+07     2.5214E+05    
   4.57E+07     0.99751      0.00013478    4.57E+07     0.00013478    5.57E+07     2.5276E+05    
   4.58E+07     0.99752      0.00013452    4.58E+07     0.00013452    5.58E+07     2.5188E+05    
   4.59E+07     0.99753      0.00013444    4.59E+07     0.00013444    5.59E+07     2.5254E+05    
   4.6E+07      0.99753      0.00013407    4.6E+07      0.00013407    5.6E+07      2.5313E+05    
   4.61E+07     0.99753      0.00013397    4.61E+07     0.00013397    5.61E+07     2.5309E+05    
   4.62E+07     0.99752      0.00013391    4.62E+07     0.00013391    5.62E+07     2.5349E+05    
   4.63E+07     0.99752      0.00013365    4.63E+07     0.00013365    5.63E+07     2.5391E+05    
   4.64E+07     0.99751      0.00013341    4.64E+07     0.00013341    5.64E+07     2.5452E+05    
   4.65E+07     0.99751      0.00013306    4.65E+07     0.00013306    5.65E+07     2.5519E+05    
   4.66E+07     0.99751      0.00013269    4.66E+07     0.00013269    5.66E+07     2.5447E+05    
   4.67E+07     0.99751      0.00013233    4.67E+07     0.00013233    5.67E+07     2.5459E+05    
   4.68E+07     0.99752      0.00013214    4.68E+07     0.00013214    5.68E+07     2.5471E+05    
   4.69E+07     0.99752      0.0001318     4.69E+07     0.0001318     5.69E+07     2.5212E+05    
   4.7E+07      0.99752      0.00013145    4.7E+07      0.00013145    5.7E+07      2.5257E+05    
   4.71E+07     0.99753      0.00013126    4.71E+07     0.00013126    5.71E+07     2.5313E+05    
   4.72E+07     0.99752      0.00013146    4.72E+07     0.00013146    5.72E+07     2.534E+05     
   4.73E+07     0.99751      0.00013112    4.73E+07     0.00013112    5.73E+07     2.5342E+05    
   4.74E+07     0.99751      0.00013077    4.74E+07     0.00013077    5.74E+07     2.5303E+05    
   4.75E+07     0.99751      0.00013058    4.75E+07     0.00013058    5.75E+07     2.5018E+05    
   4.76E+07     0.9975       0.00013054    4.76E+07     0.00013054    5.76E+07     2.5039E+05    
   4.77E+07     0.99751      0.0001304     4.77E+07     0.0001304     5.77E+07     2.4961E+05    
   4.78E+07     0.99752      0.0001307     4.78E+07     0.0001307     5.78E+07     2.4999E+05    
   4.79E+07     0.99751      0.00013045    4.79E+07     0.00013045    5.79E+07     2.5061E+05    
   4.8E+07      0.99751      0.00013026    4.8E+07      0.00013026    5.8E+07      2.5044E+05    
   4.81E+07     0.99749      0.00013196    4.81E+07     0.00013196    5.81E+07     2.4945E+05    
   4.82E+07     0.99748      0.00013163    4.82E+07     0.00013163    5.82E+07     2.4978E+05    
   4.83E+07     0.99747      0.00013214    4.83E+07     0.00013214    5.83E+07     2.5039E+05    
   4.84E+07     0.99745      0.00013259    4.84E+07     0.00013259    5.84E+07     2.5095E+05    
   4.85E+07     0.99745      0.00013232    4.85E+07     0.00013232    5.85E+07     2.5129E+05    
   4.86E+07     0.99744      0.00013215    4.86E+07     0.00013215    5.86E+07     2.5186E+05    
   4.87E+07     0.99745      0.00013189    4.87E+07     0.00013189    5.87E+07     2.5242E+05    
   4.88E+07     0.99744      0.00013185    4.88E+07     0.00013185    5.88E+07     2.5298E+05    
   4.89E+07     0.99743      0.00013169    4.89E+07     0.00013169    5.89E+07     2.5332E+05    
   4.9E+07      0.99743      0.00013137    4.9E+07      0.00013137    5.9E+07      2.534E+05     
   4.91E+07     0.99744      0.00013106    4.91E+07     0.00013106    5.91E+07     2.5401E+05    
   4.92E+07     0.99744      0.00013073    4.92E+07     0.00013073    5.92E+07     2.5435E+05    
   4.93E+07     0.99744      0.00013044    4.93E+07     0.00013044    5.93E+07     2.5494E+05    
   4.94E+07     0.99744      0.00013022    4.94E+07     0.00013022    5.94E+07     2.5503E+05    
   4.95E+07     0.99744      0.00012995    4.95E+07     0.00012995    5.95E+07     2.5554E+05    
   4.96E+07     0.99744      0.00012964    4.96E+07     0.00012964    5.96E+07     2.5551E+05    
   4.97E+07     0.99744      0.00012947    4.97E+07     0.00012947    5.97E+07     2.5495E+05    
   4.98E+07     0.99744      0.00012941    4.98E+07     0.00012941    5.98E+07     2.5479E+05    
   4.99E+07     0.99745      0.00012963    4.99E+07     0.00012963    5.99E+07     2.5536E+05    
   5E+07        0.99745      0.00012936    5E+07        0.00012936    6E+07        2.5527E+05    
   5.01E+07     0.99745      0.0001291     5.01E+07     0.0001291     6.01E+07     2.5478E+05    
   5.02E+07     0.99744      0.00012884    5.02E+07     0.00012884    6.02E+07     2.5489E+05    
   5.03E+07     0.99745      0.0001288     5.03E+07     0.0001288     6.03E+07     2.5548E+05    
   5.04E+07     0.99745      0.00012852    5.04E+07     0.00012852    6.04E+07     2.5549E+05    
   5.05E+07     0.99746      0.00012854    5.05E+07     0.00012854    6.05E+07     2.5526E+05    
   5.06E+07     0.99746      0.00012823    5.06E+07     0.00012823    6.06E+07     2.5565E+05    
   5.07E+07     0.99747      0.00012791    5.07E+07     0.00012791    6.07E+07     2.5606E+05    
   5.08E+07     0.99747      0.00012782    5.08E+07     0.00012782    6.08E+07     2.566E+05     
   5.09E+07     0.99747      0.00012763    5.09E+07     0.00012763    6.09E+07     2.5717E+05    
   5.1E+07      0.99747      0.00012732    5.1E+07      0.00012732    6.1E+07      2.576E+05     
   5.11E+07     0.99748      0.00012742    5.11E+07     0.00012742    6.11E+07     2.5689E+05    
   5.12E+07     0.99748      0.00012722    5.12E+07     0.00012722    6.12E+07     2.5665E+05    
   5.13E+07     0.99749      0.00012692    5.13E+07     0.00012692    6.13E+07     2.5684E+05    
   5.14E+07     0.99748      0.00012665    5.14E+07     0.00012665    6.14E+07     2.5717E+05    
   5.15E+07     0.99749      0.0001264     5.15E+07     0.0001264     6.15E+07     2.5765E+05    
   5.16E+07     0.99749      0.0001261     5.16E+07     0.0001261     6.16E+07     2.5816E+05    
   5.17E+07     0.99749      0.0001258     5.17E+07     0.0001258     6.17E+07     2.5743E+05    
   5.18E+07     0.99748      0.0001255     5.18E+07     0.0001255     6.18E+07     2.5794E+05    
   5.19E+07     0.99749      0.00012526    5.19E+07     0.00012526    6.19E+07     2.5829E+05    
   5.2E+07      0.99749      0.00012496    5.2E+07      0.00012496    6.2E+07      2.5883E+05    
   5.21E+07     0.99749      0.00012473    5.21E+07     0.00012473    6.21E+07     2.5884E+05    
   5.22E+07     0.99749      0.00012444    5.22E+07     0.00012444    6.22E+07     2.5924E+05    
   5.23E+07     0.99749      0.00012437    5.23E+07     0.00012437    6.23E+07     2.5969E+05    
   5.24E+07     0.99749      0.00012409    5.24E+07     0.00012409    6.24E+07     2.602E+05     
   5.25E+07     0.99748      0.00012418    5.25E+07     0.00012418    6.25E+07     2.6046E+05    
   5.26E+07     0.99747      0.00012424    5.26E+07     0.00012424    6.26E+07     2.6106E+05    
   5.27E+07     0.99747      0.00012402    5.27E+07     0.00012402    6.27E+07     2.6137E+05    
   5.28E+07     0.99746      0.00012388    5.28E+07     0.00012388    6.28E+07     2.6171E+05    
   5.29E+07     0.99747      0.00012373    5.29E+07     0.00012373    6.29E+07     2.6226E+05    
   5.3E+07      0.99748      0.00012489    5.3E+07      0.00012489    6.3E+07      2.6283E+05    
   5.31E+07     0.99749      0.0001247     5.31E+07     0.0001247     6.31E+07     2.6268E+05    
   5.32E+07     0.99749      0.00012442    5.32E+07     0.00012442    6.32E+07     2.6229E+05    
   5.33E+07     0.99749      0.0001242     5.33E+07     0.0001242     6.33E+07     2.614E+05     
   5.34E+07     0.99749      0.00012395    5.34E+07     0.00012395    6.34E+07     2.603E+05     
   5.35E+07     0.99749      0.00012374    5.35E+07     0.00012374    6.35E+07     2.6081E+05    
   5.36E+07     0.9975       0.00012375    5.36E+07     0.00012375    6.36E+07     2.5938E+05    
   5.37E+07     0.9975       0.00012346    5.37E+07     0.00012346    6.37E+07     2.5872E+05    
   5.38E+07     0.9975       0.00012325    5.38E+07     0.00012325    6.38E+07     2.5866E+05    
   5.39E+07     0.99749      0.0001233     5.39E+07     0.0001233     6.39E+07     2.5899E+05    
   5.4E+07      0.99749      0.00012304    5.4E+07      0.00012304    6.4E+07      2.594E+05     
   5.41E+07     0.99749      0.00012276    5.41E+07     0.00012276    6.41E+07     2.5961E+05    
   5.42E+07     0.99749      0.00012249    5.42E+07     0.00012249    6.42E+07     2.6015E+05    
   5.43E+07     0.99749      0.00012221    5.43E+07     0.00012221    6.43E+07     2.6031E+05    
   5.44E+07     0.99749      0.00012194    5.44E+07     0.00012194    6.44E+07     2.5737E+05    
   5.45E+07     0.99749      0.00012167    5.45E+07     0.00012167    6.45E+07     2.5794E+05    
   5.46E+07     0.9975       0.00012152    5.46E+07     0.00012152    6.46E+07     2.5797E+05    
   5.47E+07     0.99751      0.00012165    5.47E+07     0.00012165    6.47E+07     2.5853E+05    
   5.48E+07     0.9975       0.00012145    5.48E+07     0.00012145    6.48E+07     2.5906E+05    
   5.49E+07     0.9975       0.0001212     5.49E+07     0.0001212     6.49E+07     2.596E+05     
   5.5E+07      0.99749      0.00012109    5.5E+07      0.00012109    6.5E+07      2.5988E+05    
   5.51E+07     0.99749      0.00012085    5.51E+07     0.00012085    6.51E+07     2.6041E+05    
   5.52E+07     0.9975       0.00012099    5.52E+07     0.00012099    6.52E+07     2.5968E+05    
   5.53E+07     0.99749      0.00012097    5.53E+07     0.00012097    6.53E+07     2.6004E+05    
   5.54E+07     0.99749      0.00012073    5.54E+07     0.00012073    6.54E+07     2.599E+05     
   5.55E+07     0.9975       0.00012077    5.55E+07     0.00012077    6.55E+07     2.5939E+05    
   5.56E+07     0.99749      0.00012059    5.56E+07     0.00012059    6.56E+07     2.5985E+05    
   5.57E+07     0.99749      0.00012033    5.57E+07     0.00012033    6.57E+07     2.601E+05     
   5.58E+07     0.99748      0.00012044    5.58E+07     0.00012044    6.58E+07     2.6054E+05    
   5.59E+07     0.99748      0.00012018    5.59E+07     0.00012018    6.59E+07     2.6108E+05    
   5.6E+07      0.99748      0.00011992    5.6E+07      0.00011992    6.6E+07      2.6163E+05    
   5.61E+07     0.99749      0.00011981    5.61E+07     0.00011981    6.61E+07     2.6202E+05    
   5.62E+07     0.99749      0.00011962    5.62E+07     0.00011962    6.62E+07     2.6134E+05    
   5.63E+07     0.99749      0.00011941    5.63E+07     0.00011941    6.63E+07     2.6119E+05    
   5.64E+07     0.99749      0.00011916    5.64E+07     0.00011916    6.64E+07     2.6058E+05    
   5.65E+07     0.99749      0.0001189     5.65E+07     0.0001189     6.65E+07     2.6006E+05    
   5.66E+07     0.9975       0.00011897    5.66E+07     0.00011897    6.66E+07     2.605E+05     
   5.67E+07     0.99749      0.00011884    5.67E+07     0.00011884    6.67E+07     2.6034E+05    
   5.68E+07     0.9975       0.00011869    5.68E+07     0.00011869    6.68E+07     2.6082E+05    
   5.69E+07     0.99751      0.0001192     5.69E+07     0.0001192     6.69E+07     2.5912E+05    
   5.7E+07      0.99752      0.00011899    5.7E+07      0.00011899    6.7E+07      2.5964E+05    
   5.71E+07     0.99752      0.00011876    5.71E+07     0.00011876    6.71E+07     2.6019E+05    
   5.72E+07     0.99752      0.00011858    5.72E+07     0.00011858    6.72E+07     2.5989E+05    
   5.73E+07     0.99752      0.00011848    5.73E+07     0.00011848    6.73E+07     2.5989E+05    
   5.74E+07     0.99752      0.00011846    5.74E+07     0.00011846    6.74E+07     2.6028E+05    
   5.75E+07     0.99754      0.00011903    5.75E+07     0.00011903    6.75E+07     2.6074E+05    
   5.76E+07     0.99754      0.00011887    5.76E+07     0.00011887    6.76E+07     2.603E+05     
   5.77E+07     0.99753      0.00011896    5.77E+07     0.00011896    6.77E+07     2.6031E+05    
   5.78E+07     0.99754      0.00011876    5.78E+07     0.00011876    6.78E+07     2.5992E+05    
   5.79E+07     0.99754      0.00011852    5.79E+07     0.00011852    6.79E+07     2.6045E+05    
   5.8E+07      0.99754      0.00011844    5.8E+07      0.00011844    6.8E+07      2.6081E+05    
   5.81E+07     0.99755      0.00011858    5.81E+07     0.00011858    6.81E+07     2.6128E+05    
   5.82E+07     0.99756      0.0001184     5.82E+07     0.0001184     6.82E+07     2.6139E+05    
   5.83E+07     0.99756      0.00011816    5.83E+07     0.00011816    6.83E+07     2.6151E+05    
   5.84E+07     0.99755      0.00011792    5.84E+07     0.00011792    6.84E+07     2.6195E+05    
   5.85E+07     0.99755      0.00011773    5.85E+07     0.00011773    6.85E+07     2.6241E+05    
   5.86E+07     0.99755      0.0001175     5.86E+07     0.0001175     6.86E+07     2.6278E+05    
   5.87E+07     0.99755      0.00011727    5.87E+07     0.00011727    6.87E+07     2.6329E+05    
   5.88E+07     0.99755      0.00011704    5.88E+07     0.00011704    6.88E+07     2.6322E+05    
   5.89E+07     0.99755      0.00011686    5.89E+07     0.00011686    6.89E+07     2.633E+05     
   5.9E+07      0.99754      0.00011675    5.9E+07      0.00011675    6.9E+07      2.6378E+05    
   5.91E+07     0.99754      0.00011651    5.91E+07     0.00011651    6.91E+07     2.6212E+05    
   5.92E+07     0.99754      0.00011633    5.92E+07     0.00011633    6.92E+07     2.6264E+05    
   5.93E+07     0.99755      0.00011609    5.93E+07     0.00011609    6.93E+07     2.6306E+05    
   5.94E+07     0.99754      0.00011598    5.94E+07     0.00011598    6.94E+07     2.6349E+05    
   5.95E+07     0.99754      0.00011577    5.95E+07     0.00011577    6.95E+07     2.6392E+05    
   5.96E+07     0.99754      0.00011566    5.96E+07     0.00011566    6.96E+07     2.6408E+05    
   5.97E+07     0.99755      0.00011569    5.97E+07     0.00011569    6.97E+07     2.6445E+05    
   5.98E+07     0.99755      0.00011564    5.98E+07     0.00011564    6.98E+07     2.6443E+05    
   5.99E+07     0.99755      0.00011542    5.99E+07     0.00011542    6.99E+07     2.6468E+05    
   6E+07        0.99754      0.00011533    6E+07        0.00011533    7E+07        2.6428E+05    
   6.01E+07     0.99754      0.00011535    6.01E+07     0.00011535    7.01E+07     2.6465E+05    
   6.02E+07     0.99754      0.00011523    6.02E+07     0.00011523    7.02E+07     2.6515E+05    
   6.03E+07     0.99754      0.000115      6.03E+07     0.000115      7.03E+07     2.6491E+05    
   6.04E+07     0.99755      0.00011489    6.04E+07     0.00011489    7.04E+07     2.6461E+05    
   6.05E+07     0.99754      0.00011485    6.05E+07     0.00011485    7.05E+07     2.6416E+05    
   6.06E+07     0.99754      0.00011467    6.06E+07     0.00011467    7.06E+07     2.6439E+05    
   6.07E+07     0.99754      0.00011449    6.07E+07     0.00011449    7.07E+07     2.6471E+05    
   6.08E+07     0.99754      0.00011426    6.08E+07     0.00011426    7.08E+07     2.6517E+05    
   6.09E+07     0.99754      0.00011405    6.09E+07     0.00011405    7.09E+07     2.6547E+05    
   6.1E+07      0.99754      0.00011386    6.1E+07      0.00011386    7.1E+07      2.649E+05     
   6.11E+07     0.99755      0.00011393    6.11E+07     0.00011393    7.11E+07     2.6541E+05    
   6.12E+07     0.99755      0.00011387    6.12E+07     0.00011387    7.12E+07     2.6571E+05    
   6.13E+07     0.99755      0.00011374    6.13E+07     0.00011374    7.13E+07     2.6546E+05    
   6.14E+07     0.99755      0.00011357    6.14E+07     0.00011357    7.14E+07     2.6497E+05    
   6.15E+07     0.99755      0.00011338    6.15E+07     0.00011338    7.15E+07     2.6442E+05    
   6.16E+07     0.99755      0.00011317    6.16E+07     0.00011317    7.16E+07     2.6458E+05    
   6.17E+07     0.99756      0.00011324    6.17E+07     0.00011324    7.17E+07     2.6494E+05    
   6.18E+07     0.99756      0.00011304    6.18E+07     0.00011304    7.18E+07     2.6417E+05    
   6.19E+07     0.99756      0.00011288    6.19E+07     0.00011288    7.19E+07     2.645E+05     
   6.2E+07      0.99756      0.00011266    6.2E+07      0.00011266    7.2E+07      2.639E+05     
   6.21E+07     0.99755      0.00011256    6.21E+07     0.00011256    7.21E+07     2.638E+05     
   6.22E+07     0.99755      0.00011239    6.22E+07     0.00011239    7.22E+07     2.6387E+05    
   6.23E+07     0.99755      0.0001122     6.23E+07     0.0001122     7.23E+07     2.6346E+05    
   6.24E+07     0.99755      0.00011199    6.24E+07     0.00011199    7.24E+07     2.6335E+05    
   6.25E+07     0.99755      0.00011185    6.25E+07     0.00011185    7.25E+07     2.6313E+05    
   6.26E+07     0.99755      0.00011164    6.26E+07     0.00011164    7.26E+07     2.6343E+05    
   6.27E+07     0.99756      0.00011148    6.27E+07     0.00011148    7.27E+07     2.6233E+05    
   6.28E+07     0.99756      0.00011131    6.28E+07     0.00011131    7.28E+07     2.6255E+05    
   6.29E+07     0.99756      0.00011111    6.29E+07     0.00011111    7.29E+07     2.629E+05     
   6.3E+07      0.99756      0.0001109     6.3E+07      0.0001109     7.3E+07      2.6304E+05    
   6.31E+07     0.99757      0.00011085    6.31E+07     0.00011085    7.31E+07     2.6335E+05    
   6.32E+07     0.99756      0.00011084    6.32E+07     0.00011084    7.32E+07     2.6384E+05    
   6.33E+07     0.99755      0.00011094    6.33E+07     0.00011094    7.33E+07     2.6383E+05    
   6.34E+07     0.99754      0.00011109    6.34E+07     0.00011109    7.34E+07     2.6394E+05    
   6.35E+07     0.99754      0.00011089    6.35E+07     0.00011089    7.35E+07     2.644E+05     
   6.36E+07     0.99755      0.00011109    6.36E+07     0.00011109    7.36E+07     2.6489E+05    
   6.37E+07     0.99756      0.00011115    6.37E+07     0.00011115    7.37E+07     2.6496E+05    
   6.38E+07     0.99756      0.00011108    6.38E+07     0.00011108    7.38E+07     2.6529E+05    
   6.39E+07     0.99756      0.00011093    6.39E+07     0.00011093    7.39E+07     2.6506E+05    
   6.4E+07      0.99756      0.00011073    6.4E+07      0.00011073    7.4E+07      2.6501E+05    
   6.41E+07     0.99756      0.00011061    6.41E+07     0.00011061    7.41E+07     2.6543E+05    
   6.42E+07     0.99756      0.00011041    6.42E+07     0.00011041    7.42E+07     2.6588E+05    
   6.43E+07     0.99757      0.00011029    6.43E+07     0.00011029    7.43E+07     2.6632E+05    
   6.44E+07     0.99758      0.00011082    6.44E+07     0.00011082    7.44E+07     2.668E+05     
   6.45E+07     0.99758      0.00011062    6.45E+07     0.00011062    7.45E+07     2.6538E+05    
   6.46E+07     0.99758      0.00011052    6.46E+07     0.00011052    7.46E+07     2.6578E+05    
   6.47E+07     0.99758      0.00011032    6.47E+07     0.00011032    7.47E+07     2.6556E+05    
   6.48E+07     0.99758      0.00011012    6.48E+07     0.00011012    7.48E+07     2.66E+05      
   6.49E+07     0.99758      0.00010992    6.49E+07     0.00010992    7.49E+07     2.6526E+05    
   6.5E+07      0.99758      0.00010978    6.5E+07      0.00010978    7.5E+07      2.6574E+05    
   6.51E+07     0.99758      0.00010959    6.51E+07     0.00010959    7.51E+07     2.6497E+05    
   6.52E+07     0.99759      0.00010966    6.52E+07     0.00010966    7.52E+07     2.647E+05     
   6.53E+07     0.99759      0.00010949    6.53E+07     0.00010949    7.53E+07     2.6481E+05    
   6.54E+07     0.99758      0.00010944    6.54E+07     0.00010944    7.54E+07     2.649E+05     
   6.55E+07     0.99757      0.00010947    6.55E+07     0.00010947    7.55E+07     2.6524E+05    
   6.56E+07     0.99757      0.00010929    6.56E+07     0.00010929    7.56E+07     2.6439E+05    
   6.57E+07     0.99758      0.00010914    6.57E+07     0.00010914    7.57E+07     2.6482E+05    
   6.58E+07     0.99758      0.00010897    6.58E+07     0.00010897    7.58E+07     2.6453E+05    
   6.59E+07     0.99758      0.00010878    6.59E+07     0.00010878    7.59E+07     2.648E+05     
   6.6E+07      0.99758      0.00010858    6.6E+07      0.00010858    7.6E+07      2.6516E+05    
   6.61E+07     0.99757      0.00010841    6.61E+07     0.00010841    7.61E+07     2.6367E+05    
   6.62E+07     0.99757      0.00010847    6.62E+07     0.00010847    7.62E+07     2.6409E+05    
   6.63E+07     0.99757      0.00010842    6.63E+07     0.00010842    7.63E+07     2.64E+05      
   6.64E+07     0.99758      0.00010847    6.64E+07     0.00010847    7.64E+07     2.6419E+05    
   6.65E+07     0.99759      0.00010848    6.65E+07     0.00010848    7.65E+07     2.6447E+05    
   6.66E+07     0.99759      0.00010831    6.66E+07     0.00010831    7.66E+07     2.6479E+05    
   6.67E+07     0.99759      0.00010827    6.67E+07     0.00010827    7.67E+07     2.6388E+05    
   6.68E+07     0.9976       0.00010809    6.68E+07     0.00010809    7.68E+07     2.6433E+05    
   6.69E+07     0.99761      0.00010835    6.69E+07     0.00010835    7.69E+07     2.6434E+05    
   6.7E+07      0.99761      0.00010816    6.7E+07      0.00010816    7.7E+07      2.6391E+05    
   6.71E+07     0.99761      0.00010797    6.71E+07     0.00010797    7.71E+07     2.6437E+05    
   6.72E+07     0.99761      0.00010796    6.72E+07     0.00010796    7.72E+07     2.6308E+05    
   6.73E+07     0.99761      0.00010787    6.73E+07     0.00010787    7.73E+07     2.6269E+05    
   6.74E+07     0.99761      0.00010771    6.74E+07     0.00010771    7.74E+07     2.631E+05     
   6.75E+07     0.99761      0.00010754    6.75E+07     0.00010754    7.75E+07     2.6093E+05    
   6.76E+07     0.99762      0.00010755    6.76E+07     0.00010755    7.76E+07     2.6139E+05    
   6.77E+07     0.99761      0.00010746    6.77E+07     0.00010746    7.77E+07     2.6165E+05    
   6.78E+07     0.9976       0.00010746    6.78E+07     0.00010746    7.78E+07     2.6196E+05    
   6.79E+07     0.9976       0.00010728    6.79E+07     0.00010728    7.79E+07     2.6209E+05    
   6.8E+07      0.99761      0.00010712    6.8E+07      0.00010712    7.8E+07      2.6233E+05    
   6.81E+07     0.99761      0.00010694    6.81E+07     0.00010694    7.81E+07     2.627E+05     
   6.82E+07     0.99761      0.00010684    6.82E+07     0.00010684    7.82E+07     2.6256E+05    
   6.83E+07     0.99762      0.00010674    6.83E+07     0.00010674    7.83E+07     2.6226E+05    
   6.84E+07     0.99762      0.00010657    6.84E+07     0.00010657    7.84E+07     2.6214E+05    
   6.85E+07     0.99762      0.00010639    6.85E+07     0.00010639    7.85E+07     2.6201E+05    
   6.86E+07     0.99761      0.00010624    6.86E+07     0.00010624    7.86E+07     2.6148E+05    
   6.87E+07     0.99761      0.00010606    6.87E+07     0.00010606    7.87E+07     2.6186E+05    
   6.88E+07     0.99761      0.000106      6.88E+07     0.000106      7.88E+07     2.6228E+05    
   6.89E+07     0.99761      0.0001059     6.89E+07     0.0001059     7.89E+07     2.625E+05     
   6.9E+07      0.99761      0.00010573    6.9E+07      0.00010573    7.9E+07      2.6291E+05    
   6.91E+07     0.99762      0.00010599    6.91E+07     0.00010599    7.91E+07     2.6263E+05    
   6.92E+07     0.99762      0.00010581    6.92E+07     0.00010581    7.92E+07     2.6289E+05    
   6.93E+07     0.99762      0.00010564    6.93E+07     0.00010564    7.93E+07     2.6297E+05    
   6.94E+07     0.99762      0.00010549    6.94E+07     0.00010549    7.94E+07     2.6297E+05    
   6.95E+07     0.99763      0.00010532    6.95E+07     0.00010532    7.95E+07     2.6338E+05    
   6.96E+07     0.99763      0.00010521    6.96E+07     0.00010521    7.96E+07     2.6379E+05    
   6.97E+07     0.99763      0.00010506    6.97E+07     0.00010506    7.97E+07     2.6395E+05    
   6.98E+07     0.99763      0.00010499    6.98E+07     0.00010499    7.98E+07     2.6419E+05    
   6.99E+07     0.99763      0.00010486    6.99E+07     0.00010486    7.99E+07     2.6365E+05    
   7E+07        0.99762      0.00010487    7E+07        0.00010487    8E+07        2.6406E+05    
   7.01E+07     0.99762      0.00010471    7.01E+07     0.00010471    8.01E+07     2.6361E+05    
   7.02E+07     0.99762      0.00010454    7.02E+07     0.00010454    8.02E+07     2.6399E+05    
   7.03E+07     0.99763      0.00010452    7.03E+07     0.00010452    8.03E+07     2.6302E+05    
   7.04E+07     0.99762      0.00010451    7.04E+07     0.00010451    8.04E+07     2.6344E+05    
   7.05E+07     0.99762      0.00010451    7.05E+07     0.00010451    8.05E+07     2.6373E+05    
   7.06E+07     0.99761      0.00010439    7.06E+07     0.00010439    8.06E+07     2.6416E+05    
   7.07E+07     0.99761      0.00010426    7.07E+07     0.00010426    8.07E+07     2.6446E+05    
   7.08E+07     0.99761      0.00010409    7.08E+07     0.00010409    8.08E+07     2.6469E+05    
   7.09E+07     0.99761      0.00010396    7.09E+07     0.00010396    8.09E+07     2.6386E+05    
   7.1E+07      0.99761      0.000104      7.1E+07      0.000104      8.1E+07      2.6426E+05    
   7.11E+07     0.99761      0.00010383    7.11E+07     0.00010383    8.11E+07     2.6464E+05    
   7.12E+07     0.9976       0.0001037     7.12E+07     0.0001037     8.12E+07     2.649E+05     
   7.13E+07     0.99761      0.00010368    7.13E+07     0.00010368    8.13E+07     2.6505E+05    
   7.14E+07     0.9976       0.0001037     7.14E+07     0.0001037     8.14E+07     2.6448E+05    
   7.15E+07     0.99761      0.00010374    7.15E+07     0.00010374    8.15E+07     2.6486E+05    
   7.16E+07     0.99761      0.00010362    7.16E+07     0.00010362    8.16E+07     2.6529E+05    
   7.17E+07     0.99761      0.00010347    7.17E+07     0.00010347    8.17E+07     2.6556E+05    
   7.18E+07     0.99762      0.00010355    7.18E+07     0.00010355    8.18E+07     2.6548E+05    
   7.19E+07     0.99762      0.00010341    7.19E+07     0.00010341    8.19E+07     2.6569E+05    
   7.2E+07      0.99762      0.00010346    7.2E+07      0.00010346    8.2E+07      2.6517E+05    
   7.21E+07     0.99762      0.00010339    7.21E+07     0.00010339    8.21E+07     2.6544E+05    
   7.22E+07     0.99762      0.00010331    7.22E+07     0.00010331    8.22E+07     2.6572E+05    
   7.23E+07     0.99762      0.00010332    7.23E+07     0.00010332    8.23E+07     2.6591E+05    
   7.24E+07     0.99762      0.00010327    7.24E+07     0.00010327    8.24E+07     2.663E+05     
   7.25E+07     0.99761      0.00010323    7.25E+07     0.00010323    8.25E+07     2.665E+05     
   7.26E+07     0.99761      0.0001031     7.26E+07     0.0001031     8.26E+07     2.6613E+05    
   7.27E+07     0.99762      0.00010325    7.27E+07     0.00010325    8.27E+07     2.6656E+05    
   7.28E+07     0.99761      0.00010313    7.28E+07     0.00010313    8.28E+07     2.669E+05     
   7.29E+07     0.99762      0.00010298    7.29E+07     0.00010298    8.29E+07     2.6691E+05    
   7.3E+07      0.99761      0.00010289    7.3E+07      0.00010289    8.3E+07      2.6455E+05    
   7.31E+07     0.99761      0.00010276    7.31E+07     0.00010276    8.31E+07     2.6442E+05    
   7.32E+07     0.99761      0.0001026     7.32E+07     0.0001026     8.32E+07     2.624E+05     
   7.33E+07     0.99761      0.00010252    7.33E+07     0.00010252    8.33E+07     2.6269E+05    
   7.34E+07     0.99761      0.00010243    7.34E+07     0.00010243    8.34E+07     2.6305E+05    
   7.35E+07     0.99761      0.00010227    7.35E+07     0.00010227    8.35E+07     2.6321E+05    
   7.36E+07     0.99761      0.00010211    7.36E+07     0.00010211    8.36E+07     2.636E+05     
   7.37E+07     0.99761      0.00010202    7.37E+07     0.00010202    8.37E+07     2.6281E+05    
   7.38E+07     0.99761      0.00010189    7.38E+07     0.00010189    8.38E+07     2.6301E+05    
   7.39E+07     0.99761      0.00010186    7.39E+07     0.00010186    8.39E+07     2.6336E+05    
   7.4E+07      0.9976       0.00010181    7.4E+07      0.00010181    8.4E+07      2.6314E+05    
   7.41E+07     0.9976       0.00010165    7.41E+07     0.00010165    8.41E+07     2.6329E+05    
   7.42E+07     0.9976       0.0001015     7.42E+07     0.0001015     8.42E+07     2.6356E+05    
   7.43E+07     0.9976       0.00010134    7.43E+07     0.00010134    8.43E+07     2.6379E+05    
   7.44E+07     0.9976       0.00010119    7.44E+07     0.00010119    8.44E+07     2.6333E+05    
   7.45E+07     0.99759      0.00010138    7.45E+07     0.00010138    8.45E+07     2.6294E+05    
   7.46E+07     0.99759      0.00010124    7.46E+07     0.00010124    8.46E+07     2.6286E+05    
   7.47E+07     0.99759      0.00010122    7.47E+07     0.00010122    8.47E+07     2.6226E+05    
   7.48E+07     0.99759      0.00010107    7.48E+07     0.00010107    8.48E+07     2.624E+05     
   7.49E+07     0.99759      0.00010113    7.49E+07     0.00010113    8.49E+07     2.6279E+05    
   7.5E+07      0.99759      0.00010098    7.5E+07      0.00010098    8.5E+07      2.6302E+05    
   7.51E+07     0.99759      0.00010106    7.51E+07     0.00010106    8.51E+07     2.6328E+05    
   7.52E+07     0.99759      0.00010104    7.52E+07     0.00010104    8.52E+07     2.6356E+05    
   7.53E+07     0.99759      0.00010095    7.53E+07     0.00010095    8.53E+07     2.6383E+05    
   7.54E+07     0.9976       0.00010086    7.54E+07     0.00010086    8.54E+07     2.6419E+05    
   7.55E+07     0.9976       0.00010074    7.55E+07     0.00010074    8.55E+07     2.6458E+05    
   7.56E+07     0.99759      0.00010083    7.56E+07     0.00010083    8.56E+07     2.6497E+05    
   7.57E+07     0.99759      0.00010068    7.57E+07     0.00010068    8.57E+07     2.653E+05     
   7.58E+07     0.9976       0.00010066    7.58E+07     0.00010066    8.58E+07     2.6499E+05    
   7.59E+07     0.9976       0.00010055    7.59E+07     0.00010055    8.59E+07     2.6517E+05    
   7.6E+07      0.9976       0.00010041    7.6E+07      0.00010041    8.6E+07      2.6521E+05    
   7.61E+07     0.99759      0.00010063    7.61E+07     0.00010063    8.61E+07     2.6561E+05    
   7.62E+07     0.99759      0.00010048    7.62E+07     0.00010048    8.62E+07     2.6595E+05    
   7.63E+07     0.99759      0.00010043    7.63E+07     0.00010043    8.63E+07     2.6551E+05    
   7.64E+07     0.99758      0.00010033    7.64E+07     0.00010033    8.64E+07     2.659E+05     
   7.65E+07     0.99758      0.00010021    7.65E+07     0.00010021    8.65E+07     2.6587E+05    
   7.66E+07     0.99758      0.00010009    7.66E+07     0.00010009    8.66E+07     2.6545E+05    
   7.67E+07     0.99759      0.0001002     7.67E+07     0.0001002     8.67E+07     2.648E+05     
   7.68E+07     0.99759      0.00010005    7.68E+07     0.00010005    8.68E+07     2.6481E+05    
   7.69E+07     0.99758      9.9975E-05    7.69E+07     9.9975E-05    8.69E+07     2.6463E+05    
   7.7E+07      0.99758      9.9994E-05    7.7E+07      9.9994E-05    8.7E+07      2.6476E+05    
   7.71E+07     0.99758      9.9845E-05    7.71E+07     9.9845E-05    8.71E+07     2.6354E+05    
   7.72E+07     0.99759      0.00010003    7.72E+07     0.00010003    8.72E+07     2.6228E+05    
   7.73E+07     0.99758      0.00010003    7.73E+07     0.00010003    8.73E+07     2.6266E+05    
   7.74E+07     0.99758      9.989E-05     7.74E+07     9.989E-05     8.74E+07     2.6192E+05    
   7.75E+07     0.99759      0.00010024    7.75E+07     0.00010024    8.75E+07     2.615E+05     
   7.76E+07     0.99759      0.00010009    7.76E+07     0.00010009    8.76E+07     2.6188E+05    
   7.77E+07     0.99759      9.9968E-05    7.77E+07     9.9968E-05    8.77E+07     2.6201E+05    
   7.78E+07     0.99759      9.9849E-05    7.78E+07     9.9849E-05    8.78E+07     2.6236E+05    
   7.79E+07     0.99759      9.9761E-05    7.79E+07     9.9761E-05    8.79E+07     2.6236E+05    
   7.8E+07      0.99759      9.9653E-05    7.8E+07      9.9653E-05    8.8E+07      2.6268E+05    
   7.81E+07     0.99759      9.951E-05     7.81E+07     9.951E-05     8.81E+07     2.6304E+05    
   7.82E+07     0.99759      9.9477E-05    7.82E+07     9.9477E-05    8.82E+07     2.6324E+05    
   7.83E+07     0.99759      9.9472E-05    7.83E+07     9.9472E-05    8.83E+07     2.636E+05     
   7.84E+07     0.99758      9.9432E-05    7.84E+07     9.9432E-05    8.84E+07     2.6239E+05    
   7.85E+07     0.99758      9.9389E-05    7.85E+07     9.9389E-05    8.85E+07     2.6244E+05    
   7.86E+07     0.99757      9.9426E-05    7.86E+07     9.9426E-05    8.86E+07     2.6282E+05    
   7.87E+07     0.99757      9.9295E-05    7.87E+07     9.9295E-05    8.87E+07     2.6241E+05    
   7.88E+07     0.99757      9.9152E-05    7.88E+07     9.9152E-05    8.88E+07     2.6277E+05    
   7.89E+07     0.99757      9.9041E-05    7.89E+07     9.9041E-05    8.89E+07     2.6279E+05    
   7.9E+07      0.99757      9.8898E-05    7.9E+07      9.8898E-05    8.9E+07      2.6311E+05    
   7.91E+07     0.99756      9.8891E-05    7.91E+07     9.8891E-05    8.91E+07     2.6183E+05    
   7.92E+07     0.99757      9.8778E-05    7.92E+07     9.8778E-05    8.92E+07     2.6195E+05    
   7.93E+07     0.99756      9.8697E-05    7.93E+07     9.8697E-05    8.93E+07     2.6211E+05    
   7.94E+07     0.99756      9.8633E-05    7.94E+07     9.8633E-05    8.94E+07     2.6241E+05    
   7.95E+07     0.99756      9.8498E-05    7.95E+07     9.8498E-05    8.95E+07     2.6273E+05    
   7.96E+07     0.99756      9.8358E-05    7.96E+07     9.8358E-05    8.96E+07     2.626E+05     
   7.97E+07     0.99756      9.8261E-05    7.97E+07     9.8261E-05    8.97E+07     2.6233E+05    
   7.98E+07     0.99756      9.8154E-05    7.98E+07     9.8154E-05    8.98E+07     2.6265E+05    
   7.99E+07     0.99756      9.8197E-05    7.99E+07     9.8197E-05    8.99E+07     2.6301E+05    
   8E+07        0.99756      9.8058E-05    8E+07        9.8058E-05    9E+07        2.6243E+05    
   8.01E+07     0.99756      9.8074E-05    8.01E+07     9.8074E-05    9.01E+07     2.6259E+05    
   8.02E+07     0.99756      9.7945E-05    8.02E+07     9.7945E-05    9.02E+07     2.6254E+05    
   8.03E+07     0.99756      9.8068E-05    8.03E+07     9.8068E-05    9.03E+07     2.6292E+05    
   8.04E+07     0.99756      9.7932E-05    8.04E+07     9.7932E-05    9.04E+07     2.6324E+05    
   8.05E+07     0.99756      9.781E-05     8.05E+07     9.781E-05     9.05E+07     2.6354E+05    
   8.06E+07     0.99756      9.7672E-05    8.06E+07     9.7672E-05    9.06E+07     2.6384E+05    
   8.07E+07     0.99756      9.7558E-05    8.07E+07     9.7558E-05    9.07E+07     2.6397E+05    
   8.08E+07     0.99755      9.7458E-05    8.08E+07     9.7458E-05    9.08E+07     2.6433E+05    
   8.09E+07     0.99756      9.7542E-05    8.09E+07     9.7542E-05    9.09E+07     2.6449E+05    
   8.1E+07      0.99756      9.7411E-05    8.1E+07      9.7411E-05    9.1E+07      2.6482E+05    
   8.11E+07     0.99756      9.7281E-05    8.11E+07     9.7281E-05    9.11E+07     2.6506E+05    
   8.12E+07     0.99756      9.7177E-05    8.12E+07     9.7177E-05    9.12E+07     2.6461E+05    
   8.13E+07     0.99756      9.7085E-05    8.13E+07     9.7085E-05    9.13E+07     2.6469E+05    
   8.14E+07     0.99756      9.7132E-05    8.14E+07     9.7132E-05    9.14E+07     2.6499E+05    
   8.15E+07     0.99755      9.7003E-05    8.15E+07     9.7003E-05    9.15E+07     2.6529E+05    
   8.16E+07     0.99756      9.6868E-05    8.16E+07     9.6868E-05    9.16E+07     2.6566E+05    
   8.17E+07     0.99755      9.6747E-05    8.17E+07     9.6747E-05    9.17E+07     2.6223E+05    
   8.18E+07     0.99755      9.6705E-05    8.18E+07     9.6705E-05    9.18E+07     2.6252E+05    
   8.19E+07     0.99755      9.6607E-05    8.19E+07     9.6607E-05    9.19E+07     2.6284E+05    
   8.2E+07      0.99756      9.6646E-05    8.2E+07      9.6646E-05    9.2E+07      2.632E+05     
   8.21E+07     0.99756      9.6537E-05    8.21E+07     9.6537E-05    9.21E+07     2.633E+05     
   8.22E+07     0.99755      9.6422E-05    8.22E+07     9.6422E-05    9.22E+07     2.6271E+05    
   8.23E+07     0.99755      9.6333E-05    8.23E+07     9.6333E-05    9.23E+07     2.5973E+05    
   8.24E+07     0.99755      9.6202E-05    8.24E+07     9.6202E-05    9.24E+07     2.6003E+05    
   8.25E+07     0.99755      9.6111E-05    8.25E+07     9.6111E-05    9.25E+07     2.6038E+05    
   8.26E+07     0.99754      9.6113E-05    8.26E+07     9.6113E-05    9.26E+07     2.6063E+05    
   8.27E+07     0.99754      9.5981E-05    8.27E+07     9.5981E-05    9.27E+07     2.609E+05     
   8.28E+07     0.99755      9.5861E-05    8.28E+07     9.5861E-05    9.28E+07     2.6125E+05    
   8.29E+07     0.99754      9.5806E-05    8.29E+07     9.5806E-05    9.29E+07     2.5971E+05    
   8.3E+07      0.99755      9.6167E-05    8.3E+07      9.6167E-05    9.3E+07      2.6005E+05    
   8.31E+07     0.99755      9.6138E-05    8.31E+07     9.6138E-05    9.31E+07     2.602E+05     
   8.32E+07     0.99754      9.6447E-05    8.32E+07     9.6447E-05    9.32E+07     2.5969E+05    
   8.33E+07     0.99754      9.6337E-05    8.33E+07     9.6337E-05    9.33E+07     2.5977E+05    
   8.34E+07     0.99754      9.6206E-05    8.34E+07     9.6206E-05    9.34E+07     2.6011E+05    
   8.35E+07     0.99754      9.6122E-05    8.35E+07     9.6122E-05    9.35E+07     2.6019E+05    
   8.36E+07     0.99754      9.5994E-05    8.36E+07     9.5994E-05    9.36E+07     2.6041E+05    
   8.37E+07     0.99753      9.6083E-05    8.37E+07     9.6083E-05    9.37E+07     2.6077E+05    
   8.38E+07     0.99753      9.598E-05     8.38E+07     9.598E-05     9.38E+07     2.6007E+05    
   8.39E+07     0.99753      9.5864E-05    8.39E+07     9.5864E-05    9.39E+07     2.6023E+05    
   8.4E+07      0.99752      9.5849E-05    8.4E+07      9.5849E-05    9.4E+07      2.6046E+05    
   8.41E+07     0.99752      9.5765E-05    8.41E+07     9.5765E-05    9.41E+07     2.6058E+05    
   8.42E+07     0.99752      9.5656E-05    8.42E+07     9.5656E-05    9.42E+07     2.5993E+05    
   8.43E+07     0.99752      9.5557E-05    8.43E+07     9.5557E-05    9.43E+07     2.6023E+05    
   8.44E+07     0.99751      9.5588E-05    8.44E+07     9.5588E-05    9.44E+07     2.5979E+05    
   8.45E+07     0.99752      9.5602E-05    8.45E+07     9.5602E-05    9.45E+07     2.5985E+05    
   8.46E+07     0.99751      9.5555E-05    8.46E+07     9.5555E-05    9.46E+07     2.5991E+05    
   8.47E+07     0.99752      9.5608E-05    8.47E+07     9.5608E-05    9.47E+07     2.599E+05     
   8.48E+07     0.99752      9.5527E-05    8.48E+07     9.5527E-05    9.48E+07     2.5994E+05    
   8.49E+07     0.99752      9.5401E-05    8.49E+07     9.5401E-05    9.49E+07     2.6011E+05    
   8.5E+07      0.99752      9.5297E-05    8.5E+07      9.5297E-05    9.5E+07      2.5967E+05    
   8.51E+07     0.99752      9.5195E-05    8.51E+07     9.5195E-05    9.51E+07     2.5953E+05    
   8.52E+07     0.99753      9.509E-05     8.52E+07     9.509E-05     9.52E+07     2.5979E+05    
   8.53E+07     0.99752      9.4987E-05    8.53E+07     9.4987E-05    9.53E+07     2.6007E+05    
   8.54E+07     0.99752      9.4861E-05    8.54E+07     9.4861E-05    9.54E+07     2.5947E+05    
   8.55E+07     0.99752      9.4736E-05    8.55E+07     9.4736E-05    9.55E+07     2.5978E+05    
   8.56E+07     0.99752      9.4613E-05    8.56E+07     9.4613E-05    9.56E+07     2.6012E+05    
   8.57E+07     0.99753      9.4503E-05    8.57E+07     9.4503E-05    9.57E+07     2.6028E+05    
   8.58E+07     0.99753      9.4494E-05    8.58E+07     9.4494E-05    9.58E+07     2.5998E+05    
   8.59E+07     0.99753      9.441E-05     8.59E+07     9.441E-05     9.59E+07     2.5871E+05    
   8.6E+07      0.99754      9.4348E-05    8.6E+07      9.4348E-05    9.6E+07      2.5861E+05    
   8.61E+07     0.99754      9.4226E-05    8.61E+07     9.4226E-05    9.61E+07     2.5895E+05    
   8.62E+07     0.99754      9.4104E-05    8.62E+07     9.4104E-05    9.62E+07     2.5809E+05    
   8.63E+07     0.99754      9.4131E-05    8.63E+07     9.4131E-05    9.63E+07     2.5763E+05    
   8.64E+07     0.99754      9.4008E-05    8.64E+07     9.4008E-05    9.64E+07     2.579E+05     
   8.65E+07     0.99755      9.3961E-05    8.65E+07     9.3961E-05    9.65E+07     2.5824E+05    
   8.66E+07     0.99754      9.3973E-05    8.66E+07     9.3973E-05    9.66E+07     2.5855E+05    
   8.67E+07     0.99754      9.4038E-05    8.67E+07     9.4038E-05    9.67E+07     2.587E+05     
   8.68E+07     0.99753      9.3982E-05    8.68E+07     9.3982E-05    9.68E+07     2.59E+05      
   8.69E+07     0.99754      9.3961E-05    8.69E+07     9.3961E-05    9.69E+07     2.5834E+05    
   8.7E+07      0.99754      9.3877E-05    8.7E+07      9.3877E-05    9.7E+07      2.5834E+05    
   8.71E+07     0.99753      9.4042E-05    8.71E+07     9.4042E-05    9.71E+07     2.5865E+05    
   8.72E+07     0.99754      9.4214E-05    8.72E+07     9.4214E-05    9.72E+07     2.5873E+05    
   8.73E+07     0.99754      9.4095E-05    8.73E+07     9.4095E-05    9.73E+07     2.5887E+05    
   8.74E+07     0.99753      9.4169E-05    8.74E+07     9.4169E-05    9.74E+07     2.5804E+05    
   8.75E+07     0.99753      9.4194E-05    8.75E+07     9.4194E-05    9.75E+07     2.5802E+05    
   8.76E+07     0.99753      9.4073E-05    8.76E+07     9.4073E-05    9.76E+07     2.5761E+05    
   8.77E+07     0.99752      9.3997E-05    8.77E+07     9.3997E-05    9.77E+07     2.5793E+05    
   8.78E+07     0.99752      9.3876E-05    8.78E+07     9.3876E-05    9.78E+07     2.5809E+05    
   8.79E+07     0.99753      9.3823E-05    8.79E+07     9.3823E-05    9.79E+07     2.5825E+05    
   8.8E+07      0.99753      9.3716E-05    8.8E+07      9.3716E-05    9.8E+07      2.5808E+05    
   8.81E+07     0.99753      9.3598E-05    8.81E+07     9.3598E-05    9.81E+07     2.5822E+05    
   8.82E+07     0.99752      9.3506E-05    8.82E+07     9.3506E-05    9.82E+07     2.5852E+05    
   8.83E+07     0.99752      9.3389E-05    8.83E+07     9.3389E-05    9.83E+07     2.5853E+05    
   8.84E+07     0.99753      9.3554E-05    8.84E+07     9.3554E-05    9.84E+07     2.5881E+05    
   8.85E+07     0.99753      9.3492E-05    8.85E+07     9.3492E-05    9.85E+07     2.5911E+05    
   8.86E+07     0.99753      9.3373E-05    8.86E+07     9.3373E-05    9.86E+07     2.5921E+05    
   8.87E+07     0.99753      9.3391E-05    8.87E+07     9.3391E-05    9.87E+07     2.5921E+05    
   8.88E+07     0.99753      9.3278E-05    8.88E+07     9.3278E-05    9.88E+07     2.5952E+05    
   8.89E+07     0.99753      9.3222E-05    8.89E+07     9.3222E-05    9.89E+07     2.5972E+05    
   8.9E+07      0.99753      9.3109E-05    8.9E+07      9.3109E-05    9.9E+07      2.6006E+05    
   8.91E+07     0.99752      9.3285E-05    8.91E+07     9.3285E-05    9.91E+07     2.6034E+05    
   8.92E+07     0.99752      9.3212E-05    8.92E+07     9.3212E-05    9.92E+07     2.5996E+05    
   8.93E+07     0.99752      9.3135E-05    8.93E+07     9.3135E-05    9.93E+07     2.5933E+05    
   8.94E+07     0.99752      9.3025E-05    8.94E+07     9.3025E-05    9.94E+07     2.5965E+05    
   8.95E+07     0.99752      9.2919E-05    8.95E+07     9.2919E-05    9.95E+07     2.5969E+05    
   8.96E+07     0.99752      9.289E-05     8.96E+07     9.289E-05     9.96E+07     2.5997E+05    
   8.97E+07     0.99753      9.2888E-05    8.97E+07     9.2888E-05    9.97E+07     2.5981E+05    
   8.98E+07     0.99753      9.2774E-05    8.98E+07     9.2774E-05    9.98E+07     2.5992E+05    
   8.99E+07     0.99753      9.2661E-05    8.99E+07     9.2661E-05    9.99E+07     2.5958E+05    
   9E+07        0.99753      9.271E-05     9E+07        9.271E-05     1E+08        2.5981E+05    
   9.01E+07     0.99753      9.2633E-05    9.01E+07     9.2633E-05    
   9.02E+07     0.99753      9.2583E-05    9.02E+07     9.2583E-05    
   9.03E+07     0.99753      9.2468E-05    9.03E+07     9.2468E-05    
   9.04E+07     0.99753      9.236E-05     9.04E+07     9.236E-05     
   9.05E+07     0.99752      9.2259E-05    9.05E+07     9.2259E-05    
   9.06E+07     0.99752      9.2147E-05    9.06E+07     9.2147E-05    
   9.07E+07     0.99752      9.2077E-05    9.07E+07     9.2077E-05    
   9.08E+07     0.99752      9.1963E-05    9.08E+07     9.1963E-05    
   9.09E+07     0.99752      9.1888E-05    9.09E+07     9.1888E-05    
   9.1E+07      0.99753      9.1782E-05    9.1E+07      9.1782E-05    
   9.11E+07     0.99752      9.1683E-05    9.11E+07     9.1683E-05    
   9.12E+07     0.99753      9.1712E-05    9.12E+07     9.1712E-05    
   9.13E+07     0.99753      9.1647E-05    9.13E+07     9.1647E-05    
   9.14E+07     0.99753      9.1543E-05    9.14E+07     9.1543E-05    
   9.15E+07     0.99753      9.1441E-05    9.15E+07     9.1441E-05    
   9.16E+07     0.99753      9.133E-05     9.16E+07     9.133E-05     
   9.17E+07     0.99754      9.1876E-05    9.17E+07     9.1876E-05    
   9.18E+07     0.99754      9.1774E-05    9.18E+07     9.1774E-05    
   9.19E+07     0.99754      9.1668E-05    9.19E+07     9.1668E-05    
   9.2E+07      0.99754      9.1557E-05    9.2E+07      9.1557E-05    
   9.21E+07     0.99754      9.1491E-05    9.21E+07     9.1491E-05    
   9.22E+07     0.99754      9.1546E-05    9.22E+07     9.1546E-05    
   9.23E+07     0.99756      9.2014E-05    9.23E+07     9.2014E-05    
   9.24E+07     0.99756      9.1914E-05    9.24E+07     9.1914E-05    
   9.25E+07     0.99756      9.1803E-05    9.25E+07     9.1803E-05    
   9.26E+07     0.99756      9.1712E-05    9.26E+07     9.1712E-05    
   9.27E+07     0.99756      9.1612E-05    9.27E+07     9.1612E-05    
   9.28E+07     0.99756      9.1502E-05    9.28E+07     9.1502E-05    
   9.29E+07     0.99757      9.1726E-05    9.29E+07     9.1726E-05    
   9.3E+07      0.99757      9.1616E-05    9.3E+07      9.1616E-05    
   9.31E+07     0.99757      9.1541E-05    9.31E+07     9.1541E-05    
   9.32E+07     0.99756      9.158E-05     9.32E+07     9.158E-05     
   9.33E+07     0.99756      9.1519E-05    9.33E+07     9.1519E-05    
   9.34E+07     0.99756      9.1411E-05    9.34E+07     9.1411E-05    
   9.35E+07     0.99756      9.1344E-05    9.35E+07     9.1344E-05    
   9.36E+07     0.99757      9.1257E-05    9.36E+07     9.1257E-05    
   9.37E+07     0.99757      9.1149E-05    9.37E+07     9.1149E-05    
   9.38E+07     0.99756      9.122E-05     9.38E+07     9.122E-05     
   9.39E+07     0.99756      9.1134E-05    9.39E+07     9.1134E-05    
   9.4E+07      0.99756      9.1046E-05    9.4E+07      9.1046E-05    
   9.41E+07     0.99755      9.0979E-05    9.41E+07     9.0979E-05    
   9.42E+07     0.99756      9.1044E-05    9.42E+07     9.1044E-05    
   9.43E+07     0.99756      9.0942E-05    9.43E+07     9.0942E-05    
   9.44E+07     0.99756      9.0972E-05    9.44E+07     9.0972E-05    
   9.45E+07     0.99756      9.0914E-05    9.45E+07     9.0914E-05    
   9.46E+07     0.99756      9.0858E-05    9.46E+07     9.0858E-05    
   9.47E+07     0.99757      9.0805E-05    9.47E+07     9.0805E-05    
   9.48E+07     0.99756      9.0754E-05    9.48E+07     9.0754E-05    
   9.49E+07     0.99756      9.0676E-05    9.49E+07     9.0676E-05    
   9.5E+07      0.99757      9.0708E-05    9.5E+07      9.0708E-05    
   9.51E+07     0.99757      9.0681E-05    9.51E+07     9.0681E-05    
   9.52E+07     0.99757      9.059E-05     9.52E+07     9.059E-05     
   9.53E+07     0.99757      9.0494E-05    9.53E+07     9.0494E-05    
   9.54E+07     0.99758      9.0553E-05    9.54E+07     9.0553E-05    
   9.55E+07     0.99758      9.0447E-05    9.55E+07     9.0447E-05    
   9.56E+07     0.99758      9.0342E-05    9.56E+07     9.0342E-05    
   9.57E+07     0.99757      9.0269E-05    9.57E+07     9.0269E-05    
   9.58E+07     0.99758      9.0276E-05    9.58E+07     9.0276E-05    
   9.59E+07     0.99757      9.0444E-05    9.59E+07     9.0444E-05    
   9.6E+07      0.99757      9.0416E-05    9.6E+07      9.0416E-05    
   9.61E+07     0.99757      9.0312E-05    9.61E+07     9.0312E-05    
   9.62E+07     0.99758      9.0417E-05    9.62E+07     9.0417E-05    
   9.63E+07     0.99759      9.0447E-05    9.63E+07     9.0447E-05    
   9.64E+07     0.99759      9.0351E-05    9.64E+07     9.0351E-05    
   9.65E+07     0.99759      9.0248E-05    9.65E+07     9.0248E-05    
   9.66E+07     0.99759      9.0147E-05    9.66E+07     9.0147E-05    
   9.67E+07     0.99759      9.007E-05     9.67E+07     9.007E-05     
   9.68E+07     0.99759      8.997E-05     9.68E+07     8.997E-05     
   9.69E+07     0.9976       9.0041E-05    9.69E+07     9.0041E-05    
   9.7E+07      0.99759      8.9995E-05    9.7E+07      8.9995E-05    
   9.71E+07     0.99759      8.9893E-05    9.71E+07     8.9893E-05    
   9.72E+07     0.99759      8.9832E-05    9.72E+07     8.9832E-05    
   9.73E+07     0.99759      8.9764E-05    9.73E+07     8.9764E-05    
   9.74E+07     0.99758      8.9864E-05    9.74E+07     8.9864E-05    
   9.75E+07     0.99759      8.9815E-05    9.75E+07     8.9815E-05    
   9.76E+07     0.99759      8.984E-05     9.76E+07     8.984E-05     
   9.77E+07     0.99759      8.9742E-05    9.77E+07     8.9742E-05    
   9.78E+07     0.99759      8.967E-05     9.78E+07     8.967E-05     
   9.79E+07     0.99759      8.9591E-05    9.79E+07     8.9591E-05    
   9.8E+07      0.99759      8.9578E-05    9.8E+07      8.9578E-05    
   9.81E+07     0.99759      8.9509E-05    9.81E+07     8.9509E-05    
   9.82E+07     0.99759      8.9414E-05    9.82E+07     8.9414E-05    
   9.83E+07     0.99759      8.9359E-05    9.83E+07     8.9359E-05    
   9.84E+07     0.99759      8.9269E-05    9.84E+07     8.9269E-05    
   9.85E+07     0.99759      8.9171E-05    9.85E+07     8.9171E-05    
   9.86E+07     0.99759      8.9111E-05    9.86E+07     8.9111E-05    
   9.87E+07     0.99758      8.9059E-05    9.87E+07     8.9059E-05    
   9.88E+07     0.99758      8.8963E-05    9.88E+07     8.8963E-05    
   9.89E+07     0.99758      8.8885E-05    9.89E+07     8.8885E-05    
   9.9E+07      0.99758      8.8785E-05    9.9E+07      8.8785E-05    
   9.91E+07     0.99758      8.8686E-05    9.91E+07     8.8686E-05    
   9.92E+07     0.99759      8.8708E-05    9.92E+07     8.8708E-05    
   9.93E+07     0.99759      8.8771E-05    9.93E+07     8.8771E-05    
   9.94E+07     0.99759      8.8674E-05    9.94E+07     8.8674E-05    
   9.95E+07     0.99759      8.8619E-05    9.95E+07     8.8619E-05    
   9.96E+07     0.99759      8.8527E-05    9.96E+07     8.8527E-05    
   9.97E+07     0.99759      8.8512E-05    9.97E+07     8.8512E-05    
   9.98E+07     0.99759      8.8448E-05    9.98E+07     8.8448E-05    
   9.99E+07     0.99759      8.8459E-05    9.99E+07     8.8459E-05    
   1E+08        0.99759      8.8378E-05    1E+08        8.8378E-05    
