# This file is written with the intent of being used to plot the data with 
# Gnuplot.  It contains no information regarding how the plot should be 
# formatted.
# =========================================================================
# Research/ArnoldivsPower -f Power1-w50-90.dat -t 100000 -A -c 100 -C 900 -w 50 -b 75 -r  seed = 1967448537
# filename = Power1-w50-90.dat, run = true, power = true, Arnoldi = false, storevectors = 0, raw = false, evectors = 2, evalues = 2, residual = false, arnoldimethod = implicit, tol = 2.22045e-16, verbose = 1, seed = 0, width = 50, bins = 75, acycles = 900, incycles = 100, active = 20, inactive = 0, Iterations = 10, numValues = 2, relaxed = 0, tracks = 100000, ignore_rest = false, version = false, help = false, 

#  1            2            3             4            5             6            7             8            9            
# |-            Power values           -| |-   Power eValues SD   -| |-       FOM-Power      -| |-     Power vector     -| 
#  x-coord      y-coord      error         x-coord      y-coord       x-coord      y-coord       x-coord      y-coord       
   1E+05        0.98284      0             1E+05        0             1.01E+07     0             0.33333      0.0095385     
   2E+05        0.98902      0             2E+05        0             1.02E+07     4.5608E+05    1            0.016358      
   3E+05        0.99144      0             3E+05        0             1.03E+07     1.8459E+05    1.6667       0.022847      
   4E+05        0.9907       0             4E+05        0             1.04E+07     22689         2.3333       0.02934       
   5E+05        0.99029      0             5E+05        0             1.05E+07     25954         3            0.03561       
   6E+05        0.98921      0             6E+05        0             1.06E+07     21524         3.6667       0.041666      
   7E+05        0.99235      0             7E+05        0             1.07E+07     27442         4.3333       0.047858      
   8E+05        0.99587      0             8E+05        0             1.08E+07     35392         5            0.054069      
   9E+05        0.99539      0             9E+05        0             1.09E+07     44366         5.6667       0.059774      
   1E+06        0.99454      0             1E+06        0             1.1E+07      52771         6.3333       0.065913      
   1.1E+06      0.99471      0             1.1E+06      0             1.11E+07     50023         7            0.071756      
   1.2E+06      0.99474      0             1.2E+06      0             1.12E+07     44374         7.6667       0.077156      
   1.3E+06      0.99331      0             1.3E+06      0             1.13E+07     34952         8.3333       0.082824      
   1.4E+06      0.99148      0             1.4E+06      0             1.14E+07     30281         9            0.088226      
   1.5E+06      0.98939      0             1.5E+06      0             1.15E+07     34314         9.6667       0.093437      
   1.6E+06      0.99011      0             1.6E+06      0             1.16E+07     28337         10.333       0.099045      
   1.7E+06      0.99673      0             1.7E+06      0             1.17E+07     31319         11           0.10417       
   1.8E+06      1.0001       0             1.8E+06      0             1.18E+07     34183         11.667       0.10878       
   1.9E+06      0.99513      0             1.9E+06      0             1.19E+07     34065         12.333       0.11351       
   2E+06        0.99614      0             2E+06        0             1.2E+07      36849         13           0.1181        
   2.1E+06      0.99332      0             2.1E+06      0             1.21E+07     36614         13.667       0.12254       
   2.2E+06      0.99361      0             2.2E+06      0             1.22E+07     39684         14.333       0.12636       
   2.3E+06      0.99053      0             2.3E+06      0             1.23E+07     41646         15           0.13022       
   2.4E+06      0.99436      0             2.4E+06      0             1.24E+07     43958         15.667       0.13396       
   2.5E+06      0.99851      0             2.5E+06      0             1.25E+07     43577         16.333       0.1377        
   2.6E+06      0.99239      0             2.6E+06      0             1.26E+07     46309         17           0.14125       
   2.7E+06      0.99633      0             2.7E+06      0             1.27E+07     48868         17.667       0.14449       
   2.8E+06      0.99814      0             2.8E+06      0             1.28E+07     51651         18.333       0.14693       
   2.9E+06      0.99359      0             2.9E+06      0             1.29E+07     54768         19           0.14907       
   3E+06        0.99564      0             3E+06        0             1.3E+07      51349         19.667       0.15171       
   3.1E+06      0.99723      0             3.1E+06      0             1.31E+07     53389         20.333       0.15328       
   3.2E+06      0.99398      0             3.2E+06      0             1.32E+07     53919         21           0.15508       
   3.3E+06      0.99491      0             3.3E+06      0             1.33E+07     54302         21.667       0.15652       
   3.4E+06      0.99643      0             3.4E+06      0             1.34E+07     55596         22.333       0.15759       
   3.5E+06      0.99764      0             3.5E+06      0             1.35E+07     58295         23           0.15852       
   3.6E+06      0.99665      0             3.6E+06      0             1.36E+07     60542         23.667       0.15935       
   3.7E+06      0.99519      0             3.7E+06      0             1.37E+07     60889         24.333       0.15995       
   3.8E+06      0.99518      0             3.8E+06      0             1.38E+07     63703         25           0.15967       
   3.9E+06      0.99584      0             3.9E+06      0             1.39E+07     66066         25.667       0.1598        
   4E+06        1.001        0             4E+06        0             1.4E+07      68976         26.333       0.15944       
   4.1E+06      0.99365      0             4.1E+06      0             1.41E+07     71109         27           0.15842       
   4.2E+06      0.99407      0             4.2E+06      0             1.42E+07     71408         27.667       0.15831       
   4.3E+06      0.99364      0             4.3E+06      0             1.43E+07     73677         28.333       0.15686       
   4.4E+06      0.99669      0             4.4E+06      0             1.44E+07     76582         29           0.1562        
   4.5E+06      0.99366      0             4.5E+06      0             1.45E+07     79522         29.667       0.15423       
   4.6E+06      0.99553      0             4.6E+06      0             1.46E+07     82509         30.333       0.15272       
   4.7E+06      0.998        0             4.7E+06      0             1.47E+07     82758         31           0.151         
   4.8E+06      0.99558      0             4.8E+06      0             1.48E+07     85725         31.667       0.14878       
   4.9E+06      0.9987       0             4.9E+06      0             1.49E+07     85638         32.333       0.14652       
   5E+06        0.99685      0             5E+06        0             1.5E+07      86443         33           0.14357       
   5.1E+06      0.99575      0             5.1E+06      0             1.51E+07     88946         33.667       0.14045       
   5.2E+06      0.99149      0             5.2E+06      0             1.52E+07     90768         34.333       0.13689       
   5.3E+06      1.0012       0             5.3E+06      0             1.53E+07     91788         35           0.13318       
   5.4E+06      0.99601      0             5.4E+06      0             1.54E+07     91257         35.667       0.12937       
   5.5E+06      0.99815      0             5.5E+06      0             1.55E+07     90740         36.333       0.12571       
   5.6E+06      0.99053      0             5.6E+06      0             1.56E+07     92779         37           0.12176       
   5.7E+06      0.99378      0             5.7E+06      0             1.57E+07     95247         37.667       0.11698       
   5.8E+06      0.99619      0             5.8E+06      0             1.58E+07     96055         38.333       0.11279       
   5.9E+06      0.99783      0             5.9E+06      0             1.59E+07     98494         39           0.10799       
   6E+06        0.99364      0             6E+06        0             1.6E+07      1.0118E+05    39.667       0.1033        
   6.1E+06      0.9995       0             6.1E+06      0             1.61E+07     1.0376E+05    40.333       0.097449      
   6.2E+06      0.99638      0             6.2E+06      0             1.62E+07     1.0637E+05    41           0.092081      
   6.3E+06      0.99995      0             6.3E+06      0             1.63E+07     1.0891E+05    41.667       0.086673      
   6.4E+06      0.99674      0             6.4E+06      0             1.64E+07     1.1015E+05    42.333       0.081028      
   6.5E+06      0.99246      0             6.5E+06      0             1.65E+07     1.1266E+05    43           0.075243      
   6.6E+06      0.99683      0             6.6E+06      0             1.66E+07     1.153E+05     43.667       0.06943       
   6.7E+06      1.0016       0             6.7E+06      0             1.67E+07     1.1606E+05    44.333       0.063611      
   6.8E+06      0.99578      0             6.8E+06      0             1.68E+07     1.1881E+05    45           0.057074      
   6.9E+06      0.99383      0             6.9E+06      0             1.69E+07     1.2149E+05    45.667       0.050707      
   7E+06        0.99671      0             7E+06        0             1.7E+07      1.2299E+05    46.333       0.044191      
   7.1E+06      0.99971      0             7.1E+06      0             1.71E+07     1.2576E+05    47           0.037659      
   7.2E+06      0.99503      0             7.2E+06      0             1.72E+07     1.2326E+05    47.667       0.030932      
   7.3E+06      0.9986       0             7.3E+06      0             1.73E+07     1.2593E+05    48.333       0.02421       
   7.4E+06      1.0018       0             7.4E+06      0             1.74E+07     1.2679E+05    49           0.017275      
   7.5E+06      1.0009       0             7.5E+06      0             1.75E+07     1.2399E+05    49.667       0.010154      
   7.6E+06      0.99746      0             7.6E+06      0             1.76E+07     1.2614E+05    
   7.7E+06      0.99985      0             7.7E+06      0             1.77E+07     1.2693E+05    
   7.8E+06      0.99858      0             7.8E+06      0             1.78E+07     1.2947E+05    
   7.9E+06      0.99635      0             7.9E+06      0             1.79E+07     1.3088E+05    
   8E+06        0.99561      0             8E+06        0             1.8E+07      1.3236E+05    
   8.1E+06      0.99248      0             8.1E+06      0             1.81E+07     1.3491E+05    
   8.2E+06      0.99686      0             8.2E+06      0             1.82E+07     1.3745E+05    
   8.3E+06      0.99955      0             8.3E+06      0             1.83E+07     1.3994E+05    
   8.4E+06      0.9992       0             8.4E+06      0             1.84E+07     1.4002E+05    
   8.5E+06      0.99916      0             8.5E+06      0             1.85E+07     1.4122E+05    
   8.6E+06      0.99084      0             8.6E+06      0             1.86E+07     1.4335E+05    
   8.7E+06      1.0007       0             8.7E+06      0             1.87E+07     1.4558E+05    
   8.8E+06      0.99758      0             8.8E+06      0             1.88E+07     1.4171E+05    
   8.9E+06      0.99723      0             8.9E+06      0             1.89E+07     1.4413E+05    
   9E+06        1.0002       0             9E+06        0             1.9E+07      1.428E+05     
   9.1E+06      0.99961      0             9.1E+06      0             1.91E+07     1.4506E+05    
   9.2E+06      0.99444      0             9.2E+06      0             1.92E+07     1.4639E+05    
   9.3E+06      0.99533      0             9.3E+06      0             1.93E+07     1.4877E+05    
   9.4E+06      0.99593      0             9.4E+06      0             1.94E+07     1.4773E+05    
   9.5E+06      0.99441      0             9.5E+06      0             1.95E+07     1.4718E+05    
   9.6E+06      0.99972      0             9.6E+06      0             1.96E+07     1.4808E+05    
   9.7E+06      1.0002       0             9.7E+06      0             1.97E+07     1.5038E+05    
   9.8E+06      0.99963      0             9.8E+06      0             1.98E+07     1.5271E+05    
   9.9E+06      0.99415      0             9.9E+06      0             1.99E+07     1.5505E+05    
   1E+07        0.99467      0             1E+07        0             2E+07        1.5603E+05    
   1.01E+07     0.99783      NAN           1.01E+07     NAN           2.01E+07     1.5778E+05    
   1.02E+07     0.99752      0.00021873    1.02E+07     0.00021873    2.02E+07     1.593E+05     
   1.03E+07     0.99714      0.00034209    1.03E+07     0.00034209    2.03E+07     1.6123E+05    
   1.04E+07     0.99606      0.00097092    1.04E+07     0.00097092    2.04E+07     1.6202E+05    
   1.05E+07     0.99554      0.00090338    1.05E+07     0.00090338    2.05E+07     1.6332E+05    
   1.06E+07     0.99624      0.00098706    1.06E+07     0.00098706    2.06E+07     1.6267E+05    
   1.07E+07     0.99603      0.00086998    1.07E+07     0.00086998    2.07E+07     1.6494E+05    
   1.08E+07     0.99598      0.00076245    1.08E+07     0.00076245    2.08E+07     1.663E+05     
   1.09E+07     0.99597      0.0006778     1.09E+07     0.0006778     2.09E+07     1.6709E+05    
   1.1E+07      0.99586      0.00061855    1.1E+07      0.00061855    2.1E+07      1.6662E+05    
   1.11E+07     0.99556      0.00063241    1.11E+07     0.00063241    2.11E+07     1.688E+05     
   1.12E+07     0.99591      0.00066842    1.12E+07     0.00066842    2.12E+07     1.7059E+05    
   1.13E+07     0.99635      0.00074971    1.13E+07     0.00074971    2.13E+07     1.693E+05     
   1.14E+07     0.99676      0.00080182    1.14E+07     0.00080182    2.14E+07     1.6912E+05    
   1.15E+07     0.99671      0.00074974    1.15E+07     0.00074974    2.15E+07     1.7129E+05    
   1.16E+07     0.99628      0.0008214     1.16E+07     0.0008214     2.16E+07     1.7018E+05    
   1.17E+07     0.99636      0.00077788    1.17E+07     0.00077788    2.17E+07     1.7059E+05    
   1.18E+07     0.99647      0.00074136    1.18E+07     0.00074136    2.18E+07     1.6877E+05    
   1.19E+07     0.99623      0.00073936    1.19E+07     0.00073936    2.19E+07     1.701E+05     
   1.2E+07      0.99614      0.00070786    1.2E+07      0.00070786    2.2E+07      1.7188E+05    
   1.21E+07     0.99636      0.00070713    1.21E+07     0.00070713    2.21E+07     1.7313E+05    
   1.22E+07     0.99631      0.00067639    1.22E+07     0.00067639    2.22E+07     1.7518E+05    
   1.23E+07     0.99643      0.00065744    1.23E+07     0.00065744    2.23E+07     1.766E+05     
   1.24E+07     0.99653      0.00063729    1.24E+07     0.00063729    2.24E+07     1.7829E+05    
   1.25E+07     0.99671      0.00063744    1.25E+07     0.00063744    2.25E+07     1.748E+05     
   1.26E+07     0.99677      0.00061586    1.26E+07     0.00061586    2.26E+07     1.7485E+05    
   1.27E+07     0.9967       0.00059712    1.27E+07     0.00059712    2.27E+07     1.7319E+05    
   1.28E+07     0.99665      0.00057846    1.28E+07     0.00057846    2.28E+07     1.737E+05     
   1.29E+07     0.99668      0.00055954    1.29E+07     0.00055954    2.29E+07     1.7482E+05    
   1.3E+07      0.99648      0.00057562    1.3E+07      0.00057562    2.3E+07      1.7665E+05    
   1.31E+07     0.9964       0.00056232    1.31E+07     0.00056232    2.31E+07     1.7697E+05    
   1.32E+07     0.99652      0.00055715    1.32E+07     0.00055715    2.32E+07     1.7835E+05    
   1.33E+07     0.99664      0.00055306    1.33E+07     0.00055306    2.33E+07     1.7776E+05    
   1.34E+07     0.99673      0.00054451    1.34E+07     0.00054451    2.34E+07     1.7714E+05    
   1.35E+07     0.99676      0.00052976    1.35E+07     0.00052976    2.35E+07     1.779E+05     
   1.36E+07     0.99682      0.00051783    1.36E+07     0.00051783    2.36E+07     1.7619E+05    
   1.37E+07     0.99671      0.00051445    1.37E+07     0.00051445    2.37E+07     1.7783E+05    
   1.38E+07     0.9967       0.00050111    1.38E+07     0.00050111    2.38E+07     1.777E+05     
   1.39E+07     0.99674      0.00049026    1.39E+07     0.00049026    2.39E+07     1.7179E+05    
   1.4E+07      0.99674      0.00047806    1.4E+07      0.00047806    2.4E+07      1.7344E+05    
   1.41E+07     0.99669      0.00046911    1.41E+07     0.00046911    2.41E+07     1.6966E+05    
   1.42E+07     0.99678      0.00046645    1.42E+07     0.00046645    2.42E+07     1.7133E+05    
   1.43E+07     0.99673      0.00045759    1.43E+07     0.00045759    2.43E+07     1.7051E+05    
   1.44E+07     0.99674      0.00044725    1.44E+07     0.00044725    2.44E+07     1.6984E+05    
   1.45E+07     0.99674      0.00043731    1.45E+07     0.00043731    2.45E+07     1.7145E+05    
   1.46E+07     0.99674      0.00042783    1.46E+07     0.00042783    2.46E+07     1.731E+05     
   1.47E+07     0.99666      0.00042572    1.47E+07     0.00042572    2.47E+07     1.7473E+05    
   1.48E+07     0.99666      0.00041685    1.48E+07     0.00041685    2.48E+07     1.7634E+05    
   1.49E+07     0.99674      0.00041561    1.49E+07     0.00041561    2.49E+07     1.7783E+05    
   1.5E+07      0.9968       0.00041227    1.5E+07      0.00041227    2.5E+07      1.7884E+05    
   1.51E+07     0.99683      0.00040506    1.51E+07     0.00040506    2.51E+07     1.7995E+05    
   1.52E+07     0.99687      0.00039964    1.52E+07     0.00039964    2.52E+07     1.816E+05     
   1.53E+07     0.99681      0.00039608    1.53E+07     0.00039608    2.53E+07     1.8321E+05    
   1.54E+07     0.99689      0.00039591    1.54E+07     0.00039591    2.54E+07     1.8306E+05    
   1.55E+07     0.99696      0.00039573    1.55E+07     0.00039573    2.55E+07     1.8442E+05    
   1.56E+07     0.99693      0.00039009    1.56E+07     0.00039009    2.56E+07     1.8487E+05    
   1.57E+07     0.99695      0.00038375    1.57E+07     0.00038375    2.57E+07     1.8373E+05    
   1.58E+07     0.9969       0.00038087    1.58E+07     0.00038087    2.58E+07     1.8468E+05    
   1.59E+07     0.99688      0.00037493    1.59E+07     0.00037493    2.59E+07     1.8491E+05    
   1.6E+07      0.99688      0.00036876    1.6E+07      0.00036876    2.6E+07      1.8577E+05    
   1.61E+07     0.9969       0.00036298    1.61E+07     0.00036298    2.61E+07     1.8538E+05    
   1.62E+07     0.99689      0.00035735    1.62E+07     0.00035735    2.62E+07     1.8622E+05    
   1.63E+07     0.9969       0.00035205    1.63E+07     0.00035205    2.63E+07     1.8479E+05    
   1.64E+07     0.99694      0.00034899    1.64E+07     0.00034899    2.64E+07     1.8635E+05    
   1.65E+07     0.99693      0.00034403    1.65E+07     0.00034403    2.65E+07     1.879E+05     
   1.66E+07     0.99694      0.00033902    1.66E+07     0.00033902    2.66E+07     1.8603E+05    
   1.67E+07     0.99689      0.00033688    1.67E+07     0.00033688    2.67E+07     1.8715E+05    
   1.68E+07     0.9969       0.00033195    1.68E+07     0.00033195    2.68E+07     1.8866E+05    
   1.69E+07     0.99691      0.00032729    1.69E+07     0.00032729    2.69E+07     1.8997E+05    
   1.7E+07      0.99687      0.00032431    1.7E+07      0.00032431    2.7E+07      1.9093E+05    
   1.71E+07     0.99687      0.00031975    1.71E+07     0.00031975    2.71E+07     1.9047E+05    
   1.72E+07     0.99681      0.00032202    1.72E+07     0.00032202    2.72E+07     1.8677E+05    
   1.73E+07     0.9968       0.00031766    1.73E+07     0.00031766    2.73E+07     1.8756E+05    
   1.74E+07     0.99676      0.00031566    1.74E+07     0.00031566    2.74E+07     1.8896E+05    
   1.75E+07     0.99683      0.00031823    1.75E+07     0.00031823    2.75E+07     1.9027E+05    
   1.76E+07     0.99685      0.00031459    1.76E+07     0.00031459    2.76E+07     1.916E+05     
   1.77E+07     0.99681      0.00031272    1.77E+07     0.00031272    2.77E+07     1.9157E+05    
   1.78E+07     0.99682      0.00030876    1.78E+07     0.00030876    2.78E+07     1.9276E+05    
   1.79E+07     0.99679      0.0003062     1.79E+07     0.0003062     2.79E+07     1.9405E+05    
   1.8E+07      0.99676      0.00030362    1.8E+07      0.00030362    2.8E+07      1.9257E+05    
   1.81E+07     0.99676      0.00029989    1.81E+07     0.00029989    2.81E+07     1.9396E+05    
   1.82E+07     0.99676      0.00029629    1.82E+07     0.00029629    2.82E+07     1.9165E+05    
   1.83E+07     0.99677      0.00029283    1.83E+07     0.00029283    2.83E+07     1.9292E+05    
   1.84E+07     0.99673      0.00029191    1.84E+07     0.00029191    2.84E+07     1.943E+05     
   1.85E+07     0.9967       0.00028987    1.85E+07     0.00028987    2.85E+07     1.9545E+05    
   1.86E+07     0.99671      0.00028693    1.86E+07     0.00028693    2.86E+07     1.9459E+05    
   1.87E+07     0.9967       0.00028396    1.87E+07     0.00028396    2.87E+07     1.9518E+05    
   1.88E+07     0.99676      0.00028701    1.88E+07     0.00028701    2.88E+07     1.9649E+05    
   1.89E+07     0.99677      0.00028383    1.89E+07     0.00028383    2.89E+07     1.9707E+05    
   1.9E+07      0.99672      0.00028439    1.9E+07      0.00028439    2.9E+07      1.9778E+05    
   1.91E+07     0.99673      0.00028143    1.91E+07     0.00028143    2.91E+07     1.9611E+05    
   1.92E+07     0.99671      0.00027939    1.92E+07     0.00027939    2.92E+07     1.9554E+05    
   1.93E+07     0.9967       0.00027643    1.93E+07     0.00027643    2.93E+07     1.9683E+05    
   1.94E+07     0.99674      0.00027667    1.94E+07     0.00027667    2.94E+07     1.9811E+05    
   1.95E+07     0.99678      0.00027647    1.95E+07     0.00027647    2.95E+07     1.9762E+05    
   1.96E+07     0.99681      0.00027492    1.96E+07     0.00027492    2.96E+07     1.9818E+05    
   1.97E+07     0.99681      0.00027209    1.97E+07     0.00027209    2.97E+07     1.9941E+05    
   1.98E+07     0.99681      0.00026932    1.98E+07     0.00026932    2.98E+07     2.0041E+05    
   1.99E+07     0.99681      0.0002666     1.99E+07     0.0002666     2.99E+07     2.0113E+05    
   2E+07        0.99684      0.00026508    2E+07        0.00026508    3E+07        2.018E+05     
   2.01E+07     0.99682      0.00026293    2.01E+07     0.00026293    3.01E+07     2.007E+05     
   2.02E+07     0.99684      0.00026102    2.02E+07     0.00026102    3.02E+07     2.0113E+05    
   2.03E+07     0.99685      0.00025881    2.03E+07     0.00025881    3.03E+07     2.0233E+05    
   2.04E+07     0.99688      0.00025754    2.04E+07     0.00025754    3.04E+07     2.0347E+05    
   2.05E+07     0.9969       0.00025586    2.05E+07     0.00025586    3.05E+07     2.0478E+05    
   2.06E+07     0.99686      0.00025575    2.06E+07     0.00025575    3.06E+07     2.0547E+05    
   2.07E+07     0.99686      0.00025336    2.07E+07     0.00025336    3.07E+07     2.0598E+05    
   2.08E+07     0.99684      0.00025171    2.08E+07     0.00025171    3.08E+07     2.0545E+05    
   2.09E+07     0.99687      0.00025051    2.09E+07     0.00025051    3.09E+07     2.0671E+05    
   2.1E+07      0.9969       0.00025024    2.1E+07      0.00025024    3.1E+07      2.0785E+05    
   2.11E+07     0.99689      0.00024803    2.11E+07     0.00024803    3.11E+07     2.0758E+05    
   2.12E+07     0.99688      0.00024614    2.12E+07     0.00024614    3.12E+07     2.0873E+05    
   2.13E+07     0.99692      0.00024649    2.13E+07     0.00024649    3.13E+07     2.0997E+05    
   2.14E+07     0.99694      0.00024604    2.14E+07     0.00024604    3.14E+07     2.1127E+05    
   2.15E+07     0.99695      0.0002439     2.15E+07     0.0002439     3.15E+07     2.1202E+05    
   2.16E+07     0.99698      0.00024411    2.16E+07     0.00024411    3.16E+07     2.1214E+05    
   2.17E+07     0.997        0.00024325    2.17E+07     0.00024325    3.17E+07     2.1262E+05    
   2.18E+07     0.99697      0.00024398    2.18E+07     0.00024398    3.18E+07     2.1388E+05    
   2.19E+07     0.99698      0.00024247    2.19E+07     0.00024247    3.19E+07     2.1516E+05    
   2.2E+07      0.99699      0.00024065    2.2E+07      0.00024065    3.2E+07      2.1496E+05    
   2.21E+07     0.99698      0.00023924    2.21E+07     0.00023924    3.21E+07     2.16E+05      
   2.22E+07     0.99697      0.0002373     2.22E+07     0.0002373     3.22E+07     2.1726E+05    
   2.23E+07     0.99699      0.00023575    2.23E+07     0.00023575    3.23E+07     2.1775E+05    
   2.24E+07     0.997        0.0002341     2.24E+07     0.0002341     3.24E+07     2.1841E+05    
   2.25E+07     0.99704      0.00023589    2.25E+07     0.00023589    3.25E+07     2.1883E+05    
   2.26E+07     0.99706      0.00023534    2.26E+07     0.00023534    3.26E+07     2.1944E+05    
   2.27E+07     0.9971       0.00023592    2.27E+07     0.00023592    3.27E+07     2.1813E+05    
   2.28E+07     0.99712      0.00023505    2.28E+07     0.00023505    3.28E+07     2.1655E+05    
   2.29E+07     0.99714      0.00023378    2.29E+07     0.00023378    3.29E+07     2.1744E+05    
   2.3E+07      0.99714      0.00023206    2.3E+07      0.00023206    3.3E+07      2.1803E+05    
   2.31E+07     0.99712      0.00023133    2.31E+07     0.00023133    3.31E+07     2.1704E+05    
   2.32E+07     0.99711      0.00022993    2.32E+07     0.00022993    3.32E+07     2.1791E+05    
   2.33E+07     0.99713      0.00022981    2.33E+07     0.00022981    3.33E+07     2.1816E+05    
   2.34E+07     0.99716      0.00022972    2.34E+07     0.00022972    3.34E+07     2.1919E+05    
   2.35E+07     0.99718      0.00022873    2.35E+07     0.00022873    3.35E+07     2.1853E+05    
   2.36E+07     0.99721      0.00022934    2.36E+07     0.00022934    3.36E+07     2.1849E+05    
   2.37E+07     0.9972       0.00022779    2.37E+07     0.00022779    3.37E+07     2.1957E+05    
   2.38E+07     0.99718      0.00022739    2.38E+07     0.00022739    3.38E+07     2.2077E+05    
   2.39E+07     0.99713      0.00023079    2.39E+07     0.00023079    3.39E+07     2.2018E+05    
   2.4E+07      0.99714      0.00022919    2.4E+07      0.00022919    3.4E+07      2.1827E+05    
   2.41E+07     0.99718      0.00023125    2.41E+07     0.00023125    3.41E+07     2.1657E+05    
   2.42E+07     0.99718      0.00022964    2.42E+07     0.00022964    3.42E+07     2.1769E+05    
   2.43E+07     0.99721      0.0002297     2.43E+07     0.0002297     3.43E+07     2.1683E+05    
   2.44E+07     0.99724      0.00022967    2.44E+07     0.00022967    3.44E+07     2.1474E+05    
   2.45E+07     0.99724      0.00022812    2.45E+07     0.00022812    3.45E+07     2.1496E+05    
   2.46E+07     0.99724      0.00022656    2.46E+07     0.00022656    3.46E+07     2.1392E+05    
   2.47E+07     0.99724      0.00022504    2.47E+07     0.00022504    3.47E+07     2.1494E+05    
   2.48E+07     0.99724      0.00022354    2.48E+07     0.00022354    3.48E+07     2.1595E+05    
   2.49E+07     0.99723      0.00022215    2.49E+07     0.00022215    3.49E+07     2.1525E+05    
   2.5E+07      0.99725      0.00022107    2.5E+07      0.00022107    3.5E+07      2.1137E+05    
   2.51E+07     0.99723      0.00021994    2.51E+07     0.00021994    3.51E+07     2.1167E+05    
   2.52E+07     0.99724      0.0002185     2.52E+07     0.0002185     3.52E+07     2.1217E+05    
   2.53E+07     0.99724      0.0002171     2.53E+07     0.0002171     3.53E+07     2.1299E+05    
   2.54E+07     0.99726      0.00021675    2.54E+07     0.00021675    3.54E+07     2.1403E+05    
   2.55E+07     0.99727      0.00021553    2.55E+07     0.00021553    3.55E+07     2.1469E+05    
   2.56E+07     0.99725      0.00021484    2.56E+07     0.00021484    3.56E+07     2.1541E+05    
   2.57E+07     0.99728      0.00021508    2.57E+07     0.00021508    3.57E+07     2.1503E+05    
   2.58E+07     0.99729      0.0002141     2.58E+07     0.0002141     3.58E+07     2.1446E+05    
   2.59E+07     0.99731      0.00021356    2.59E+07     0.00021356    3.59E+07     2.1551E+05    
   2.6E+07      0.99732      0.00021265    2.6E+07      0.00021265    3.6E+07      2.1422E+05    
   2.61E+07     0.99735      0.00021244    2.61E+07     0.00021244    3.61E+07     2.145E+05     
   2.62E+07     0.99733      0.00021156    2.62E+07     0.00021156    3.62E+07     2.1262E+05    
   2.63E+07     0.99731      0.00021197    2.63E+07     0.00021197    3.63E+07     2.1294E+05    
   2.64E+07     0.99731      0.00021068    2.64E+07     0.00021068    3.64E+07     2.1386E+05    
   2.65E+07     0.9973       0.0002094     2.65E+07     0.0002094     3.65E+07     2.1423E+05    
   2.66E+07     0.99728      0.00021003    2.66E+07     0.00021003    3.66E+07     2.1394E+05    
   2.67E+07     0.99727      0.00020901    2.67E+07     0.00020901    3.67E+07     2.1479E+05    
   2.68E+07     0.99727      0.00020778    2.68E+07     0.00020778    3.68E+07     2.1516E+05    
   2.69E+07     0.99726      0.00020667    2.69E+07     0.00020667    3.69E+07     2.1615E+05    
   2.7E+07      0.99727      0.00020575    2.7E+07      0.00020575    3.7E+07      2.1595E+05    
   2.71E+07     0.99729      0.00020562    2.71E+07     0.00020562    3.71E+07     2.1575E+05    
   2.72E+07     0.99733      0.00020726    2.72E+07     0.00020726    3.72E+07     2.1675E+05    
   2.73E+07     0.99734      0.00020644    2.73E+07     0.00020644    3.73E+07     2.1774E+05    
   2.74E+07     0.99734      0.00020529    2.74E+07     0.00020529    3.74E+07     2.1828E+05    
   2.75E+07     0.99734      0.0002042     2.75E+07     0.0002042     3.75E+07     2.1929E+05    
   2.76E+07     0.99735      0.00020312    2.76E+07     0.00020312    3.76E+07     2.2014E+05    
   2.77E+07     0.99733      0.00020277    2.77E+07     0.00020277    3.77E+07     2.2096E+05    
   2.78E+07     0.99734      0.00020177    2.78E+07     0.00020177    3.78E+07     2.2165E+05    
   2.79E+07     0.99734      0.00020073    2.79E+07     0.00020073    3.79E+07     2.2258E+05    
   2.8E+07      0.99732      0.00020114    2.8E+07      0.00020114    3.8E+07      2.2359E+05    
   2.81E+07     0.99732      0.00020006    2.81E+07     0.00020006    3.81E+07     2.2192E+05    
   2.82E+07     0.99734      0.00020091    2.82E+07     0.00020091    3.82E+07     2.2238E+05    
   2.83E+07     0.99735      0.00019987    2.83E+07     0.00019987    3.83E+07     2.2336E+05    
   2.84E+07     0.99735      0.00019881    2.84E+07     0.00019881    3.84E+07     2.2418E+05    
   2.85E+07     0.99734      0.00019787    2.85E+07     0.00019787    3.85E+07     2.2492E+05    
   2.86E+07     0.99732      0.00019796    2.86E+07     0.00019796    3.86E+07     2.2514E+05    
   2.87E+07     0.99734      0.00019731    2.87E+07     0.00019731    3.87E+07     2.2417E+05    
   2.88E+07     0.99734      0.0001963     2.88E+07     0.0001963     3.88E+07     2.2414E+05    
   2.89E+07     0.99735      0.00019567    2.89E+07     0.00019567    3.89E+07     2.2107E+05    
   2.9E+07      0.99736      0.00019498    2.9E+07      0.00019498    3.9E+07      2.2195E+05    
   2.91E+07     0.99739      0.00019546    2.91E+07     0.00019546    3.91E+07     2.229E+05     
   2.92E+07     0.99741      0.00019541    2.92E+07     0.00019541    3.92E+07     2.238E+05     
   2.93E+07     0.9974       0.00019444    2.93E+07     0.00019444    3.93E+07     2.2467E+05    
   2.94E+07     0.99741      0.00019348    2.94E+07     0.00019348    3.94E+07     2.2372E+05    
   2.95E+07     0.99739      0.00019339    2.95E+07     0.00019339    3.95E+07     2.2438E+05    
   2.96E+07     0.9974       0.00019277    2.96E+07     0.00019277    3.96E+07     2.253E+05     
   2.97E+07     0.99741      0.00019185    2.97E+07     0.00019185    3.97E+07     2.2617E+05    
   2.98E+07     0.99741      0.00019105    2.98E+07     0.00019105    3.98E+07     2.2712E+05    
   2.99E+07     0.99742      0.00019038    2.99E+07     0.00019038    3.99E+07     2.2787E+05    
   3E+07        0.99741      0.00018974    3E+07        0.00018974    4E+07        2.2765E+05    
   3.01E+07     0.99739      0.00018994    3.01E+07     0.00018994    4.01E+07     2.2823E+05    
   3.02E+07     0.99741      0.00018942    3.02E+07     0.00018942    4.02E+07     2.2918E+05    
   3.03E+07     0.99741      0.00018855    3.03E+07     0.00018855    4.03E+07     2.2924E+05    
   3.04E+07     0.99742      0.0001877     3.04E+07     0.0001877     4.04E+07     2.2798E+05    
   3.05E+07     0.99742      0.00018679    3.05E+07     0.00018679    4.05E+07     2.2789E+05    
   3.06E+07     0.99741      0.00018617    3.06E+07     0.00018617    4.06E+07     2.2871E+05    
   3.07E+07     0.99739      0.00018564    3.07E+07     0.00018564    4.07E+07     2.2962E+05    
   3.08E+07     0.99738      0.00018558    3.08E+07     0.00018558    4.08E+07     2.3027E+05    
   3.09E+07     0.99738      0.00018469    3.09E+07     0.00018469    4.09E+07     2.3116E+05    
   3.1E+07      0.99738      0.00018389    3.1E+07      0.00018389    4.1E+07      2.3147E+05    
   3.11E+07     0.9974       0.00018371    3.11E+07     0.00018371    4.11E+07     2.3231E+05    
   3.12E+07     0.9974       0.00018291    3.12E+07     0.00018291    4.12E+07     2.3321E+05    
   3.13E+07     0.9974       0.00018205    3.13E+07     0.00018205    4.13E+07     2.3251E+05    
   3.14E+07     0.99741      0.0001812     3.14E+07     0.0001812     4.14E+07     2.3099E+05    
   3.15E+07     0.9974       0.00018058    3.15E+07     0.00018058    4.15E+07     2.318E+05     
   3.16E+07     0.99738      0.00018025    3.16E+07     0.00018025    4.16E+07     2.3191E+05    
   3.17E+07     0.99737      0.00017975    3.17E+07     0.00017975    4.17E+07     2.3209E+05    
   3.18E+07     0.99737      0.00017894    3.18E+07     0.00017894    4.18E+07     2.3077E+05    
   3.19E+07     0.99737      0.00017812    3.19E+07     0.00017812    4.19E+07     2.3059E+05    
   3.2E+07      0.99736      0.00017793    3.2E+07      0.00017793    4.2E+07      2.3104E+05    
   3.21E+07     0.99735      0.00017722    3.21E+07     0.00017722    4.21E+07     2.3184E+05    
   3.22E+07     0.99735      0.00017642    3.22E+07     0.00017642    4.22E+07     2.3195E+05    
   3.23E+07     0.99736      0.00017595    3.23E+07     0.00017595    4.23E+07     2.3262E+05    
   3.24E+07     0.99737      0.00017541    3.24E+07     0.00017541    4.24E+07     2.3267E+05    
   3.25E+07     0.99736      0.00017497    3.25E+07     0.00017497    4.25E+07     2.3082E+05    
   3.26E+07     0.99735      0.00017445    3.26E+07     0.00017445    4.26E+07     2.3151E+05    
   3.27E+07     0.99737      0.00017471    3.27E+07     0.00017471    4.27E+07     2.3215E+05    
   3.28E+07     0.99735      0.00017507    3.28E+07     0.00017507    4.28E+07     2.3297E+05    
   3.29E+07     0.99736      0.00017445    3.29E+07     0.00017445    4.29E+07     2.325E+05     
   3.3E+07      0.99737      0.00017394    3.3E+07      0.00017394    4.3E+07      2.3336E+05    
   3.31E+07     0.99738      0.00017407    3.31E+07     0.00017407    4.31E+07     2.33E+05      
   3.32E+07     0.99738      0.00017346    3.32E+07     0.00017346    4.32E+07     2.3263E+05    
   3.33E+07     0.99739      0.0001731     3.33E+07     0.0001731     4.33E+07     2.3347E+05    
   3.34E+07     0.99739      0.00017243    3.34E+07     0.00017243    4.34E+07     2.3407E+05    
   3.35E+07     0.99741      0.00017242    3.35E+07     0.00017242    4.35E+07     2.3427E+05    
   3.36E+07     0.99742      0.00017218    3.36E+07     0.00017218    4.36E+07     2.2976E+05    
   3.37E+07     0.99742      0.0001715     3.37E+07     0.0001715     4.37E+07     2.2985E+05    
   3.38E+07     0.99742      0.00017079    3.38E+07     0.00017079    4.38E+07     2.2966E+05    
   3.39E+07     0.9974       0.00017075    3.39E+07     0.00017075    4.39E+07     2.3043E+05    
   3.4E+07      0.99743      0.00017124    3.4E+07      0.00017124    4.4E+07      2.2978E+05    
   3.41E+07     0.99744      0.00017166    3.41E+07     0.00017166    4.41E+07     2.303E+05     
   3.42E+07     0.99745      0.00017097    3.42E+07     0.00017097    4.42E+07     2.3082E+05    
   3.43E+07     0.99743      0.00017105    3.43E+07     0.00017105    4.43E+07     2.3161E+05    
   3.44E+07     0.99745      0.00017163    3.44E+07     0.00017163    4.44E+07     2.3156E+05    
   3.45E+07     0.99744      0.00017129    3.45E+07     0.00017129    4.45E+07     2.2879E+05    
   3.46E+07     0.99742      0.00017145    3.46E+07     0.00017145    4.46E+07     2.2732E+05    
   3.47E+07     0.99743      0.00017079    3.47E+07     0.00017079    4.47E+07     2.2808E+05    
   3.48E+07     0.99742      0.00017015    3.48E+07     0.00017015    4.48E+07     2.2754E+05    
   3.49E+07     0.99744      0.00017017    3.49E+07     0.00017017    4.49E+07     2.2834E+05    
   3.5E+07      0.99746      0.00017148    3.5E+07      0.00017148    4.5E+07      2.2841E+05    
   3.51E+07     0.99745      0.00017111    3.51E+07     0.00017111    4.51E+07     2.2893E+05    
   3.52E+07     0.99745      0.00017066    3.52E+07     0.00017066    4.52E+07     2.2972E+05    
   3.53E+07     0.99744      0.00017009    3.53E+07     0.00017009    4.53E+07     2.2845E+05    
   3.54E+07     0.99744      0.00016943    3.54E+07     0.00016943    4.54E+07     2.2907E+05    
   3.55E+07     0.99743      0.00016893    3.55E+07     0.00016893    4.55E+07     2.2716E+05    
   3.56E+07     0.99744      0.00016838    3.56E+07     0.00016838    4.56E+07     2.2615E+05    
   3.57E+07     0.99745      0.00016829    3.57E+07     0.00016829    4.57E+07     2.268E+05     
   3.58E+07     0.99744      0.00016825    3.58E+07     0.00016825    4.58E+07     2.2691E+05    
   3.59E+07     0.99743      0.00016761    3.59E+07     0.00016761    4.59E+07     2.2645E+05    
   3.6E+07      0.99742      0.00016787    3.6E+07      0.00016787    4.6E+07      2.2721E+05    
   3.61E+07     0.99743      0.00016753    3.61E+07     0.00016753    4.61E+07     2.2789E+05    
   3.62E+07     0.99745      0.00016803    3.62E+07     0.00016803    4.62E+07     2.2831E+05    
   3.63E+07     0.99746      0.00016767    3.63E+07     0.00016767    4.63E+07     2.2868E+05    
   3.64E+07     0.99746      0.00016707    3.64E+07     0.00016707    4.64E+07     2.294E+05     
   3.65E+07     0.99745      0.0001667     3.65E+07     0.0001667     4.65E+07     2.2989E+05    
   3.66E+07     0.99744      0.00016658    3.66E+07     0.00016658    4.66E+07     2.3053E+05    
   3.67E+07     0.99744      0.00016602    3.67E+07     0.00016602    4.67E+07     2.3089E+05    
   3.68E+07     0.99743      0.00016566    3.68E+07     0.00016566    4.68E+07     2.3089E+05    
   3.69E+07     0.99743      0.00016504    3.69E+07     0.00016504    4.69E+07     2.3122E+05    
   3.7E+07      0.99744      0.00016489    3.7E+07      0.00016489    4.7E+07      2.3076E+05    
   3.71E+07     0.99746      0.00016475    3.71E+07     0.00016475    4.71E+07     2.3146E+05    
   3.72E+07     0.99746      0.00016414    3.72E+07     0.00016414    4.72E+07     2.3219E+05    
   3.73E+07     0.99746      0.00016354    3.73E+07     0.00016354    4.73E+07     2.319E+05     
   3.74E+07     0.99745      0.00016312    3.74E+07     0.00016312    4.74E+07     2.3261E+05    
   3.75E+07     0.99745      0.00016253    3.75E+07     0.00016253    4.75E+07     2.3332E+05    
   3.76E+07     0.99745      0.000162      3.76E+07     0.000162      4.76E+07     2.3273E+05    
   3.77E+07     0.99744      0.00016147    3.77E+07     0.00016147    4.77E+07     2.3294E+05    
   3.78E+07     0.99744      0.00016101    3.78E+07     0.00016101    4.78E+07     2.3341E+05    
   3.79E+07     0.99743      0.00016045    3.79E+07     0.00016045    4.79E+07     2.3396E+05    
   3.8E+07      0.99743      0.00015988    3.8E+07      0.00015988    4.8E+07      2.3398E+05    
   3.81E+07     0.99741      0.00016027    3.81E+07     0.00016027    4.81E+07     2.347E+05     
   3.82E+07     0.99742      0.00015989    3.82E+07     0.00015989    4.82E+07     2.3544E+05    
   3.83E+07     0.99742      0.00015933    3.83E+07     0.00015933    4.83E+07     2.3337E+05    
   3.84E+07     0.99742      0.00015883    3.84E+07     0.00015883    4.84E+07     2.3323E+05    
   3.85E+07     0.99742      0.00015836    3.85E+07     0.00015836    4.85E+07     2.3395E+05    
   3.86E+07     0.99743      0.00015807    3.86E+07     0.00015807    4.86E+07     2.3465E+05    
   3.87E+07     0.99745      0.00015821    3.87E+07     0.00015821    4.87E+07     2.3528E+05    
   3.88E+07     0.99746      0.00015801    3.88E+07     0.00015801    4.88E+07     2.356E+05     
   3.89E+07     0.99748      0.0001589     3.89E+07     0.0001589     4.89E+07     2.3596E+05    
   3.9E+07      0.99748      0.00015837    3.9E+07      0.00015837    4.9E+07      2.356E+05     
   3.91E+07     0.99748      0.00015783    3.91E+07     0.00015783    4.91E+07     2.3577E+05    
   3.92E+07     0.99748      0.00015731    3.92E+07     0.00015731    4.92E+07     2.3578E+05    
   3.93E+07     0.99749      0.00015681    3.93E+07     0.00015681    4.93E+07     2.349E+05     
   3.94E+07     0.99747      0.00015693    3.94E+07     0.00015693    4.94E+07     2.3558E+05    
   3.95E+07     0.99747      0.0001565     3.95E+07     0.0001565     4.95E+07     2.3597E+05    
   3.96E+07     0.99746      0.00015598    3.96E+07     0.00015598    4.96E+07     2.3667E+05    
   3.97E+07     0.99746      0.00015549    3.97E+07     0.00015549    4.97E+07     2.3646E+05    
   3.98E+07     0.99746      0.00015497    3.98E+07     0.00015497    4.98E+07     2.371E+05     
   3.99E+07     0.99746      0.00015451    3.99E+07     0.00015451    4.99E+07     2.3765E+05    
   4E+07        0.99745      0.00015439    4E+07        0.00015439    5E+07        2.3749E+05    
   4.01E+07     0.99745      0.000154      4.01E+07     0.000154      5.01E+07     2.3813E+05    
   4.02E+07     0.99745      0.00015349    4.02E+07     0.00015349    5.02E+07     2.3785E+05    
   4.03E+07     0.99744      0.00015328    4.03E+07     0.00015328    5.03E+07     2.3822E+05    
   4.04E+07     0.99743      0.00015351    4.04E+07     0.00015351    5.04E+07     2.3747E+05    
   4.05E+07     0.99744      0.00015335    4.05E+07     0.00015335    5.05E+07     2.374E+05     
   4.06E+07     0.99743      0.00015288    4.06E+07     0.00015288    5.06E+07     2.3804E+05    
   4.07E+07     0.99744      0.00015239    4.07E+07     0.00015239    5.07E+07     2.3874E+05    
   4.08E+07     0.99743      0.00015198    4.08E+07     0.00015198    5.08E+07     2.3808E+05    
   4.09E+07     0.99743      0.0001515     4.09E+07     0.0001515     5.09E+07     2.3781E+05    
   4.1E+07      0.99744      0.00015122    4.1E+07      0.00015122    5.1E+07      2.3837E+05    
   4.11E+07     0.99744      0.00015076    4.11E+07     0.00015076    5.11E+07     2.3905E+05    
   4.12E+07     0.99744      0.00015028    4.12E+07     0.00015028    5.12E+07     2.3974E+05    
   4.13E+07     0.99745      0.00015032    4.13E+07     0.00015032    5.13E+07     2.3944E+05    
   4.14E+07     0.99743      0.00015063    4.14E+07     0.00015063    5.14E+07     2.3833E+05    
   4.15E+07     0.99743      0.00015019    4.15E+07     0.00015019    5.15E+07     2.3877E+05    
   4.16E+07     0.99744      0.00014996    4.16E+07     0.00014996    5.16E+07     2.3916E+05    
   4.17E+07     0.99745      0.00014973    4.17E+07     0.00014973    5.17E+07     2.3975E+05    
   4.18E+07     0.99746      0.00014997    4.18E+07     0.00014997    5.18E+07     2.3997E+05    
   4.19E+07     0.99747      0.00014985    4.19E+07     0.00014985    5.19E+07     2.4005E+05    
   4.2E+07      0.99746      0.00014952    4.2E+07      0.00014952    5.2E+07      2.4074E+05    
   4.21E+07     0.99746      0.00014909    4.21E+07     0.00014909    5.21E+07     2.4091E+05    
   4.22E+07     0.99747      0.00014887    4.22E+07     0.00014887    5.22E+07     2.4112E+05    
   4.23E+07     0.99748      0.00014848    4.23E+07     0.00014848    5.23E+07     2.4113E+05    
   4.24E+07     0.99747      0.00014829    4.24E+07     0.00014829    5.24E+07     2.3979E+05    
   4.25E+07     0.99748      0.0001487     4.25E+07     0.0001487     5.25E+07     2.3968E+05    
   4.26E+07     0.99748      0.0001483     4.26E+07     0.0001483     5.26E+07     2.4025E+05    
   4.27E+07     0.99747      0.00014793    4.27E+07     0.00014793    5.27E+07     2.4084E+05    
   4.28E+07     0.99747      0.00014749    4.28E+07     0.00014749    5.28E+07     2.3836E+05    
   4.29E+07     0.99748      0.00014746    4.29E+07     0.00014746    5.29E+07     2.3828E+05    
   4.3E+07      0.99748      0.00014702    4.3E+07      0.00014702    5.3E+07      2.3893E+05    
   4.31E+07     0.99747      0.00014696    4.31E+07     0.00014696    5.31E+07     2.3927E+05    
   4.32E+07     0.99746      0.00014691    4.32E+07     0.00014691    5.32E+07     2.3991E+05    
   4.33E+07     0.99746      0.00014647    4.33E+07     0.00014647    5.33E+07     2.4037E+05    
   4.34E+07     0.99745      0.00014611    4.34E+07     0.00014611    5.34E+07     2.4024E+05    
   4.35E+07     0.99745      0.00014588    4.35E+07     0.00014588    5.35E+07     2.401E+05     
   4.36E+07     0.99747      0.00014713    4.36E+07     0.00014713    5.36E+07     2.4076E+05    
   4.37E+07     0.99746      0.00014693    4.37E+07     0.00014693    5.37E+07     2.3841E+05    
   4.38E+07     0.99745      0.00014682    4.38E+07     0.00014682    5.38E+07     2.3601E+05    
   4.39E+07     0.99745      0.00014641    4.39E+07     0.00014641    5.39E+07     2.3624E+05    
   4.4E+07      0.99744      0.00014645    4.4E+07      0.00014645    5.4E+07      2.3277E+05    
   4.41E+07     0.99745      0.00014611    4.41E+07     0.00014611    5.41E+07     2.3233E+05    
   4.42E+07     0.99745      0.00014578    4.42E+07     0.00014578    5.42E+07     2.3138E+05    
   4.43E+07     0.99745      0.00014537    4.43E+07     0.00014537    5.43E+07     2.3157E+05    
   4.44E+07     0.99746      0.00014521    4.44E+07     0.00014521    5.44E+07     2.3176E+05    
   4.45E+07     0.99744      0.00014593    4.45E+07     0.00014593    5.45E+07     2.319E+05     
   4.46E+07     0.99746      0.00014621    4.46E+07     0.00014621    5.46E+07     2.3251E+05    
   4.47E+07     0.99746      0.00014581    4.47E+07     0.00014581    5.47E+07     2.3272E+05    
   4.48E+07     0.99747      0.00014581    4.48E+07     0.00014581    5.48E+07     2.3324E+05    
   4.49E+07     0.99747      0.00014539    4.49E+07     0.00014539    5.49E+07     2.3385E+05    
   4.5E+07      0.99748      0.0001452     4.5E+07      0.0001452     5.5E+07      2.3421E+05    
   4.51E+07     0.99749      0.00014488    4.51E+07     0.00014488    5.51E+07     2.3464E+05    
   4.52E+07     0.99749      0.00014446    4.52E+07     0.00014446    5.52E+07     2.3523E+05    
   4.53E+07     0.9975       0.0001447     4.53E+07     0.0001447     5.53E+07     2.3565E+05    
   4.54E+07     0.9975       0.00014434    4.54E+07     0.00014434    5.54E+07     2.3573E+05    
   4.55E+07     0.99752      0.00014479    4.55E+07     0.00014479    5.55E+07     2.3632E+05    
   4.56E+07     0.99751      0.00014495    4.56E+07     0.00014495    5.56E+07     2.3686E+05    
   4.57E+07     0.99751      0.00014458    4.57E+07     0.00014458    5.57E+07     2.3703E+05    
   4.58E+07     0.99752      0.00014439    4.58E+07     0.00014439    5.58E+07     2.3762E+05    
   4.59E+07     0.99753      0.00014437    4.59E+07     0.00014437    5.59E+07     2.3804E+05    
   4.6E+07      0.99753      0.00014397    4.6E+07      0.00014397    5.6E+07      2.3853E+05    
   4.61E+07     0.99753      0.0001436     4.61E+07     0.0001436     5.61E+07     2.3785E+05    
   4.62E+07     0.99754      0.00014331    4.62E+07     0.00014331    5.62E+07     2.3827E+05    
   4.63E+07     0.99754      0.00014304    4.63E+07     0.00014304    5.63E+07     2.3867E+05    
   4.64E+07     0.99754      0.00014266    4.64E+07     0.00014266    5.64E+07     2.3764E+05    
   4.65E+07     0.99755      0.00014235    4.65E+07     0.00014235    5.65E+07     2.382E+05     
   4.66E+07     0.99755      0.000142      4.66E+07     0.000142      5.66E+07     2.3872E+05    
   4.67E+07     0.99756      0.00014173    4.67E+07     0.00014173    5.67E+07     2.3928E+05    
   4.68E+07     0.99755      0.00014158    4.68E+07     0.00014158    5.68E+07     2.3981E+05    
   4.69E+07     0.99756      0.00014133    4.69E+07     0.00014133    5.69E+07     2.4012E+05    
   4.7E+07      0.99755      0.00014132    4.7E+07      0.00014132    5.7E+07      2.4022E+05    
   4.71E+07     0.99754      0.00014095    4.71E+07     0.00014095    5.71E+07     2.4013E+05    
   4.72E+07     0.99754      0.00014058    4.72E+07     0.00014058    5.72E+07     2.4073E+05    
   4.73E+07     0.99755      0.00014051    4.73E+07     0.00014051    5.73E+07     2.4093E+05    
   4.74E+07     0.99755      0.00014015    4.74E+07     0.00014015    5.74E+07     2.4148E+05    
   4.75E+07     0.99755      0.00013979    4.75E+07     0.00013979    5.75E+07     2.398E+05     
   4.76E+07     0.99754      0.00013982    4.76E+07     0.00013982    5.76E+07     2.4009E+05    
   4.77E+07     0.99755      0.0001396     4.77E+07     0.0001396     5.77E+07     2.3864E+05    
   4.78E+07     0.99754      0.00013932    4.78E+07     0.00013932    5.78E+07     2.3893E+05    
   4.79E+07     0.99754      0.00013901    4.79E+07     0.00013901    5.79E+07     2.3946E+05    
   4.8E+07      0.99755      0.00013885    4.8E+07      0.00013885    5.8E+07      2.3976E+05    
   4.81E+07     0.99755      0.00013849    4.81E+07     0.00013849    5.81E+07     2.4028E+05    
   4.82E+07     0.99755      0.00013813    4.82E+07     0.00013813    5.82E+07     2.4029E+05    
   4.83E+07     0.99753      0.00013859    4.83E+07     0.00013859    5.83E+07     2.4015E+05    
   4.84E+07     0.99754      0.00013849    4.84E+07     0.00013849    5.84E+07     2.4025E+05    
   4.85E+07     0.99754      0.00013813    4.85E+07     0.00013813    5.85E+07     2.4036E+05    
   4.86E+07     0.99754      0.00013778    4.86E+07     0.00013778    5.86E+07     2.4093E+05    
   4.87E+07     0.99754      0.00013746    4.87E+07     0.00013746    5.87E+07     2.4149E+05    
   4.88E+07     0.99753      0.00013722    4.88E+07     0.00013722    5.88E+07     2.4198E+05    
   4.89E+07     0.99754      0.00013697    4.89E+07     0.00013697    5.89E+07     2.4255E+05    
   4.9E+07      0.99753      0.00013693    4.9E+07      0.00013693    5.9E+07      2.4252E+05    
   4.91E+07     0.99754      0.00013674    4.91E+07     0.00013674    5.91E+07     2.4285E+05    
   4.92E+07     0.99753      0.0001366     4.92E+07     0.0001366     5.92E+07     2.4333E+05    
   4.93E+07     0.99754      0.00013671    4.93E+07     0.00013671    5.93E+07     2.4174E+05    
   4.94E+07     0.99754      0.00013637    4.94E+07     0.00013637    5.94E+07     2.4183E+05    
   4.95E+07     0.99754      0.00013612    4.95E+07     0.00013612    5.95E+07     2.3909E+05    
   4.96E+07     0.99754      0.00013578    4.96E+07     0.00013578    5.96E+07     2.396E+05     
   4.97E+07     0.99753      0.0001357     4.97E+07     0.0001357     5.97E+07     2.395E+05     
   4.98E+07     0.99753      0.00013538    4.98E+07     0.00013538    5.98E+07     2.3952E+05    
   4.99E+07     0.99754      0.00013508    4.99E+07     0.00013508    5.99E+07     2.3994E+05    
   5E+07        0.99753      0.00013499    5E+07        0.00013499    6E+07        2.4029E+05    
   5.01E+07     0.99753      0.00013467    5.01E+07     0.00013467    6.01E+07     2.4085E+05    
   5.02E+07     0.99753      0.00013462    5.02E+07     0.00013462    6.02E+07     2.4141E+05    
   5.03E+07     0.99753      0.00013438    5.03E+07     0.00013438    6.03E+07     2.4056E+05    
   5.04E+07     0.99754      0.00013446    5.04E+07     0.00013446    6.04E+07     2.4104E+05    
   5.05E+07     0.99753      0.00013434    5.05E+07     0.00013434    6.05E+07     2.4102E+05    
   5.06E+07     0.99753      0.00013402    5.06E+07     0.00013402    6.06E+07     2.4078E+05    
   5.07E+07     0.99753      0.00013369    5.07E+07     0.00013369    6.07E+07     2.4123E+05    
   5.08E+07     0.99752      0.00013375    5.08E+07     0.00013375    6.08E+07     2.4177E+05    
   5.09E+07     0.99753      0.00013369    5.09E+07     0.00013369    6.09E+07     2.4233E+05    
   5.1E+07      0.99753      0.0001334     5.1E+07      0.0001334     6.1E+07      2.4284E+05    
   5.11E+07     0.99753      0.00013308    5.11E+07     0.00013308    6.11E+07     2.4269E+05    
   5.12E+07     0.99753      0.00013275    5.12E+07     0.00013275    6.12E+07     2.4322E+05    
   5.13E+07     0.99752      0.00013271    5.13E+07     0.00013271    6.13E+07     2.4313E+05    
   5.14E+07     0.99751      0.00013288    5.14E+07     0.00013288    6.14E+07     2.4367E+05    
   5.15E+07     0.99752      0.00013263    5.15E+07     0.00013263    6.15E+07     2.4422E+05    
   5.16E+07     0.99752      0.00013239    5.16E+07     0.00013239    6.16E+07     2.4461E+05    
   5.17E+07     0.99752      0.0001321     5.17E+07     0.0001321     6.17E+07     2.4511E+05    
   5.18E+07     0.99753      0.00013191    5.18E+07     0.00013191    6.18E+07     2.4549E+05    
   5.19E+07     0.99752      0.00013176    5.19E+07     0.00013176    6.19E+07     2.4533E+05    
   5.2E+07      0.99752      0.00013144    5.2E+07      0.00013144    6.2E+07      2.4585E+05    
   5.21E+07     0.99752      0.00013127    5.21E+07     0.00013127    6.21E+07     2.4618E+05    
   5.22E+07     0.99752      0.00013109    5.22E+07     0.00013109    6.22E+07     2.4668E+05    
   5.23E+07     0.99753      0.00013095    5.23E+07     0.00013095    6.23E+07     2.4702E+05    
   5.24E+07     0.99752      0.00013119    5.24E+07     0.00013119    6.24E+07     2.4754E+05    
   5.25E+07     0.99751      0.0001311     5.25E+07     0.0001311     6.25E+07     2.4794E+05    
   5.26E+07     0.99751      0.00013082    5.26E+07     0.00013082    6.26E+07     2.4849E+05    
   5.27E+07     0.99751      0.00013053    5.27E+07     0.00013053    6.27E+07     2.4855E+05    
   5.28E+07     0.99753      0.00013108    5.28E+07     0.00013108    6.28E+07     2.4845E+05    
   5.29E+07     0.99754      0.00013098    5.29E+07     0.00013098    6.29E+07     2.4817E+05    
   5.3E+07      0.99754      0.00013067    5.3E+07      0.00013067    6.3E+07      2.4837E+05    
   5.31E+07     0.99753      0.00013046    5.31E+07     0.00013046    6.31E+07     2.4888E+05    
   5.32E+07     0.99753      0.00013016    5.32E+07     0.00013016    6.32E+07     2.494E+05     
   5.33E+07     0.99754      0.00012991    5.33E+07     0.00012991    6.33E+07     2.4911E+05    
   5.34E+07     0.99754      0.00012982    5.34E+07     0.00012982    6.34E+07     2.494E+05     
   5.35E+07     0.99754      0.00012972    5.35E+07     0.00012972    6.35E+07     2.4928E+05    
   5.36E+07     0.99754      0.00012943    5.36E+07     0.00012943    6.36E+07     2.4948E+05    
   5.37E+07     0.99755      0.00012994    5.37E+07     0.00012994    6.37E+07     2.5001E+05    
   5.38E+07     0.99754      0.00013048    5.38E+07     0.00013048    6.38E+07     2.5026E+05    
   5.39E+07     0.99753      0.00013029    5.39E+07     0.00013029    6.39E+07     2.508E+05     
   5.4E+07      0.99755      0.00013113    5.4E+07      0.00013113    6.4E+07      2.5073E+05    
   5.41E+07     0.99756      0.00013114    5.41E+07     0.00013114    6.41E+07     2.5109E+05    
   5.42E+07     0.99755      0.00013128    5.42E+07     0.00013128    6.42E+07     2.5027E+05    
   5.43E+07     0.99754      0.00013111    5.43E+07     0.00013111    6.43E+07     2.495E+05     
   5.44E+07     0.99755      0.00013093    5.44E+07     0.00013093    6.44E+07     2.497E+05     
   5.45E+07     0.99754      0.00013077    5.45E+07     0.00013077    6.45E+07     2.5002E+05    
   5.46E+07     0.99754      0.00013048    5.46E+07     0.00013048    6.46E+07     2.5042E+05    
   5.47E+07     0.99755      0.0001303     5.47E+07     0.0001303     6.47E+07     2.5089E+05    
   5.48E+07     0.99754      0.00013003    5.48E+07     0.00013003    6.48E+07     2.5141E+05    
   5.49E+07     0.99754      0.00012974    5.49E+07     0.00012974    6.49E+07     2.515E+05     
   5.5E+07      0.99755      0.00012952    5.5E+07      0.00012952    6.5E+07      2.516E+05     
   5.51E+07     0.99754      0.00012929    5.51E+07     0.00012929    6.51E+07     2.5062E+05    
   5.52E+07     0.99754      0.00012901    5.52E+07     0.00012901    6.52E+07     2.5107E+05    
   5.53E+07     0.99754      0.00012877    5.53E+07     0.00012877    6.53E+07     2.5118E+05    
   5.54E+07     0.99753      0.00012863    5.54E+07     0.00012863    6.54E+07     2.5167E+05    
   5.55E+07     0.99753      0.00012836    5.55E+07     0.00012836    6.55E+07     2.5145E+05    
   5.56E+07     0.99754      0.00012809    5.56E+07     0.00012809    6.56E+07     2.5192E+05    
   5.57E+07     0.99754      0.00012793    5.57E+07     0.00012793    6.57E+07     2.5237E+05    
   5.58E+07     0.99754      0.00012766    5.58E+07     0.00012766    6.58E+07     2.5264E+05    
   5.59E+07     0.99754      0.00012743    5.59E+07     0.00012743    6.59E+07     2.5301E+05    
   5.6E+07      0.99754      0.00012718    5.6E+07      0.00012718    6.6E+07      2.5344E+05    
   5.61E+07     0.99755      0.00012725    5.61E+07     0.00012725    6.61E+07     2.5386E+05    
   5.62E+07     0.99755      0.00012702    5.62E+07     0.00012702    6.62E+07     2.5424E+05    
   5.63E+07     0.99754      0.0001268     5.63E+07     0.0001268     6.63E+07     2.5469E+05    
   5.64E+07     0.99753      0.00012696    5.64E+07     0.00012696    6.64E+07     2.552E+05     
   5.65E+07     0.99753      0.0001267     5.65E+07     0.0001267     6.65E+07     2.552E+05     
   5.66E+07     0.99753      0.00012645    5.66E+07     0.00012645    6.66E+07     2.5571E+05    
   5.67E+07     0.99753      0.00012618    5.67E+07     0.00012618    6.67E+07     2.5544E+05    
   5.68E+07     0.99753      0.00012593    5.68E+07     0.00012593    6.68E+07     2.5576E+05    
   5.69E+07     0.99753      0.00012574    5.69E+07     0.00012574    6.69E+07     2.5557E+05    
   5.7E+07      0.99753      0.0001256     5.7E+07      0.0001256     6.7E+07      2.5602E+05    
   5.71E+07     0.99753      0.00012551    5.71E+07     0.00012551    6.71E+07     2.5648E+05    
   5.72E+07     0.99753      0.00012525    5.72E+07     0.00012525    6.72E+07     2.5693E+05    
   5.73E+07     0.99753      0.00012508    5.73E+07     0.00012508    6.73E+07     2.5688E+05    
   5.74E+07     0.99753      0.00012483    5.74E+07     0.00012483    6.74E+07     2.5708E+05    
   5.75E+07     0.99754      0.00012516    5.75E+07     0.00012516    6.75E+07     2.5725E+05    
   5.76E+07     0.99754      0.00012497    5.76E+07     0.00012497    6.76E+07     2.5581E+05    
   5.77E+07     0.99755      0.00012524    5.77E+07     0.00012524    6.77E+07     2.5614E+05    
   5.78E+07     0.99755      0.00012505    5.78E+07     0.00012505    6.78E+07     2.5661E+05    
   5.79E+07     0.99755      0.0001248     5.79E+07     0.0001248     6.79E+07     2.5649E+05    
   5.8E+07      0.99754      0.00012462    5.8E+07      0.00012462    6.8E+07      2.5681E+05    
   5.81E+07     0.99754      0.00012437    5.81E+07     0.00012437    6.81E+07     2.5662E+05    
   5.82E+07     0.99755      0.00012426    5.82E+07     0.00012426    6.82E+07     2.5708E+05    
   5.83E+07     0.99754      0.00012419    5.83E+07     0.00012419    6.83E+07     2.5682E+05    
   5.84E+07     0.99755      0.00012406    5.84E+07     0.00012406    6.84E+07     2.5721E+05    
   5.85E+07     0.99754      0.00012392    5.85E+07     0.00012392    6.85E+07     2.5753E+05    
   5.86E+07     0.99754      0.00012367    5.86E+07     0.00012367    6.86E+07     2.5725E+05    
   5.87E+07     0.99754      0.00012342    5.87E+07     0.00012342    6.87E+07     2.5763E+05    
   5.88E+07     0.99754      0.00012319    5.88E+07     0.00012319    6.88E+07     2.5812E+05    
   5.89E+07     0.99754      0.00012294    5.89E+07     0.00012294    6.89E+07     2.5847E+05    
   5.9E+07      0.99755      0.00012284    5.9E+07      0.00012284    6.9E+07      2.5887E+05    
   5.91E+07     0.99755      0.00012265    5.91E+07     0.00012265    6.91E+07     2.5857E+05    
   5.92E+07     0.99755      0.00012242    5.92E+07     0.00012242    6.92E+07     2.5905E+05    
   5.93E+07     0.99754      0.00012272    5.93E+07     0.00012272    6.93E+07     2.5952E+05    
   5.94E+07     0.99754      0.0001226     5.94E+07     0.0001226     6.94E+07     2.5805E+05    
   5.95E+07     0.99753      0.00012319    5.95E+07     0.00012319    6.95E+07     2.5821E+05    
   5.96E+07     0.99753      0.00012296    5.96E+07     0.00012296    6.96E+07     2.5793E+05    
   5.97E+07     0.99753      0.00012288    5.97E+07     0.00012288    6.97E+07     2.5815E+05    
   5.98E+07     0.99752      0.00012277    5.98E+07     0.00012277    6.98E+07     2.5815E+05    
   5.99E+07     0.99752      0.00012256    5.99E+07     0.00012256    6.99E+07     2.5845E+05    
   6E+07        0.99752      0.00012236    6E+07        0.00012236    7E+07        2.5837E+05    
   6.01E+07     0.99752      0.00012212    6.01E+07     0.00012212    7.01E+07     2.5847E+05    
   6.02E+07     0.99752      0.00012188    6.02E+07     0.00012188    7.02E+07     2.5871E+05    
   6.03E+07     0.99751      0.00012199    6.03E+07     0.00012199    7.03E+07     2.592E+05     
   6.04E+07     0.99751      0.00012177    6.04E+07     0.00012177    7.04E+07     2.5915E+05    
   6.05E+07     0.99751      0.00012167    6.05E+07     0.00012167    7.05E+07     2.5964E+05    
   6.06E+07     0.99751      0.00012163    6.06E+07     0.00012163    7.06E+07     2.6012E+05    
   6.07E+07     0.99751      0.00012142    6.07E+07     0.00012142    7.07E+07     2.5997E+05    
   6.08E+07     0.99751      0.00012118    6.08E+07     0.00012118    7.08E+07     2.5983E+05    
   6.09E+07     0.99751      0.00012094    6.09E+07     0.00012094    7.09E+07     2.6031E+05    
   6.1E+07      0.99751      0.00012071    6.1E+07      0.00012071    7.1E+07      2.6043E+05    
   6.11E+07     0.9975       0.00012065    6.11E+07     0.00012065    7.11E+07     2.6074E+05    
   6.12E+07     0.9975       0.00012042    6.12E+07     0.00012042    7.12E+07     2.612E+05     
   6.13E+07     0.9975       0.00012034    6.13E+07     0.00012034    7.13E+07     2.6124E+05    
   6.14E+07     0.9975       0.00012011    6.14E+07     0.00012011    7.14E+07     2.616E+05     
   6.15E+07     0.9975       0.00011988    6.15E+07     0.00011988    7.15E+07     2.6198E+05    
   6.16E+07     0.9975       0.00011968    6.16E+07     0.00011968    7.16E+07     2.6237E+05    
   6.17E+07     0.9975       0.00011946    6.17E+07     0.00011946    7.17E+07     2.6174E+05    
   6.18E+07     0.9975       0.00011927    6.18E+07     0.00011927    7.18E+07     2.6214E+05    
   6.19E+07     0.9975       0.00011921    6.19E+07     0.00011921    7.19E+07     2.623E+05     
   6.2E+07      0.99749      0.00011899    6.2E+07      0.00011899    7.2E+07      2.6253E+05    
   6.21E+07     0.99749      0.00011881    6.21E+07     0.00011881    7.21E+07     2.6293E+05    
   6.22E+07     0.99749      0.0001186     6.22E+07     0.0001186     7.22E+07     2.6243E+05    
   6.23E+07     0.9975       0.00011842    6.23E+07     0.00011842    7.23E+07     2.6274E+05    
   6.24E+07     0.9975       0.0001182     6.24E+07     0.0001182     7.24E+07     2.6322E+05    
   6.25E+07     0.9975       0.000118      6.25E+07     0.000118      7.25E+07     2.6369E+05    
   6.26E+07     0.9975       0.00011778    6.26E+07     0.00011778    7.26E+07     2.6416E+05    
   6.27E+07     0.99749      0.00011767    6.27E+07     0.00011767    7.27E+07     2.6462E+05    
   6.28E+07     0.9975       0.0001176     6.28E+07     0.0001176     7.28E+07     2.6367E+05    
   6.29E+07     0.99749      0.00011757    6.29E+07     0.00011757    7.29E+07     2.6411E+05    
   6.3E+07      0.99749      0.00011743    6.3E+07      0.00011743    7.3E+07      2.6458E+05    
   6.31E+07     0.99749      0.00011721    6.31E+07     0.00011721    7.31E+07     2.6505E+05    
   6.32E+07     0.99749      0.000117      6.32E+07     0.000117      7.32E+07     2.655E+05     
   6.33E+07     0.9975       0.00011697    6.33E+07     0.00011697    7.33E+07     2.6596E+05    
   6.34E+07     0.9975       0.00011681    6.34E+07     0.00011681    7.34E+07     2.6629E+05    
   6.35E+07     0.9975       0.00011674    6.35E+07     0.00011674    7.35E+07     2.6596E+05    
   6.36E+07     0.9975       0.0001166     6.36E+07     0.0001166     7.36E+07     2.6614E+05    
   6.37E+07     0.9975       0.00011639    6.37E+07     0.00011639    7.37E+07     2.6657E+05    
   6.38E+07     0.99751      0.00011624    6.38E+07     0.00011624    7.38E+07     2.6701E+05    
   6.39E+07     0.9975       0.00011602    6.39E+07     0.00011602    7.39E+07     2.6713E+05    
   6.4E+07      0.9975       0.00011595    6.4E+07      0.00011595    7.4E+07      2.6752E+05    
   6.41E+07     0.9975       0.00011577    6.41E+07     0.00011577    7.41E+07     2.6627E+05    
   6.42E+07     0.9975       0.00011587    6.42E+07     0.00011587    7.42E+07     2.6673E+05    
   6.43E+07     0.9975       0.00011596    6.43E+07     0.00011596    7.43E+07     2.6716E+05    
   6.44E+07     0.9975       0.00011582    6.44E+07     0.00011582    7.44E+07     2.6729E+05    
   6.45E+07     0.9975       0.00011565    6.45E+07     0.00011565    7.45E+07     2.671E+05     
   6.46E+07     0.99751      0.00011547    6.46E+07     0.00011547    7.46E+07     2.6715E+05    
   6.47E+07     0.99751      0.00011527    6.47E+07     0.00011527    7.47E+07     2.6743E+05    
   6.48E+07     0.99751      0.00011506    6.48E+07     0.00011506    7.48E+07     2.6789E+05    
   6.49E+07     0.99751      0.00011495    6.49E+07     0.00011495    7.49E+07     2.6834E+05    
   6.5E+07      0.99752      0.00011484    6.5E+07      0.00011484    7.5E+07      2.6301E+05    
   6.51E+07     0.99751      0.00011497    6.51E+07     0.00011497    7.51E+07     2.6283E+05    
   6.52E+07     0.99751      0.00011478    6.52E+07     0.00011478    7.52E+07     2.632E+05     
   6.53E+07     0.99751      0.00011467    6.53E+07     0.00011467    7.53E+07     2.6325E+05    
   6.54E+07     0.99751      0.00011447    6.54E+07     0.00011447    7.54E+07     2.637E+05     
   6.55E+07     0.99752      0.00011443    6.55E+07     0.00011443    7.55E+07     2.6414E+05    
   6.56E+07     0.99752      0.00011424    6.56E+07     0.00011424    7.56E+07     2.6459E+05    
   6.57E+07     0.99752      0.00011405    6.57E+07     0.00011405    7.57E+07     2.6491E+05    
   6.58E+07     0.99753      0.0001139     6.58E+07     0.0001139     7.58E+07     2.6526E+05    
   6.59E+07     0.99752      0.00011373    6.59E+07     0.00011373    7.59E+07     2.6493E+05    
   6.6E+07      0.99752      0.00011354    6.6E+07      0.00011354    7.6E+07      2.6491E+05    
   6.61E+07     0.99752      0.00011337    6.61E+07     0.00011337    7.61E+07     2.6495E+05    
   6.62E+07     0.99752      0.00011319    6.62E+07     0.00011319    7.62E+07     2.6265E+05    
   6.63E+07     0.99752      0.00011301    6.63E+07     0.00011301    7.63E+07     2.6177E+05    
   6.64E+07     0.99752      0.00011281    6.64E+07     0.00011281    7.64E+07     2.6117E+05    
   6.65E+07     0.99752      0.00011272    6.65E+07     0.00011272    7.65E+07     2.6114E+05    
   6.66E+07     0.99752      0.00011253    6.66E+07     0.00011253    7.66E+07     2.6089E+05    
   6.67E+07     0.99752      0.0001125     6.67E+07     0.0001125     7.67E+07     2.6107E+05    
   6.68E+07     0.99753      0.00011234    6.68E+07     0.00011234    7.68E+07     2.6115E+05    
   6.69E+07     0.99753      0.00011229    6.69E+07     0.00011229    7.69E+07     2.6128E+05    
   6.7E+07      0.99753      0.00011211    6.7E+07      0.00011211    7.7E+07      2.6169E+05    
   6.71E+07     0.99753      0.00011193    6.71E+07     0.00011193    7.71E+07     2.6202E+05    
   6.72E+07     0.99753      0.00011174    6.72E+07     0.00011174    7.72E+07     2.6137E+05    
   6.73E+07     0.99753      0.00011167    6.73E+07     0.00011167    7.73E+07     2.6181E+05    
   6.74E+07     0.99753      0.00011154    6.74E+07     0.00011154    7.74E+07     2.6202E+05    
   6.75E+07     0.99753      0.00011142    6.75E+07     0.00011142    7.75E+07     2.6057E+05    
   6.76E+07     0.99752      0.00011165    6.76E+07     0.00011165    7.76E+07     2.6013E+05    
   6.77E+07     0.99752      0.0001115     6.77E+07     0.0001115     7.77E+07     2.5919E+05    
   6.78E+07     0.99752      0.00011131    6.78E+07     0.00011131    7.78E+07     2.5948E+05    
   6.79E+07     0.99753      0.00011126    6.79E+07     0.00011126    7.79E+07     2.5978E+05    
   6.8E+07      0.99753      0.0001111     6.8E+07      0.0001111     7.8E+07      2.5923E+05    
   6.81E+07     0.99754      0.00011106    6.81E+07     0.00011106    7.81E+07     2.5921E+05    
   6.82E+07     0.99754      0.00011088    6.82E+07     0.00011088    7.82E+07     2.5958E+05    
   6.83E+07     0.99754      0.00011086    6.83E+07     0.00011086    7.83E+07     2.5903E+05    
   6.84E+07     0.99754      0.00011069    6.84E+07     0.00011069    7.84E+07     2.5921E+05    
   6.85E+07     0.99754      0.00011054    6.85E+07     0.00011054    7.85E+07     2.5872E+05    
   6.86E+07     0.99754      0.00011052    6.86E+07     0.00011052    7.86E+07     2.5896E+05    
   6.87E+07     0.99754      0.00011036    6.87E+07     0.00011036    7.87E+07     2.5933E+05    
   6.88E+07     0.99754      0.00011017    6.88E+07     0.00011017    7.88E+07     2.5961E+05    
   6.89E+07     0.99753      0.00011001    6.89E+07     0.00011001    7.89E+07     2.5992E+05    
   6.9E+07      0.99753      0.00010985    6.9E+07      0.00010985    7.9E+07      2.603E+05     
   6.91E+07     0.99754      0.00010983    6.91E+07     0.00010983    7.91E+07     2.6007E+05    
   6.92E+07     0.99754      0.00010965    6.92E+07     0.00010965    7.92E+07     2.6044E+05    
   6.93E+07     0.99754      0.00010947    6.93E+07     0.00010947    7.93E+07     2.6029E+05    
   6.94E+07     0.99755      0.0001097     6.94E+07     0.0001097     7.94E+07     2.6038E+05    
   6.95E+07     0.99755      0.00010959    6.95E+07     0.00010959    7.95E+07     2.6075E+05    
   6.96E+07     0.99756      0.00010957    6.96E+07     0.00010957    7.96E+07     2.6069E+05    
   6.97E+07     0.99756      0.00010945    6.97E+07     0.00010945    7.97E+07     2.6102E+05    
   6.98E+07     0.99756      0.00010937    6.98E+07     0.00010937    7.98E+07     2.6136E+05    
   6.99E+07     0.99756      0.00010922    6.99E+07     0.00010922    7.99E+07     2.6178E+05    
   7E+07        0.99756      0.00010916    7E+07        0.00010916    8E+07        2.6136E+05    
   7.01E+07     0.99757      0.00010906    7.01E+07     0.00010906    8.01E+07     2.6146E+05    
   7.02E+07     0.99757      0.00010893    7.02E+07     0.00010893    8.02E+07     2.6145E+05    
   7.03E+07     0.99757      0.00010875    7.03E+07     0.00010875    8.03E+07     2.6176E+05    
   7.04E+07     0.99756      0.00010868    7.04E+07     0.00010868    8.04E+07     2.6215E+05    
   7.05E+07     0.99756      0.0001085     7.05E+07     0.0001085     8.05E+07     2.6172E+05    
   7.06E+07     0.99756      0.00010833    7.06E+07     0.00010833    8.06E+07     2.6199E+05    
   7.07E+07     0.99757      0.00010828    7.07E+07     0.00010828    8.07E+07     2.6207E+05    
   7.08E+07     0.99757      0.00010823    7.08E+07     0.00010823    8.08E+07     2.6164E+05    
   7.09E+07     0.99757      0.00010806    7.09E+07     0.00010806    8.09E+07     2.6191E+05    
   7.1E+07      0.99758      0.00010795    7.1E+07      0.00010795    8.1E+07      2.6219E+05    
   7.11E+07     0.99758      0.00010781    7.11E+07     0.00010781    8.11E+07     2.6257E+05    
   7.12E+07     0.99758      0.00010764    7.12E+07     0.00010764    8.12E+07     2.6285E+05    
   7.13E+07     0.99759      0.00010756    7.13E+07     0.00010756    8.13E+07     2.6322E+05    
   7.14E+07     0.99759      0.00010741    7.14E+07     0.00010741    8.14E+07     2.6312E+05    
   7.15E+07     0.99759      0.00010725    7.15E+07     0.00010725    8.15E+07     2.6354E+05    
   7.16E+07     0.99759      0.00010709    7.16E+07     0.00010709    8.16E+07     2.6207E+05    
   7.17E+07     0.99758      0.00010715    7.17E+07     0.00010715    8.17E+07     2.62E+05      
   7.18E+07     0.99758      0.00010699    7.18E+07     0.00010699    8.18E+07     2.622E+05     
   7.19E+07     0.99759      0.00010688    7.19E+07     0.00010688    8.19E+07     2.6234E+05    
   7.2E+07      0.99759      0.00010676    7.2E+07      0.00010676    8.2E+07      2.6266E+05    
   7.21E+07     0.99759      0.0001066     7.21E+07     0.0001066     8.21E+07     2.6303E+05    
   7.22E+07     0.99759      0.00010663    7.22E+07     0.00010663    8.22E+07     2.6329E+05    
   7.23E+07     0.9976       0.00010649    7.23E+07     0.00010649    8.23E+07     2.6369E+05    
   7.24E+07     0.9976       0.00010632    7.24E+07     0.00010632    8.24E+07     2.6408E+05    
   7.25E+07     0.9976       0.00010615    7.25E+07     0.00010615    8.25E+07     2.6353E+05    
   7.26E+07     0.9976       0.00010598    7.26E+07     0.00010598    8.26E+07     2.638E+05     
   7.27E+07     0.9976       0.00010582    7.27E+07     0.00010582    8.27E+07     2.6417E+05    
   7.28E+07     0.99759      0.00010594    7.28E+07     0.00010594    8.28E+07     2.6457E+05    
   7.29E+07     0.99759      0.00010578    7.29E+07     0.00010578    8.29E+07     2.6448E+05    
   7.3E+07      0.99759      0.00010561    7.3E+07      0.00010561    8.3E+07      2.6444E+05    
   7.31E+07     0.99759      0.00010544    7.31E+07     0.00010544    8.31E+07     2.6484E+05    
   7.32E+07     0.99759      0.00010528    7.32E+07     0.00010528    8.32E+07     2.6511E+05    
   7.33E+07     0.99759      0.00010512    7.33E+07     0.00010512    8.33E+07     2.6546E+05    
   7.34E+07     0.99759      0.00010498    7.34E+07     0.00010498    8.34E+07     2.6585E+05    
   7.35E+07     0.99758      0.00010497    7.35E+07     0.00010497    8.35E+07     2.6546E+05    
   7.36E+07     0.99758      0.00010487    7.36E+07     0.00010487    8.36E+07     2.6492E+05    
   7.37E+07     0.99758      0.00010471    7.37E+07     0.00010471    8.37E+07     2.6502E+05    
   7.38E+07     0.99758      0.00010455    7.38E+07     0.00010455    8.38E+07     2.6532E+05    
   7.39E+07     0.99758      0.00010446    7.39E+07     0.00010446    8.39E+07     2.6557E+05    
   7.4E+07      0.99758      0.00010431    7.4E+07      0.00010431    8.4E+07      2.6579E+05    
   7.41E+07     0.99757      0.00010448    7.41E+07     0.00010448    8.41E+07     2.66E+05      
   7.42E+07     0.99757      0.00010432    7.42E+07     0.00010432    8.42E+07     2.6589E+05    
   7.43E+07     0.99757      0.00010417    7.43E+07     0.00010417    8.43E+07     2.6616E+05    
   7.44E+07     0.99756      0.00010407    7.44E+07     0.00010407    8.44E+07     2.6637E+05    
   7.45E+07     0.99757      0.00010404    7.45E+07     0.00010404    8.45E+07     2.6619E+05    
   7.46E+07     0.99757      0.00010396    7.46E+07     0.00010396    8.46E+07     2.6643E+05    
   7.47E+07     0.99757      0.00010383    7.47E+07     0.00010383    8.47E+07     2.6644E+05    
   7.48E+07     0.99757      0.00010368    7.48E+07     0.00010368    8.48E+07     2.6676E+05    
   7.49E+07     0.99757      0.00010352    7.49E+07     0.00010352    8.49E+07     2.6694E+05    
   7.5E+07      0.99755      0.00010449    7.5E+07      0.00010449    8.5E+07      2.6717E+05    
   7.51E+07     0.99755      0.00010446    7.51E+07     0.00010446    8.51E+07     2.6751E+05    
   7.52E+07     0.99755      0.00010431    7.52E+07     0.00010431    8.52E+07     2.6771E+05    
   7.53E+07     0.99754      0.00010423    7.53E+07     0.00010423    8.53E+07     2.6661E+05    
   7.54E+07     0.99754      0.00010408    7.54E+07     0.00010408    8.54E+07     2.6697E+05    
   7.55E+07     0.99754      0.00010392    7.55E+07     0.00010392    8.55E+07     2.6732E+05    
   7.56E+07     0.99754      0.00010376    7.56E+07     0.00010376    8.56E+07     2.6771E+05    
   7.57E+07     0.99754      0.00010363    7.57E+07     0.00010363    8.57E+07     2.679E+05     
   7.58E+07     0.99754      0.00010349    7.58E+07     0.00010349    8.58E+07     2.6829E+05    
   7.59E+07     0.99755      0.00010348    7.59E+07     0.00010348    8.59E+07     2.6864E+05    
   7.6E+07      0.99755      0.00010342    7.6E+07      0.00010342    8.6E+07      2.6853E+05    
   7.61E+07     0.99756      0.00010334    7.61E+07     0.00010334    8.61E+07     2.6878E+05    
   7.62E+07     0.99755      0.00010372    7.62E+07     0.00010372    8.62E+07     2.687E+05     
   7.63E+07     0.99755      0.00010383    7.63E+07     0.00010383    8.63E+07     2.6909E+05    
   7.64E+07     0.99755      0.00010388    7.64E+07     0.00010388    8.64E+07     2.6929E+05    
   7.65E+07     0.99754      0.00010382    7.65E+07     0.00010382    8.65E+07     2.6931E+05    
   7.66E+07     0.99754      0.0001038     7.66E+07     0.0001038     8.66E+07     2.6947E+05    
   7.67E+07     0.99754      0.0001037     7.67E+07     0.0001037     8.67E+07     2.692E+05     
   7.68E+07     0.99754      0.00010361    7.68E+07     0.00010361    8.68E+07     2.695E+05     
   7.69E+07     0.99754      0.00010352    7.69E+07     0.00010352    8.69E+07     2.6989E+05    
   7.7E+07      0.99754      0.00010337    7.7E+07      0.00010337    8.7E+07      2.7017E+05    
   7.71E+07     0.99754      0.00010324    7.71E+07     0.00010324    8.71E+07     2.7055E+05    
   7.72E+07     0.99754      0.0001033     7.72E+07     0.0001033     8.72E+07     2.7068E+05    
   7.73E+07     0.99754      0.00010315    7.73E+07     0.00010315    8.73E+07     2.7103E+05    
   7.74E+07     0.99753      0.00010304    7.74E+07     0.00010304    8.74E+07     2.7127E+05    
   7.75E+07     0.99753      0.00010326    7.75E+07     0.00010326    8.75E+07     2.7159E+05    
   7.76E+07     0.99752      0.00010328    7.76E+07     0.00010328    8.76E+07     2.7198E+05    
   7.77E+07     0.99751      0.0001034     7.77E+07     0.0001034     8.77E+07     2.7233E+05    
   7.78E+07     0.99751      0.00010327    7.78E+07     0.00010327    8.78E+07     2.7168E+05    
   7.79E+07     0.99751      0.00010315    7.79E+07     0.00010315    8.79E+07     2.7103E+05    
   7.8E+07      0.99751      0.00010319    7.8E+07      0.00010319    8.8E+07      2.7059E+05    
   7.81E+07     0.9975       0.00010313    7.81E+07     0.00010313    8.81E+07     2.7092E+05    
   7.82E+07     0.9975       0.00010299    7.82E+07     0.00010299    8.82E+07     2.7131E+05    
   7.83E+07     0.99751      0.00010303    7.83E+07     0.00010303    8.83E+07     2.7148E+05    
   7.84E+07     0.9975       0.00010293    7.84E+07     0.00010293    8.84E+07     2.7184E+05    
   7.85E+07     0.99751      0.00010296    7.85E+07     0.00010296    8.85E+07     2.7189E+05    
   7.86E+07     0.99751      0.00010285    7.86E+07     0.00010285    8.86E+07     2.7218E+05    
   7.87E+07     0.99751      0.0001027     7.87E+07     0.0001027     8.87E+07     2.7243E+05    
   7.88E+07     0.99751      0.00010258    7.88E+07     0.00010258    8.88E+07     2.7258E+05    
   7.89E+07     0.99751      0.00010246    7.89E+07     0.00010246    8.89E+07     2.7296E+05    
   7.9E+07      0.99751      0.00010232    7.9E+07      0.00010232    8.9E+07      2.7312E+05    
   7.91E+07     0.99751      0.0001023     7.91E+07     0.0001023     8.91E+07     2.7339E+05    
   7.92E+07     0.99751      0.00010216    7.92E+07     0.00010216    8.92E+07     2.7291E+05    
   7.93E+07     0.99751      0.00010212    7.93E+07     0.00010212    8.93E+07     2.7314E+05    
   7.94E+07     0.99752      0.00010204    7.94E+07     0.00010204    8.94E+07     2.7326E+05    
   7.95E+07     0.99752      0.00010191    7.95E+07     0.00010191    8.95E+07     2.7364E+05    
   7.96E+07     0.99752      0.00010185    7.96E+07     0.00010185    8.96E+07     2.7402E+05    
   7.97E+07     0.99752      0.00010172    7.97E+07     0.00010172    8.97E+07     2.7365E+05    
   7.98E+07     0.99752      0.00010159    7.98E+07     0.00010159    8.98E+07     2.7401E+05    
   7.99E+07     0.99752      0.00010145    7.99E+07     0.00010145    8.99E+07     2.7394E+05    
   8E+07        0.99753      0.00010146    8E+07        0.00010146    9E+07        2.7432E+05    
   8.01E+07     0.99753      0.00010138    8.01E+07     0.00010138    9.01E+07     2.7432E+05    
   8.02E+07     0.99754      0.00010132    8.02E+07     0.00010132    9.02E+07     2.7416E+05    
   8.03E+07     0.99753      0.0001012     8.03E+07     0.0001012     9.03E+07     2.7452E+05    
   8.04E+07     0.99754      0.00010105    8.04E+07     0.00010105    9.04E+07     2.7483E+05    
   8.05E+07     0.99753      0.00010107    8.05E+07     0.00010107    9.05E+07     2.7479E+05    
   8.06E+07     0.99753      0.00010096    8.06E+07     0.00010096    9.06E+07     2.7509E+05    
   8.07E+07     0.99753      0.00010088    8.07E+07     0.00010088    9.07E+07     2.7532E+05    
   8.08E+07     0.99753      0.0001009     8.08E+07     0.0001009     9.08E+07     2.7563E+05    
   8.09E+07     0.99752      0.00010078    8.09E+07     0.00010078    9.09E+07     2.7579E+05    
   8.1E+07      0.99752      0.00010067    8.1E+07      0.00010067    9.1E+07      2.7603E+05    
   8.11E+07     0.99752      0.00010053    8.11E+07     0.00010053    9.11E+07     2.7628E+05    
   8.12E+07     0.99752      0.00010042    8.12E+07     0.00010042    9.12E+07     2.7644E+05    
   8.13E+07     0.99752      0.00010028    8.13E+07     0.00010028    9.13E+07     2.7657E+05    
   8.14E+07     0.99752      0.00010024    8.14E+07     0.00010024    9.14E+07     2.7583E+05    
   8.15E+07     0.99752      0.0001001     8.15E+07     0.0001001     9.15E+07     2.7611E+05    
   8.16E+07     0.99752      0.00010032    8.16E+07     0.00010032    9.16E+07     2.7366E+05    
   8.17E+07     0.99751      0.00010027    8.17E+07     0.00010027    9.17E+07     2.7372E+05    
   8.18E+07     0.99751      0.00010017    8.18E+07     0.00010017    9.18E+07     2.733E+05     
   8.19E+07     0.99751      0.00010008    8.19E+07     0.00010008    9.19E+07     2.7366E+05    
   8.2E+07      0.9975       9.9958E-05    8.2E+07      9.9958E-05    9.2E+07      2.7399E+05    
   8.21E+07     0.99751      9.9825E-05    8.21E+07     9.9825E-05    9.21E+07     2.7422E+05    
   8.22E+07     0.9975       9.9716E-05    8.22E+07     9.9716E-05    9.22E+07     2.7451E+05    
   8.23E+07     0.9975       9.9579E-05    8.23E+07     9.9579E-05    9.23E+07     2.7443E+05    
   8.24E+07     0.9975       9.9445E-05    8.24E+07     9.9445E-05    9.24E+07     2.7475E+05    
   8.25E+07     0.99751      9.9488E-05    8.25E+07     9.9488E-05    9.25E+07     2.7453E+05    
   8.26E+07     0.99751      9.9376E-05    8.26E+07     9.9376E-05    9.26E+07     2.7484E+05    
   8.27E+07     0.99751      9.9246E-05    8.27E+07     9.9246E-05    9.27E+07     2.7514E+05    
   8.28E+07     0.99751      9.911E-05     8.28E+07     9.911E-05     9.28E+07     2.7498E+05    
   8.29E+07     0.99751      9.9068E-05    8.29E+07     9.9068E-05    9.29E+07     2.7452E+05    
   8.3E+07      0.9975       9.9015E-05    8.3E+07      9.9015E-05    9.3E+07      2.7454E+05    
   8.31E+07     0.9975       9.888E-05     8.31E+07     9.888E-05     9.31E+07     2.7411E+05    
   8.32E+07     0.9975       9.877E-05     8.32E+07     9.877E-05     9.32E+07     2.7362E+05    
   8.33E+07     0.9975       9.8646E-05    8.33E+07     9.8646E-05    9.33E+07     2.7388E+05    
   8.34E+07     0.9975       9.8513E-05    8.34E+07     9.8513E-05    9.34E+07     2.74E+05      
   8.35E+07     0.99751      9.8526E-05    8.35E+07     9.8526E-05    9.35E+07     2.7436E+05    
   8.36E+07     0.9975       9.8567E-05    8.36E+07     9.8567E-05    9.36E+07     2.7394E+05    
   8.37E+07     0.99751      9.8489E-05    8.37E+07     9.8489E-05    9.37E+07     2.7428E+05    
   8.38E+07     0.99751      9.8374E-05    8.38E+07     9.8374E-05    9.38E+07     2.732E+05     
   8.39E+07     0.9975       9.8268E-05    8.39E+07     9.8268E-05    9.39E+07     2.7315E+05    
   8.4E+07      0.9975       9.8169E-05    8.4E+07      9.8169E-05    9.4E+07      2.735E+05     
   8.41E+07     0.9975       9.8073E-05    8.41E+07     9.8073E-05    9.41E+07     2.7384E+05    
   8.42E+07     0.9975       9.8036E-05    8.42E+07     9.8036E-05    9.42E+07     2.7401E+05    
   8.43E+07     0.9975       9.7926E-05    8.43E+07     9.7926E-05    9.43E+07     2.7436E+05    
   8.44E+07     0.99749      9.7829E-05    8.44E+07     9.7829E-05    9.44E+07     2.7471E+05    
   8.45E+07     0.9975       9.7803E-05    8.45E+07     9.7803E-05    9.45E+07     2.7486E+05    
   8.46E+07     0.9975       9.7703E-05    8.46E+07     9.7703E-05    9.46E+07     2.7503E+05    
   8.47E+07     0.99749      9.7635E-05    8.47E+07     9.7635E-05    9.47E+07     2.7414E+05    
   8.48E+07     0.9975       9.752E-05     8.48E+07     9.752E-05     9.48E+07     2.7448E+05    
   8.49E+07     0.99749      9.7429E-05    8.49E+07     9.7429E-05    9.49E+07     2.7454E+05    
   8.5E+07      0.99749      9.733E-05     8.5E+07      9.733E-05     9.5E+07      2.7438E+05    
   8.51E+07     0.99749      9.7208E-05    8.51E+07     9.7208E-05    9.51E+07     2.7468E+05    
   8.52E+07     0.99749      9.7116E-05    8.52E+07     9.7116E-05    9.52E+07     2.7487E+05    
   8.53E+07     0.9975       9.7258E-05    8.53E+07     9.7258E-05    9.53E+07     2.7464E+05    
   8.54E+07     0.9975       9.7135E-05    8.54E+07     9.7135E-05    9.54E+07     2.7499E+05    
   8.55E+07     0.9975       9.7014E-05    8.55E+07     9.7014E-05    9.55E+07     2.7534E+05    
   8.56E+07     0.9975       9.6886E-05    8.56E+07     9.6886E-05    9.56E+07     2.754E+05     
   8.57E+07     0.9975       9.6796E-05    8.57E+07     9.6796E-05    9.57E+07     2.7541E+05    
   8.58E+07     0.9975       9.6668E-05    8.58E+07     9.6668E-05    9.58E+07     2.7572E+05    
   8.59E+07     0.9975       9.655E-05     8.59E+07     9.655E-05     9.59E+07     2.7582E+05    
   8.6E+07      0.9975       9.6513E-05    8.6E+07      9.6513E-05    9.6E+07      2.7527E+05    
   8.61E+07     0.9975       9.6412E-05    8.61E+07     9.6412E-05    9.61E+07     2.7545E+05    
   8.62E+07     0.99749      9.637E-05     8.62E+07     9.637E-05     9.62E+07     2.7573E+05    
   8.63E+07     0.99749      9.6245E-05    8.63E+07     9.6245E-05    9.63E+07     2.7597E+05    
   8.64E+07     0.99749      9.6153E-05    8.64E+07     9.6153E-05    9.64E+07     2.7604E+05    
   8.65E+07     0.9975       9.6093E-05    8.65E+07     9.6093E-05    9.65E+07     2.7527E+05    
   8.66E+07     0.99749      9.6009E-05    8.66E+07     9.6009E-05    9.66E+07     2.7547E+05    
   8.67E+07     0.9975       9.6002E-05    8.67E+07     9.6002E-05    9.67E+07     2.7552E+05    
   8.68E+07     0.9975       9.5892E-05    8.68E+07     9.5892E-05    9.68E+07     2.7481E+05    
   8.69E+07     0.9975       9.5767E-05    8.69E+07     9.5767E-05    9.69E+07     2.7491E+05    
   8.7E+07      0.99749      9.5662E-05    8.7E+07      9.5662E-05    9.7E+07      2.7508E+05    
   8.71E+07     0.99749      9.5539E-05    8.71E+07     9.5539E-05    9.71E+07     2.7538E+05    
   8.72E+07     0.99749      9.5461E-05    8.72E+07     9.5461E-05    9.72E+07     2.7573E+05    
   8.73E+07     0.99749      9.5344E-05    8.73E+07     9.5344E-05    9.73E+07     2.7556E+05    
   8.74E+07     0.99749      9.5247E-05    8.74E+07     9.5247E-05    9.74E+07     2.7587E+05    
   8.75E+07     0.99749      9.5136E-05    8.75E+07     9.5136E-05    9.75E+07     2.762E+05     
   8.76E+07     0.99749      9.5014E-05    8.76E+07     9.5014E-05    9.76E+07     2.7621E+05    
   8.77E+07     0.99749      9.4896E-05    8.77E+07     9.4896E-05    9.77E+07     2.7654E+05    
   8.78E+07     0.99748      9.4955E-05    8.78E+07     9.4955E-05    9.78E+07     2.7616E+05    
   8.79E+07     0.99749      9.5015E-05    8.79E+07     9.5015E-05    9.79E+07     2.7582E+05    
   8.8E+07      0.9975       9.5038E-05    8.8E+07      9.5038E-05    9.8E+07      2.7569E+05    
   8.81E+07     0.99749      9.4924E-05    8.81E+07     9.4924E-05    9.81E+07     2.7548E+05    
   8.82E+07     0.99749      9.4803E-05    8.82E+07     9.4803E-05    9.82E+07     2.7582E+05    
   8.83E+07     0.9975       9.4718E-05    8.83E+07     9.4718E-05    9.83E+07     2.7612E+05    
   8.84E+07     0.9975       9.4603E-05    8.84E+07     9.4603E-05    9.84E+07     2.7627E+05    
   8.85E+07     0.9975       9.4539E-05    8.85E+07     9.4539E-05    9.85E+07     2.766E+05     
   8.86E+07     0.9975       9.4436E-05    8.86E+07     9.4436E-05    9.86E+07     2.7676E+05    
   8.87E+07     0.9975       9.4338E-05    8.87E+07     9.4338E-05    9.87E+07     2.766E+05     
   8.88E+07     0.9975       9.426E-05     8.88E+07     9.426E-05     9.88E+07     2.7686E+05    
   8.89E+07     0.9975       9.4141E-05    8.89E+07     9.4141E-05    9.89E+07     2.7675E+05    
   8.9E+07      0.9975       9.4058E-05    8.9E+07      9.4058E-05    9.9E+07      2.7691E+05    
   8.91E+07     0.9975       9.3959E-05    8.91E+07     9.3959E-05    9.91E+07     2.7725E+05    
   8.92E+07     0.9975       9.3989E-05    8.92E+07     9.3989E-05    9.92E+07     2.774E+05     
   8.93E+07     0.99751      9.3897E-05    8.93E+07     9.3897E-05    9.93E+07     2.7651E+05    
   8.94E+07     0.99751      9.3819E-05    8.94E+07     9.3819E-05    9.94E+07     2.7472E+05    
   8.95E+07     0.99751      9.3702E-05    8.95E+07     9.3702E-05    9.95E+07     2.7478E+05    
   8.96E+07     0.99751      9.3585E-05    8.96E+07     9.3585E-05    9.96E+07     2.7509E+05    
   8.97E+07     0.99751      9.3595E-05    8.97E+07     9.3595E-05    9.97E+07     2.7507E+05    
   8.98E+07     0.9975       9.3481E-05    8.98E+07     9.3481E-05    9.98E+07     2.7478E+05    
   8.99E+07     0.9975       9.3439E-05    8.99E+07     9.3439E-05    9.99E+07     2.7508E+05    
   9E+07        0.9975       9.3323E-05    9E+07        9.3323E-05    1E+08        2.7538E+05    
   9.01E+07     0.9975       9.3271E-05    9.01E+07     9.3271E-05    
   9.02E+07     0.9975       9.3246E-05    9.02E+07     9.3246E-05    
   9.03E+07     0.9975       9.3133E-05    9.03E+07     9.3133E-05    
   9.04E+07     0.9975       9.3028E-05    9.04E+07     9.3028E-05    
   9.05E+07     0.99749      9.2983E-05    9.05E+07     9.2983E-05    
   9.06E+07     0.99749      9.2882E-05    9.06E+07     9.2882E-05    
   9.07E+07     0.99749      9.279E-05     9.07E+07     9.279E-05     
   9.08E+07     0.99749      9.2686E-05    9.08E+07     9.2686E-05    
   9.09E+07     0.99749      9.2608E-05    9.09E+07     9.2608E-05    
   9.1E+07      0.99748      9.2517E-05    9.1E+07      9.2517E-05    
   9.11E+07     0.99749      9.2422E-05    9.11E+07     9.2422E-05    
   9.12E+07     0.99749      9.2347E-05    9.12E+07     9.2347E-05    
   9.13E+07     0.99749      9.2273E-05    9.13E+07     9.2273E-05    
   9.14E+07     0.99748      9.2346E-05    9.14E+07     9.2346E-05    
   9.15E+07     0.99748      9.2249E-05    9.15E+07     9.2249E-05    
   9.16E+07     0.99747      9.2609E-05    9.16E+07     9.2609E-05    
   9.17E+07     0.99748      9.2548E-05    9.17E+07     9.2548E-05    
   9.18E+07     0.99747      9.2568E-05    9.18E+07     9.2568E-05    
   9.19E+07     0.99747      9.2456E-05    9.19E+07     9.2456E-05    
   9.2E+07      0.99747      9.235E-05     9.2E+07      9.235E-05     
   9.21E+07     0.99747      9.2262E-05    9.21E+07     9.2262E-05    
   9.22E+07     0.99747      9.2163E-05    9.22E+07     9.2163E-05    
   9.23E+07     0.99747      9.2126E-05    9.23E+07     9.2126E-05    
   9.24E+07     0.99747      9.2022E-05    9.24E+07     9.2022E-05    
   9.25E+07     0.99747      9.2009E-05    9.25E+07     9.2009E-05    
   9.26E+07     0.99747      9.1906E-05    9.26E+07     9.1906E-05    
   9.27E+07     0.99747      9.1807E-05    9.27E+07     9.1807E-05    
   9.28E+07     0.99746      9.1783E-05    9.28E+07     9.1783E-05    
   9.29E+07     0.99747      9.181E-05     9.29E+07     9.181E-05     
   9.3E+07      0.99747      9.1758E-05    9.3E+07      9.1758E-05    
   9.31E+07     0.99747      9.1781E-05    9.31E+07     9.1781E-05    
   9.32E+07     0.99747      9.1812E-05    9.32E+07     9.1812E-05    
   9.33E+07     0.99747      9.1719E-05    9.33E+07     9.1719E-05    
   9.34E+07     0.99747      9.165E-05     9.34E+07     9.165E-05     
   9.35E+07     0.99747      9.1542E-05    9.35E+07     9.1542E-05    
   9.36E+07     0.99746      9.1557E-05    9.36E+07     9.1557E-05    
   9.37E+07     0.99746      9.1451E-05    9.37E+07     9.1451E-05    
   9.38E+07     0.99746      9.1582E-05    9.38E+07     9.1582E-05    
   9.39E+07     0.99746      9.1543E-05    9.39E+07     9.1543E-05    
   9.4E+07      0.99746      9.1435E-05    9.4E+07      9.1435E-05    
   9.41E+07     0.99746      9.1327E-05    9.41E+07     9.1327E-05    
   9.42E+07     0.99746      9.125E-05     9.42E+07     9.125E-05     
   9.43E+07     0.99746      9.1144E-05    9.43E+07     9.1144E-05    
   9.44E+07     0.99746      9.1038E-05    9.44E+07     9.1038E-05    
   9.45E+07     0.99746      9.0962E-05    9.45E+07     9.0962E-05    
   9.46E+07     0.99746      9.0886E-05    9.46E+07     9.0886E-05    
   9.47E+07     0.99745      9.0986E-05    9.47E+07     9.0986E-05    
   9.48E+07     0.99745      9.0881E-05    9.48E+07     9.0881E-05    
   9.49E+07     0.99746      9.0823E-05    9.49E+07     9.0823E-05    
   9.5E+07      0.99745      9.0801E-05    9.5E+07      9.0801E-05    
   9.51E+07     0.99745      9.0703E-05    9.51E+07     9.0703E-05    
   9.52E+07     0.99746      9.0625E-05    9.52E+07     9.0625E-05    
   9.53E+07     0.99746      9.0614E-05    9.53E+07     9.0614E-05    
   9.54E+07     0.99746      9.0509E-05    9.54E+07     9.0509E-05    
   9.55E+07     0.99746      9.0405E-05    9.55E+07     9.0405E-05    
   9.56E+07     0.99746      9.0347E-05    9.56E+07     9.0347E-05    
   9.57E+07     0.99746      9.0299E-05    9.57E+07     9.0299E-05    
   9.58E+07     0.99746      9.0199E-05    9.58E+07     9.0199E-05    
   9.59E+07     0.99746      9.0136E-05    9.59E+07     9.0136E-05    
   9.6E+07      0.99745      9.018E-05     9.6E+07      9.018E-05     
   9.61E+07     0.99745      9.0103E-05    9.61E+07     9.0103E-05    
   9.62E+07     0.99745      9.0008E-05    9.62E+07     9.0008E-05    
   9.63E+07     0.99745      8.9923E-05    9.63E+07     8.9923E-05    
   9.64E+07     0.99745      8.9865E-05    9.64E+07     8.9865E-05    
   9.65E+07     0.99744      8.9944E-05    9.65E+07     8.9944E-05    
   9.66E+07     0.99745      8.9863E-05    9.66E+07     8.9863E-05    
   9.67E+07     0.99744      8.9809E-05    9.67E+07     8.9809E-05    
   9.68E+07     0.99745      8.9877E-05    9.68E+07     8.9877E-05    
   9.69E+07     0.99745      8.9816E-05    9.69E+07     8.9816E-05    
   9.7E+07      0.99745      8.9741E-05    9.7E+07      8.9741E-05    
   9.71E+07     0.99745      8.9645E-05    9.71E+07     8.9645E-05    
   9.72E+07     0.99745      8.9542E-05    9.72E+07     8.9542E-05    
   9.73E+07     0.99744      8.9524E-05    9.73E+07     8.9524E-05    
   9.74E+07     0.99744      8.9428E-05    9.74E+07     8.9428E-05    
   9.75E+07     0.99745      8.9328E-05    9.75E+07     8.9328E-05    
   9.76E+07     0.99744      8.9281E-05    9.76E+07     8.9281E-05    
   9.77E+07     0.99744      8.9182E-05    9.77E+07     8.9182E-05    
   9.78E+07     0.99745      8.9197E-05    9.78E+07     8.9197E-05    
   9.79E+07     0.99745      8.9202E-05    9.79E+07     8.9202E-05    
   9.8E+07      0.99745      8.9178E-05    9.8E+07      8.9178E-05    
   9.81E+07     0.99745      8.9167E-05    9.81E+07     8.9167E-05    
   9.82E+07     0.99745      8.9066E-05    9.82E+07     8.9066E-05    
   9.83E+07     0.99745      8.8971E-05    9.83E+07     8.8971E-05    
   9.84E+07     0.99745      8.8901E-05    9.84E+07     8.8901E-05    
   9.85E+07     0.99745      8.8803E-05    9.85E+07     8.8803E-05    
   9.86E+07     0.99746      8.8733E-05    9.86E+07     8.8733E-05    
   9.87E+07     0.99746      8.8713E-05    9.87E+07     8.8713E-05    
   9.88E+07     0.99746      8.8624E-05    9.88E+07     8.8624E-05    
   9.89E+07     0.99747      8.8598E-05    9.89E+07     8.8598E-05    
   9.9E+07      0.99746      8.8527E-05    9.9E+07      8.8527E-05    
   9.91E+07     0.99746      8.8428E-05    9.91E+07     8.8428E-05    
   9.92E+07     0.99746      8.8358E-05    9.92E+07     8.8358E-05    
   9.93E+07     0.99747      8.8455E-05    9.93E+07     8.8455E-05    
   9.94E+07     0.99746      8.87E-05      9.94E+07     8.87E-05      
   9.95E+07     0.99746      8.8645E-05    9.95E+07     8.8645E-05    
   9.96E+07     0.99746      8.855E-05     9.96E+07     8.855E-05     
   9.97E+07     0.99745      8.8509E-05    9.97E+07     8.8509E-05    
   9.98E+07     0.99746      8.8511E-05    9.98E+07     8.8511E-05    
   9.99E+07     0.99746      8.8418E-05    9.99E+07     8.8418E-05    
   1E+08        0.99746      8.8325E-05    1E+08        8.8325E-05    
