# This file is written with the intent of being used to plot the data with 
# Gnuplot.  It contains no information regarding how the plot should be 
# formatted.
# =========================================================================
# Research/ArnoldivsPower -f Power1-w50-57.dat -t 100000 -A -c 100 -C 900 -w 50 -b 75 -r  seed = 3283484867
# filename = Power1-w50-57.dat, run = true, power = true, Arnoldi = false, storevectors = 0, raw = false, evectors = 2, evalues = 2, residual = false, arnoldimethod = implicit, tol = 2.22045e-16, verbose = 1, seed = 0, width = 50, bins = 75, acycles = 900, incycles = 100, active = 20, inactive = 0, Iterations = 10, numValues = 2, relaxed = 0, tracks = 100000, ignore_rest = false, version = false, help = false, 

#  1            2            3             4            5             6            7             8            9            
# |-            Power values           -| |-   Power eValues SD   -| |-       FOM-Power      -| |-     Power vector     -| 
#  x-coord      y-coord      error         x-coord      y-coord       x-coord      y-coord       x-coord      y-coord       
   1E+05        0.97854      0             1E+05        0             1.01E+07     0             0.33333      0.0095636     
   2E+05        0.98717      0             2E+05        0             1.02E+07     1.2124E+05    1            0.01618       
   3E+05        0.99439      0             3E+05        0             1.03E+07     29236         1.6667       0.022703      
   4E+05        0.98949      0             4E+05        0             1.04E+07     12206         2.3333       0.02889       
   5E+05        0.9926       0             5E+05        0             1.05E+07     14862         3            0.035147      
   6E+05        0.99152      0             6E+05        0             1.06E+07     20731         3.6667       0.041523      
   7E+05        0.98932      0             7E+05        0             1.07E+07     26898         4.3333       0.047686      
   8E+05        0.99637      0             8E+05        0             1.08E+07     33961         5            0.053896      
   9E+05        0.99879      0             9E+05        0             1.09E+07     35044         5.6667       0.059734      
   1E+06        0.99228      0             1E+06        0             1.1E+07      37424         6.3333       0.065993      
   1.1E+06      0.99428      0             1.1E+06      0             1.11E+07     41101         7            0.071472      
   1.2E+06      0.987        0             1.2E+06      0             1.12E+07     46263         7.6667       0.077263      
   1.3E+06      0.99334      0             1.3E+06      0             1.13E+07     51527         8.3333       0.083254      
   1.4E+06      0.99811      0             1.4E+06      0             1.14E+07     53160         9            0.08864       
   1.5E+06      0.99557      0             1.5E+06      0             1.15E+07     57613         9.6667       0.094068      
   1.6E+06      0.99476      0             1.6E+06      0             1.16E+07     63628         10.333       0.099145      
   1.7E+06      0.99426      0             1.7E+06      0             1.17E+07     70298         11           0.10406       
   1.8E+06      0.99263      0             1.8E+06      0             1.18E+07     76429         11.667       0.10885       
   1.9E+06      0.99344      0             1.9E+06      0             1.19E+07     67640         12.333       0.11352       
   2E+06        0.99666      0             2E+06        0             1.2E+07      63253         13           0.11775       
   2.1E+06      1.0003       0             2.1E+06      0             1.21E+07     64523         13.667       0.12193       
   2.2E+06      0.99529      0             2.2E+06      0             1.22E+07     62063         14.333       0.12581       
   2.3E+06      0.99369      0             2.3E+06      0             1.23E+07     64103         15           0.13009       
   2.4E+06      0.99495      0             2.4E+06      0             1.24E+07     68132         15.667       0.13337       
   2.5E+06      0.99405      0             2.5E+06      0             1.25E+07     65095         16.333       0.13692       
   2.6E+06      0.99377      0             2.6E+06      0             1.26E+07     69540         17           0.13979       
   2.7E+06      0.99753      0             2.7E+06      0             1.27E+07     64465         17.667       0.14228       
   2.8E+06      0.99493      0             2.8E+06      0             1.28E+07     67192         18.333       0.14504       
   2.9E+06      0.99647      0             2.9E+06      0             1.29E+07     71509         19           0.14729       
   3E+06        0.99688      0             3E+06        0             1.3E+07      72460         19.667       0.1496        
   3.1E+06      0.99749      0             3.1E+06      0             1.31E+07     75530         20.333       0.15184       
   3.2E+06      0.99781      0             3.2E+06      0             1.32E+07     77829         21           0.15328       
   3.3E+06      1.0002       0             3.3E+06      0             1.33E+07     81642         21.667       0.15561       
   3.4E+06      0.99185      0             3.4E+06      0             1.34E+07     85301         22.333       0.15718       
   3.5E+06      0.99835      0             3.5E+06      0             1.35E+07     85453         23           0.15859       
   3.6E+06      0.9954       0             3.6E+06      0             1.36E+07     88559         23.667       0.159         
   3.7E+06      0.99581      0             3.7E+06      0             1.37E+07     90066         24.333       0.15993       
   3.8E+06      0.9968       0             3.8E+06      0             1.38E+07     88557         25           0.16011       
   3.9E+06      0.99799      0             3.9E+06      0             1.39E+07     92517         25.667       0.16008       
   4E+06        0.9953       0             4E+06        0             1.4E+07      96540         26.333       0.15984       
   4.1E+06      0.99803      0             4.1E+06      0             1.41E+07     97192         27           0.15945       
   4.2E+06      0.99877      0             4.2E+06      0             1.42E+07     1.0094E+05    27.667       0.15844       
   4.3E+06      0.9985       0             4.3E+06      0             1.43E+07     1.0499E+05    28.333       0.15708       
   4.4E+06      0.99629      0             4.4E+06      0             1.44E+07     1.0775E+05    29           0.15595       
   4.5E+06      0.99142      0             4.5E+06      0             1.45E+07     1.1076E+05    29.667       0.15477       
   4.6E+06      0.99509      0             4.6E+06      0             1.46E+07     1.1316E+05    30.333       0.15308       
   4.7E+06      0.99664      0             4.7E+06      0             1.47E+07     1.1712E+05    31           0.15146       
   4.8E+06      0.99357      0             4.8E+06      0             1.48E+07     1.2E+05       31.667       0.14937       
   4.9E+06      0.99335      0             4.9E+06      0             1.49E+07     1.2407E+05    32.333       0.14672       
   5E+06        0.99959      0             5E+06        0             1.5E+07      1.2814E+05    33           0.14393       
   5.1E+06      0.99646      0             5.1E+06      0             1.51E+07     1.3227E+05    33.667       0.1412        
   5.2E+06      0.99567      0             5.2E+06      0             1.52E+07     1.3447E+05    34.333       0.1376        
   5.3E+06      0.99503      0             5.3E+06      0             1.53E+07     1.3663E+05    35           0.13462       
   5.4E+06      1.0015       0             5.4E+06      0             1.54E+07     1.4089E+05    35.667       0.13026       
   5.5E+06      0.99741      0             5.5E+06      0             1.55E+07     1.4483E+05    36.333       0.12615       
   5.6E+06      0.99904      0             5.6E+06      0             1.56E+07     1.3723E+05    37           0.12258       
   5.7E+06      0.9947       0             5.7E+06      0             1.57E+07     1.3818E+05    37.667       0.11772       
   5.8E+06      0.99535      0             5.8E+06      0             1.58E+07     1.4172E+05    38.333       0.11328       
   5.9E+06      0.99737      0             5.9E+06      0             1.59E+07     1.4365E+05    39           0.10867       
   6E+06        0.99593      0             6E+06        0             1.6E+07      1.4681E+05    39.667       0.10363       
   6.1E+06      0.99613      0             6.1E+06      0             1.61E+07     1.4767E+05    40.333       0.098448      
   6.2E+06      0.99559      0             6.2E+06      0             1.62E+07     1.435E+05     41           0.092987      
   6.3E+06      1.0005       0             6.3E+06      0             1.63E+07     1.4599E+05    41.667       0.087528      
   6.4E+06      0.99747      0             6.4E+06      0             1.64E+07     1.4944E+05    42.333       0.081884      
   6.5E+06      0.99718      0             6.5E+06      0             1.65E+07     1.5082E+05    43           0.076023      
   6.6E+06      0.99667      0             6.6E+06      0             1.66E+07     1.5322E+05    43.667       0.069976      
   6.7E+06      0.99872      0             6.7E+06      0             1.67E+07     1.5579E+05    44.333       0.063589      
   6.8E+06      0.9945       0             6.8E+06      0             1.68E+07     1.5805E+05    45           0.05765       
   6.9E+06      0.99395      0             6.9E+06      0             1.69E+07     1.5576E+05    45.667       0.051444      
   7E+06        0.99656      0             7E+06        0             1.7E+07      1.4855E+05    46.333       0.045016      
   7.1E+06      0.99485      0             7.1E+06      0             1.71E+07     1.5171E+05    47           0.038147      
   7.2E+06      0.99427      0             7.2E+06      0             1.72E+07     1.5257E+05    47.667       0.031457      
   7.3E+06      0.99429      0             7.3E+06      0             1.73E+07     1.5585E+05    48.333       0.024357      
   7.4E+06      1.0003       0             7.4E+06      0             1.74E+07     1.5913E+05    49           0.017633      
   7.5E+06      0.99672      0             7.5E+06      0             1.75E+07     1.6241E+05    49.667       0.010283      
   7.6E+06      0.99386      0             7.6E+06      0             1.76E+07     1.5574E+05    
   7.7E+06      0.99507      0             7.7E+06      0             1.77E+07     1.5866E+05    
   7.8E+06      0.99242      0             7.8E+06      0             1.78E+07     1.5741E+05    
   7.9E+06      0.99563      0             7.9E+06      0             1.79E+07     1.6005E+05    
   8E+06        0.9959       0             8E+06        0             1.8E+07      1.6295E+05    
   8.1E+06      0.99417      0             8.1E+06      0             1.81E+07     1.6135E+05    
   8.2E+06      0.99561      0             8.2E+06      0             1.82E+07     1.6136E+05    
   8.3E+06      0.99422      0             8.3E+06      0             1.83E+07     1.6438E+05    
   8.4E+06      0.99251      0             8.4E+06      0             1.84E+07     1.6065E+05    
   8.5E+06      0.9924       0             8.5E+06      0             1.85E+07     1.6259E+05    
   8.6E+06      0.99807      0             8.6E+06      0             1.86E+07     1.6308E+05    
   8.7E+06      0.99573      0             8.7E+06      0             1.87E+07     1.659E+05     
   8.8E+06      0.99646      0             8.8E+06      0             1.88E+07     1.6647E+05    
   8.9E+06      1.0002       0             8.9E+06      0             1.89E+07     1.6919E+05    
   9E+06        0.99907      0             9E+06        0             1.9E+07      1.6949E+05    
   9.1E+06      0.99728      0             9.1E+06      0             1.91E+07     1.7106E+05    
   9.2E+06      0.99267      0             9.2E+06      0             1.92E+07     1.7171E+05    
   9.3E+06      0.99803      0             9.3E+06      0             1.93E+07     1.7383E+05    
   9.4E+06      1.0011       0             9.4E+06      0             1.94E+07     1.7524E+05    
   9.5E+06      0.99504      0             9.5E+06      0             1.95E+07     1.769E+05     
   9.6E+06      0.99956      0             9.6E+06      0             1.96E+07     1.7955E+05    
   9.7E+06      1.0004       0             9.7E+06      0             1.97E+07     1.8107E+05    
   9.8E+06      0.99679      0             9.8E+06      0             1.98E+07     1.7965E+05    
   9.9E+06      0.99225      0             9.9E+06      0             1.99E+07     1.8213E+05    
   1E+07        0.99658      0             1E+07        0             2E+07        1.8467E+05    
   1.01E+07     0.9936       3.4038E-09    1.01E+07     3.4038E-09    2.01E+07     1.855E+05     
   1.02E+07     0.9942       0.00042155    1.02E+07     0.00042155    2.02E+07     1.8597E+05    
   1.03E+07     0.99519      0.00085419    1.03E+07     0.00085419    2.03E+07     1.8696E+05    
   1.04E+07     0.99651      0.0013154     1.04E+07     0.0013154     2.04E+07     1.8963E+05    
   1.05E+07     0.9959       0.0011857     1.05E+07     0.0011857     2.05E+07     1.9164E+05    
   1.06E+07     0.99574      0.00099907    1.06E+07     0.00099907    2.06E+07     1.9406E+05    
   1.07E+07     0.99592      0.00087289    1.07E+07     0.00087289    2.07E+07     1.9674E+05    
   1.08E+07     0.99605      0.00077315    1.08E+07     0.00077315    2.08E+07     1.9795E+05    
   1.09E+07     0.99571      0.00075744    1.09E+07     0.00075744    2.09E+07     1.9796E+05    
   1.1E+07      0.99599      0.00072956    1.1E+07      0.00072956    2.1E+07      1.988E+05     
   1.11E+07     0.9962       0.00069295    1.11E+07     0.00069295    2.11E+07     1.9772E+05    
   1.12E+07     0.99605      0.00065016    1.12E+07     0.00065016    2.12E+07     2.0024E+05    
   1.13E+07     0.99592      0.0006132     1.13E+07     0.0006132     2.13E+07     2.0233E+05    
   1.14E+07     0.99612      0.00060099    1.14E+07     0.00060099    2.14E+07     1.9898E+05    
   1.15E+07     0.99625      0.00057474    1.15E+07     0.00057474    2.15E+07     2.0067E+05    
   1.16E+07     0.99633      0.0005445     1.16E+07     0.0005445     2.16E+07     2.0206E+05    
   1.17E+07     0.99627      0.00051576    1.17E+07     0.00051576    2.17E+07     2.046E+05     
   1.18E+07     0.9962       0.00049243    1.18E+07     0.00049243    2.18E+07     2.0304E+05    
   1.19E+07     0.99644      0.00052121    1.19E+07     0.00052121    2.19E+07     2.0514E+05    
   1.2E+07      0.99665      0.00053669    1.2E+07      0.00053669    2.2E+07      2.0518E+05    
   1.21E+07     0.99679      0.00052914    1.21E+07     0.00052914    2.21E+07     2.0735E+05    
   1.22E+07     0.9966       0.00053724    1.22E+07     0.00053724    2.22E+07     2.0693E+05    
   1.23E+07     0.99672      0.00052642    1.23E+07     0.00052642    2.23E+07     2.0921E+05    
   1.24E+07     0.99665      0.00050853    1.24E+07     0.00050853    2.24E+07     2.1014E+05    
   1.25E+07     0.99683      0.00051812    1.25E+07     0.00051812    2.25E+07     2.1194E+05    
   1.26E+07     0.99686      0.0004992     1.26E+07     0.0004992     2.26E+07     2.1097E+05    
   1.27E+07     0.99667      0.0005164     1.27E+07     0.0005164     2.27E+07     2.1108E+05    
   1.28E+07     0.99675      0.0005038     1.28E+07     0.0005038     2.28E+07     2.1201E+05    
   1.29E+07     0.99675      0.00048642    1.29E+07     0.00048642    2.29E+07     2.1271E+05    
   1.3E+07      0.99685      0.00048131    1.3E+07      0.00048131    2.3E+07      2.1345E+05    
   1.31E+07     0.99691      0.00046956    1.31E+07     0.00046956    2.31E+07     2.1275E+05    
   1.32E+07     0.99699      0.00046079    1.32E+07     0.00046079    2.32E+07     2.1126E+05    
   1.33E+07     0.99702      0.00044818    1.33E+07     0.00044818    2.33E+07     2.1074E+05    
   1.34E+07     0.99698      0.00043679    1.34E+07     0.00043679    2.34E+07     2.1149E+05    
   1.35E+07     0.99689      0.0004347     1.35E+07     0.0004347     2.35E+07     2.1246E+05    
   1.36E+07     0.99694      0.0004254     1.36E+07     0.0004254     2.36E+07     2.1457E+05    
   1.37E+07     0.99701      0.00042024    1.37E+07     0.00042024    2.37E+07     2.1211E+05    
   1.38E+07     0.9969       0.00042224    1.38E+07     0.00042224    2.38E+07     2.143E+05     
   1.39E+07     0.99691      0.00041154    1.39E+07     0.00041154    2.39E+07     2.1606E+05    
   1.4E+07      0.9969       0.0004014     1.4E+07      0.0004014     2.4E+07      2.1466E+05    
   1.41E+07     0.99683      0.0003986     1.41E+07     0.0003986     2.41E+07     2.1594E+05    
   1.42E+07     0.99681      0.00038971    1.42E+07     0.00038971    2.42E+07     2.181E+05     
   1.43E+07     0.99681      0.00038071    1.43E+07     0.00038071    2.43E+07     2.1919E+05    
   1.44E+07     0.99686      0.00037448    1.44E+07     0.00037448    2.44E+07     2.2037E+05    
   1.45E+07     0.99682      0.00036805    1.45E+07     0.00036805    2.45E+07     2.214E+05     
   1.46E+07     0.99686      0.00036285    1.46E+07     0.00036285    2.46E+07     2.2329E+05    
   1.47E+07     0.99685      0.0003554     1.47E+07     0.0003554     2.47E+07     2.2238E+05    
   1.48E+07     0.99681      0.00034986    1.48E+07     0.00034986    2.48E+07     2.1567E+05    
   1.49E+07     0.9968       0.00034291    1.49E+07     0.00034291    2.49E+07     2.1712E+05    
   1.5E+07      0.99681      0.00033627    1.5E+07      0.00033627    2.5E+07      2.1768E+05    
   1.51E+07     0.99682      0.00032986    1.51E+07     0.00032986    2.51E+07     2.1971E+05    
   1.52E+07     0.99687      0.00032603    1.52E+07     0.00032603    2.52E+07     2.2156E+05    
   1.53E+07     0.99683      0.00032236    1.53E+07     0.00032236    2.53E+07     2.2348E+05    
   1.54E+07     0.99682      0.0003164     1.54E+07     0.0003164     2.54E+07     2.2432E+05    
   1.55E+07     0.99684      0.00031104    1.55E+07     0.00031104    2.55E+07     2.2601E+05    
   1.56E+07     0.99693      0.00031847    1.56E+07     0.00031847    2.56E+07     2.2454E+05    
   1.57E+07     0.99698      0.00031634    1.57E+07     0.00031634    2.57E+07     2.2599E+05    
   1.58E+07     0.99699      0.00031136    1.58E+07     0.00031136    2.58E+07     2.2793E+05    
   1.59E+07     0.99696      0.00030828    1.59E+07     0.00030828    2.59E+07     2.2942E+05    
   1.6E+07      0.99698      0.00030386    1.6E+07      0.00030386    2.6E+07      2.2721E+05    
   1.61E+07     0.99693      0.00030202    1.61E+07     0.00030202    2.61E+07     2.2887E+05    
   1.62E+07     0.99701      0.00030542    1.62E+07     0.00030542    2.62E+07     2.2986E+05    
   1.63E+07     0.99698      0.00030185    1.63E+07     0.00030185    2.63E+07     2.294E+05     
   1.64E+07     0.99699      0.0002974     1.64E+07     0.0002974     2.64E+07     2.2796E+05    
   1.65E+07     0.99703      0.00029511    1.65E+07     0.00029511    2.65E+07     2.2862E+05    
   1.66E+07     0.997        0.00029189    1.66E+07     0.00029189    2.66E+07     2.3046E+05    
   1.67E+07     0.99702      0.00028859    1.67E+07     0.00028859    2.67E+07     2.3174E+05    
   1.68E+07     0.997        0.00028566    1.68E+07     0.00028566    2.68E+07     2.302E+05     
   1.69E+07     0.99705      0.00028686    1.69E+07     0.00028686    2.69E+07     2.3155E+05    
   1.7E+07      0.99713      0.00029286    1.7E+07      0.00029286    2.7E+07      2.3077E+05    
   1.71E+07     0.99714      0.00028893    1.71E+07     0.00028893    2.71E+07     2.3264E+05    
   1.72E+07     0.9971       0.00028726    1.72E+07     0.00028726    2.72E+07     2.341E+05     
   1.73E+07     0.99711      0.00028337    1.73E+07     0.00028337    2.73E+07     2.3545E+05    
   1.74E+07     0.9971       0.00027961    1.74E+07     0.00027961    2.74E+07     2.3711E+05    
   1.75E+07     0.99709      0.00027597    1.75E+07     0.00027597    2.75E+07     2.3495E+05    
   1.76E+07     0.99703      0.00028101    1.76E+07     0.00028101    2.76E+07     2.3466E+05    
   1.77E+07     0.99704      0.00027758    1.77E+07     0.00027758    2.77E+07     2.3565E+05    
   1.78E+07     0.99708      0.00027788    1.78E+07     0.00027788    2.78E+07     2.3746E+05    
   1.79E+07     0.99707      0.0002748     1.79E+07     0.0002748     2.79E+07     2.3864E+05    
   1.8E+07      0.99706      0.00027158    1.8E+07      0.00027158    2.8E+07      2.3793E+05    
   1.81E+07     0.9971       0.00027212    1.81E+07     0.00027212    2.81E+07     2.3863E+05    
   1.82E+07     0.99714      0.00027136    1.82E+07     0.00027136    2.82E+07     2.4012E+05    
   1.83E+07     0.99714      0.0002681     1.83E+07     0.0002681     2.83E+07     2.3582E+05    
   1.84E+07     0.99709      0.00027046    1.84E+07     0.00027046    2.84E+07     2.3692E+05    
   1.85E+07     0.99707      0.00026809    1.85E+07     0.00026809    2.85E+07     2.2833E+05    
   1.86E+07     0.9971       0.00026696    1.86E+07     0.00026696    2.86E+07     2.2998E+05    
   1.87E+07     0.99711      0.00026396    1.87E+07     0.00026396    2.87E+07     2.2847E+05    
   1.88E+07     0.99714      0.0002628     1.88E+07     0.0002628     2.88E+07     2.2256E+05    
   1.89E+07     0.99713      0.00025997    1.89E+07     0.00025997    2.89E+07     2.2302E+05    
   1.9E+07      0.9971       0.00025902    1.9E+07      0.00025902    2.9E+07      2.2442E+05    
   1.91E+07     0.99707      0.00025714    1.91E+07     0.00025714    2.91E+07     2.2519E+05    
   1.92E+07     0.9971       0.00025598    1.92E+07     0.00025598    2.92E+07     2.2639E+05    
   1.93E+07     0.99709      0.00025374    1.93E+07     0.00025374    2.93E+07     2.2667E+05    
   1.94E+07     0.99711      0.000252      1.94E+07     0.000252      2.94E+07     2.2639E+05    
   1.95E+07     0.99713      0.00025016    1.95E+07     0.00025016    2.95E+07     2.2783E+05    
   1.96E+07     0.99714      0.00024767    1.96E+07     0.00024767    2.96E+07     2.2897E+05    
   1.97E+07     0.99712      0.00024599    1.97E+07     0.00024599    2.97E+07     2.2853E+05    
   1.98E+07     0.99708      0.00024631    1.98E+07     0.00024631    2.98E+07     2.2347E+05    
   1.99E+07     0.99709      0.00024401    1.99E+07     0.00024401    2.99E+07     2.2474E+05    
   2E+07        0.99708      0.00024171    2E+07        0.00024171    3E+07        2.2607E+05    
   2.01E+07     0.99706      0.00024056    2.01E+07     0.00024056    3.01E+07     2.2665E+05    
   2.02E+07     0.99703      0.00023963    2.02E+07     0.00023963    3.02E+07     2.2709E+05    
   2.03E+07     0.99701      0.0002384     2.03E+07     0.0002384     3.03E+07     2.2785E+05    
   2.04E+07     0.997        0.00023613    2.04E+07     0.00023613    3.04E+07     2.2908E+05    
   2.05E+07     0.99699      0.00023431    2.05E+07     0.00023431    3.05E+07     2.3023E+05    
   2.06E+07     0.99698      0.00023227    2.06E+07     0.00023227    3.06E+07     2.2909E+05    
   2.07E+07     0.99698      0.00023011    2.07E+07     0.00023011    3.07E+07     2.2971E+05    
   2.08E+07     0.997        0.00022885    2.08E+07     0.00022885    3.08E+07     2.298E+05     
   2.09E+07     0.99698      0.00022829    2.09E+07     0.00022829    3.09E+07     2.3091E+05    
   2.1E+07      0.99695      0.00022726    2.1E+07      0.00022726    3.1E+07      2.2964E+05    
   2.11E+07     0.99692      0.00022732    2.11E+07     0.00022732    3.11E+07     2.307E+05     
   2.12E+07     0.99693      0.00022534    2.12E+07     0.00022534    3.12E+07     2.3188E+05    
   2.13E+07     0.99694      0.00022364    2.13E+07     0.00022364    3.13E+07     2.2881E+05    
   2.14E+07     0.99698      0.00022498    2.14E+07     0.00022498    3.14E+07     2.2997E+05    
   2.15E+07     0.99696      0.00022349    2.15E+07     0.00022349    3.15E+07     2.3044E+05    
   2.16E+07     0.99698      0.0002222     2.16E+07     0.0002222     3.16E+07     2.318E+05     
   2.17E+07     0.99698      0.0002203     2.17E+07     0.0002203     3.17E+07     2.3043E+05    
   2.18E+07     0.99701      0.00022063    2.18E+07     0.00022063    3.18E+07     2.3181E+05    
   2.19E+07     0.997        0.00021898    2.19E+07     0.00021898    3.19E+07     2.311E+05     
   2.2E+07      0.99698      0.00021845    2.2E+07      0.00021845    3.2E+07      2.3195E+05    
   2.21E+07     0.99697      0.00021681    2.21E+07     0.00021681    3.21E+07     2.3316E+05    
   2.22E+07     0.99695      0.00021654    2.22E+07     0.00021654    3.22E+07     2.3362E+05    
   2.23E+07     0.99695      0.00021486    2.23E+07     0.00021486    3.23E+07     2.3465E+05    
   2.24E+07     0.99693      0.0002139     2.24E+07     0.0002139     3.24E+07     2.3528E+05    
   2.25E+07     0.99695      0.00021251    2.25E+07     0.00021251    3.25E+07     2.3637E+05    
   2.26E+07     0.99692      0.00021252    2.26E+07     0.00021252    3.26E+07     2.3769E+05    
   2.27E+07     0.9969       0.00021199    2.27E+07     0.00021199    3.27E+07     2.3338E+05    
   2.28E+07     0.99688      0.00021105    2.28E+07     0.00021105    3.28E+07     2.3464E+05    
   2.29E+07     0.9969       0.00021023    2.29E+07     0.00021023    3.29E+07     2.3401E+05    
   2.3E+07      0.99692      0.0002094     2.3E+07      0.0002094     3.3E+07      2.3024E+05    
   2.31E+07     0.99689      0.00020929    2.31E+07     0.00020929    3.31E+07     2.2768E+05    
   2.32E+07     0.99686      0.00020956    2.32E+07     0.00020956    3.32E+07     2.2847E+05    
   2.33E+07     0.99684      0.00020936    2.33E+07     0.00020936    3.33E+07     2.2922E+05    
   2.34E+07     0.99686      0.00020854    2.34E+07     0.00020854    3.34E+07     2.2996E+05    
   2.35E+07     0.99687      0.00020762    2.35E+07     0.00020762    3.35E+07     2.3122E+05    
   2.36E+07     0.99688      0.00020613    2.36E+07     0.00020613    3.36E+07     2.3011E+05    
   2.37E+07     0.99691      0.00020688    2.37E+07     0.00020688    3.37E+07     2.3134E+05    
   2.38E+07     0.99691      0.00020538    2.38E+07     0.00020538    3.38E+07     2.3261E+05    
   2.39E+07     0.99692      0.00020411    2.39E+07     0.00020411    3.39E+07     2.329E+05     
   2.4E+07      0.99694      0.00020435    2.4E+07      0.00020435    3.4E+07      2.3417E+05    
   2.41E+07     0.99696      0.0002033     2.41E+07     0.0002033     3.41E+07     2.3473E+05    
   2.42E+07     0.99696      0.00020187    2.42E+07     0.00020187    3.42E+07     2.3544E+05    
   2.43E+07     0.99697      0.00020094    2.43E+07     0.00020094    3.43E+07     2.3667E+05    
   2.44E+07     0.99696      0.00019999    2.44E+07     0.00019999    3.44E+07     2.3793E+05    
   2.45E+07     0.99697      0.00019911    2.45E+07     0.00019911    3.45E+07     2.3888E+05    
   2.46E+07     0.99698      0.00019786    2.46E+07     0.00019786    3.46E+07     2.3703E+05    
   2.47E+07     0.99696      0.00019786    2.47E+07     0.00019786    3.47E+07     2.3825E+05    
   2.48E+07     0.99692      0.00020051    2.48E+07     0.00020051    3.48E+07     2.3948E+05    
   2.49E+07     0.99693      0.00019942    2.49E+07     0.00019942    3.49E+07     2.4071E+05    
   2.5E+07      0.99691      0.00019877    2.5E+07      0.00019877    3.5E+07      2.3573E+05    
   2.51E+07     0.99691      0.00019746    2.51E+07     0.00019746    3.51E+07     2.3512E+05    
   2.52E+07     0.9969       0.00019624    2.52E+07     0.00019624    3.52E+07     2.363E+05     
   2.53E+07     0.99691      0.000195      2.53E+07     0.000195      3.53E+07     2.375E+05     
   2.54E+07     0.99689      0.00019425    2.54E+07     0.00019425    3.54E+07     2.3844E+05    
   2.55E+07     0.99688      0.00019314    2.55E+07     0.00019314    3.55E+07     2.3958E+05    
   2.56E+07     0.99686      0.0001934     2.56E+07     0.0001934     3.56E+07     2.4076E+05    
   2.57E+07     0.99687      0.0001924     2.57E+07     0.0001924     3.57E+07     2.411E+05     
   2.58E+07     0.99687      0.00019119    2.58E+07     0.00019119    3.58E+07     2.4199E+05    
   2.59E+07     0.99686      0.0001902     2.59E+07     0.0001902     3.59E+07     2.4244E+05    
   2.6E+07      0.99688      0.00019076    2.6E+07      0.00019076    3.6E+07      2.4025E+05    
   2.61E+07     0.99688      0.0001897     2.61E+07     0.0001897     3.61E+07     2.4037E+05    
   2.62E+07     0.99687      0.00018892    2.62E+07     0.00018892    3.62E+07     2.414E+05     
   2.63E+07     0.99688      0.00018875    2.63E+07     0.00018875    3.63E+07     2.4201E+05    
   2.64E+07     0.99691      0.00018899    2.64E+07     0.00018899    3.64E+07     2.4284E+05    
   2.65E+07     0.99692      0.00018836    2.65E+07     0.00018836    3.65E+07     2.4389E+05    
   2.66E+07     0.99692      0.00018724    2.66E+07     0.00018724    3.66E+07     2.4415E+05    
   2.67E+07     0.99693      0.00018638    2.67E+07     0.00018638    3.67E+07     2.4233E+05    
   2.68E+07     0.99695      0.00018665    2.68E+07     0.00018665    3.68E+07     2.4183E+05    
   2.69E+07     0.99694      0.00018576    2.69E+07     0.00018576    3.69E+07     2.4278E+05    
   2.7E+07      0.99692      0.00018572    2.7E+07      0.00018572    3.7E+07      2.4236E+05    
   2.71E+07     0.99692      0.00018463    2.71E+07     0.00018463    3.71E+07     2.4338E+05    
   2.72E+07     0.99692      0.00018371    2.72E+07     0.00018371    3.72E+07     2.4446E+05    
   2.73E+07     0.99691      0.00018285    2.73E+07     0.00018285    3.73E+07     2.4422E+05    
   2.74E+07     0.99691      0.00018188    2.74E+07     0.00018188    3.74E+07     2.4371E+05    
   2.75E+07     0.99694      0.00018237    2.75E+07     0.00018237    3.75E+07     2.4483E+05    
   2.76E+07     0.99695      0.00018216    2.76E+07     0.00018216    3.76E+07     2.4558E+05    
   2.77E+07     0.99694      0.00018144    2.77E+07     0.00018144    3.77E+07     2.4152E+05    
   2.78E+07     0.99694      0.00018043    2.78E+07     0.00018043    3.78E+07     2.4249E+05    
   2.79E+07     0.99695      0.00017964    2.79E+07     0.00017964    3.79E+07     2.4094E+05    
   2.8E+07      0.99693      0.00017959    2.8E+07      0.00017959    3.8E+07      2.4195E+05    
   2.81E+07     0.99692      0.00017901    2.81E+07     0.00017901    3.81E+07     2.4273E+05    
   2.82E+07     0.99693      0.00017814    2.82E+07     0.00017814    3.82E+07     2.4285E+05    
   2.83E+07     0.9969       0.0001794     2.83E+07     0.0001794     3.83E+07     2.4394E+05    
   2.84E+07     0.99691      0.00017867    2.84E+07     0.00017867    3.84E+07     2.4395E+05    
   2.85E+07     0.99695      0.00018168    2.85E+07     0.00018168    3.85E+07     2.4451E+05    
   2.86E+07     0.99695      0.00018072    2.86E+07     0.00018072    3.86E+07     2.444E+05     
   2.87E+07     0.99697      0.00018098    2.87E+07     0.00018098    3.87E+07     2.4474E+05    
   2.88E+07     0.997        0.00018305    2.88E+07     0.00018305    3.88E+07     2.4573E+05    
   2.89E+07     0.99701      0.00018255    2.89E+07     0.00018255    3.89E+07     2.4663E+05    
   2.9E+07      0.99702      0.00018166    2.9E+07      0.00018166    3.9E+07      2.4555E+05    
   2.91E+07     0.99703      0.00018105    2.91E+07     0.00018105    3.91E+07     2.4563E+05    
   2.92E+07     0.99704      0.00018024    2.92E+07     0.00018024    3.92E+07     2.4663E+05    
   2.93E+07     0.99702      0.00017983    2.93E+07     0.00017983    3.93E+07     2.4748E+05    
   2.94E+07     0.99701      0.00017963    2.94E+07     0.00017963    3.94E+07     2.4834E+05    
   2.95E+07     0.997        0.00017876    2.95E+07     0.00017876    3.95E+07     2.4637E+05    
   2.96E+07     0.99701      0.00017801    2.96E+07     0.00017801    3.96E+07     2.4701E+05    
   2.97E+07     0.99703      0.00017788    2.97E+07     0.00017788    3.97E+07     2.4667E+05    
   2.98E+07     0.997        0.00017958    2.98E+07     0.00017958    3.98E+07     2.4425E+05    
   2.99E+07     0.99699      0.00017878    2.99E+07     0.00017878    3.99E+07     2.4344E+05    
   3E+07        0.99699      0.00017794    3E+07        0.00017794    4E+07        2.4446E+05    
   3.01E+07     0.997        0.00017742    3.01E+07     0.00017742    4.01E+07     2.4084E+05    
   3.02E+07     0.99701      0.00017696    3.02E+07     0.00017696    4.02E+07     2.3972E+05    
   3.03E+07     0.99702      0.00017637    3.03E+07     0.00017637    4.03E+07     2.4041E+05    
   3.04E+07     0.99703      0.00017561    3.04E+07     0.00017561    4.04E+07     2.4115E+05    
   3.05E+07     0.99702      0.00017487    3.05E+07     0.00017487    4.05E+07     2.4125E+05    
   3.06E+07     0.997        0.00017502    3.06E+07     0.00017502    4.06E+07     2.4218E+05    
   3.07E+07     0.99701      0.0001745     3.07E+07     0.0001745     4.07E+07     2.4258E+05    
   3.08E+07     0.99703      0.00017419    3.08E+07     0.00017419    4.08E+07     2.4255E+05    
   3.09E+07     0.99702      0.00017348    3.09E+07     0.00017348    4.09E+07     2.4256E+05    
   3.1E+07      0.997        0.00017368    3.1E+07      0.00017368    4.1E+07      2.4017E+05    
   3.11E+07     0.99699      0.000173      3.11E+07     0.000173      4.11E+07     2.4113E+05    
   3.12E+07     0.99699      0.00017228    3.12E+07     0.00017228    4.12E+07     2.4204E+05    
   3.13E+07     0.99696      0.00017315    3.13E+07     0.00017315    4.13E+07     2.4281E+05    
   3.14E+07     0.99697      0.00017244    3.14E+07     0.00017244    4.14E+07     2.4289E+05    
   3.15E+07     0.99696      0.00017199    3.15E+07     0.00017199    4.15E+07     2.4321E+05    
   3.16E+07     0.99696      0.00017122    3.16E+07     0.00017122    4.16E+07     2.4375E+05    
   3.17E+07     0.99698      0.00017145    3.17E+07     0.00017145    4.17E+07     2.4099E+05    
   3.18E+07     0.99698      0.00017067    3.18E+07     0.00017067    4.18E+07     2.4177E+05    
   3.19E+07     0.99696      0.00017066    3.19E+07     0.00017066    4.19E+07     2.4262E+05    
   3.2E+07      0.99697      0.00017008    3.2E+07      0.00017008    4.2E+07      2.4347E+05    
   3.21E+07     0.99696      0.00016938    3.21E+07     0.00016938    4.21E+07     2.4415E+05    
   3.22E+07     0.99697      0.00016894    3.22E+07     0.00016894    4.22E+07     2.4488E+05    
   3.23E+07     0.99698      0.00016831    3.23E+07     0.00016831    4.23E+07     2.4576E+05    
   3.24E+07     0.99697      0.00016783    3.24E+07     0.00016783    4.24E+07     2.4642E+05    
   3.25E+07     0.99698      0.00016718    3.25E+07     0.00016718    4.25E+07     2.4717E+05    
   3.26E+07     0.99698      0.00016645    3.26E+07     0.00016645    4.26E+07     2.4603E+05    
   3.27E+07     0.99701      0.00016773    3.27E+07     0.00016773    4.27E+07     2.4578E+05    
   3.28E+07     0.99701      0.00016702    3.28E+07     0.00016702    4.28E+07     2.463E+05     
   3.29E+07     0.99702      0.00016699    3.29E+07     0.00016699    4.29E+07     2.4586E+05    
   3.3E+07      0.99705      0.00016809    3.3E+07      0.00016809    4.3E+07      2.4651E+05    
   3.31E+07     0.99703      0.00016878    3.31E+07     0.00016878    4.31E+07     2.4682E+05    
   3.32E+07     0.99702      0.00016823    3.32E+07     0.00016823    4.32E+07     2.4737E+05    
   3.33E+07     0.99703      0.00016771    3.33E+07     0.00016771    4.33E+07     2.462E+05     
   3.34E+07     0.99702      0.00016719    3.34E+07     0.00016719    4.34E+07     2.4557E+05    
   3.35E+07     0.99702      0.00016648    3.35E+07     0.00016648    4.35E+07     2.425E+05     
   3.36E+07     0.997        0.00016663    3.36E+07     0.00016663    4.36E+07     2.4313E+05    
   3.37E+07     0.997        0.00016594    3.37E+07     0.00016594    4.37E+07     2.4377E+05    
   3.38E+07     0.99701      0.00016525    3.38E+07     0.00016525    4.38E+07     2.4087E+05    
   3.39E+07     0.99699      0.00016489    3.39E+07     0.00016489    4.39E+07     2.4008E+05    
   3.4E+07      0.99699      0.0001642     3.4E+07      0.0001642     4.4E+07      2.3536E+05    
   3.41E+07     0.997        0.00016377    3.41E+07     0.00016377    4.41E+07     2.3279E+05    
   3.42E+07     0.997        0.00016328    3.42E+07     0.00016328    4.42E+07     2.3256E+05    
   3.43E+07     0.997        0.00016261    3.43E+07     0.00016261    4.43E+07     2.3315E+05    
   3.44E+07     0.997        0.00016195    3.44E+07     0.00016195    4.44E+07     2.3324E+05    
   3.45E+07     0.997        0.00016139    3.45E+07     0.00016139    4.45E+07     2.3337E+05    
   3.46E+07     0.99699      0.00016178    3.46E+07     0.00016178    4.46E+07     2.3379E+05    
   3.47E+07     0.99699      0.00016113    3.47E+07     0.00016113    4.47E+07     2.344E+05     
   3.48E+07     0.99699      0.00016049    3.48E+07     0.00016049    4.48E+07     2.322E+05     
   3.49E+07     0.99699      0.00015985    3.49E+07     0.00015985    4.49E+07     2.3289E+05    
   3.5E+07      0.99696      0.0001613     3.5E+07      0.0001613     4.5E+07      2.3237E+05    
   3.51E+07     0.99695      0.00016128    3.51E+07     0.00016128    4.51E+07     2.331E+05     
   3.52E+07     0.99695      0.00016064    3.52E+07     0.00016064    4.52E+07     2.3391E+05    
   3.53E+07     0.99695      0.00016       3.53E+07     0.00016       4.53E+07     2.3375E+05    
   3.54E+07     0.99695      0.00015947    3.54E+07     0.00015947    4.54E+07     2.3455E+05    
   3.55E+07     0.99696      0.00015886    3.55E+07     0.00015886    4.55E+07     2.3438E+05    
   3.56E+07     0.99695      0.00015825    3.56E+07     0.00015825    4.56E+07     2.3328E+05    
   3.57E+07     0.99695      0.00015791    3.57E+07     0.00015791    4.57E+07     2.3394E+05    
   3.58E+07     0.99695      0.0001574     3.58E+07     0.0001574     4.58E+07     2.3417E+05    
   3.59E+07     0.99694      0.00015704    3.59E+07     0.00015704    4.59E+07     2.3387E+05    
   3.6E+07      0.99692      0.00015753    3.6E+07      0.00015753    4.6E+07      2.3424E+05    
   3.61E+07     0.99693      0.00015727    3.61E+07     0.00015727    4.61E+07     2.3494E+05    
   3.62E+07     0.99694      0.00015672    3.62E+07     0.00015672    4.62E+07     2.3524E+05    
   3.63E+07     0.99693      0.0001563     3.63E+07     0.0001563     4.63E+07     2.3586E+05    
   3.64E+07     0.99694      0.00015582    3.64E+07     0.00015582    4.64E+07     2.3617E+05    
   3.65E+07     0.99694      0.00015527    3.65E+07     0.00015527    4.65E+07     2.3675E+05    
   3.66E+07     0.99695      0.00015498    3.66E+07     0.00015498    4.66E+07     2.3736E+05    
   3.67E+07     0.99697      0.00015534    3.67E+07     0.00015534    4.67E+07     2.3678E+05    
   3.68E+07     0.99698      0.0001553     3.68E+07     0.0001553     4.68E+07     2.3491E+05    
   3.69E+07     0.99698      0.00015477    3.69E+07     0.00015477    4.69E+07     2.356E+05     
   3.7E+07      0.99699      0.0001547     3.7E+07      0.0001547     4.7E+07      2.3638E+05    
   3.71E+07     0.99698      0.00015417    3.71E+07     0.00015417    4.71E+07     2.3683E+05    
   3.72E+07     0.99698      0.00015362    3.72E+07     0.00015362    4.72E+07     2.3694E+05    
   3.73E+07     0.99699      0.00015347    3.73E+07     0.00015347    4.73E+07     2.363E+05     
   3.74E+07     0.99698      0.00015342    3.74E+07     0.00015342    4.74E+07     2.3629E+05    
   3.75E+07     0.99698      0.00015287    3.75E+07     0.00015287    4.75E+07     2.3676E+05    
   3.76E+07     0.99699      0.00015243    3.76E+07     0.00015243    4.76E+07     2.3739E+05    
   3.77E+07     0.99697      0.0001535     3.77E+07     0.0001535     4.77E+07     2.3706E+05    
   3.78E+07     0.99697      0.00015299    3.78E+07     0.00015299    4.78E+07     2.3778E+05    
   3.79E+07     0.99695      0.00015328    3.79E+07     0.00015328    4.79E+07     2.384E+05     
   3.8E+07      0.99695      0.00015276    3.8E+07      0.00015276    4.8E+07      2.3891E+05    
   3.81E+07     0.99696      0.00015231    3.81E+07     0.00015231    4.81E+07     2.3842E+05    
   3.82E+07     0.99697      0.00015207    3.82E+07     0.00015207    4.82E+07     2.3911E+05    
   3.83E+07     0.99697      0.00015153    3.83E+07     0.00015153    4.83E+07     2.397E+05     
   3.84E+07     0.99698      0.00015134    3.84E+07     0.00015134    4.84E+07     2.4027E+05    
   3.85E+07     0.99697      0.00015097    3.85E+07     0.00015097    4.85E+07     2.3983E+05    
   3.86E+07     0.99698      0.0001508     3.86E+07     0.0001508     4.86E+07     2.4025E+05    
   3.87E+07     0.99699      0.0001505     3.87E+07     0.0001505     4.87E+07     2.4059E+05    
   3.88E+07     0.99699      0.00015001    3.88E+07     0.00015001    4.88E+07     2.4091E+05    
   3.89E+07     0.99699      0.00014954    3.89E+07     0.00014954    4.89E+07     2.416E+05     
   3.9E+07      0.997        0.00014967    3.9E+07      0.00014967    4.9E+07      2.4232E+05    
   3.91E+07     0.99699      0.00014946    3.91E+07     0.00014946    4.91E+07     2.4303E+05    
   3.92E+07     0.99699      0.00014897    3.92E+07     0.00014897    4.92E+07     2.3944E+05    
   3.93E+07     0.997        0.00014852    3.93E+07     0.00014852    4.93E+07     2.4016E+05    
   3.94E+07     0.99699      0.00014807    3.94E+07     0.00014807    4.94E+07     2.4017E+05    
   3.95E+07     0.99698      0.00014847    3.95E+07     0.00014847    4.95E+07     2.4079E+05    
   3.96E+07     0.99698      0.0001481     3.96E+07     0.0001481     4.96E+07     2.4086E+05    
   3.97E+07     0.99699      0.00014801    3.97E+07     0.00014801    4.97E+07     2.4153E+05    
   3.98E+07     0.99701      0.00014855    3.98E+07     0.00014855    4.98E+07     2.4184E+05    
   3.99E+07     0.997        0.00014861    3.99E+07     0.00014861    4.99E+07     2.4227E+05    
   4E+07        0.997        0.00014811    4E+07        0.00014811    5E+07        2.4286E+05    
   4.01E+07     0.99702      0.00014904    4.01E+07     0.00014904    5.01E+07     2.4343E+05    
   4.02E+07     0.99703      0.0001492     4.02E+07     0.0001492     5.02E+07     2.4416E+05    
   4.03E+07     0.99703      0.0001488     4.03E+07     0.0001488     5.03E+07     2.4469E+05    
   4.04E+07     0.99703      0.00014838    4.04E+07     0.00014838    5.04E+07     2.4524E+05    
   4.05E+07     0.99704      0.00014817    4.05E+07     0.00014817    5.05E+07     2.4525E+05    
   4.06E+07     0.99704      0.00014771    4.06E+07     0.00014771    5.06E+07     2.4543E+05    
   4.07E+07     0.99705      0.0001474     4.07E+07     0.0001474     5.07E+07     2.4611E+05    
   4.08E+07     0.99706      0.00014723    4.08E+07     0.00014723    5.08E+07     2.4683E+05    
   4.09E+07     0.99707      0.00014705    4.09E+07     0.00014705    5.09E+07     2.4754E+05    
   4.1E+07      0.99708      0.00014759    4.1E+07      0.00014759    5.1E+07      2.4804E+05    
   4.11E+07     0.99708      0.00014712    4.11E+07     0.00014712    5.11E+07     2.4459E+05    
   4.12E+07     0.99708      0.00014666    4.12E+07     0.00014666    5.12E+07     2.4531E+05    
   4.13E+07     0.99708      0.00014625    4.13E+07     0.00014625    5.13E+07     2.4599E+05    
   4.14E+07     0.99709      0.00014605    4.14E+07     0.00014605    5.14E+07     2.4663E+05    
   4.15E+07     0.99708      0.00014578    4.15E+07     0.00014578    5.15E+07     2.4568E+05    
   4.16E+07     0.99708      0.00014544    4.16E+07     0.00014544    5.16E+07     2.4631E+05    
   4.17E+07     0.9971       0.00014609    4.17E+07     0.00014609    5.17E+07     2.4639E+05    
   4.18E+07     0.9971       0.00014568    4.18E+07     0.00014568    5.18E+07     2.4703E+05    
   4.19E+07     0.99709      0.00014525    4.19E+07     0.00014525    5.19E+07     2.4763E+05    
   4.2E+07      0.99709      0.00014482    4.2E+07      0.00014482    5.2E+07      2.4818E+05    
   4.21E+07     0.99709      0.00014445    4.21E+07     0.00014445    5.21E+07     2.4865E+05    
   4.22E+07     0.99708      0.00014406    4.22E+07     0.00014406    5.22E+07     2.4927E+05    
   4.23E+07     0.99709      0.00014363    4.23E+07     0.00014363    5.23E+07     2.4935E+05    
   4.24E+07     0.99708      0.00014327    4.24E+07     0.00014327    5.24E+07     2.4786E+05    
   4.25E+07     0.99708      0.00014288    4.25E+07     0.00014288    5.25E+07     2.4736E+05    
   4.26E+07     0.9971       0.00014305    4.26E+07     0.00014305    5.26E+07     2.4789E+05    
   4.27E+07     0.99709      0.00014295    4.27E+07     0.00014295    5.27E+07     2.4706E+05    
   4.28E+07     0.99709      0.00014264    4.28E+07     0.00014264    5.28E+07     2.4531E+05    
   4.29E+07     0.9971       0.00014259    4.29E+07     0.00014259    5.29E+07     2.4575E+05    
   4.3E+07      0.99711      0.00014224    4.3E+07      0.00014224    5.3E+07      2.4642E+05    
   4.31E+07     0.9971       0.00014199    4.31E+07     0.00014199    5.31E+07     2.4692E+05    
   4.32E+07     0.9971       0.00014167    4.32E+07     0.00014167    5.32E+07     2.4542E+05    
   4.33E+07     0.99711      0.00014184    4.33E+07     0.00014184    5.33E+07     2.4599E+05    
   4.34E+07     0.9971       0.00014185    4.34E+07     0.00014185    5.34E+07     2.4612E+05    
   4.35E+07     0.99712      0.00014258    4.35E+07     0.00014258    5.35E+07     2.4664E+05    
   4.36E+07     0.99711      0.00014224    4.36E+07     0.00014224    5.36E+07     2.458E+05     
   4.37E+07     0.99712      0.00014188    4.37E+07     0.00014188    5.37E+07     2.4637E+05    
   4.38E+07     0.9971       0.00014257    4.38E+07     0.00014257    5.38E+07     2.4666E+05    
   4.39E+07     0.99709      0.00014264    4.39E+07     0.00014264    5.39E+07     2.4723E+05    
   4.4E+07      0.99706      0.0001439     4.4E+07      0.0001439     5.4E+07      2.4478E+05    
   4.41E+07     0.99705      0.00014453    4.41E+07     0.00014453    5.41E+07     2.4544E+05    
   4.42E+07     0.99706      0.00014444    4.42E+07     0.00014444    5.42E+07     2.4586E+05    
   4.43E+07     0.99706      0.00014409    4.43E+07     0.00014409    5.43E+07     2.4598E+05    
   4.44E+07     0.99707      0.0001439     4.44E+07     0.0001439     5.44E+07     2.4645E+05    
   4.45E+07     0.99708      0.0001437     4.45E+07     0.0001437     5.45E+07     2.4693E+05    
   4.46E+07     0.99707      0.00014341    4.46E+07     0.00014341    5.46E+07     2.4705E+05    
   4.47E+07     0.99707      0.00014306    4.47E+07     0.00014306    5.47E+07     2.4759E+05    
   4.48E+07     0.99708      0.00014358    4.48E+07     0.00014358    5.48E+07     2.4799E+05    
   4.49E+07     0.99709      0.0001432     4.49E+07     0.0001432     5.49E+07     2.4858E+05    
   4.5E+07      0.9971       0.0001432     4.5E+07      0.0001432     5.5E+07      2.4878E+05    
   4.51E+07     0.9971       0.00014282    4.51E+07     0.00014282    5.51E+07     2.4907E+05    
   4.52E+07     0.9971       0.00014241    4.52E+07     0.00014241    5.52E+07     2.4964E+05    
   4.53E+07     0.99711      0.00014231    4.53E+07     0.00014231    5.53E+07     2.4819E+05    
   4.54E+07     0.99711      0.0001419     4.54E+07     0.0001419     5.54E+07     2.4833E+05    
   4.55E+07     0.99712      0.0001418     4.55E+07     0.0001418     5.55E+07     2.4895E+05    
   4.56E+07     0.99713      0.00014198    4.56E+07     0.00014198    5.56E+07     2.4951E+05    
   4.57E+07     0.99714      0.00014162    4.57E+07     0.00014162    5.57E+07     2.4939E+05    
   4.58E+07     0.99714      0.0001414     4.58E+07     0.0001414     5.58E+07     2.4997E+05    
   4.59E+07     0.99715      0.00014133    4.59E+07     0.00014133    5.59E+07     2.5038E+05    
   4.6E+07      0.99716      0.00014107    4.6E+07      0.00014107    5.6E+07      2.4949E+05    
   4.61E+07     0.99716      0.0001407     4.61E+07     0.0001407     5.61E+07     2.4939E+05    
   4.62E+07     0.99715      0.00014046    4.62E+07     0.00014046    5.62E+07     2.4705E+05    
   4.63E+07     0.99716      0.00014011    4.63E+07     0.00014011    5.63E+07     2.4759E+05    
   4.64E+07     0.99716      0.00013987    4.64E+07     0.00013987    5.64E+07     2.4801E+05    
   4.65E+07     0.99716      0.00013955    4.65E+07     0.00013955    5.65E+07     2.4585E+05    
   4.66E+07     0.99716      0.00013922    4.66E+07     0.00013922    5.66E+07     2.4626E+05    
   4.67E+07     0.99717      0.00013923    4.67E+07     0.00013923    5.67E+07     2.4668E+05    
   4.68E+07     0.99715      0.00013964    4.68E+07     0.00013964    5.68E+07     2.473E+05     
   4.69E+07     0.99715      0.00013929    4.69E+07     0.00013929    5.69E+07     2.4773E+05    
   4.7E+07      0.99715      0.00013891    4.7E+07      0.00013891    5.7E+07      2.4833E+05    
   4.71E+07     0.99715      0.00013863    4.71E+07     0.00013863    5.71E+07     2.4882E+05    
   4.72E+07     0.99716      0.00013845    4.72E+07     0.00013845    5.72E+07     2.4617E+05    
   4.73E+07     0.99717      0.00013849    4.73E+07     0.00013849    5.73E+07     2.4638E+05    
   4.74E+07     0.99716      0.00013835    4.74E+07     0.00013835    5.74E+07     2.4648E+05    
   4.75E+07     0.99716      0.00013806    4.75E+07     0.00013806    5.75E+07     2.4709E+05    
   4.76E+07     0.99716      0.00013773    4.76E+07     0.00013773    5.76E+07     2.4769E+05    
   4.77E+07     0.99715      0.00013769    4.77E+07     0.00013769    5.77E+07     2.4813E+05    
   4.78E+07     0.99715      0.00013733    4.78E+07     0.00013733    5.78E+07     2.4866E+05    
   4.79E+07     0.99715      0.00013701    4.79E+07     0.00013701    5.79E+07     2.4927E+05    
   4.8E+07      0.99716      0.00013672    4.8E+07      0.00013672    5.8E+07      2.4983E+05    
   4.81E+07     0.99717      0.00013671    4.81E+07     0.00013671    5.81E+07     2.4995E+05    
   4.82E+07     0.99716      0.00013637    4.82E+07     0.00013637    5.82E+07     2.5048E+05    
   4.83E+07     0.99717      0.00013606    4.83E+07     0.00013606    5.83E+07     2.508E+05     
   4.84E+07     0.99717      0.00013576    4.84E+07     0.00013576    5.84E+07     2.5027E+05    
   4.85E+07     0.99718      0.00013574    4.85E+07     0.00013574    5.85E+07     2.5025E+05    
   4.86E+07     0.99718      0.00013548    4.86E+07     0.00013548    5.86E+07     2.5083E+05    
   4.87E+07     0.99718      0.00013525    4.87E+07     0.00013525    5.87E+07     2.5142E+05    
   4.88E+07     0.99718      0.00013502    4.88E+07     0.00013502    5.88E+07     2.4999E+05    
   4.89E+07     0.99718      0.00013469    4.89E+07     0.00013469    5.89E+07     2.5051E+05    
   4.9E+07      0.99718      0.00013435    4.9E+07      0.00013435    5.9E+07      2.508E+05     
   4.91E+07     0.99718      0.00013402    4.91E+07     0.00013402    5.91E+07     2.5139E+05    
   4.92E+07     0.9972       0.00013488    4.92E+07     0.00013488    5.92E+07     2.5116E+05    
   4.93E+07     0.9972       0.00013454    4.93E+07     0.00013454    5.93E+07     2.5175E+05    
   4.94E+07     0.99719      0.0001344     4.94E+07     0.0001344     5.94E+07     2.521E+05     
   4.95E+07     0.99719      0.00013409    4.95E+07     0.00013409    5.95E+07     2.5247E+05    
   4.96E+07     0.99719      0.00013394    4.96E+07     0.00013394    5.96E+07     2.5295E+05    
   4.97E+07     0.99719      0.00013361    4.97E+07     0.00013361    5.97E+07     2.5284E+05    
   4.98E+07     0.99719      0.0001334     4.98E+07     0.0001334     5.98E+07     2.52E+05      
   4.99E+07     0.9972       0.00013314    4.99E+07     0.00013314    5.99E+07     2.5232E+05    
   5E+07        0.9972       0.00013285    5E+07        0.00013285    6E+07        2.5196E+05    
   5.01E+07     0.9972       0.00013256    5.01E+07     0.00013256    6.01E+07     2.5248E+05    
   5.02E+07     0.9972       0.00013223    5.02E+07     0.00013223    6.02E+07     2.5294E+05    
   5.03E+07     0.9972       0.00013195    5.03E+07     0.00013195    6.03E+07     2.5314E+05    
   5.04E+07     0.9972       0.00013168    5.04E+07     0.00013168    6.04E+07     2.5344E+05    
   5.05E+07     0.9972       0.00013154    5.05E+07     0.00013154    6.05E+07     2.5393E+05    
   5.06E+07     0.99721      0.00013136    5.06E+07     0.00013136    6.06E+07     2.5405E+05    
   5.07E+07     0.99721      0.00013105    5.07E+07     0.00013105    6.07E+07     2.5452E+05    
   5.08E+07     0.99721      0.00013073    5.08E+07     0.00013073    6.08E+07     2.5497E+05    
   5.09E+07     0.99721      0.00013041    5.09E+07     0.00013041    6.09E+07     2.5455E+05    
   5.1E+07      0.99722      0.00013015    5.1E+07      0.00013015    6.1E+07      2.5512E+05    
   5.11E+07     0.9972       0.00013094    5.11E+07     0.00013094    6.11E+07     2.5555E+05    
   5.12E+07     0.9972       0.00013062    5.12E+07     0.00013062    6.12E+07     2.5556E+05    
   5.13E+07     0.9972       0.00013031    5.13E+07     0.00013031    6.13E+07     2.5612E+05    
   5.14E+07     0.9972       0.00013001    5.14E+07     0.00013001    6.14E+07     2.5646E+05    
   5.15E+07     0.99719      0.00013014    5.15E+07     0.00013014    6.15E+07     2.5704E+05    
   5.16E+07     0.99719      0.00012984    5.16E+07     0.00012984    6.16E+07     2.5648E+05    
   5.17E+07     0.9972       0.0001297     5.17E+07     0.0001297     6.17E+07     2.5695E+05    
   5.18E+07     0.9972       0.0001294     5.18E+07     0.0001294     6.18E+07     2.5712E+05    
   5.19E+07     0.9972       0.00012912    5.19E+07     0.00012912    6.19E+07     2.5724E+05    
   5.2E+07      0.9972       0.00012885    5.2E+07      0.00012885    6.2E+07      2.5762E+05    
   5.21E+07     0.99719      0.00012861    5.21E+07     0.00012861    6.21E+07     2.5746E+05    
   5.22E+07     0.99719      0.00012832    5.22E+07     0.00012832    6.22E+07     2.5664E+05    
   5.23E+07     0.99719      0.00012818    5.23E+07     0.00012818    6.23E+07     2.5696E+05    
   5.24E+07     0.99717      0.00012844    5.24E+07     0.00012844    6.24E+07     2.569E+05     
   5.25E+07     0.99718      0.00012845    5.25E+07     0.00012845    6.25E+07     2.572E+05     
   5.26E+07     0.99719      0.00012819    5.26E+07     0.00012819    6.26E+07     2.5776E+05    
   5.27E+07     0.99718      0.00012828    5.27E+07     0.00012828    6.27E+07     2.5834E+05    
   5.28E+07     0.99719      0.00012862    5.28E+07     0.00012862    6.28E+07     2.58E+05      
   5.29E+07     0.99719      0.00012838    5.29E+07     0.00012838    6.29E+07     2.5844E+05    
   5.3E+07      0.99718      0.00012808    5.3E+07      0.00012808    6.3E+07      2.5897E+05    
   5.31E+07     0.99718      0.00012783    5.31E+07     0.00012783    6.31E+07     2.5863E+05    
   5.32E+07     0.99719      0.0001281     5.32E+07     0.0001281     6.32E+07     2.5919E+05    
   5.33E+07     0.99719      0.00012783    5.33E+07     0.00012783    6.33E+07     2.5964E+05    
   5.34E+07     0.99718      0.00012768    5.34E+07     0.00012768    6.34E+07     2.5903E+05    
   5.35E+07     0.99719      0.00012742    5.35E+07     0.00012742    6.35E+07     2.5875E+05    
   5.36E+07     0.9972       0.00012752    5.36E+07     0.00012752    6.36E+07     2.5932E+05    
   5.37E+07     0.9972       0.00012725    5.37E+07     0.00012725    6.37E+07     2.5948E+05    
   5.38E+07     0.9972       0.00012706    5.38E+07     0.00012706    6.38E+07     2.6002E+05    
   5.39E+07     0.9972       0.0001268     5.39E+07     0.0001268     6.39E+07     2.6041E+05    
   5.4E+07      0.99722      0.00012731    5.4E+07      0.00012731    6.4E+07      2.609E+05     
   5.41E+07     0.99722      0.00012702    5.41E+07     0.00012702    6.41E+07     2.6145E+05    
   5.42E+07     0.99722      0.0001268     5.42E+07     0.0001268     6.42E+07     2.615E+05     
   5.43E+07     0.99723      0.00012665    5.43E+07     0.00012665    6.43E+07     2.6185E+05    
   5.44E+07     0.99722      0.00012641    5.44E+07     0.00012641    6.44E+07     2.6225E+05    
   5.45E+07     0.99723      0.00012617    5.45E+07     0.00012617    6.45E+07     2.6261E+05    
   5.46E+07     0.99723      0.00012603    5.46E+07     0.00012603    6.46E+07     2.6276E+05    
   5.47E+07     0.99723      0.00012578    5.47E+07     0.00012578    6.47E+07     2.6332E+05    
   5.48E+07     0.99723      0.00012556    5.48E+07     0.00012556    6.48E+07     2.6354E+05    
   5.49E+07     0.99722      0.0001253     5.49E+07     0.0001253     6.49E+07     2.6215E+05    
   5.5E+07      0.99722      0.00012513    5.5E+07      0.00012513    6.5E+07      2.626E+05     
   5.51E+07     0.99722      0.00012495    5.51E+07     0.00012495    6.51E+07     2.6085E+05    
   5.52E+07     0.99722      0.00012468    5.52E+07     0.00012468    6.52E+07     2.6138E+05    
   5.53E+07     0.99721      0.00012493    5.53E+07     0.00012493    6.53E+07     2.618E+05     
   5.54E+07     0.99721      0.00012478    5.54E+07     0.00012478    6.54E+07     2.6223E+05    
   5.55E+07     0.99721      0.00012452    5.55E+07     0.00012452    6.55E+07     2.6272E+05    
   5.56E+07     0.9972       0.00012426    5.56E+07     0.00012426    6.56E+07     2.6286E+05    
   5.57E+07     0.99721      0.00012418    5.57E+07     0.00012418    6.57E+07     2.6332E+05    
   5.58E+07     0.99721      0.00012393    5.58E+07     0.00012393    6.58E+07     2.5866E+05    
   5.59E+07     0.99721      0.00012371    5.59E+07     0.00012371    6.59E+07     2.5892E+05    
   5.6E+07      0.9972       0.00012382    5.6E+07      0.00012382    6.6E+07      2.5911E+05    
   5.61E+07     0.99721      0.00012374    5.61E+07     0.00012374    6.61E+07     2.5921E+05    
   5.62E+07     0.99719      0.00012421    5.62E+07     0.00012421    6.62E+07     2.5951E+05    
   5.63E+07     0.99719      0.00012397    5.63E+07     0.00012397    6.63E+07     2.6002E+05    
   5.64E+07     0.99719      0.00012375    5.64E+07     0.00012375    6.64E+07     2.6055E+05    
   5.65E+07     0.9972       0.00012418    5.65E+07     0.00012418    6.65E+07     2.5889E+05    
   5.66E+07     0.99721      0.00012397    5.66E+07     0.00012397    6.66E+07     2.5942E+05    
   5.67E+07     0.9972       0.00012375    5.67E+07     0.00012375    6.67E+07     2.5973E+05    
   5.68E+07     0.9972       0.00012349    5.68E+07     0.00012349    6.68E+07     2.5819E+05    
   5.69E+07     0.99721      0.00012327    5.69E+07     0.00012327    6.69E+07     2.5871E+05    
   5.7E+07      0.99721      0.00012302    5.7E+07      0.00012302    6.7E+07      2.5712E+05    
   5.71E+07     0.99721      0.00012279    5.71E+07     0.00012279    6.71E+07     2.5695E+05    
   5.72E+07     0.9972       0.00012334    5.72E+07     0.00012334    6.72E+07     2.5725E+05    
   5.73E+07     0.99719      0.00012318    5.73E+07     0.00012318    6.73E+07     2.5777E+05    
   5.74E+07     0.9972       0.00012305    5.74E+07     0.00012305    6.74E+07     2.5747E+05    
   5.75E+07     0.9972       0.00012279    5.75E+07     0.00012279    6.75E+07     2.5799E+05    
   5.76E+07     0.9972       0.00012253    5.76E+07     0.00012253    6.76E+07     2.5849E+05    
   5.77E+07     0.99719      0.00012232    5.77E+07     0.00012232    6.77E+07     2.5884E+05    
   5.78E+07     0.9972       0.00012208    5.78E+07     0.00012208    6.78E+07     2.5913E+05    
   5.79E+07     0.9972       0.00012183    5.79E+07     0.00012183    6.79E+07     2.5914E+05    
   5.8E+07      0.99719      0.00012159    5.8E+07      0.00012159    6.8E+07      2.5963E+05    
   5.81E+07     0.99719      0.00012145    5.81E+07     0.00012145    6.81E+07     2.5877E+05    
   5.82E+07     0.99719      0.00012122    5.82E+07     0.00012122    6.82E+07     2.5928E+05    
   5.83E+07     0.99718      0.00012104    5.83E+07     0.00012104    6.83E+07     2.5934E+05    
   5.84E+07     0.99717      0.00012106    5.84E+07     0.00012106    6.84E+07     2.598E+05     
   5.85E+07     0.99718      0.00012096    5.85E+07     0.00012096    6.85E+07     2.5991E+05    
   5.86E+07     0.99718      0.00012072    5.86E+07     0.00012072    6.86E+07     2.6009E+05    
   5.87E+07     0.99718      0.00012047    5.87E+07     0.00012047    6.87E+07     2.5976E+05    
   5.88E+07     0.99717      0.00012072    5.88E+07     0.00012072    6.88E+07     2.6023E+05    
   5.89E+07     0.99717      0.00012049    5.89E+07     0.00012049    6.89E+07     2.6066E+05    
   5.9E+07      0.99718      0.00012032    5.9E+07      0.00012032    6.9E+07      2.6064E+05    
   5.91E+07     0.99718      0.00012007    5.91E+07     0.00012007    6.91E+07     2.6113E+05    
   5.92E+07     0.99717      0.00012003    5.92E+07     0.00012003    6.92E+07     2.6158E+05    
   5.93E+07     0.99717      0.00011979    5.93E+07     0.00011979    6.93E+07     2.6197E+05    
   5.94E+07     0.99717      0.0001196     5.94E+07     0.0001196     6.94E+07     2.6195E+05    
   5.95E+07     0.99717      0.00011941    5.95E+07     0.00011941    6.95E+07     2.6044E+05    
   5.96E+07     0.99717      0.0001192     5.96E+07     0.0001192     6.96E+07     2.6086E+05    
   5.97E+07     0.99717      0.00011912    5.97E+07     0.00011912    6.97E+07     2.6049E+05    
   5.98E+07     0.99716      0.00011922    5.98E+07     0.00011922    6.98E+07     2.6047E+05    
   5.99E+07     0.99716      0.00011904    5.99E+07     0.00011904    6.99E+07     2.6062E+05    
   6E+07        0.99717      0.00011903    6E+07        0.00011903    7E+07        2.6111E+05    
   6.01E+07     0.99717      0.00011881    6.01E+07     0.00011881    7.01E+07     2.6159E+05    
   6.02E+07     0.99717      0.0001186     6.02E+07     0.0001186     7.02E+07     2.6195E+05    
   6.03E+07     0.99717      0.00011846    6.03E+07     0.00011846    7.03E+07     2.6218E+05    
   6.04E+07     0.99716      0.00011829    6.04E+07     0.00011829    7.04E+07     2.6215E+05    
   6.05E+07     0.99716      0.00011808    6.05E+07     0.00011808    7.05E+07     2.6262E+05    
   6.06E+07     0.99716      0.00011795    6.06E+07     0.00011795    7.06E+07     2.6304E+05    
   6.07E+07     0.99715      0.00011775    6.07E+07     0.00011775    7.07E+07     2.6336E+05    
   6.08E+07     0.99715      0.00011755    6.08E+07     0.00011755    7.08E+07     2.6195E+05    
   6.09E+07     0.99714      0.00011755    6.09E+07     0.00011755    7.09E+07     2.6215E+05    
   6.1E+07      0.99714      0.00011732    6.1E+07      0.00011732    7.1E+07      2.6207E+05    
   6.11E+07     0.99714      0.00011713    6.11E+07     0.00011713    7.11E+07     2.6182E+05    
   6.12E+07     0.99715      0.00011703    6.12E+07     0.00011703    7.12E+07     2.6227E+05    
   6.13E+07     0.99715      0.0001168     6.13E+07     0.0001168     7.13E+07     2.6261E+05    
   6.14E+07     0.99715      0.00011663    6.14E+07     0.00011663    7.14E+07     2.6196E+05    
   6.15E+07     0.99715      0.0001164     6.15E+07     0.0001164     7.15E+07     2.6242E+05    
   6.16E+07     0.99716      0.00011644    6.16E+07     0.00011644    7.16E+07     2.6291E+05    
   6.17E+07     0.99716      0.00011623    6.17E+07     0.00011623    7.17E+07     2.6143E+05    
   6.18E+07     0.99716      0.0001161     6.18E+07     0.0001161     7.18E+07     2.6102E+05    
   6.19E+07     0.99716      0.00011598    6.19E+07     0.00011598    7.19E+07     2.6129E+05    
   6.2E+07      0.99716      0.0001158     6.2E+07      0.0001158     7.2E+07      2.6134E+05    
   6.21E+07     0.99716      0.00011574    6.21E+07     0.00011574    7.21E+07     2.612E+05     
   6.22E+07     0.99717      0.00011584    6.22E+07     0.00011584    7.22E+07     2.6153E+05    
   6.23E+07     0.99717      0.00011567    6.23E+07     0.00011567    7.23E+07     2.6179E+05    
   6.24E+07     0.99717      0.00011559    6.24E+07     0.00011559    7.24E+07     2.6227E+05    
   6.25E+07     0.99718      0.00011543    6.25E+07     0.00011543    7.25E+07     2.6145E+05    
   6.26E+07     0.99718      0.00011521    6.26E+07     0.00011521    7.26E+07     2.6188E+05    
   6.27E+07     0.99718      0.00011499    6.27E+07     0.00011499    7.27E+07     2.6203E+05    
   6.28E+07     0.99718      0.00011498    6.28E+07     0.00011498    7.28E+07     2.6225E+05    
   6.29E+07     0.99719      0.00011478    6.29E+07     0.00011478    7.29E+07     2.6273E+05    
   6.3E+07      0.99719      0.00011458    6.3E+07      0.00011458    7.3E+07      2.6319E+05    
   6.31E+07     0.99718      0.00011456    6.31E+07     0.00011456    7.31E+07     2.6339E+05    
   6.32E+07     0.99718      0.00011435    6.32E+07     0.00011435    7.32E+07     2.6304E+05    
   6.33E+07     0.99718      0.00011416    6.33E+07     0.00011416    7.33E+07     2.6223E+05    
   6.34E+07     0.99718      0.0001142     6.34E+07     0.0001142     7.34E+07     2.6182E+05    
   6.35E+07     0.99717      0.00011417    6.35E+07     0.00011417    7.35E+07     2.6225E+05    
   6.36E+07     0.99717      0.00011396    6.36E+07     0.00011396    7.36E+07     2.6033E+05    
   6.37E+07     0.99717      0.00011384    6.37E+07     0.00011384    7.37E+07     2.601E+05     
   6.38E+07     0.99718      0.00011362    6.38E+07     0.00011362    7.38E+07     2.6027E+05    
   6.39E+07     0.99718      0.00011345    6.39E+07     0.00011345    7.39E+07     2.6058E+05    
   6.4E+07      0.99718      0.00011326    6.4E+07      0.00011326    7.4E+07      2.6096E+05    
   6.41E+07     0.99718      0.00011305    6.41E+07     0.00011305    7.41E+07     2.6126E+05    
   6.42E+07     0.99718      0.00011294    6.42E+07     0.00011294    7.42E+07     2.616E+05     
   6.43E+07     0.99718      0.00011278    6.43E+07     0.00011278    7.43E+07     2.6133E+05    
   6.44E+07     0.99718      0.0001126     6.44E+07     0.0001126     7.44E+07     2.5996E+05    
   6.45E+07     0.99718      0.00011244    6.45E+07     0.00011244    7.45E+07     2.604E+05     
   6.46E+07     0.99718      0.00011232    6.46E+07     0.00011232    7.46E+07     2.608E+05     
   6.47E+07     0.99718      0.00011211    6.47E+07     0.00011211    7.47E+07     2.6114E+05    
   6.48E+07     0.99718      0.00011198    6.48E+07     0.00011198    7.48E+07     2.607E+05     
   6.49E+07     0.99719      0.00011219    6.49E+07     0.00011219    7.49E+07     2.6114E+05    
   6.5E+07      0.99719      0.00011201    6.5E+07      0.00011201    7.5E+07      2.616E+05     
   6.51E+07     0.9972       0.0001123     6.51E+07     0.0001123     7.51E+07     2.6203E+05    
   6.52E+07     0.9972       0.0001121     6.52E+07     0.0001121     7.52E+07     2.6189E+05    
   6.53E+07     0.9972       0.00011192    6.53E+07     0.00011192    7.53E+07     2.6105E+05    
   6.54E+07     0.9972       0.00011175    6.54E+07     0.00011175    7.54E+07     2.6073E+05    
   6.55E+07     0.9972       0.00011155    6.55E+07     0.00011155    7.55E+07     2.6107E+05    
   6.56E+07     0.9972       0.00011144    6.56E+07     0.00011144    7.56E+07     2.6139E+05    
   6.57E+07     0.9972       0.00011126    6.57E+07     0.00011126    7.57E+07     2.617E+05     
   6.58E+07     0.99718      0.00011217    6.58E+07     0.00011217    7.58E+07     2.6213E+05    
   6.59E+07     0.99718      0.00011203    6.59E+07     0.00011203    7.59E+07     2.6205E+05    
   6.6E+07      0.99718      0.0001119     6.6E+07      0.0001119     7.6E+07      2.6248E+05    
   6.61E+07     0.99718      0.00011179    6.61E+07     0.00011179    7.61E+07     2.6192E+05    
   6.62E+07     0.99718      0.00011165    6.62E+07     0.00011165    7.62E+07     2.6045E+05    
   6.63E+07     0.99718      0.00011145    6.63E+07     0.00011145    7.63E+07     2.609E+05     
   6.64E+07     0.99718      0.00011125    6.64E+07     0.00011125    7.64E+07     2.6113E+05    
   6.65E+07     0.99717      0.00011153    6.65E+07     0.00011153    7.65E+07     2.6112E+05    
   6.66E+07     0.99717      0.00011133    6.66E+07     0.00011133    7.66E+07     2.6152E+05    
   6.67E+07     0.99717      0.00011118    6.67E+07     0.00011118    7.67E+07     2.6149E+05    
   6.68E+07     0.99718      0.00011143    6.68E+07     0.00011143    7.68E+07     2.619E+05     
   6.69E+07     0.99718      0.00011123    6.69E+07     0.00011123    7.69E+07     2.6197E+05    
   6.7E+07      0.99719      0.00011149    6.7E+07      0.00011149    7.7E+07      2.624E+05     
   6.71E+07     0.9972       0.00011145    6.71E+07     0.00011145    7.71E+07     2.6165E+05    
   6.72E+07     0.9972       0.00011129    6.72E+07     0.00011129    7.72E+07     2.6206E+05    
   6.73E+07     0.9972       0.0001111     6.73E+07     0.0001111     7.73E+07     2.6202E+05    
   6.74E+07     0.99721      0.00011108    6.74E+07     0.00011108    7.74E+07     2.5943E+05    
   6.75E+07     0.99721      0.00011089    6.75E+07     0.00011089    7.75E+07     2.5881E+05    
   6.76E+07     0.99721      0.0001107     6.76E+07     0.0001107     7.76E+07     2.5913E+05    
   6.77E+07     0.99721      0.00011054    6.77E+07     0.00011054    7.77E+07     2.5955E+05    
   6.78E+07     0.9972       0.0001104     6.78E+07     0.0001104     7.78E+07     2.5924E+05    
   6.79E+07     0.9972       0.00011032    6.79E+07     0.00011032    7.79E+07     2.5961E+05    
   6.8E+07      0.9972       0.00011013    6.8E+07      0.00011013    7.8E+07      2.5991E+05    
   6.81E+07     0.9972       0.00011023    6.81E+07     0.00011023    7.81E+07     2.5902E+05    
   6.82E+07     0.9972       0.00011004    6.82E+07     0.00011004    7.82E+07     2.5944E+05    
   6.83E+07     0.99721      0.00010995    6.83E+07     0.00010995    7.83E+07     2.5984E+05    
   6.84E+07     0.99721      0.00010977    6.84E+07     0.00010977    7.84E+07     2.5949E+05    
   6.85E+07     0.9972       0.00010967    6.85E+07     0.00010967    7.85E+07     2.5901E+05    
   6.86E+07     0.9972       0.00010955    6.86E+07     0.00010955    7.86E+07     2.594E+05     
   6.87E+07     0.99721      0.00010954    6.87E+07     0.00010954    7.87E+07     2.5982E+05    
   6.88E+07     0.99721      0.00010936    6.88E+07     0.00010936    7.88E+07     2.6017E+05    
   6.89E+07     0.99721      0.00010919    6.89E+07     0.00010919    7.89E+07     2.5968E+05    
   6.9E+07      0.99721      0.00010912    6.9E+07      0.00010912    7.9E+07      2.5928E+05    
   6.91E+07     0.99721      0.00010893    6.91E+07     0.00010893    7.91E+07     2.5768E+05    
   6.92E+07     0.99722      0.00010876    6.92E+07     0.00010876    7.92E+07     2.5778E+05    
   6.93E+07     0.99721      0.0001086     6.93E+07     0.0001086     7.93E+07     2.5819E+05    
   6.94E+07     0.99722      0.00010853    6.94E+07     0.00010853    7.94E+07     2.583E+05     
   6.95E+07     0.99723      0.00010876    6.95E+07     0.00010876    7.95E+07     2.5871E+05    
   6.96E+07     0.99723      0.0001086     6.96E+07     0.0001086     7.96E+07     2.5891E+05    
   6.97E+07     0.99724      0.0001086     6.97E+07     0.0001086     7.97E+07     2.5889E+05    
   6.98E+07     0.99724      0.00010852    6.98E+07     0.00010852    7.98E+07     2.5926E+05    
   6.99E+07     0.99725      0.00010841    6.99E+07     0.00010841    7.99E+07     2.5968E+05    
   7E+07        0.99724      0.00010824    7E+07        0.00010824    8E+07        2.587E+05     
   7.01E+07     0.99724      0.00010806    7.01E+07     0.00010806    8.01E+07     2.5907E+05    
   7.02E+07     0.99724      0.00010791    7.02E+07     0.00010791    8.02E+07     2.5946E+05    
   7.03E+07     0.99724      0.00010778    7.03E+07     0.00010778    8.03E+07     2.5957E+05    
   7.04E+07     0.99723      0.00010771    7.04E+07     0.00010771    8.04E+07     2.5998E+05    
   7.05E+07     0.99723      0.00010754    7.05E+07     0.00010754    8.05E+07     2.6039E+05    
   7.06E+07     0.99724      0.00010738    7.06E+07     0.00010738    8.06E+07     2.6077E+05    
   7.07E+07     0.99723      0.00010724    7.07E+07     0.00010724    8.07E+07     2.6096E+05    
   7.08E+07     0.99724      0.00010745    7.08E+07     0.00010745    8.08E+07     2.5948E+05    
   7.09E+07     0.99725      0.00010733    7.09E+07     0.00010733    8.09E+07     2.595E+05     
   7.1E+07      0.99725      0.00010727    7.1E+07      0.00010727    8.1E+07      2.596E+05     
   7.11E+07     0.99724      0.00010725    7.11E+07     0.00010725    8.11E+07     2.6001E+05    
   7.12E+07     0.99725      0.00010708    7.12E+07     0.00010708    8.12E+07     2.6019E+05    
   7.13E+07     0.99725      0.00010694    7.13E+07     0.00010694    8.13E+07     2.6036E+05    
   7.14E+07     0.99724      0.000107      7.14E+07     0.000107      8.14E+07     2.6071E+05    
   7.15E+07     0.99724      0.00010682    7.15E+07     0.00010682    8.15E+07     2.6109E+05    
   7.16E+07     0.99724      0.00010665    7.16E+07     0.00010665    8.16E+07     2.615E+05     
   7.17E+07     0.99725      0.00010688    7.17E+07     0.00010688    8.17E+07     2.616E+05     
   7.18E+07     0.99726      0.00010689    7.18E+07     0.00010689    8.18E+07     2.62E+05      
   7.19E+07     0.99725      0.00010676    7.19E+07     0.00010676    8.19E+07     2.6218E+05    
   7.2E+07      0.99726      0.00010667    7.2E+07      0.00010667    8.2E+07      2.6259E+05    
   7.21E+07     0.99726      0.00010663    7.21E+07     0.00010663    8.21E+07     2.6294E+05    
   7.22E+07     0.99727      0.00010649    7.22E+07     0.00010649    8.22E+07     2.6331E+05    
   7.23E+07     0.99727      0.00010636    7.23E+07     0.00010636    8.23E+07     2.6232E+05    
   7.24E+07     0.99727      0.00010619    7.24E+07     0.00010619    8.24E+07     2.6267E+05    
   7.25E+07     0.99728      0.00010628    7.25E+07     0.00010628    8.25E+07     2.6302E+05    
   7.26E+07     0.99728      0.00010612    7.26E+07     0.00010612    8.26E+07     2.6292E+05    
   7.27E+07     0.99728      0.00010602    7.27E+07     0.00010602    8.27E+07     2.6328E+05    
   7.28E+07     0.99728      0.0001059     7.28E+07     0.0001059     8.28E+07     2.6318E+05    
   7.29E+07     0.99728      0.00010573    7.29E+07     0.00010573    8.29E+07     2.6268E+05    
   7.3E+07      0.99728      0.00010557    7.3E+07      0.00010557    8.3E+07      2.6287E+05    
   7.31E+07     0.99729      0.00010545    7.31E+07     0.00010545    8.31E+07     2.6326E+05    
   7.32E+07     0.99728      0.00010544    7.32E+07     0.00010544    8.32E+07     2.6292E+05    
   7.33E+07     0.99729      0.00010554    7.33E+07     0.00010554    8.33E+07     2.6332E+05    
   7.34E+07     0.99729      0.00010555    7.34E+07     0.00010555    8.34E+07     2.6318E+05    
   7.35E+07     0.99729      0.00010539    7.35E+07     0.00010539    8.35E+07     2.6155E+05    
   7.36E+07     0.99728      0.0001057     7.36E+07     0.0001057     8.36E+07     2.6188E+05    
   7.37E+07     0.99728      0.00010568    7.37E+07     0.00010568    8.37E+07     2.6223E+05    
   7.38E+07     0.99727      0.00010557    7.38E+07     0.00010557    8.38E+07     2.6258E+05    
   7.39E+07     0.99727      0.00010544    7.39E+07     0.00010544    8.39E+07     2.6245E+05    
   7.4E+07      0.99727      0.00010529    7.4E+07      0.00010529    8.4E+07      2.6266E+05    
   7.41E+07     0.99727      0.00010516    7.41E+07     0.00010516    8.41E+07     2.628E+05     
   7.42E+07     0.99727      0.00010502    7.42E+07     0.00010502    8.42E+07     2.6317E+05    
   7.43E+07     0.99727      0.000105      7.43E+07     0.000105      8.43E+07     2.6357E+05    
   7.44E+07     0.99726      0.00010521    7.44E+07     0.00010521    8.44E+07     2.6393E+05    
   7.45E+07     0.99726      0.00010505    7.45E+07     0.00010505    8.45E+07     2.6325E+05    
   7.46E+07     0.99727      0.0001049     7.46E+07     0.0001049     8.46E+07     2.6364E+05    
   7.47E+07     0.99727      0.00010476    7.47E+07     0.00010476    8.47E+07     2.6402E+05    
   7.48E+07     0.99726      0.00010478    7.48E+07     0.00010478    8.48E+07     2.6414E+05    
   7.49E+07     0.99726      0.00010462    7.49E+07     0.00010462    8.49E+07     2.6453E+05    
   7.5E+07      0.99726      0.00010446    7.5E+07      0.00010446    8.5E+07      2.6483E+05    
   7.51E+07     0.99726      0.0001043     7.51E+07     0.0001043     8.51E+07     2.6357E+05    
   7.52E+07     0.99727      0.00010426    7.52E+07     0.00010426    8.52E+07     2.6368E+05    
   7.53E+07     0.99726      0.00010436    7.53E+07     0.00010436    8.53E+07     2.6377E+05    
   7.54E+07     0.99727      0.00010435    7.54E+07     0.00010435    8.54E+07     2.6177E+05    
   7.55E+07     0.99727      0.00010421    7.55E+07     0.00010421    8.55E+07     2.6101E+05    
   7.56E+07     0.99727      0.00010408    7.56E+07     0.00010408    8.56E+07     2.6139E+05    
   7.57E+07     0.99726      0.00010395    7.57E+07     0.00010395    8.57E+07     2.6112E+05    
   7.58E+07     0.99726      0.0001038     7.58E+07     0.0001038     8.58E+07     2.6148E+05    
   7.59E+07     0.99727      0.00010375    7.59E+07     0.00010375    8.59E+07     2.6171E+05    
   7.6E+07      0.99727      0.00010359    7.6E+07      0.00010359    8.6E+07      2.6183E+05    
   7.61E+07     0.99726      0.00010364    7.61E+07     0.00010364    8.61E+07     2.6184E+05    
   7.62E+07     0.99727      0.00010386    7.62E+07     0.00010386    8.62E+07     2.6186E+05    
   7.63E+07     0.99727      0.0001037     7.63E+07     0.0001037     8.63E+07     2.6223E+05    
   7.64E+07     0.99727      0.00010359    7.64E+07     0.00010359    8.64E+07     2.6229E+05    
   7.65E+07     0.99727      0.00010352    7.65E+07     0.00010352    8.65E+07     2.6233E+05    
   7.66E+07     0.99727      0.00010337    7.66E+07     0.00010337    8.66E+07     2.6271E+05    
   7.67E+07     0.99727      0.00010331    7.67E+07     0.00010331    8.67E+07     2.6304E+05    
   7.68E+07     0.99727      0.00010316    7.68E+07     0.00010316    8.68E+07     2.6327E+05    
   7.69E+07     0.99728      0.00010308    7.69E+07     0.00010308    8.69E+07     2.633E+05     
   7.7E+07      0.99728      0.00010293    7.7E+07      0.00010293    8.7E+07      2.6362E+05    
   7.71E+07     0.99728      0.00010301    7.71E+07     0.00010301    8.71E+07     2.6327E+05    
   7.72E+07     0.99728      0.00010286    7.72E+07     0.00010286    8.72E+07     2.6363E+05    
   7.73E+07     0.99729      0.00010281    7.73E+07     0.00010281    8.73E+07     2.636E+05     
   7.74E+07     0.9973       0.00010325    7.74E+07     0.00010325    8.74E+07     2.6322E+05    
   7.75E+07     0.99729      0.00010331    7.75E+07     0.00010331    8.75E+07     2.6349E+05    
   7.76E+07     0.99729      0.00010318    7.76E+07     0.00010318    8.76E+07     2.6364E+05    
   7.77E+07     0.99729      0.00010303    7.77E+07     0.00010303    8.77E+07     2.6347E+05    
   7.78E+07     0.99729      0.00010302    7.78E+07     0.00010302    8.78E+07     2.6385E+05    
   7.79E+07     0.99729      0.00010288    7.79E+07     0.00010288    8.79E+07     2.6367E+05    
   7.8E+07      0.9973       0.00010276    7.8E+07      0.00010276    8.8E+07      2.6405E+05    
   7.81E+07     0.99729      0.00010287    7.81E+07     0.00010287    8.81E+07     2.6431E+05    
   7.82E+07     0.99729      0.00010272    7.82E+07     0.00010272    8.82E+07     2.6392E+05    
   7.83E+07     0.99729      0.00010257    7.83E+07     0.00010257    8.83E+07     2.6426E+05    
   7.84E+07     0.9973       0.00010257    7.84E+07     0.00010257    8.84E+07     2.6457E+05    
   7.85E+07     0.9973       0.0001026     7.85E+07     0.0001026     8.85E+07     2.6486E+05    
   7.86E+07     0.9973       0.00010246    7.86E+07     0.00010246    8.86E+07     2.6479E+05    
   7.87E+07     0.9973       0.00010231    7.87E+07     0.00010231    8.87E+07     2.6501E+05    
   7.88E+07     0.9973       0.00010218    7.88E+07     0.00010218    8.88E+07     2.6538E+05    
   7.89E+07     0.99731      0.00010221    7.89E+07     0.00010221    8.89E+07     2.6565E+05    
   7.9E+07      0.99731      0.00010222    7.9E+07      0.00010222    8.9E+07      2.6572E+05    
   7.91E+07     0.9973       0.00010248    7.91E+07     0.00010248    8.91E+07     2.6555E+05    
   7.92E+07     0.99731      0.00010239    7.92E+07     0.00010239    8.92E+07     2.6586E+05    
   7.93E+07     0.99731      0.00010225    7.93E+07     0.00010225    8.93E+07     2.6539E+05    
   7.94E+07     0.99731      0.00010216    7.94E+07     0.00010216    8.94E+07     2.6546E+05    
   7.95E+07     0.99731      0.00010201    7.95E+07     0.00010201    8.95E+07     2.6557E+05    
   7.96E+07     0.99731      0.00010191    7.96E+07     0.00010191    8.96E+07     2.6592E+05    
   7.97E+07     0.99732      0.00010185    7.97E+07     0.00010185    8.97E+07     2.6622E+05    
   7.98E+07     0.99732      0.00010171    7.98E+07     0.00010171    8.98E+07     2.6658E+05    
   7.99E+07     0.99732      0.00010157    7.99E+07     0.00010157    8.99E+07     2.6695E+05    
   8E+07        0.99731      0.0001017     8E+07        0.0001017     9E+07        2.668E+05     
   8.01E+07     0.99731      0.00010156    8.01E+07     0.00010156    9.01E+07     2.6688E+05    
   8.02E+07     0.99731      0.00010142    8.02E+07     0.00010142    9.02E+07     2.6722E+05    
   8.03E+07     0.99731      0.00010133    8.03E+07     0.00010133    9.03E+07     2.6726E+05    
   8.04E+07     0.99731      0.00010119    8.04E+07     0.00010119    9.04E+07     2.6746E+05    
   8.05E+07     0.99731      0.00010105    8.05E+07     0.00010105    9.05E+07     2.6782E+05    
   8.06E+07     0.99731      0.00010091    8.06E+07     0.00010091    9.06E+07     2.6785E+05    
   8.07E+07     0.99731      0.00010081    8.07E+07     0.00010081    9.07E+07     2.6768E+05    
   8.08E+07     0.99732      0.00010104    8.08E+07     0.00010104    9.08E+07     2.6805E+05    
   8.09E+07     0.99733      0.00010097    8.09E+07     0.00010097    9.09E+07     2.6841E+05    
   8.1E+07      0.99733      0.00010089    8.1E+07      0.00010089    9.1E+07      2.684E+05     
   8.11E+07     0.99733      0.00010075    8.11E+07     0.00010075    9.11E+07     2.687E+05     
   8.12E+07     0.99733      0.00010065    8.12E+07     0.00010065    9.12E+07     2.6897E+05    
   8.13E+07     0.99732      0.00010055    8.13E+07     0.00010055    9.13E+07     2.6898E+05    
   8.14E+07     0.99732      0.00010043    8.14E+07     0.00010043    9.14E+07     2.6895E+05    
   8.15E+07     0.99732      0.00010029    8.15E+07     0.00010029    9.15E+07     2.6912E+05    
   8.16E+07     0.99732      0.00010015    8.16E+07     0.00010015    9.16E+07     2.6942E+05    
   8.17E+07     0.99732      0.00010007    8.17E+07     0.00010007    9.17E+07     2.695E+05     
   8.18E+07     0.99732      9.9932E-05    8.18E+07     9.9932E-05    9.18E+07     2.6986E+05    
   8.19E+07     0.99732      9.9839E-05    8.19E+07     9.9839E-05    9.19E+07     2.6964E+05    
   8.2E+07      0.99732      9.97E-05      8.2E+07      9.97E-05      9.2E+07      2.6998E+05    
   8.21E+07     0.99732      9.9566E-05    8.21E+07     9.9566E-05    9.21E+07     2.7018E+05    
   8.22E+07     0.99732      9.9435E-05    8.22E+07     9.9435E-05    9.22E+07     2.7037E+05    
   8.23E+07     0.99731      9.9562E-05    8.23E+07     9.9562E-05    9.23E+07     2.6778E+05    
   8.24E+07     0.99731      9.9436E-05    8.24E+07     9.9436E-05    9.24E+07     2.6761E+05    
   8.25E+07     0.99731      9.9311E-05    8.25E+07     9.9311E-05    9.25E+07     2.6794E+05    
   8.26E+07     0.99731      9.9267E-05    8.26E+07     9.9267E-05    9.26E+07     2.6818E+05    
   8.27E+07     0.99731      9.914E-05     8.27E+07     9.914E-05     9.27E+07     2.684E+05     
   8.28E+07     0.99732      9.9098E-05    8.28E+07     9.9098E-05    9.28E+07     2.6873E+05    
   8.29E+07     0.99732      9.9134E-05    8.29E+07     9.9134E-05    9.29E+07     2.6804E+05    
   8.3E+07      0.99732      9.9037E-05    8.3E+07      9.9037E-05    9.3E+07      2.6726E+05    
   8.31E+07     0.99732      9.8904E-05    8.31E+07     9.8904E-05    9.31E+07     2.6709E+05    
   8.32E+07     0.99733      9.8909E-05    8.32E+07     9.8909E-05    9.32E+07     2.6743E+05    
   8.33E+07     0.99733      9.8774E-05    8.33E+07     9.8774E-05    9.33E+07     2.6776E+05    
   8.34E+07     0.99733      9.8739E-05    8.34E+07     9.8739E-05    9.34E+07     2.6774E+05    
   8.35E+07     0.99732      9.8987E-05    8.35E+07     9.8987E-05    9.35E+07     2.6791E+05    
   8.36E+07     0.99732      9.8867E-05    8.36E+07     9.8867E-05    9.36E+07     2.6824E+05    
   8.37E+07     0.99733      9.8742E-05    8.37E+07     9.8742E-05    9.37E+07     2.6816E+05    
   8.38E+07     0.99733      9.8616E-05    8.38E+07     9.8616E-05    9.38E+07     2.6836E+05    
   8.39E+07     0.99732      9.8582E-05    8.39E+07     9.8582E-05    9.39E+07     2.6863E+05    
   8.4E+07      0.99732      9.8484E-05    8.4E+07      9.8484E-05    9.4E+07      2.6894E+05    
   8.41E+07     0.99732      9.84E-05      8.41E+07     9.84E-05      9.41E+07     2.6928E+05    
   8.42E+07     0.99732      9.8272E-05    8.42E+07     9.8272E-05    9.42E+07     2.6927E+05    
   8.43E+07     0.99732      9.814E-05     8.43E+07     9.814E-05     9.43E+07     2.6961E+05    
   8.44E+07     0.99732      9.8015E-05    8.44E+07     9.8015E-05    9.44E+07     2.6967E+05    
   8.45E+07     0.99732      9.8083E-05    8.45E+07     9.8083E-05    9.45E+07     2.7001E+05    
   8.46E+07     0.99732      9.7952E-05    8.46E+07     9.7952E-05    9.46E+07     2.7001E+05    
   8.47E+07     0.99732      9.7824E-05    8.47E+07     9.7824E-05    9.47E+07     2.6984E+05    
   8.48E+07     0.99732      9.7745E-05    8.48E+07     9.7745E-05    9.48E+07     2.7019E+05    
   8.49E+07     0.99732      9.7615E-05    8.49E+07     9.7615E-05    9.49E+07     2.7025E+05    
   8.5E+07      0.99732      9.7502E-05    8.5E+07      9.7502E-05    9.5E+07      2.7008E+05    
   8.51E+07     0.99731      9.7676E-05    8.51E+07     9.7676E-05    9.51E+07     2.7043E+05    
   8.52E+07     0.99732      9.76E-05      8.52E+07     9.76E-05      9.52E+07     2.6926E+05    
   8.53E+07     0.99731      9.7525E-05    8.53E+07     9.7525E-05    9.53E+07     2.6788E+05    
   8.54E+07     0.99732      9.784E-05     8.54E+07     9.784E-05     9.54E+07     2.6821E+05    
   8.55E+07     0.99733      9.7926E-05    8.55E+07     9.7926E-05    9.55E+07     2.6855E+05    
   8.56E+07     0.99733      9.7796E-05    8.56E+07     9.7796E-05    9.56E+07     2.6876E+05    
   8.57E+07     0.99734      9.779E-05     8.57E+07     9.779E-05     9.57E+07     2.691E+05     
   8.58E+07     0.99733      9.7666E-05    8.58E+07     9.7666E-05    9.58E+07     2.6938E+05    
   8.59E+07     0.99734      9.7566E-05    8.59E+07     9.7566E-05    9.59E+07     2.6962E+05    
   8.6E+07      0.99734      9.7486E-05    8.6E+07      9.7486E-05    9.6E+07      2.6984E+05    
   8.61E+07     0.99734      9.7427E-05    8.61E+07     9.7427E-05    9.61E+07     2.6996E+05    
   8.62E+07     0.99734      9.7367E-05    8.62E+07     9.7367E-05    9.62E+07     2.7022E+05    
   8.63E+07     0.99734      9.7243E-05    8.63E+07     9.7243E-05    9.63E+07     2.703E+05     
   8.64E+07     0.99734      9.7172E-05    8.64E+07     9.7172E-05    9.64E+07     2.7064E+05    
   8.65E+07     0.99734      9.7109E-05    8.65E+07     9.7109E-05    9.65E+07     2.7008E+05    
   8.66E+07     0.99734      9.6982E-05    8.66E+07     9.6982E-05    9.66E+07     2.7042E+05    
   8.67E+07     0.99734      9.6866E-05    8.67E+07     9.6866E-05    9.67E+07     2.7021E+05    
   8.68E+07     0.99734      9.6768E-05    8.68E+07     9.6768E-05    9.68E+07     2.6988E+05    
   8.69E+07     0.99734      9.6706E-05    8.69E+07     9.6706E-05    9.69E+07     2.6984E+05    
   8.7E+07      0.99734      9.6592E-05    8.7E+07      9.6592E-05    9.7E+07      2.7016E+05    
   8.71E+07     0.99734      9.66E-05      8.71E+07     9.66E-05      9.71E+07     2.7024E+05    
   8.72E+07     0.99734      9.648E-05     8.72E+07     9.648E-05     9.72E+07     2.6994E+05    
   8.73E+07     0.99735      9.6429E-05    8.73E+07     9.6429E-05    9.73E+07     2.7026E+05    
   8.74E+07     0.99734      9.6443E-05    8.74E+07     9.6443E-05    9.74E+07     2.706E+05     
   8.75E+07     0.99734      9.6338E-05    8.75E+07     9.6338E-05    9.75E+07     2.7091E+05    
   8.76E+07     0.99734      9.6256E-05    8.76E+07     9.6256E-05    9.76E+07     2.7121E+05    
   8.77E+07     0.99735      9.6231E-05    8.77E+07     9.6231E-05    9.77E+07     2.7125E+05    
   8.78E+07     0.99735      9.6107E-05    8.78E+07     9.6107E-05    9.78E+07     2.7156E+05    
   8.79E+07     0.99734      9.6085E-05    8.79E+07     9.6085E-05    9.79E+07     2.7122E+05    
   8.8E+07      0.99734      9.5962E-05    8.8E+07      9.5962E-05    9.8E+07      2.7151E+05    
   8.81E+07     0.99734      9.5859E-05    8.81E+07     9.5859E-05    9.81E+07     2.7129E+05    
   8.82E+07     0.99734      9.5875E-05    8.82E+07     9.5875E-05    9.82E+07     2.7131E+05    
   8.83E+07     0.99734      9.576E-05     8.83E+07     9.576E-05     9.83E+07     2.7143E+05    
   8.84E+07     0.99734      9.565E-05     8.84E+07     9.565E-05     9.84E+07     2.7169E+05    
   8.85E+07     0.99734      9.5541E-05    8.85E+07     9.5541E-05    9.85E+07     2.7162E+05    
   8.86E+07     0.99734      9.55E-05      8.86E+07     9.55E-05      9.86E+07     2.7169E+05    
   8.87E+07     0.99735      9.5408E-05    8.87E+07     9.5408E-05    9.87E+07     2.7202E+05    
   8.88E+07     0.99734      9.5287E-05    8.88E+07     9.5287E-05    9.88E+07     2.723E+05     
   8.89E+07     0.99735      9.5185E-05    8.89E+07     9.5185E-05    9.89E+07     2.7257E+05    
   8.9E+07      0.99735      9.5119E-05    8.9E+07      9.5119E-05    9.9E+07      2.7249E+05    
   8.91E+07     0.99735      9.5097E-05    8.91E+07     9.5097E-05    9.91E+07     2.725E+05     
   8.92E+07     0.99736      9.4989E-05    8.92E+07     9.4989E-05    9.92E+07     2.728E+05     
   8.93E+07     0.99736      9.5019E-05    8.93E+07     9.5019E-05    9.93E+07     2.7299E+05    
   8.94E+07     0.99736      9.4952E-05    8.94E+07     9.4952E-05    9.94E+07     2.7332E+05    
   8.95E+07     0.99737      9.4879E-05    8.95E+07     9.4879E-05    9.95E+07     2.7288E+05    
   8.96E+07     0.99737      9.4765E-05    8.96E+07     9.4765E-05    9.96E+07     2.729E+05     
   8.97E+07     0.99736      9.4658E-05    8.97E+07     9.4658E-05    9.97E+07     2.7311E+05    
   8.98E+07     0.99736      9.454E-05     8.98E+07     9.454E-05     9.98E+07     2.7313E+05    
   8.99E+07     0.99736      9.4422E-05    8.99E+07     9.4422E-05    9.99E+07     2.7281E+05    
   9E+07        0.99737      9.4396E-05    9E+07        9.4396E-05    1E+08        2.7301E+05    
   9.01E+07     0.99737      9.433E-05     9.01E+07     9.433E-05     
   9.02E+07     0.99737      9.4218E-05    9.02E+07     9.4218E-05    
   9.03E+07     0.99738      9.4158E-05    9.03E+07     9.4158E-05    
   9.04E+07     0.99738      9.4071E-05    9.04E+07     9.4071E-05    
   9.05E+07     0.99738      9.3956E-05    9.05E+07     9.3956E-05    
   9.06E+07     0.99737      9.3899E-05    9.06E+07     9.3899E-05    
   9.07E+07     0.99738      9.3875E-05    9.07E+07     9.3875E-05    
   9.08E+07     0.99738      9.3759E-05    9.08E+07     9.3759E-05    
   9.09E+07     0.99738      9.3645E-05    9.09E+07     9.3645E-05    
   9.1E+07      0.99738      9.3595E-05    9.1E+07      9.3595E-05    
   9.11E+07     0.99738      9.3486E-05    9.11E+07     9.3486E-05    
   9.12E+07     0.99739      9.3388E-05    9.12E+07     9.3388E-05    
   9.13E+07     0.99739      9.3336E-05    9.13E+07     9.3336E-05    
   9.14E+07     0.99739      9.3289E-05    9.14E+07     9.3289E-05    
   9.15E+07     0.99739      9.3207E-05    9.15E+07     9.3207E-05    
   9.16E+07     0.99739      9.3105E-05    9.16E+07     9.3105E-05    
   9.17E+07     0.99739      9.3041E-05    9.17E+07     9.3041E-05    
   9.18E+07     0.99739      9.2928E-05    9.18E+07     9.2928E-05    
   9.19E+07     0.99739      9.2916E-05    9.19E+07     9.2916E-05    
   9.2E+07      0.9974       9.2805E-05    9.2E+07      9.2805E-05    
   9.21E+07     0.99739      9.2721E-05    9.21E+07     9.2721E-05    
   9.22E+07     0.99739      9.2639E-05    9.22E+07     9.2639E-05    
   9.23E+07     0.99738      9.3036E-05    9.23E+07     9.3036E-05    
   9.24E+07     0.99738      9.3013E-05    9.24E+07     9.3013E-05    
   9.25E+07     0.99738      9.2906E-05    9.25E+07     9.2906E-05    
   9.26E+07     0.99738      9.2814E-05    9.26E+07     9.2814E-05    
   9.27E+07     0.99738      9.2727E-05    9.27E+07     9.2727E-05    
   9.28E+07     0.99738      9.2619E-05    9.28E+07     9.2619E-05    
   9.29E+07     0.99738      9.2688E-05    9.29E+07     9.2688E-05    
   9.3E+07      0.99739      9.2773E-05    9.3E+07      9.2773E-05    
   9.31E+07     0.99739      9.2754E-05    9.31E+07     9.2754E-05    
   9.32E+07     0.99739      9.2643E-05    9.32E+07     9.2643E-05    
   9.33E+07     0.99739      9.2537E-05    9.33E+07     9.2537E-05    
   9.34E+07     0.99739      9.2492E-05    9.34E+07     9.2492E-05    
   9.35E+07     0.99739      9.2412E-05    9.35E+07     9.2412E-05    
   9.36E+07     0.99739      9.2306E-05    9.36E+07     9.2306E-05    
   9.37E+07     0.99739      9.2271E-05    9.37E+07     9.2271E-05    
   9.38E+07     0.99739      9.2187E-05    9.38E+07     9.2187E-05    
   9.39E+07     0.99739      9.2092E-05    9.39E+07     9.2092E-05    
   9.4E+07      0.99739      9.1989E-05    9.4E+07      9.1989E-05    
   9.41E+07     0.99739      9.1881E-05    9.41E+07     9.1881E-05    
   9.42E+07     0.9974       9.1835E-05    9.42E+07     9.1835E-05    
   9.43E+07     0.9974       9.1729E-05    9.43E+07     9.1729E-05    
   9.44E+07     0.9974       9.1669E-05    9.44E+07     9.1669E-05    
   9.45E+07     0.9974       9.1562E-05    9.45E+07     9.1562E-05    
   9.46E+07     0.9974       9.1515E-05    9.46E+07     9.1515E-05    
   9.47E+07     0.99739      9.1495E-05    9.47E+07     9.1495E-05    
   9.48E+07     0.99739      9.1388E-05    9.48E+07     9.1388E-05    
   9.49E+07     0.9974       9.1328E-05    9.49E+07     9.1328E-05    
   9.5E+07      0.99739      9.1309E-05    9.5E+07      9.1309E-05    
   9.51E+07     0.99739      9.1203E-05    9.51E+07     9.1203E-05    
   9.52E+07     0.99738      9.1353E-05    9.52E+07     9.1353E-05    
   9.53E+07     0.99738      9.154E-05     9.53E+07     9.154E-05     
   9.54E+07     0.99738      9.1434E-05    9.54E+07     9.1434E-05    
   9.55E+07     0.99738      9.1328E-05    9.55E+07     9.1328E-05    
   9.56E+07     0.99738      9.1246E-05    9.56E+07     9.1246E-05    
   9.57E+07     0.99738      9.114E-05     9.57E+07     9.114E-05     
   9.58E+07     0.99738      9.1044E-05    9.58E+07     9.1044E-05    
   9.59E+07     0.99738      9.0957E-05    9.59E+07     9.0957E-05    
   9.6E+07      0.99737      9.0872E-05    9.6E+07      9.0872E-05    
   9.61E+07     0.99737      9.0805E-05    9.61E+07     9.0805E-05    
   9.62E+07     0.99737      9.0712E-05    9.62E+07     9.0712E-05    
   9.63E+07     0.99737      9.0652E-05    9.63E+07     9.0652E-05    
   9.64E+07     0.99737      9.0548E-05    9.64E+07     9.0548E-05    
   9.65E+07     0.99738      9.0596E-05    9.65E+07     9.0596E-05    
   9.66E+07     0.99738      9.0491E-05    9.66E+07     9.0491E-05    
   9.67E+07     0.99738      9.0479E-05    9.67E+07     9.0479E-05    
   9.68E+07     0.99737      9.0488E-05    9.68E+07     9.0488E-05    
   9.69E+07     0.99737      9.0448E-05    9.69E+07     9.0448E-05    
   9.7E+07      0.99737      9.0349E-05    9.7E+07      9.0349E-05    
   9.71E+07     0.99737      9.0288E-05    9.71E+07     9.0288E-05    
   9.72E+07     0.99737      9.0291E-05    9.72E+07     9.0291E-05    
   9.73E+07     0.99737      9.0193E-05    9.73E+07     9.0193E-05    
   9.74E+07     0.99737      9.009E-05     9.74E+07     9.009E-05     
   9.75E+07     0.99738      8.9992E-05    9.75E+07     8.9992E-05    
   9.76E+07     0.99737      8.9895E-05    9.76E+07     8.9895E-05    
   9.77E+07     0.99737      8.9843E-05    9.77E+07     8.9843E-05    
   9.78E+07     0.99737      8.9746E-05    9.78E+07     8.9746E-05    
   9.79E+07     0.99737      8.9756E-05    9.79E+07     8.9756E-05    
   9.8E+07      0.99737      8.9662E-05    9.8E+07      8.9662E-05    
   9.81E+07     0.99736      8.9653E-05    9.81E+07     8.9653E-05    
   9.82E+07     0.99736      8.9604E-05    9.82E+07     8.9604E-05    
   9.83E+07     0.99736      8.9539E-05    9.83E+07     8.9539E-05    
   9.84E+07     0.99736      8.9449E-05    9.84E+07     8.9449E-05    
   9.85E+07     0.99736      8.9416E-05    9.85E+07     8.9416E-05    
   9.86E+07     0.99736      8.936E-05     9.86E+07     8.936E-05     
   9.87E+07     0.99736      8.9261E-05    9.87E+07     8.9261E-05    
   9.88E+07     0.99736      8.9169E-05    9.88E+07     8.9169E-05    
   9.89E+07     0.99736      8.9079E-05    9.89E+07     8.9079E-05    
   9.9E+07      0.99736      8.9047E-05    9.9E+07      8.9047E-05    
   9.91E+07     0.99735      8.9001E-05    9.91E+07     8.9001E-05    
   9.92E+07     0.99735      8.8906E-05    9.92E+07     8.8906E-05    
   9.93E+07     0.99735      8.8831E-05    9.93E+07     8.8831E-05    
   9.94E+07     0.99735      8.8732E-05    9.94E+07     8.8732E-05    
   9.95E+07     0.99735      8.8761E-05    9.95E+07     8.8761E-05    
   9.96E+07     0.99734      8.8712E-05    9.96E+07     8.8712E-05    
   9.97E+07     0.99735      8.8633E-05    9.97E+07     8.8633E-05    
   9.98E+07     0.99735      8.8586E-05    9.98E+07     8.8586E-05    
   9.99E+07     0.99735      8.8594E-05    9.99E+07     8.8594E-05    
   1E+08        0.99734      8.8517E-05    1E+08        8.8517E-05    
