# This file is written with the intent of being used to plot the data with 
# Gnuplot.  It contains no information regarding how the plot should be 
# formatted.
# =========================================================================
# Research/ArnoldivsPower -f Power1-w50-58.dat -t 100000 -A -c 100 -C 900 -w 50 -b 75 -r  seed = 26944712
# filename = Power1-w50-58.dat, run = true, power = true, Arnoldi = false, storevectors = 0, raw = false, evectors = 2, evalues = 2, residual = false, arnoldimethod = implicit, tol = 2.22045e-16, verbose = 1, seed = 0, width = 50, bins = 75, acycles = 900, incycles = 100, active = 20, inactive = 0, Iterations = 10, numValues = 2, relaxed = 0, tracks = 100000, ignore_rest = false, version = false, help = false, 

#  1            2            3             4            5             6            7             8            9            
# |-            Power values           -| |-   Power eValues SD   -| |-       FOM-Power      -| |-     Power vector     -| 
#  x-coord      y-coord      error         x-coord      y-coord       x-coord      y-coord       x-coord      y-coord       
   1E+05        0.98521      0             1E+05        0             1.01E+07     0             0.33333      0.010197      
   2E+05        0.99018      0             2E+05        0             1.02E+07     14028         1            0.017444      
   3E+05        0.98824      0             3E+05        0             1.03E+07     27632         1.6667       0.024329      
   4E+05        0.99164      0             4E+05        0             1.04E+07     46071         2.3333       0.030941      
   5E+05        0.99089      0             5E+05        0             1.05E+07     18294         3            0.037712      
   6E+05        0.98996      0             6E+05        0             1.06E+07     24859         3.6667       0.043914      
   7E+05        0.99265      0             7E+05        0             1.07E+07     33397         4.3333       0.050644      
   8E+05        0.98996      0             8E+05        0             1.08E+07     43037         5            0.056671      
   9E+05        0.99193      0             9E+05        0             1.09E+07     50667         5.6667       0.063001      
   1E+06        0.99252      0             1E+06        0             1.1E+07      48355         6.3333       0.069214      
   1.1E+06      0.99714      0             1.1E+06      0             1.11E+07     38556         7            0.075011      
   1.2E+06      0.99117      0             1.2E+06      0             1.12E+07     43746         7.6667       0.080571      
   1.3E+06      0.99149      0             1.3E+06      0             1.13E+07     48206         8.3333       0.086273      
   1.4E+06      0.99157      0             1.4E+06      0             1.14E+07     55358         9            0.091904      
   1.5E+06      0.99479      0             1.5E+06      0             1.15E+07     43256         9.6667       0.097079      
   1.6E+06      0.99103      0             1.6E+06      0             1.16E+07     47944         10.333       0.10238       
   1.7E+06      0.99857      0             1.7E+06      0             1.17E+07     53516         11           0.1073        
   1.8E+06      0.99417      0             1.8E+06      0             1.18E+07     59280         11.667       0.11229       
   1.9E+06      0.99609      0             1.9E+06      0             1.19E+07     58197         12.333       0.1172        
   2E+06        0.99035      0             2E+06        0             1.2E+07      50888         13           0.12156       
   2.1E+06      0.99471      0             2.1E+06      0             1.21E+07     55381         13.667       0.12603       
   2.2E+06      0.99813      0             2.2E+06      0             1.22E+07     58567         14.333       0.12963       
   2.3E+06      0.99342      0             2.3E+06      0             1.23E+07     58406         15           0.13308       
   2.4E+06      0.99505      0             2.4E+06      0             1.24E+07     62388         15.667       0.13636       
   2.5E+06      0.99695      0             2.5E+06      0             1.25E+07     67085         16.333       0.13929       
   2.6E+06      0.99622      0             2.6E+06      0             1.26E+07     66686         17           0.14184       
   2.7E+06      0.99213      0             2.7E+06      0             1.27E+07     63657         17.667       0.14488       
   2.8E+06      0.99888      0             2.8E+06      0             1.28E+07     67770         18.333       0.14777       
   2.9E+06      0.99546      0             2.9E+06      0             1.29E+07     71566         19           0.14957       
   3E+06        0.99931      0             3E+06        0             1.3E+07      73399         19.667       0.15139       
   3.1E+06      0.99996      0             3.1E+06      0             1.31E+07     75878         20.333       0.15296       
   3.2E+06      0.99472      0             3.2E+06      0             1.32E+07     78554         21           0.1545        
   3.3E+06      0.99256      0             3.3E+06      0             1.33E+07     82763         21.667       0.15594       
   3.4E+06      0.99923      0             3.4E+06      0             1.34E+07     87099         22.333       0.15714       
   3.5E+06      1.0002       0             3.5E+06      0             1.35E+07     89808         23           0.15813       
   3.6E+06      1.0004       0             3.6E+06      0             1.36E+07     93535         23.667       0.15887       
   3.7E+06      0.98912      0             3.7E+06      0             1.37E+07     93957         24.333       0.15951       
   3.8E+06      0.99533      0             3.8E+06      0             1.38E+07     97696         25           0.15961       
   3.9E+06      0.99125      0             3.9E+06      0             1.39E+07     1.0202E+05    25.667       0.15941       
   4E+06        0.99337      0             4E+06        0             1.4E+07      1.0621E+05    26.333       0.15963       
   4.1E+06      0.99583      0             4.1E+06      0             1.41E+07     1.0891E+05    27           0.15894       
   4.2E+06      0.9986       0             4.2E+06      0             1.42E+07     1.1038E+05    27.667       0.15778       
   4.3E+06      0.99709      0             4.3E+06      0             1.43E+07     1.1068E+05    28.333       0.15686       
   4.4E+06      0.99847      0             4.4E+06      0             1.44E+07     1.1465E+05    29           0.15542       
   4.5E+06      0.99562      0             4.5E+06      0             1.45E+07     1.1734E+05    29.667       0.15379       
   4.6E+06      0.99295      0             4.6E+06      0             1.46E+07     1.2142E+05    30.333       0.15185       
   4.7E+06      0.99548      0             4.7E+06      0             1.47E+07     1.2587E+05    31           0.14993       
   4.8E+06      0.99296      0             4.8E+06      0             1.48E+07     1.1777E+05    31.667       0.14726       
   4.9E+06      0.9967       0             4.9E+06      0             1.49E+07     1.1806E+05    32.333       0.14421       
   5E+06        0.9985       0             5E+06        0             1.5E+07      1.22E+05      33           0.14138       
   5.1E+06      0.99677      0             5.1E+06      0             1.51E+07     1.2607E+05    33.667       0.13845       
   5.2E+06      0.99721      0             5.2E+06      0             1.52E+07     1.2944E+05    34.333       0.13506       
   5.3E+06      0.99416      0             5.3E+06      0             1.53E+07     1.2337E+05    35           0.13199       
   5.4E+06      0.99385      0             5.4E+06      0             1.54E+07     1.2549E+05    35.667       0.12811       
   5.5E+06      0.99945      0             5.5E+06      0             1.55E+07     1.2174E+05    36.333       0.12428       
   5.6E+06      0.99753      0             5.6E+06      0             1.56E+07     1.2487E+05    37           0.11993       
   5.7E+06      0.99998      0             5.7E+06      0             1.57E+07     1.2774E+05    37.667       0.1155        
   5.8E+06      0.99757      0             5.8E+06      0             1.58E+07     1.2997E+05    38.333       0.11059       
   5.9E+06      0.99909      0             5.9E+06      0             1.59E+07     1.3219E+05    39           0.10559       
   6E+06        1.0006       0             6E+06        0             1.6E+07      1.2537E+05    39.667       0.099881      
   6.1E+06      0.99683      0             6.1E+06      0             1.61E+07     1.1808E+05    40.333       0.094688      
   6.2E+06      0.99508      0             6.2E+06      0             1.62E+07     1.2089E+05    41           0.089648      
   6.3E+06      0.99612      0             6.3E+06      0             1.63E+07     1.2253E+05    41.667       0.083847      
   6.4E+06      0.99837      0             6.4E+06      0             1.64E+07     1.237E+05     42.333       0.078283      
   6.5E+06      1.0021       0             6.5E+06      0             1.65E+07     1.264E+05     43           0.072403      
   6.6E+06      0.9963       0             6.6E+06      0             1.66E+07     1.2284E+05    43.667       0.066218      
   6.7E+06      0.99938      0             6.7E+06      0             1.67E+07     1.2576E+05    44.333       0.060431      
   6.8E+06      1.0001       0             6.8E+06      0             1.68E+07     1.2551E+05    45           0.054512      
   6.9E+06      0.99963      0             6.9E+06      0             1.69E+07     1.28E+05      45.667       0.048488      
   7E+06        0.99138      0             7E+06        0             1.7E+07      1.3014E+05    46.333       0.042117      
   7.1E+06      0.99886      0             7.1E+06      0             1.71E+07     1.3048E+05    47           0.035714      
   7.2E+06      1.0003       0             7.2E+06      0             1.72E+07     1.3291E+05    47.667       0.029611      
   7.3E+06      0.99874      0             7.3E+06      0             1.73E+07     1.3576E+05    48.333       0.023201      
   7.4E+06      0.99444      0             7.4E+06      0             1.74E+07     1.383E+05     49           0.016599      
   7.5E+06      0.99488      0             7.5E+06      0             1.75E+07     1.4107E+05    49.667       0.0096243     
   7.6E+06      0.99497      0             7.6E+06      0             1.76E+07     1.4189E+05    
   7.7E+06      0.9957       0             7.7E+06      0             1.77E+07     1.4477E+05    
   7.8E+06      0.99898      0             7.8E+06      0             1.78E+07     1.458E+05     
   7.9E+06      0.99723      0             7.9E+06      0             1.79E+07     1.4844E+05    
   8E+06        0.99599      0             8E+06        0             1.8E+07      1.4626E+05    
   8.1E+06      0.99759      0             8.1E+06      0             1.81E+07     1.4305E+05    
   8.2E+06      0.9956       0             8.2E+06      0             1.82E+07     1.3852E+05    
   8.3E+06      0.99932      0             8.3E+06      0             1.83E+07     1.4098E+05    
   8.4E+06      0.99573      0             8.4E+06      0             1.84E+07     1.4354E+05    
   8.5E+06      1.0005       0             8.5E+06      0             1.85E+07     1.4245E+05    
   8.6E+06      0.99578      0             8.6E+06      0             1.86E+07     1.4503E+05    
   8.7E+06      0.99473      0             8.7E+06      0             1.87E+07     1.4641E+05    
   8.8E+06      0.99419      0             8.8E+06      0             1.88E+07     1.4745E+05    
   8.9E+06      0.99956      0             8.9E+06      0             1.89E+07     1.4997E+05    
   9E+06        0.99275      0             9E+06        0             1.9E+07      1.5245E+05    
   9.1E+06      0.9952       0             9.1E+06      0             1.91E+07     1.4945E+05    
   9.2E+06      1.0003       0             9.2E+06      0             1.92E+07     1.519E+05     
   9.3E+06      0.9946       0             9.3E+06      0             1.93E+07     1.5438E+05    
   9.4E+06      0.99379      0             9.4E+06      0             1.94E+07     1.5686E+05    
   9.5E+06      0.99887      0             9.5E+06      0             1.95E+07     1.5939E+05    
   9.6E+06      0.99527      0             9.6E+06      0             1.96E+07     1.5758E+05    
   9.7E+06      0.99395      0             9.7E+06      0             1.97E+07     1.5911E+05    
   9.8E+06      0.99657      0             9.8E+06      0             1.98E+07     1.612E+05     
   9.9E+06      0.9961       0             9.9E+06      0             1.99E+07     1.6158E+05    
   1E+07        0.99454      0             1E+07        0             2E+07        1.631E+05     
   1.01E+07     0.99887      NAN           1.01E+07     NAN           2.01E+07     1.5993E+05    
   1.02E+07     0.99711      0.0012431     1.02E+07     0.0012431     2.02E+07     1.6179E+05    
   1.03E+07     0.99674      0.00088125    1.03E+07     0.00088125    2.03E+07     1.6352E+05    
   1.04E+07     0.99692      0.00067908    1.04E+07     0.00067908    2.04E+07     1.6238E+05    
   1.05E+07     0.99796      0.0010723     1.05E+07     0.0010723     2.05E+07     1.6411E+05    
   1.06E+07     0.99774      0.00091546    1.06E+07     0.00091546    2.06E+07     1.6641E+05    
   1.07E+07     0.99769      0.00078606    1.07E+07     0.00078606    2.07E+07     1.6804E+05    
   1.08E+07     0.99774      0.00068907    1.08E+07     0.00068907    2.08E+07     1.6819E+05    
   1.09E+07     0.9979       0.00063208    1.09E+07     0.00063208    2.09E+07     1.705E+05     
   1.1E+07      0.99758      0.000644      1.1E+07      0.000644      2.1E+07      1.7061E+05    
   1.11E+07     0.99715      0.00071791    1.11E+07     0.00071791    2.11E+07     1.6238E+05    
   1.12E+07     0.99728      0.00067079    1.12E+07     0.00067079    2.12E+07     1.6383E+05    
   1.13E+07     0.99743      0.00063612    1.13E+07     0.00063612    2.13E+07     1.6598E+05    
   1.14E+07     0.99742      0.00059095    1.14E+07     0.00059095    2.14E+07     1.6791E+05    
   1.15E+07     0.9978       0.00066556    1.15E+07     0.00066556    2.15E+07     1.7003E+05    
   1.16E+07     0.99772      0.00062932    1.16E+07     0.00062932    2.16E+07     1.7151E+05    
   1.17E+07     0.99775      0.00059305    1.17E+07     0.00059305    2.17E+07     1.7358E+05    
   1.18E+07     0.99771      0.00056105    1.18E+07     0.00056105    2.18E+07     1.7416E+05    
   1.19E+07     0.99752      0.00056383    1.19E+07     0.00056383    2.19E+07     1.7386E+05    
   1.2E+07      0.99724      0.0006004     1.2E+07      0.0006004     2.2E+07      1.7595E+05    
   1.21E+07     0.99728      0.00057303    1.21E+07     0.00057303    2.21E+07     1.7671E+05    
   1.22E+07     0.99738      0.00055489    1.22E+07     0.00055489    2.22E+07     1.7702E+05    
   1.23E+07     0.99722      0.00055335    1.23E+07     0.00055335    2.23E+07     1.7799E+05    
   1.24E+07     0.99716      0.0005332     1.24E+07     0.0005332     2.24E+07     1.7847E+05    
   1.25E+07     0.99717      0.00051204    1.25E+07     0.00051204    2.25E+07     1.8051E+05    
   1.26E+07     0.99703      0.00051151    1.26E+07     0.00051151    2.26E+07     1.8258E+05    
   1.27E+07     0.99686      0.00052144    1.27E+07     0.00052144    2.27E+07     1.8195E+05    
   1.28E+07     0.99688      0.00050336    1.28E+07     0.00050336    2.28E+07     1.8399E+05    
   1.29E+07     0.99684      0.00048782    1.29E+07     0.00048782    2.29E+07     1.8594E+05    
   1.3E+07      0.99675      0.00047981    1.3E+07      0.00047981    2.3E+07      1.8799E+05    
   1.31E+07     0.99682      0.00047007    1.31E+07     0.00047007    2.31E+07     1.8995E+05    
   1.32E+07     0.99689      0.00046022    1.32E+07     0.00046022    2.32E+07     1.851E+05     
   1.33E+07     0.9969       0.00044643    1.33E+07     0.00044643    2.33E+07     1.87E+05      
   1.34E+07     0.99689      0.00043352    1.34E+07     0.00043352    2.34E+07     1.8856E+05    
   1.35E+07     0.99695      0.00042531    1.35E+07     0.00042531    2.35E+07     1.904E+05     
   1.36E+07     0.99691      0.00041518    1.36E+07     0.00041518    2.36E+07     1.9204E+05    
   1.37E+07     0.99682      0.0004127     1.37E+07     0.0004127     2.37E+07     1.9351E+05    
   1.38E+07     0.99679      0.00040318    1.38E+07     0.00040318    2.38E+07     1.9513E+05    
   1.39E+07     0.99681      0.00039309    1.39E+07     0.00039309    2.39E+07     1.9707E+05    
   1.4E+07      0.99683      0.00038384    1.4E+07      0.00038384    2.4E+07      1.9875E+05    
   1.41E+07     0.99678      0.00037769    1.41E+07     0.00037769    2.41E+07     2.0027E+05    
   1.42E+07     0.99684      0.00037376    1.42E+07     0.00037376    2.42E+07     1.9875E+05    
   1.43E+07     0.99677      0.00037192    1.43E+07     0.00037192    2.43E+07     1.9997E+05    
   1.44E+07     0.99675      0.00036414    1.44E+07     0.00036414    2.44E+07     2.0152E+05    
   1.45E+07     0.99679      0.00035866    1.45E+07     0.00035866    2.45E+07     2.0346E+05    
   1.46E+07     0.99677      0.00035134    1.46E+07     0.00035134    2.46E+07     2.0093E+05    
   1.47E+07     0.99677      0.00034387    1.47E+07     0.00034387    2.47E+07     2.0286E+05    
   1.48E+07     0.99666      0.00035427    1.48E+07     0.00035427    2.48E+07     2.0282E+05    
   1.49E+07     0.99672      0.00035263    1.49E+07     0.00035263    2.49E+07     2.0407E+05    
   1.5E+07      0.99673      0.0003457     1.5E+07      0.0003457     2.5E+07      2.0587E+05    
   1.51E+07     0.99674      0.00033892    1.51E+07     0.00033892    2.51E+07     2.0669E+05    
   1.52E+07     0.99671      0.00033336    1.52E+07     0.00033336    2.52E+07     2.0856E+05    
   1.53E+07     0.99681      0.00034033    1.53E+07     0.00034033    2.53E+07     2.1044E+05    
   1.54E+07     0.99677      0.00033633    1.54E+07     0.00033633    2.54E+07     2.0907E+05    
   1.55E+07     0.99668      0.00034033    1.55E+07     0.00034033    2.55E+07     2.1092E+05    
   1.56E+07     0.9967       0.00033495    1.56E+07     0.00033495    2.56E+07     2.1038E+05    
   1.57E+07     0.99673      0.0003301     1.57E+07     0.0003301     2.57E+07     2.1147E+05    
   1.58E+07     0.99677      0.0003262     1.58E+07     0.0003262     2.58E+07     2.1316E+05    
   1.59E+07     0.9968       0.00032238    1.59E+07     0.00032238    2.59E+07     2.1099E+05    
   1.6E+07      0.99689      0.00032999    1.6E+07      0.00032999    2.6E+07      2.1182E+05    
   1.61E+07     0.99699      0.00033894    1.61E+07     0.00033894    2.61E+07     2.1342E+05    
   1.62E+07     0.99697      0.00033394    1.62E+07     0.00033394    2.62E+07     2.1445E+05    
   1.63E+07     0.99694      0.00033064    1.63E+07     0.00033064    2.63E+07     2.1265E+05    
   1.64E+07     0.99698      0.00032805    1.64E+07     0.00032805    2.64E+07     2.1437E+05    
   1.65E+07     0.997        0.00032354    1.65E+07     0.00032354    2.65E+07     2.1585E+05    
   1.66E+07     0.99707      0.00032719    1.66E+07     0.00032719    2.66E+07     2.1683E+05    
   1.67E+07     0.99706      0.00032238    1.67E+07     0.00032238    2.67E+07     2.1768E+05    
   1.68E+07     0.99711      0.0003217     1.68E+07     0.0003217     2.68E+07     2.1729E+05    
   1.69E+07     0.9971       0.0003176     1.69E+07     0.0003176     2.69E+07     2.1591E+05    
   1.7E+07      0.99712      0.00031404    1.7E+07      0.00031404    2.7E+07      2.1666E+05    
   1.71E+07     0.99716      0.00031271    1.71E+07     0.00031271    2.71E+07     2.1837E+05    
   1.72E+07     0.99715      0.00030889    1.72E+07     0.00030889    2.72E+07     2.1007E+05    
   1.73E+07     0.99715      0.00030474    1.73E+07     0.00030474    2.73E+07     2.116E+05     
   1.74E+07     0.99714      0.00030105    1.74E+07     0.00030105    2.74E+07     2.1166E+05    
   1.75E+07     0.99715      0.00029722    1.75E+07     0.00029722    2.75E+07     2.1247E+05    
   1.76E+07     0.99711      0.00029545    1.76E+07     0.00029545    2.76E+07     2.1407E+05    
   1.77E+07     0.99711      0.00029166    1.77E+07     0.00029166    2.77E+07     2.1554E+05    
   1.78E+07     0.99714      0.00028981    1.78E+07     0.00028981    2.78E+07     2.1719E+05    
   1.79E+07     0.99713      0.00028641    1.79E+07     0.00028641    2.79E+07     2.1736E+05    
   1.8E+07      0.99707      0.00028766    1.8E+07      0.00028766    2.8E+07      2.1886E+05    
   1.81E+07     0.99713      0.00029005    1.81E+07     0.00029005    2.81E+07     2.2046E+05    
   1.82E+07     0.9972       0.00029394    1.82E+07     0.00029394    2.82E+07     2.1856E+05    
   1.83E+07     0.99721      0.00029056    1.83E+07     0.00029056    2.83E+07     2.1917E+05    
   1.84E+07     0.9972       0.00028718    1.84E+07     0.00028718    2.84E+07     2.2014E+05    
   1.85E+07     0.99716      0.00028746    1.85E+07     0.00028746    2.85E+07     2.1775E+05    
   1.86E+07     0.99715      0.00028412    1.86E+07     0.00028412    2.86E+07     2.1934E+05    
   1.87E+07     0.99718      0.00028202    1.87E+07     0.00028202    2.87E+07     2.1938E+05    
   1.88E+07     0.99721      0.00028026    1.88E+07     0.00028026    2.88E+07     2.1862E+05    
   1.89E+07     0.99721      0.00027713    1.89E+07     0.00027713    2.89E+07     2.1939E+05    
   1.9E+07      0.99721      0.00027414    1.9E+07      0.00027414    2.9E+07      2.1758E+05    
   1.91E+07     0.99727      0.00027615    1.91E+07     0.00027615    2.91E+07     2.1352E+05    
   1.92E+07     0.99727      0.0002732     1.92E+07     0.0002732     2.92E+07     2.1361E+05    
   1.93E+07     0.99727      0.00027026    1.93E+07     0.00027026    2.93E+07     2.1476E+05    
   1.94E+07     0.99727      0.00026742    1.94E+07     0.00026742    2.94E+07     2.1125E+05    
   1.95E+07     0.99727      0.00026461    1.95E+07     0.00026461    2.95E+07     2.1165E+05    
   1.96E+07     0.99731      0.00026543    1.96E+07     0.00026543    2.96E+07     2.112E+05     
   1.97E+07     0.99733      0.00026348    1.97E+07     0.00026348    2.97E+07     2.1257E+05    
   1.98E+07     0.99734      0.00026108    1.98E+07     0.00026108    2.98E+07     2.1371E+05    
   1.99E+07     0.99737      0.00026012    1.99E+07     0.00026012    2.99E+07     2.1438E+05    
   2E+07        0.99739      0.00025825    2E+07        0.00025825    3E+07        2.1476E+05    
   2.01E+07     0.99734      0.00026014    2.01E+07     0.00026014    3.01E+07     2.1279E+05    
   2.02E+07     0.99733      0.00025797    2.02E+07     0.00025797    3.02E+07     2.1266E+05    
   2.03E+07     0.99735      0.00025597    2.03E+07     0.00025597    3.03E+07     2.1361E+05    
   2.04E+07     0.99738      0.00025623    2.04E+07     0.00025623    3.04E+07     2.1412E+05    
   2.05E+07     0.99737      0.00025426    2.05E+07     0.00025426    3.05E+07     2.1509E+05    
   2.06E+07     0.99737      0.00025186    2.06E+07     0.00025186    3.06E+07     2.1623E+05    
   2.07E+07     0.99738      0.00025002    2.07E+07     0.00025002    3.07E+07     2.1573E+05    
   2.08E+07     0.99741      0.0002493     2.08E+07     0.0002493     3.08E+07     2.155E+05     
   2.09E+07     0.99741      0.00024702    2.09E+07     0.00024702    3.09E+07     2.143E+05     
   2.1E+07      0.99739      0.00024633    2.1E+07      0.00024633    3.1E+07      2.1536E+05    
   2.11E+07     0.99732      0.00025189    2.11E+07     0.00025189    3.11E+07     2.1625E+05    
   2.12E+07     0.99734      0.00025017    2.12E+07     0.00025017    3.12E+07     2.1757E+05    
   2.13E+07     0.99734      0.00024796    2.13E+07     0.00024796    3.13E+07     2.1616E+05    
   2.14E+07     0.99733      0.00024596    2.14E+07     0.00024596    3.14E+07     2.1723E+05    
   2.15E+07     0.99733      0.00024383    2.15E+07     0.00024383    3.15E+07     2.1383E+05    
   2.16E+07     0.99734      0.00024221    2.16E+07     0.00024221    3.16E+07     2.1513E+05    
   2.17E+07     0.99735      0.0002402     2.17E+07     0.0002402     3.17E+07     2.14E+05      
   2.18E+07     0.99737      0.00023925    2.18E+07     0.00023925    3.18E+07     2.1528E+05    
   2.19E+07     0.99734      0.00023889    2.19E+07     0.00023889    3.19E+07     2.1268E+05    
   2.2E+07      0.99735      0.00023693    2.2E+07      0.00023693    3.2E+07      2.1395E+05    
   2.21E+07     0.99733      0.00023588    2.21E+07     0.00023588    3.21E+07     2.1188E+05    
   2.22E+07     0.9973       0.00023514    2.22E+07     0.00023514    3.22E+07     2.1273E+05    
   2.23E+07     0.99729      0.0002339     2.23E+07     0.0002339     3.23E+07     2.1391E+05    
   2.24E+07     0.99726      0.00023306    2.24E+07     0.00023306    3.24E+07     2.1355E+05    
   2.25E+07     0.99727      0.00023122    2.25E+07     0.00023122    3.25E+07     2.1478E+05    
   2.26E+07     0.99727      0.0002294     2.26E+07     0.0002294     3.26E+07     2.1526E+05    
   2.27E+07     0.99724      0.00022929    2.27E+07     0.00022929    3.27E+07     2.1629E+05    
   2.28E+07     0.99724      0.0002275     2.28E+07     0.0002275     3.28E+07     2.1549E+05    
   2.29E+07     0.99723      0.00022581    2.29E+07     0.00022581    3.29E+07     2.1672E+05    
   2.3E+07      0.99723      0.00022408    2.3E+07      0.00022408    3.3E+07      2.142E+05     
   2.31E+07     0.99723      0.00022243    2.31E+07     0.00022243    3.31E+07     2.151E+05     
   2.32E+07     0.99727      0.00022483    2.32E+07     0.00022483    3.32E+07     2.1435E+05    
   2.33E+07     0.99726      0.00022321    2.33E+07     0.00022321    3.33E+07     2.1437E+05    
   2.34E+07     0.99725      0.0002218     2.34E+07     0.0002218     3.34E+07     2.1545E+05    
   2.35E+07     0.99726      0.00022026    2.35E+07     0.00022026    3.35E+07     2.1647E+05    
   2.36E+07     0.99725      0.00021883    2.36E+07     0.00021883    3.36E+07     2.1521E+05    
   2.37E+07     0.99726      0.00021754    2.37E+07     0.00021754    3.37E+07     2.1591E+05    
   2.38E+07     0.99725      0.00021618    2.38E+07     0.00021618    3.38E+07     2.1609E+05    
   2.39E+07     0.99725      0.00021465    2.39E+07     0.00021465    3.39E+07     2.1393E+05    
   2.4E+07      0.99724      0.00021329    2.4E+07      0.00021329    3.4E+07      2.1507E+05    
   2.41E+07     0.99723      0.00021203    2.41E+07     0.00021203    3.41E+07     2.1408E+05    
   2.42E+07     0.99726      0.0002124     2.42E+07     0.0002124     3.42E+07     2.152E+05     
   2.43E+07     0.99725      0.00021131    2.43E+07     0.00021131    3.43E+07     2.1625E+05    
   2.44E+07     0.99724      0.00021006    2.44E+07     0.00021006    3.44E+07     2.1676E+05    
   2.45E+07     0.99724      0.00020862    2.45E+07     0.00020862    3.45E+07     2.1786E+05    
   2.46E+07     0.99727      0.0002095     2.46E+07     0.0002095     3.46E+07     2.1893E+05    
   2.47E+07     0.99727      0.00020808    2.47E+07     0.00020808    3.47E+07     2.1976E+05    
   2.48E+07     0.99729      0.00020767    2.48E+07     0.00020767    3.48E+07     2.2068E+05    
   2.49E+07     0.99727      0.00020661    2.49E+07     0.00020661    3.49E+07     2.2182E+05    
   2.5E+07      0.99727      0.00020529    2.5E+07      0.00020529    3.5E+07      2.2212E+05    
   2.51E+07     0.99725      0.00020448    2.51E+07     0.00020448    3.51E+07     2.2189E+05    
   2.52E+07     0.99725      0.00020316    2.52E+07     0.00020316    3.52E+07     2.1945E+05    
   2.53E+07     0.99725      0.00020183    2.53E+07     0.00020183    3.53E+07     2.2055E+05    
   2.54E+07     0.99728      0.00020209    2.54E+07     0.00020209    3.54E+07     2.2162E+05    
   2.55E+07     0.99727      0.00020081    2.55E+07     0.00020081    3.55E+07     2.2264E+05    
   2.56E+07     0.9973       0.00020067    2.56E+07     0.00020067    3.56E+07     2.2371E+05    
   2.57E+07     0.99731      0.00019976    2.57E+07     0.00019976    3.57E+07     2.2372E+05    
   2.58E+07     0.9973       0.00019857    2.58E+07     0.00019857    3.58E+07     2.2384E+05    
   2.59E+07     0.99733      0.0001992     2.59E+07     0.0001992     3.59E+07     2.2385E+05    
   2.6E+07      0.99732      0.00019843    2.6E+07      0.00019843    3.6E+07      2.2484E+05    
   2.61E+07     0.99731      0.0001973     2.61E+07     0.0001973     3.61E+07     2.2222E+05    
   2.62E+07     0.9973       0.00019643    2.62E+07     0.00019643    3.62E+07     2.2315E+05    
   2.63E+07     0.99727      0.00019689    2.63E+07     0.00019689    3.63E+07     2.2388E+05    
   2.64E+07     0.99728      0.00019572    2.64E+07     0.00019572    3.64E+07     2.2495E+05    
   2.65E+07     0.99728      0.00019468    2.65E+07     0.00019468    3.65E+07     2.2441E+05    
   2.66E+07     0.9973       0.00019385    2.66E+07     0.00019385    3.66E+07     2.2547E+05    
   2.67E+07     0.99728      0.0001931     2.67E+07     0.0001931     3.67E+07     2.2654E+05    
   2.68E+07     0.9973       0.00019292    2.68E+07     0.00019292    3.68E+07     2.2721E+05    
   2.69E+07     0.99733      0.00019317    2.69E+07     0.00019317    3.69E+07     2.2745E+05    
   2.7E+07      0.99731      0.00019245    2.7E+07      0.00019245    3.7E+07      2.2841E+05    
   2.71E+07     0.99731      0.00019134    2.71E+07     0.00019134    3.71E+07     2.2941E+05    
   2.72E+07     0.99727      0.00019472    2.72E+07     0.00019472    3.72E+07     2.2987E+05    
   2.73E+07     0.99726      0.00019366    2.73E+07     0.00019366    3.73E+07     2.2808E+05    
   2.74E+07     0.99728      0.00019328    2.74E+07     0.00019328    3.74E+07     2.2914E+05    
   2.75E+07     0.99729      0.00019254    2.75E+07     0.00019254    3.75E+07     2.2934E+05    
   2.76E+07     0.99729      0.00019147    2.76E+07     0.00019147    3.76E+07     2.2802E+05    
   2.77E+07     0.99729      0.00019048    2.77E+07     0.00019048    3.77E+07     2.2759E+05    
   2.78E+07     0.99729      0.00018941    2.78E+07     0.00018941    3.78E+07     2.283E+05     
   2.79E+07     0.99728      0.00018899    2.79E+07     0.00018899    3.79E+07     2.2921E+05    
   2.8E+07      0.99728      0.000188      2.8E+07      0.000188      3.8E+07      2.2981E+05    
   2.81E+07     0.99729      0.00018698    2.81E+07     0.00018698    3.81E+07     2.2971E+05    
   2.82E+07     0.99731      0.00018745    2.82E+07     0.00018745    3.82E+07     2.3069E+05    
   2.83E+07     0.99732      0.00018686    2.83E+07     0.00018686    3.83E+07     2.31E+05      
   2.84E+07     0.99733      0.00018611    2.84E+07     0.00018611    3.84E+07     2.3164E+05    
   2.85E+07     0.99736      0.0001868     2.85E+07     0.0001868     3.85E+07     2.3225E+05    
   2.86E+07     0.99736      0.00018579    2.86E+07     0.00018579    3.86E+07     2.3303E+05    
   2.87E+07     0.99734      0.00018546    2.87E+07     0.00018546    3.87E+07     2.3371E+05    
   2.88E+07     0.99736      0.00018544    2.88E+07     0.00018544    3.88E+07     2.3473E+05    
   2.89E+07     0.99735      0.0001848     2.89E+07     0.0001848     3.89E+07     2.3571E+05    
   2.9E+07      0.99737      0.00018524    2.9E+07      0.00018524    3.9E+07      2.3658E+05    
   2.91E+07     0.99734      0.00018667    2.91E+07     0.00018667    3.91E+07     2.365E+05     
   2.92E+07     0.99733      0.0001863     2.92E+07     0.0001863     3.92E+07     2.3745E+05    
   2.93E+07     0.99732      0.00018548    2.93E+07     0.00018548    3.93E+07     2.3843E+05    
   2.94E+07     0.99735      0.0001867     2.94E+07     0.0001867     3.94E+07     2.3627E+05    
   2.95E+07     0.99736      0.00018621    2.95E+07     0.00018621    3.95E+07     2.3726E+05    
   2.96E+07     0.99735      0.00018608    2.96E+07     0.00018608    3.96E+07     2.3826E+05    
   2.97E+07     0.99735      0.00018517    2.97E+07     0.00018517    3.97E+07     2.3445E+05    
   2.98E+07     0.99736      0.00018437    2.98E+07     0.00018437    3.98E+07     2.3534E+05    
   2.99E+07     0.99737      0.00018377    2.99E+07     0.00018377    3.99E+07     2.3624E+05    
   3E+07        0.99735      0.00018329    3E+07        0.00018329    4E+07        2.3719E+05    
   3.01E+07     0.99738      0.00018383    3.01E+07     0.00018383    4.01E+07     2.3814E+05    
   3.02E+07     0.99736      0.00018358    3.02E+07     0.00018358    4.02E+07     2.3777E+05    
   3.03E+07     0.99737      0.00018287    3.03E+07     0.00018287    4.03E+07     2.3866E+05    
   3.04E+07     0.99736      0.00018234    3.04E+07     0.00018234    4.04E+07     2.391E+05     
   3.05E+07     0.99737      0.00018163    3.05E+07     0.00018163    4.05E+07     2.3563E+05    
   3.06E+07     0.99736      0.00018085    3.06E+07     0.00018085    4.06E+07     2.3659E+05    
   3.07E+07     0.99734      0.00018077    3.07E+07     0.00018077    4.07E+07     2.3735E+05    
   3.08E+07     0.99733      0.00018057    3.08E+07     0.00018057    4.08E+07     2.3808E+05    
   3.09E+07     0.99731      0.00018077    3.09E+07     0.00018077    4.09E+07     2.3896E+05    
   3.1E+07      0.9973       0.00018003    3.1E+07      0.00018003    4.1E+07      2.3603E+05    
   3.11E+07     0.99731      0.00017937    3.11E+07     0.00017937    4.11E+07     2.3638E+05    
   3.12E+07     0.99731      0.00017854    3.12E+07     0.00017854    4.12E+07     2.3726E+05    
   3.13E+07     0.99733      0.00017879    3.13E+07     0.00017879    4.13E+07     2.3764E+05    
   3.14E+07     0.99733      0.00017807    3.14E+07     0.00017807    4.14E+07     2.3825E+05    
   3.15E+07     0.99736      0.00017919    3.15E+07     0.00017919    4.15E+07     2.3919E+05    
   3.16E+07     0.99736      0.00017837    3.16E+07     0.00017837    4.16E+07     2.3943E+05    
   3.17E+07     0.99738      0.00017855    3.17E+07     0.00017855    4.17E+07     2.4032E+05    
   3.18E+07     0.99738      0.00017773    3.18E+07     0.00017773    4.18E+07     2.3903E+05    
   3.19E+07     0.99735      0.00017854    3.19E+07     0.00017854    4.19E+07     2.3996E+05    
   3.2E+07      0.99735      0.00017773    3.2E+07      0.00017773    4.2E+07      2.4058E+05    
   3.21E+07     0.99738      0.00017832    3.21E+07     0.00017832    4.21E+07     2.3904E+05    
   3.22E+07     0.99738      0.00017767    3.22E+07     0.00017767    4.22E+07     2.3894E+05    
   3.23E+07     0.99738      0.00017691    3.23E+07     0.00017691    4.23E+07     2.3929E+05    
   3.24E+07     0.99737      0.00017679    3.24E+07     0.00017679    4.24E+07     2.3987E+05    
   3.25E+07     0.99737      0.000176      3.25E+07     0.000176      4.25E+07     2.4076E+05    
   3.26E+07     0.99738      0.00017553    3.26E+07     0.00017553    4.26E+07     2.4161E+05    
   3.27E+07     0.99738      0.00017484    3.27E+07     0.00017484    4.27E+07     2.4253E+05    
   3.28E+07     0.9974       0.0001749     3.28E+07     0.0001749     4.28E+07     2.4338E+05    
   3.29E+07     0.9974       0.00017413    3.29E+07     0.00017413    4.29E+07     2.4406E+05    
   3.3E+07      0.99738      0.00017489    3.3E+07      0.00017489    4.3E+07      2.4496E+05    
   3.31E+07     0.99737      0.00017426    3.31E+07     0.00017426    4.31E+07     2.4514E+05    
   3.32E+07     0.99739      0.00017429    3.32E+07     0.00017429    4.32E+07     2.4476E+05    
   3.33E+07     0.9974       0.00017402    3.33E+07     0.00017402    4.33E+07     2.456E+05     
   3.34E+07     0.9974       0.00017333    3.34E+07     0.00017333    4.34E+07     2.4613E+05    
   3.35E+07     0.99741      0.00017265    3.35E+07     0.00017265    4.35E+07     2.4634E+05    
   3.36E+07     0.99739      0.0001729     3.36E+07     0.0001729     4.36E+07     2.4557E+05    
   3.37E+07     0.9974       0.00017236    3.37E+07     0.00017236    4.37E+07     2.46E+05      
   3.38E+07     0.99739      0.00017203    3.38E+07     0.00017203    4.38E+07     2.4624E+05    
   3.39E+07     0.99741      0.00017264    3.39E+07     0.00017264    4.39E+07     2.467E+05     
   3.4E+07      0.99741      0.00017193    3.4E+07      0.00017193    4.4E+07      2.4381E+05    
   3.41E+07     0.99743      0.00017208    3.41E+07     0.00017208    4.41E+07     2.4463E+05    
   3.42E+07     0.99743      0.00017138    3.42E+07     0.00017138    4.42E+07     2.4522E+05    
   3.43E+07     0.99743      0.0001707     3.43E+07     0.0001707     4.43E+07     2.457E+05     
   3.44E+07     0.99742      0.00017025    3.44E+07     0.00017025    4.44E+07     2.4658E+05    
   3.45E+07     0.99742      0.00016958    3.45E+07     0.00016958    4.45E+07     2.4732E+05    
   3.46E+07     0.99741      0.00016892    3.46E+07     0.00016892    4.46E+07     2.481E+05     
   3.47E+07     0.99742      0.00016835    3.47E+07     0.00016835    4.47E+07     2.4594E+05    
   3.48E+07     0.99742      0.00016775    3.48E+07     0.00016775    4.48E+07     2.468E+05     
   3.49E+07     0.99741      0.00016708    3.49E+07     0.00016708    4.49E+07     2.4761E+05    
   3.5E+07      0.9974       0.00016673    3.5E+07      0.00016673    4.5E+07      2.479E+05     
   3.51E+07     0.99739      0.00016658    3.51E+07     0.00016658    4.51E+07     2.4658E+05    
   3.52E+07     0.99741      0.00016726    3.52E+07     0.00016726    4.52E+07     2.4744E+05    
   3.53E+07     0.99741      0.0001666     3.53E+07     0.0001666     4.53E+07     2.4824E+05    
   3.54E+07     0.99741      0.00016597    3.54E+07     0.00016597    4.54E+07     2.4892E+05    
   3.55E+07     0.99741      0.00016536    3.55E+07     0.00016536    4.55E+07     2.4846E+05    
   3.56E+07     0.99741      0.00016471    3.56E+07     0.00016471    4.56E+07     2.4831E+05    
   3.57E+07     0.99742      0.00016448    3.57E+07     0.00016448    4.57E+07     2.4819E+05    
   3.58E+07     0.99743      0.0001642     3.58E+07     0.0001642     4.58E+07     2.4893E+05    
   3.59E+07     0.99742      0.00016397    3.59E+07     0.00016397    4.59E+07     2.4821E+05    
   3.6E+07      0.99742      0.00016336    3.6E+07      0.00016336    4.6E+07      2.4835E+05    
   3.61E+07     0.99744      0.0001641     3.61E+07     0.0001641     4.61E+07     2.4876E+05    
   3.62E+07     0.99744      0.00016353    3.62E+07     0.00016353    4.62E+07     2.4958E+05    
   3.63E+07     0.99744      0.00016304    3.63E+07     0.00016304    4.63E+07     2.4809E+05    
   3.64E+07     0.99744      0.00016242    3.64E+07     0.00016242    4.64E+07     2.4727E+05    
   3.65E+07     0.99743      0.00016239    3.65E+07     0.00016239    4.65E+07     2.4676E+05    
   3.66E+07     0.99743      0.00016179    3.66E+07     0.00016179    4.66E+07     2.4583E+05    
   3.67E+07     0.99743      0.00016118    3.67E+07     0.00016118    4.67E+07     2.4563E+05    
   3.68E+07     0.99744      0.00016073    3.68E+07     0.00016073    4.68E+07     2.4632E+05    
   3.69E+07     0.99743      0.00016042    3.69E+07     0.00016042    4.69E+07     2.4712E+05    
   3.7E+07      0.99743      0.00015987    3.7E+07      0.00015987    4.7E+07      2.4792E+05    
   3.71E+07     0.99743      0.0001593     3.71E+07     0.0001593     4.71E+07     2.4871E+05    
   3.72E+07     0.99742      0.00015893    3.72E+07     0.00015893    4.72E+07     2.4558E+05    
   3.73E+07     0.99741      0.00015933    3.73E+07     0.00015933    4.73E+07     2.4371E+05    
   3.74E+07     0.99741      0.00015875    3.74E+07     0.00015875    4.74E+07     2.4231E+05    
   3.75E+07     0.9974       0.00015847    3.75E+07     0.00015847    4.75E+07     2.4272E+05    
   3.76E+07     0.99738      0.00015872    3.76E+07     0.00015872    4.76E+07     2.4348E+05    
   3.77E+07     0.99739      0.00015866    3.77E+07     0.00015866    4.77E+07     2.4381E+05    
   3.78E+07     0.9974       0.0001582     3.78E+07     0.0001582     4.78E+07     2.4447E+05    
   3.79E+07     0.9974       0.00015768    3.79E+07     0.00015768    4.79E+07     2.4399E+05    
   3.8E+07      0.99741      0.00015726    3.8E+07      0.00015726    4.8E+07      2.4453E+05    
   3.81E+07     0.99742      0.00015709    3.81E+07     0.00015709    4.81E+07     2.4427E+05    
   3.82E+07     0.99742      0.00015654    3.82E+07     0.00015654    4.82E+07     2.4504E+05    
   3.83E+07     0.99743      0.00015623    3.83E+07     0.00015623    4.83E+07     2.4509E+05    
   3.84E+07     0.99744      0.00015582    3.84E+07     0.00015582    4.84E+07     2.4474E+05    
   3.85E+07     0.99743      0.00015541    3.85E+07     0.00015541    4.85E+07     2.4545E+05    
   3.86E+07     0.99744      0.00015494    3.86E+07     0.00015494    4.86E+07     2.4609E+05    
   3.87E+07     0.99744      0.00015452    3.87E+07     0.00015452    4.87E+07     2.4658E+05    
   3.88E+07     0.99744      0.00015398    3.88E+07     0.00015398    4.88E+07     2.4733E+05    
   3.89E+07     0.99744      0.00015346    3.89E+07     0.00015346    4.89E+07     2.4425E+05    
   3.9E+07      0.99744      0.00015298    3.9E+07      0.00015298    4.9E+07      2.4413E+05    
   3.91E+07     0.99743      0.00015281    3.91E+07     0.00015281    4.91E+07     2.4443E+05    
   3.92E+07     0.99742      0.00015231    3.92E+07     0.00015231    4.92E+07     2.4484E+05    
   3.93E+07     0.99742      0.0001518     3.93E+07     0.0001518     4.93E+07     2.4451E+05    
   3.94E+07     0.9974       0.0001523     3.94E+07     0.0001523     4.94E+07     2.4459E+05    
   3.95E+07     0.9974       0.00015178    3.95E+07     0.00015178    4.95E+07     2.4526E+05    
   3.96E+07     0.9974       0.00015127    3.96E+07     0.00015127    4.96E+07     2.4575E+05    
   3.97E+07     0.99743      0.0001523     3.97E+07     0.0001523     4.97E+07     2.4421E+05    
   3.98E+07     0.99743      0.00015182    3.98E+07     0.00015182    4.98E+07     2.4484E+05    
   3.99E+07     0.99743      0.00015134    3.99E+07     0.00015134    4.99E+07     2.4531E+05    
   4E+07        0.99743      0.00015084    4E+07        0.00015084    5E+07        2.4557E+05    
   4.01E+07     0.99743      0.00015036    4.01E+07     0.00015036    5.01E+07     2.4536E+05    
   4.02E+07     0.99744      0.00015029    4.02E+07     0.00015029    5.02E+07     2.4604E+05    
   4.03E+07     0.99744      0.00014979    4.03E+07     0.00014979    5.03E+07     2.4671E+05    
   4.04E+07     0.99745      0.00014947    4.04E+07     0.00014947    5.04E+07     2.4437E+05    
   4.05E+07     0.99747      0.00015038    4.05E+07     0.00015038    5.05E+07     2.4429E+05    
   4.06E+07     0.99747      0.00014989    4.06E+07     0.00014989    5.06E+07     2.45E+05      
   4.07E+07     0.99748      0.00014946    4.07E+07     0.00014946    5.07E+07     2.4572E+05    
   4.08E+07     0.99747      0.00014905    4.08E+07     0.00014905    5.08E+07     2.4386E+05    
   4.09E+07     0.99747      0.00014859    4.09E+07     0.00014859    5.09E+07     2.445E+05     
   4.1E+07      0.99749      0.00014933    4.1E+07      0.00014933    5.1E+07      2.4488E+05    
   4.11E+07     0.99748      0.00014904    4.11E+07     0.00014904    5.11E+07     2.4557E+05    
   4.12E+07     0.99748      0.00014858    4.12E+07     0.00014858    5.12E+07     2.4626E+05    
   4.13E+07     0.99749      0.00014828    4.13E+07     0.00014828    5.13E+07     2.4646E+05    
   4.14E+07     0.99749      0.00014791    4.14E+07     0.00014791    5.14E+07     2.4699E+05    
   4.15E+07     0.99749      0.00014744    4.15E+07     0.00014744    5.15E+07     2.4769E+05    
   4.16E+07     0.9975       0.00014718    4.16E+07     0.00014718    5.16E+07     2.4808E+05    
   4.17E+07     0.9975       0.00014673    4.17E+07     0.00014673    5.17E+07     2.477E+05     
   4.18E+07     0.99752      0.00014696    4.18E+07     0.00014696    5.18E+07     2.4808E+05    
   4.19E+07     0.99752      0.00014649    4.19E+07     0.00014649    5.19E+07     2.4875E+05    
   4.2E+07      0.99752      0.00014612    4.2E+07      0.00014612    5.2E+07      2.4927E+05    
   4.21E+07     0.99751      0.00014642    4.21E+07     0.00014642    5.21E+07     2.4962E+05    
   4.22E+07     0.99752      0.00014628    4.22E+07     0.00014628    5.22E+07     2.493E+05     
   4.23E+07     0.99752      0.000146      4.23E+07     0.000146      5.23E+07     2.4838E+05    
   4.24E+07     0.99752      0.00014565    4.24E+07     0.00014565    5.24E+07     2.4884E+05    
   4.25E+07     0.99752      0.0001452     4.25E+07     0.0001452     5.25E+07     2.4908E+05    
   4.26E+07     0.99751      0.00014478    4.26E+07     0.00014478    5.26E+07     2.4978E+05    
   4.27E+07     0.99751      0.00014433    4.27E+07     0.00014433    5.27E+07     2.5043E+05    
   4.28E+07     0.99751      0.00014391    4.28E+07     0.00014391    5.28E+07     2.5071E+05    
   4.29E+07     0.99751      0.00014354    4.29E+07     0.00014354    5.29E+07     2.5127E+05    
   4.3E+07      0.99751      0.00014311    4.3E+07      0.00014311    5.3E+07      2.5166E+05    
   4.31E+07     0.9975       0.00014289    4.31E+07     0.00014289    5.31E+07     2.4964E+05    
   4.32E+07     0.99749      0.00014284    4.32E+07     0.00014284    5.32E+07     2.4966E+05    
   4.33E+07     0.99749      0.00014242    4.33E+07     0.00014242    5.33E+07     2.4821E+05    
   4.34E+07     0.9975       0.00014211    4.34E+07     0.00014211    5.34E+07     2.4757E+05    
   4.35E+07     0.9975       0.00014188    4.35E+07     0.00014188    5.35E+07     2.4811E+05    
   4.36E+07     0.99751      0.00014194    4.36E+07     0.00014194    5.36E+07     2.4714E+05    
   4.37E+07     0.99752      0.00014165    4.37E+07     0.00014165    5.37E+07     2.4694E+05    
   4.38E+07     0.99751      0.00014142    4.38E+07     0.00014142    5.38E+07     2.4741E+05    
   4.39E+07     0.99751      0.00014113    4.39E+07     0.00014113    5.39E+07     2.4761E+05    
   4.4E+07      0.99749      0.0001418     4.4E+07      0.0001418     5.4E+07      2.4822E+05    
   4.41E+07     0.99749      0.00014141    4.41E+07     0.00014141    5.41E+07     2.4837E+05    
   4.42E+07     0.99748      0.00014107    4.42E+07     0.00014107    5.42E+07     2.4897E+05    
   4.43E+07     0.99748      0.00014077    4.43E+07     0.00014077    5.43E+07     2.4865E+05    
   4.44E+07     0.99748      0.00014036    4.44E+07     0.00014036    5.44E+07     2.4885E+05    
   4.45E+07     0.99747      0.00014       4.45E+07     0.00014       5.45E+07     2.4937E+05    
   4.46E+07     0.99748      0.00013961    4.46E+07     0.00013961    5.46E+07     2.4966E+05    
   4.47E+07     0.99746      0.00014007    4.47E+07     0.00014007    5.47E+07     2.4946E+05    
   4.48E+07     0.99746      0.00013967    4.48E+07     0.00013967    5.48E+07     2.4971E+05    
   4.49E+07     0.99746      0.00013929    4.49E+07     0.00013929    5.49E+07     2.4979E+05    
   4.5E+07      0.99746      0.00013904    4.5E+07      0.00013904    5.5E+07      2.5044E+05    
   4.51E+07     0.99747      0.00013925    4.51E+07     0.00013925    5.51E+07     2.511E+05     
   4.52E+07     0.99747      0.00013886    4.52E+07     0.00013886    5.52E+07     2.5171E+05    
   4.53E+07     0.99747      0.00013848    4.53E+07     0.00013848    5.53E+07     2.5185E+05    
   4.54E+07     0.99747      0.00013814    4.54E+07     0.00013814    5.54E+07     2.5248E+05    
   4.55E+07     0.99748      0.00013811    4.55E+07     0.00013811    5.55E+07     2.527E+05     
   4.56E+07     0.99747      0.000138      4.56E+07     0.000138      5.56E+07     2.5309E+05    
   4.57E+07     0.99748      0.00013788    4.57E+07     0.00013788    5.57E+07     2.5341E+05    
   4.58E+07     0.99748      0.00013753    4.58E+07     0.00013753    5.58E+07     2.5406E+05    
   4.59E+07     0.99749      0.00013758    4.59E+07     0.00013758    5.59E+07     2.5386E+05    
   4.6E+07      0.9975       0.00013739    4.6E+07      0.00013739    5.6E+07      2.5451E+05    
   4.61E+07     0.9975       0.00013713    4.61E+07     0.00013713    5.61E+07     2.5404E+05    
   4.62E+07     0.9975       0.00013675    4.62E+07     0.00013675    5.62E+07     2.5465E+05    
   4.63E+07     0.99749      0.00013701    4.63E+07     0.00013701    5.63E+07     2.5529E+05    
   4.64E+07     0.99748      0.00013709    4.64E+07     0.00013709    5.64E+07     2.5414E+05    
   4.65E+07     0.99749      0.00013709    4.65E+07     0.00013709    5.65E+07     2.5417E+05    
   4.66E+07     0.99748      0.0001372     4.66E+07     0.0001372     5.66E+07     2.5312E+05    
   4.67E+07     0.99747      0.0001371     4.67E+07     0.0001371     5.67E+07     2.5353E+05    
   4.68E+07     0.99747      0.00013676    4.68E+07     0.00013676    5.68E+07     2.5399E+05    
   4.69E+07     0.99747      0.00013639    4.69E+07     0.00013639    5.69E+07     2.5151E+05    
   4.7E+07      0.99747      0.00013603    4.7E+07      0.00013603    5.7E+07      2.5176E+05    
   4.71E+07     0.99747      0.00013567    4.71E+07     0.00013567    5.71E+07     2.5215E+05    
   4.72E+07     0.99745      0.00013638    4.72E+07     0.00013638    5.72E+07     2.5253E+05    
   4.73E+07     0.99747      0.00013676    4.73E+07     0.00013676    5.73E+07     2.5084E+05    
   4.74E+07     0.99748      0.00013701    4.74E+07     0.00013701    5.74E+07     2.5102E+05    
   4.75E+07     0.99749      0.00013675    4.75E+07     0.00013675    5.75E+07     2.4926E+05    
   4.76E+07     0.99749      0.00013639    4.76E+07     0.00013639    5.76E+07     2.4984E+05    
   4.77E+07     0.99749      0.00013616    4.77E+07     0.00013616    5.77E+07     2.5027E+05    
   4.78E+07     0.99749      0.00013583    4.78E+07     0.00013583    5.78E+07     2.5081E+05    
   4.79E+07     0.99748      0.00013582    4.79E+07     0.00013582    5.79E+07     2.5138E+05    
   4.8E+07      0.99748      0.00013553    4.8E+07      0.00013553    5.8E+07      2.5056E+05    
   4.81E+07     0.99748      0.00013546    4.81E+07     0.00013546    5.81E+07     2.5113E+05    
   4.82E+07     0.99748      0.0001351     4.82E+07     0.0001351     5.82E+07     2.5024E+05    
   4.83E+07     0.99747      0.00013495    4.83E+07     0.00013495    5.83E+07     2.5077E+05    
   4.84E+07     0.99746      0.00013491    4.84E+07     0.00013491    5.84E+07     2.5111E+05    
   4.85E+07     0.99746      0.00013457    4.85E+07     0.00013457    5.85E+07     2.5171E+05    
   4.86E+07     0.99746      0.00013426    4.86E+07     0.00013426    5.86E+07     2.5152E+05    
   4.87E+07     0.99746      0.00013398    4.87E+07     0.00013398    5.87E+07     2.5211E+05    
   4.88E+07     0.99746      0.00013364    4.88E+07     0.00013364    5.88E+07     2.5217E+05    
   4.89E+07     0.99748      0.00013435    4.89E+07     0.00013435    5.89E+07     2.5218E+05    
   4.9E+07      0.99749      0.00013424    4.9E+07      0.00013424    5.9E+07      2.526E+05     
   4.91E+07     0.99749      0.00013402    4.91E+07     0.00013402    5.91E+07     2.5303E+05    
   4.92E+07     0.99749      0.00013378    4.92E+07     0.00013378    5.92E+07     2.5357E+05    
   4.93E+07     0.99749      0.00013371    4.93E+07     0.00013371    5.93E+07     2.5408E+05    
   4.94E+07     0.9975       0.00013355    4.94E+07     0.00013355    5.94E+07     2.541E+05     
   4.95E+07     0.9975       0.00013324    4.95E+07     0.00013324    5.95E+07     2.542E+05     
   4.96E+07     0.9975       0.00013297    4.96E+07     0.00013297    5.96E+07     2.5442E+05    
   4.97E+07     0.99748      0.00013325    4.97E+07     0.00013325    5.97E+07     2.5502E+05    
   4.98E+07     0.99748      0.00013294    4.98E+07     0.00013294    5.98E+07     2.5501E+05    
   4.99E+07     0.99748      0.00013269    4.99E+07     0.00013269    5.99E+07     2.5551E+05    
   5E+07        0.99748      0.00013248    5E+07        0.00013248    6E+07        2.5556E+05    
   5.01E+07     0.99749      0.00013241    5.01E+07     0.00013241    6.01E+07     2.5612E+05    
   5.02E+07     0.99749      0.00013209    5.02E+07     0.00013209    6.02E+07     2.5589E+05    
   5.03E+07     0.99749      0.00013178    5.03E+07     0.00013178    6.03E+07     2.5647E+05    
   5.04E+07     0.99751      0.00013228    5.04E+07     0.00013228    6.04E+07     2.5701E+05    
   5.05E+07     0.9975       0.00013217    5.05E+07     0.00013217    6.05E+07     2.5756E+05    
   5.06E+07     0.9975       0.00013184    5.06E+07     0.00013184    6.06E+07     2.5698E+05    
   5.07E+07     0.9975       0.00013152    5.07E+07     0.00013152    6.07E+07     2.5721E+05    
   5.08E+07     0.99751      0.00013189    5.08E+07     0.00013189    6.08E+07     2.5758E+05    
   5.09E+07     0.99751      0.00013159    5.09E+07     0.00013159    6.09E+07     2.5796E+05    
   5.1E+07      0.99752      0.00013135    5.1E+07      0.00013135    6.1E+07      2.5836E+05    
   5.11E+07     0.99752      0.00013104    5.11E+07     0.00013104    6.11E+07     2.5888E+05    
   5.12E+07     0.99752      0.00013073    5.12E+07     0.00013073    6.12E+07     2.5921E+05    
   5.13E+07     0.99752      0.00013055    5.13E+07     0.00013055    6.13E+07     2.5978E+05    
   5.14E+07     0.99753      0.00013028    5.14E+07     0.00013028    6.14E+07     2.6032E+05    
   5.15E+07     0.99753      0.00012997    5.15E+07     0.00012997    6.15E+07     2.5955E+05    
   5.16E+07     0.99753      0.00012974    5.16E+07     0.00012974    6.16E+07     2.5931E+05    
   5.17E+07     0.99752      0.00012971    5.17E+07     0.00012971    6.17E+07     2.597E+05     
   5.18E+07     0.99753      0.00012949    5.18E+07     0.00012949    6.18E+07     2.5931E+05    
   5.19E+07     0.99753      0.00012918    5.19E+07     0.00012918    6.19E+07     2.5919E+05    
   5.2E+07      0.99752      0.00012893    5.2E+07      0.00012893    6.2E+07      2.5954E+05    
   5.21E+07     0.99753      0.00012871    5.21E+07     0.00012871    6.21E+07     2.5933E+05    
   5.22E+07     0.99754      0.00012867    5.22E+07     0.00012867    6.22E+07     2.5987E+05    
   5.23E+07     0.99755      0.00012878    5.23E+07     0.00012878    6.23E+07     2.6004E+05    
   5.24E+07     0.99755      0.00012854    5.24E+07     0.00012854    6.24E+07     2.5996E+05    
   5.25E+07     0.99756      0.00012835    5.25E+07     0.00012835    6.25E+07     2.6053E+05    
   5.26E+07     0.99756      0.00012805    5.26E+07     0.00012805    6.26E+07     2.6101E+05    
   5.27E+07     0.99756      0.00012776    5.27E+07     0.00012776    6.27E+07     2.6159E+05    
   5.28E+07     0.99756      0.00012757    5.28E+07     0.00012757    6.28E+07     2.6209E+05    
   5.29E+07     0.99756      0.00012731    5.29E+07     0.00012731    6.29E+07     2.6267E+05    
   5.3E+07      0.99757      0.00012709    5.3E+07      0.00012709    6.3E+07      2.6294E+05    
   5.31E+07     0.99755      0.00012748    5.31E+07     0.00012748    6.31E+07     2.6234E+05    
   5.32E+07     0.99755      0.00012736    5.32E+07     0.00012736    6.32E+07     2.629E+05     
   5.33E+07     0.99754      0.00012761    5.33E+07     0.00012761    6.33E+07     2.6133E+05    
   5.34E+07     0.99753      0.00012765    5.34E+07     0.00012765    6.34E+07     2.6139E+05    
   5.35E+07     0.99753      0.0001274     5.35E+07     0.0001274     6.35E+07     2.6184E+05    
   5.36E+07     0.99752      0.00012752    5.36E+07     0.00012752    6.36E+07     2.623E+05     
   5.37E+07     0.99753      0.00012746    5.37E+07     0.00012746    6.37E+07     2.6283E+05    
   5.38E+07     0.99753      0.00012722    5.38E+07     0.00012722    6.38E+07     2.6098E+05    
   5.39E+07     0.99754      0.00012705    5.39E+07     0.00012705    6.39E+07     2.6152E+05    
   5.4E+07      0.99754      0.00012676    5.4E+07      0.00012676    6.4E+07      2.6017E+05    
   5.41E+07     0.99754      0.00012661    5.41E+07     0.00012661    6.41E+07     2.6034E+05    
   5.42E+07     0.99754      0.00012634    5.42E+07     0.00012634    6.42E+07     2.6085E+05    
   5.43E+07     0.99753      0.0001263     5.43E+07     0.0001263     6.43E+07     2.6122E+05    
   5.44E+07     0.99754      0.00012613    5.44E+07     0.00012613    6.44E+07     2.602E+05     
   5.45E+07     0.99754      0.00012589    5.45E+07     0.00012589    6.45E+07     2.6041E+05    
   5.46E+07     0.99754      0.0001257     5.46E+07     0.0001257     6.46E+07     2.6067E+05    
   5.47E+07     0.99754      0.00012563    5.47E+07     0.00012563    6.47E+07     2.5801E+05    
   5.48E+07     0.99753      0.00012546    5.48E+07     0.00012546    6.48E+07     2.5854E+05    
   5.49E+07     0.99754      0.00012532    5.49E+07     0.00012532    6.49E+07     2.5907E+05    
   5.5E+07      0.99754      0.00012504    5.5E+07      0.00012504    6.5E+07      2.5948E+05    
   5.51E+07     0.99754      0.00012476    5.51E+07     0.00012476    6.51E+07     2.6E+05       
   5.52E+07     0.99754      0.0001245     5.52E+07     0.0001245     6.52E+07     2.6014E+05    
   5.53E+07     0.99755      0.00012435    5.53E+07     0.00012435    6.53E+07     2.6034E+05    
   5.54E+07     0.99755      0.00012408    5.54E+07     0.00012408    6.54E+07     2.605E+05     
   5.55E+07     0.99755      0.00012392    5.55E+07     0.00012392    6.55E+07     2.6099E+05    
   5.56E+07     0.99756      0.00012371    5.56E+07     0.00012371    6.56E+07     2.5641E+05    
   5.57E+07     0.99756      0.00012352    5.57E+07     0.00012352    6.57E+07     2.5625E+05    
   5.58E+07     0.99756      0.00012325    5.58E+07     0.00012325    6.58E+07     2.5626E+05    
   5.59E+07     0.99757      0.00012319    5.59E+07     0.00012319    6.59E+07     2.5641E+05    
   5.6E+07      0.99757      0.00012292    5.6E+07      0.00012292    6.6E+07      2.5574E+05    
   5.61E+07     0.99756      0.00012292    5.61E+07     0.00012292    6.61E+07     2.5625E+05    
   5.62E+07     0.99756      0.00012266    5.62E+07     0.00012266    6.62E+07     2.5652E+05    
   5.63E+07     0.99756      0.0001224     5.63E+07     0.0001224     6.63E+07     2.5705E+05    
   5.64E+07     0.99757      0.00012257    5.64E+07     0.00012257    6.64E+07     2.5751E+05    
   5.65E+07     0.99757      0.00012245    5.65E+07     0.00012245    6.65E+07     2.5776E+05    
   5.66E+07     0.99758      0.0001226     5.66E+07     0.0001226     6.66E+07     2.5807E+05    
   5.67E+07     0.99757      0.00012239    5.67E+07     0.00012239    6.67E+07     2.5847E+05    
   5.68E+07     0.99757      0.00012217    5.68E+07     0.00012217    6.68E+07     2.5899E+05    
   5.69E+07     0.99758      0.00012267    5.69E+07     0.00012267    6.69E+07     2.5939E+05    
   5.7E+07      0.99758      0.00012249    5.7E+07      0.00012249    6.7E+07      2.5988E+05    
   5.71E+07     0.99757      0.00012229    5.71E+07     0.00012229    6.71E+07     2.5985E+05    
   5.72E+07     0.99757      0.00012209    5.72E+07     0.00012209    6.72E+07     2.599E+05     
   5.73E+07     0.99758      0.0001224     5.73E+07     0.0001224     6.73E+07     2.5961E+05    
   5.74E+07     0.99759      0.00012224    5.74E+07     0.00012224    6.74E+07     2.5855E+05    
   5.75E+07     0.9976       0.00012256    5.75E+07     0.00012256    6.75E+07     2.5881E+05    
   5.76E+07     0.9976       0.00012231    5.76E+07     0.00012231    6.76E+07     2.5892E+05    
   5.77E+07     0.9976       0.0001221     5.77E+07     0.0001221     6.77E+07     2.5924E+05    
   5.78E+07     0.9976       0.00012186    5.78E+07     0.00012186    6.78E+07     2.5758E+05    
   5.79E+07     0.9976       0.00012162    5.79E+07     0.00012162    6.79E+07     2.5798E+05    
   5.8E+07      0.99761      0.00012171    5.8E+07      0.00012171    6.8E+07      2.5843E+05    
   5.81E+07     0.99761      0.00012147    5.81E+07     0.00012147    6.81E+07     2.589E+05     
   5.82E+07     0.99761      0.00012158    5.82E+07     0.00012158    6.82E+07     2.5941E+05    
   5.83E+07     0.9976       0.00012133    5.83E+07     0.00012133    6.83E+07     2.5864E+05    
   5.84E+07     0.9976       0.00012115    5.84E+07     0.00012115    6.84E+07     2.5865E+05    
   5.85E+07     0.9976       0.0001209     5.85E+07     0.0001209     6.85E+07     2.5803E+05    
   5.86E+07     0.99759      0.00012084    5.86E+07     0.00012084    6.86E+07     2.5765E+05    
   5.87E+07     0.99759      0.00012059    5.87E+07     0.00012059    6.87E+07     2.5725E+05    
   5.88E+07     0.9976       0.00012048    5.88E+07     0.00012048    6.88E+07     2.5772E+05    
   5.89E+07     0.99761      0.00012037    5.89E+07     0.00012037    6.89E+07     2.5821E+05    
   5.9E+07      0.99761      0.00012017    5.9E+07      0.00012017    6.9E+07      2.5847E+05    
   5.91E+07     0.99761      0.00011997    5.91E+07     0.00011997    6.91E+07     2.5896E+05    
   5.92E+07     0.99761      0.00011974    5.92E+07     0.00011974    6.92E+07     2.5902E+05    
   5.93E+07     0.99761      0.00011952    5.93E+07     0.00011952    6.93E+07     2.5937E+05    
   5.94E+07     0.9976       0.00011941    5.94E+07     0.00011941    6.94E+07     2.5821E+05    
   5.95E+07     0.99759      0.00011929    5.95E+07     0.00011929    6.95E+07     2.5822E+05    
   5.96E+07     0.99759      0.00011914    5.96E+07     0.00011914    6.96E+07     2.5828E+05    
   5.97E+07     0.99759      0.0001189     5.97E+07     0.0001189     6.97E+07     2.5829E+05    
   5.98E+07     0.9976       0.0001188     5.98E+07     0.0001188     6.98E+07     2.5718E+05    
   5.99E+07     0.99759      0.00011858    5.99E+07     0.00011858    6.99E+07     2.5765E+05    
   6E+07        0.99759      0.00011847    6E+07        0.00011847    7E+07        2.5692E+05    
   6.01E+07     0.99759      0.00011824    6.01E+07     0.00011824    7.01E+07     2.5738E+05    
   6.02E+07     0.99758      0.0001182     6.02E+07     0.0001182     7.02E+07     2.5595E+05    
   6.03E+07     0.99758      0.00011797    6.03E+07     0.00011797    7.03E+07     2.5487E+05    
   6.04E+07     0.99758      0.00011774    6.04E+07     0.00011774    7.04E+07     2.5488E+05    
   6.05E+07     0.99758      0.00011752    6.05E+07     0.00011752    7.05E+07     2.551E+05     
   6.06E+07     0.99759      0.00011756    6.06E+07     0.00011756    7.06E+07     2.5356E+05    
   6.07E+07     0.99759      0.00011741    6.07E+07     0.00011741    7.07E+07     2.5323E+05    
   6.08E+07     0.99759      0.00011723    6.08E+07     0.00011723    7.08E+07     2.5369E+05    
   6.09E+07     0.99759      0.00011704    6.09E+07     0.00011704    7.09E+07     2.5417E+05    
   6.1E+07      0.9976       0.00011686    6.1E+07      0.00011686    7.1E+07      2.5455E+05    
   6.11E+07     0.9976       0.00011665    6.11E+07     0.00011665    7.11E+07     2.5495E+05    
   6.12E+07     0.9976       0.00011647    6.12E+07     0.00011647    7.12E+07     2.5528E+05    
   6.13E+07     0.9976       0.00011625    6.13E+07     0.00011625    7.13E+07     2.5573E+05    
   6.14E+07     0.9976       0.00011604    6.14E+07     0.00011604    7.14E+07     2.5322E+05    
   6.15E+07     0.99761      0.00011611    6.15E+07     0.00011611    7.15E+07     2.5205E+05    
   6.16E+07     0.9976       0.00011607    6.16E+07     0.00011607    7.16E+07     2.5249E+05    
   6.17E+07     0.9976       0.00011589    6.17E+07     0.00011589    7.17E+07     2.5251E+05    
   6.18E+07     0.99759      0.00011588    6.18E+07     0.00011588    7.18E+07     2.5295E+05    
   6.19E+07     0.99759      0.00011582    6.19E+07     0.00011582    7.19E+07     2.5112E+05    
   6.2E+07      0.99758      0.00011564    6.2E+07      0.00011564    7.2E+07      2.5072E+05    
   6.21E+07     0.99758      0.0001156     6.21E+07     0.0001156     7.21E+07     2.5117E+05    
   6.22E+07     0.99758      0.00011538    6.22E+07     0.00011538    7.22E+07     2.5155E+05    
   6.23E+07     0.99758      0.00011525    6.23E+07     0.00011525    7.23E+07     2.5201E+05    
   6.24E+07     0.99759      0.00011518    6.24E+07     0.00011518    7.24E+07     2.5223E+05    
   6.25E+07     0.99759      0.00011496    6.25E+07     0.00011496    7.25E+07     2.5172E+05    
   6.26E+07     0.99759      0.00011476    6.26E+07     0.00011476    7.26E+07     2.5131E+05    
   6.27E+07     0.99759      0.00011454    6.27E+07     0.00011454    7.27E+07     2.5132E+05    
   6.28E+07     0.99759      0.00011434    6.28E+07     0.00011434    7.28E+07     2.5176E+05    
   6.29E+07     0.99759      0.00011412    6.29E+07     0.00011412    7.29E+07     2.5204E+05    
   6.3E+07      0.99759      0.00011397    6.3E+07      0.00011397    7.3E+07      2.525E+05     
   6.31E+07     0.99758      0.00011401    6.31E+07     0.00011401    7.31E+07     2.5208E+05    
   6.32E+07     0.99758      0.0001138     6.32E+07     0.0001138     7.32E+07     2.5243E+05    
   6.33E+07     0.99757      0.00011405    6.33E+07     0.00011405    7.33E+07     2.5248E+05    
   6.34E+07     0.99758      0.00011394    6.34E+07     0.00011394    7.34E+07     2.5283E+05    
   6.35E+07     0.99758      0.00011375    6.35E+07     0.00011375    7.35E+07     2.5328E+05    
   6.36E+07     0.99758      0.00011357    6.36E+07     0.00011357    7.36E+07     2.5374E+05    
   6.37E+07     0.99758      0.00011336    6.37E+07     0.00011336    7.37E+07     2.5358E+05    
   6.38E+07     0.99759      0.00011367    6.38E+07     0.00011367    7.38E+07     2.5394E+05    
   6.39E+07     0.99759      0.00011346    6.39E+07     0.00011346    7.39E+07     2.5401E+05    
   6.4E+07      0.99758      0.00011367    6.4E+07      0.00011367    7.4E+07      2.5421E+05    
   6.41E+07     0.99758      0.00011355    6.41E+07     0.00011355    7.41E+07     2.5404E+05    
   6.42E+07     0.99758      0.00011335    6.42E+07     0.00011335    7.42E+07     2.5425E+05    
   6.43E+07     0.99758      0.00011318    6.43E+07     0.00011318    7.43E+07     2.5448E+05    
   6.44E+07     0.99759      0.00011331    6.44E+07     0.00011331    7.44E+07     2.5485E+05    
   6.45E+07     0.99759      0.00011318    6.45E+07     0.00011318    7.45E+07     2.553E+05     
   6.46E+07     0.99759      0.00011303    6.46E+07     0.00011303    7.46E+07     2.5564E+05    
   6.47E+07     0.99758      0.00011352    6.47E+07     0.00011352    7.47E+07     2.5563E+05    
   6.48E+07     0.99758      0.00011332    6.48E+07     0.00011332    7.48E+07     2.5607E+05    
   6.49E+07     0.99758      0.00011312    6.49E+07     0.00011312    7.49E+07     2.565E+05     
   6.5E+07      0.99757      0.00011294    6.5E+07      0.00011294    7.5E+07      2.5673E+05    
   6.51E+07     0.99757      0.00011274    6.51E+07     0.00011274    7.51E+07     2.5667E+05    
   6.52E+07     0.99758      0.00011263    6.52E+07     0.00011263    7.52E+07     2.5687E+05    
   6.53E+07     0.99757      0.00011249    6.53E+07     0.00011249    7.53E+07     2.5653E+05    
   6.54E+07     0.99757      0.00011237    6.54E+07     0.00011237    7.54E+07     2.5683E+05    
   6.55E+07     0.99757      0.00011218    6.55E+07     0.00011218    7.55E+07     2.5728E+05    
   6.56E+07     0.99758      0.00011309    6.56E+07     0.00011309    7.56E+07     2.577E+05     
   6.57E+07     0.99759      0.00011304    6.57E+07     0.00011304    7.57E+07     2.5814E+05    
   6.58E+07     0.99758      0.00011296    6.58E+07     0.00011296    7.58E+07     2.5769E+05    
   6.59E+07     0.99759      0.00011284    6.59E+07     0.00011284    7.59E+07     2.5743E+05    
   6.6E+07      0.99758      0.0001129     6.6E+07      0.0001129     7.6E+07      2.5761E+05    
   6.61E+07     0.99758      0.0001127     6.61E+07     0.0001127     7.61E+07     2.5727E+05    
   6.62E+07     0.99759      0.00011255    6.62E+07     0.00011255    7.62E+07     2.5767E+05    
   6.63E+07     0.99759      0.00011236    6.63E+07     0.00011236    7.63E+07     2.5806E+05    
   6.64E+07     0.99759      0.00011217    6.64E+07     0.00011217    7.64E+07     2.5847E+05    
   6.65E+07     0.99759      0.00011203    6.65E+07     0.00011203    7.65E+07     2.5878E+05    
   6.66E+07     0.99759      0.00011188    6.66E+07     0.00011188    7.66E+07     2.5917E+05    
   6.67E+07     0.9976       0.00011171    6.67E+07     0.00011171    7.67E+07     2.5915E+05    
   6.68E+07     0.9976       0.00011151    6.68E+07     0.00011151    7.68E+07     2.5825E+05    
   6.69E+07     0.9976       0.00011134    6.69E+07     0.00011134    7.69E+07     2.5862E+05    
   6.7E+07      0.9976       0.00011115    6.7E+07      0.00011115    7.7E+07      2.5906E+05    
   6.71E+07     0.9976       0.00011108    6.71E+07     0.00011108    7.71E+07     2.5945E+05    
   6.72E+07     0.9976       0.00011098    6.72E+07     0.00011098    7.72E+07     2.5982E+05    
   6.73E+07     0.99759      0.00011095    6.73E+07     0.00011095    7.73E+07     2.5853E+05    
   6.74E+07     0.99759      0.0001111     6.74E+07     0.0001111     7.74E+07     2.5896E+05    
   6.75E+07     0.99758      0.00011096    6.75E+07     0.00011096    7.75E+07     2.5937E+05    
   6.76E+07     0.99759      0.00011086    6.76E+07     0.00011086    7.76E+07     2.5894E+05    
   6.77E+07     0.99758      0.0001107     6.77E+07     0.0001107     7.77E+07     2.5935E+05    
   6.78E+07     0.99757      0.00011098    6.78E+07     0.00011098    7.78E+07     2.5968E+05    
   6.79E+07     0.99757      0.00011081    6.79E+07     0.00011081    7.79E+07     2.5902E+05    
   6.8E+07      0.99757      0.00011063    6.8E+07      0.00011063    7.8E+07      2.592E+05     
   6.81E+07     0.99757      0.00011045    6.81E+07     0.00011045    7.81E+07     2.5845E+05    
   6.82E+07     0.99757      0.00011026    6.82E+07     0.00011026    7.82E+07     2.5887E+05    
   6.83E+07     0.99758      0.00011034    6.83E+07     0.00011034    7.83E+07     2.5918E+05    
   6.84E+07     0.99757      0.00011026    6.84E+07     0.00011026    7.84E+07     2.5939E+05    
   6.85E+07     0.99757      0.00011031    6.85E+07     0.00011031    7.85E+07     2.5974E+05    
   6.86E+07     0.99756      0.00011031    6.86E+07     0.00011031    7.86E+07     2.5962E+05    
   6.87E+07     0.99757      0.00011031    6.87E+07     0.00011031    7.87E+07     2.5584E+05    
   6.88E+07     0.99757      0.00011013    6.88E+07     0.00011013    7.88E+07     2.5599E+05    
   6.89E+07     0.99757      0.00010995    6.89E+07     0.00010995    7.89E+07     2.5546E+05    
   6.9E+07      0.99756      0.00010981    6.9E+07      0.00010981    7.9E+07      2.556E+05     
   6.91E+07     0.99756      0.00010963    6.91E+07     0.00010963    7.91E+07     2.5492E+05    
   6.92E+07     0.99756      0.00010954    6.92E+07     0.00010954    7.92E+07     2.5533E+05    
   6.93E+07     0.99756      0.00010939    6.93E+07     0.00010939    7.93E+07     2.5484E+05    
   6.94E+07     0.99757      0.00010955    6.94E+07     0.00010955    7.94E+07     2.5465E+05    
   6.95E+07     0.99757      0.00010947    6.95E+07     0.00010947    7.95E+07     2.5504E+05    
   6.96E+07     0.99756      0.00010938    6.96E+07     0.00010938    7.96E+07     2.5544E+05    
   6.97E+07     0.99756      0.0001093     6.97E+07     0.0001093     7.97E+07     2.5543E+05    
   6.98E+07     0.99757      0.00010945    6.98E+07     0.00010945    7.98E+07     2.5582E+05    
   6.99E+07     0.99757      0.00010927    6.99E+07     0.00010927    7.99E+07     2.5486E+05    
   7E+07        0.99757      0.00010935    7E+07        0.00010935    8E+07        2.5511E+05    
   7.01E+07     0.99757      0.00010918    7.01E+07     0.00010918    8.01E+07     2.5464E+05    
   7.02E+07     0.99758      0.0001094     7.02E+07     0.0001094     8.02E+07     2.5501E+05    
   7.03E+07     0.99758      0.00010955    7.03E+07     0.00010955    8.03E+07     2.5535E+05    
   7.04E+07     0.99758      0.00010947    7.04E+07     0.00010947    8.04E+07     2.5525E+05    
   7.05E+07     0.99758      0.00010935    7.05E+07     0.00010935    8.05E+07     2.5542E+05    
   7.06E+07     0.99759      0.0001096     7.06E+07     0.0001096     8.06E+07     2.5478E+05    
   7.07E+07     0.99758      0.00010959    7.07E+07     0.00010959    8.07E+07     2.5518E+05    
   7.08E+07     0.99758      0.00010942    7.08E+07     0.00010942    8.08E+07     2.5498E+05    
   7.09E+07     0.99758      0.00010924    7.09E+07     0.00010924    8.09E+07     2.5518E+05    
   7.1E+07      0.99758      0.00010908    7.1E+07      0.00010908    8.1E+07      2.5555E+05    
   7.11E+07     0.99758      0.00010891    7.11E+07     0.00010891    8.11E+07     2.5563E+05    
   7.12E+07     0.99758      0.00010877    7.12E+07     0.00010877    8.12E+07     2.5551E+05    
   7.13E+07     0.99758      0.0001086     7.13E+07     0.0001086     8.13E+07     2.5591E+05    
   7.14E+07     0.99757      0.00010906    7.14E+07     0.00010906    8.14E+07     2.5627E+05    
   7.15E+07     0.99756      0.00010923    7.15E+07     0.00010923    8.15E+07     2.5656E+05    
   7.16E+07     0.99756      0.00010906    7.16E+07     0.00010906    8.16E+07     2.5696E+05    
   7.17E+07     0.99756      0.00010898    7.17E+07     0.00010898    8.17E+07     2.5722E+05    
   7.18E+07     0.99756      0.00010881    7.18E+07     0.00010881    8.18E+07     2.5736E+05    
   7.19E+07     0.99757      0.00010913    7.19E+07     0.00010913    8.19E+07     2.5721E+05    
   7.2E+07      0.99756      0.00010913    7.2E+07      0.00010913    8.2E+07      2.5761E+05    
   7.21E+07     0.99756      0.00010896    7.21E+07     0.00010896    8.21E+07     2.5756E+05    
   7.22E+07     0.99756      0.0001088     7.22E+07     0.0001088     8.22E+07     2.5795E+05    
   7.23E+07     0.99757      0.00010863    7.23E+07     0.00010863    8.23E+07     2.5797E+05    
   7.24E+07     0.99756      0.0001085     7.24E+07     0.0001085     8.24E+07     2.583E+05     
   7.25E+07     0.99757      0.00010854    7.25E+07     0.00010854    8.25E+07     2.587E+05     
   7.26E+07     0.99757      0.00010855    7.26E+07     0.00010855    8.26E+07     2.591E+05     
   7.27E+07     0.99757      0.00010848    7.27E+07     0.00010848    8.27E+07     2.5887E+05    
   7.28E+07     0.99757      0.0001083     7.28E+07     0.0001083     8.28E+07     2.5905E+05    
   7.29E+07     0.99757      0.00010817    7.29E+07     0.00010817    8.29E+07     2.5944E+05    
   7.3E+07      0.99757      0.000108      7.3E+07      0.000108      8.3E+07      2.5983E+05    
   7.31E+07     0.99756      0.00010801    7.31E+07     0.00010801    8.31E+07     2.6019E+05    
   7.32E+07     0.99756      0.00010787    7.32E+07     0.00010787    8.32E+07     2.601E+05     
   7.33E+07     0.99757      0.00010778    7.33E+07     0.00010778    8.33E+07     2.6045E+05    
   7.34E+07     0.99757      0.00010763    7.34E+07     0.00010763    8.34E+07     2.6085E+05    
   7.35E+07     0.99757      0.00010746    7.35E+07     0.00010746    8.35E+07     2.612E+05     
   7.36E+07     0.99757      0.00010729    7.36E+07     0.00010729    8.36E+07     2.616E+05     
   7.37E+07     0.99757      0.00010725    7.37E+07     0.00010725    8.37E+07     2.6195E+05    
   7.38E+07     0.99757      0.0001071     7.38E+07     0.0001071     8.38E+07     2.6082E+05    
   7.39E+07     0.99757      0.00010702    7.39E+07     0.00010702    8.39E+07     2.6095E+05    
   7.4E+07      0.99756      0.0001069     7.4E+07      0.0001069     8.4E+07      2.6097E+05    
   7.41E+07     0.99757      0.00010686    7.41E+07     0.00010686    8.41E+07     2.6035E+05    
   7.42E+07     0.99757      0.00010675    7.42E+07     0.00010675    8.42E+07     2.6058E+05    
   7.43E+07     0.99756      0.00010663    7.43E+07     0.00010663    8.43E+07     2.6093E+05    
   7.44E+07     0.99756      0.00010648    7.44E+07     0.00010648    8.44E+07     2.6084E+05    
   7.45E+07     0.99756      0.00010632    7.45E+07     0.00010632    8.45E+07     2.6116E+05    
   7.46E+07     0.99756      0.00010617    7.46E+07     0.00010617    8.46E+07     2.6101E+05    
   7.47E+07     0.99756      0.0001061     7.47E+07     0.0001061     8.47E+07     2.6136E+05    
   7.48E+07     0.99756      0.00010594    7.48E+07     0.00010594    8.48E+07     2.6108E+05    
   7.49E+07     0.99756      0.00010578    7.49E+07     0.00010578    8.49E+07     2.6147E+05    
   7.5E+07      0.99756      0.00010566    7.5E+07      0.00010566    8.5E+07      2.6143E+05    
   7.51E+07     0.99757      0.0001056     7.51E+07     0.0001056     8.51E+07     2.6182E+05    
   7.52E+07     0.99756      0.00010549    7.52E+07     0.00010549    8.52E+07     2.6158E+05    
   7.53E+07     0.99757      0.00010549    7.53E+07     0.00010549    8.53E+07     2.6179E+05    
   7.54E+07     0.99757      0.00010536    7.54E+07     0.00010536    8.54E+07     2.62E+05      
   7.55E+07     0.99757      0.0001052     7.55E+07     0.0001052     8.55E+07     2.6201E+05    
   7.56E+07     0.99757      0.00010504    7.56E+07     0.00010504    8.56E+07     2.624E+05     
   7.57E+07     0.99757      0.00010488    7.57E+07     0.00010488    8.57E+07     2.6205E+05    
   7.58E+07     0.99756      0.0001049     7.58E+07     0.0001049     8.58E+07     2.6223E+05    
   7.59E+07     0.99756      0.00010489    7.59E+07     0.00010489    8.59E+07     2.6259E+05    
   7.6E+07      0.99755      0.00010478    7.6E+07      0.00010478    8.6E+07      2.6271E+05    
   7.61E+07     0.99756      0.00010478    7.61E+07     0.00010478    8.61E+07     2.6288E+05    
   7.62E+07     0.99756      0.00010463    7.62E+07     0.00010463    8.62E+07     2.6324E+05    
   7.63E+07     0.99756      0.00010448    7.63E+07     0.00010448    8.63E+07     2.6315E+05    
   7.64E+07     0.99756      0.00010433    7.64E+07     0.00010433    8.64E+07     2.6353E+05    
   7.65E+07     0.99756      0.0001042     7.65E+07     0.0001042     8.65E+07     2.6375E+05    
   7.66E+07     0.99756      0.00010405    7.66E+07     0.00010405    8.66E+07     2.6413E+05    
   7.67E+07     0.99755      0.00010398    7.67E+07     0.00010398    8.67E+07     2.6441E+05    
   7.68E+07     0.99755      0.00010409    7.68E+07     0.00010409    8.68E+07     2.6326E+05    
   7.69E+07     0.99755      0.00010395    7.69E+07     0.00010395    8.69E+07     2.6277E+05    
   7.7E+07      0.99755      0.0001038     7.7E+07      0.0001038     8.7E+07      2.6056E+05    
   7.71E+07     0.99755      0.00010365    7.71E+07     0.00010365    8.71E+07     2.6057E+05    
   7.72E+07     0.99755      0.00010351    7.72E+07     0.00010351    8.72E+07     2.5998E+05    
   7.73E+07     0.99754      0.0001037     7.73E+07     0.0001037     8.73E+07     2.6004E+05    
   7.74E+07     0.99754      0.00010355    7.74E+07     0.00010355    8.74E+07     2.604E+05     
   7.75E+07     0.99754      0.0001034     7.75E+07     0.0001034     8.75E+07     2.6051E+05    
   7.76E+07     0.99754      0.00010342    7.76E+07     0.00010342    8.76E+07     2.6086E+05    
   7.77E+07     0.99754      0.00010327    7.77E+07     0.00010327    8.77E+07     2.6086E+05    
   7.78E+07     0.99755      0.00010314    7.78E+07     0.00010314    8.78E+07     2.6121E+05    
   7.79E+07     0.99755      0.0001032     7.79E+07     0.0001032     8.79E+07     2.6145E+05    
   7.8E+07      0.99756      0.0001031     7.8E+07      0.0001031     8.8E+07      2.6182E+05    
   7.81E+07     0.99755      0.00010318    7.81E+07     0.00010318    8.81E+07     2.622E+05     
   7.82E+07     0.99755      0.00010303    7.82E+07     0.00010303    8.82E+07     2.6229E+05    
   7.83E+07     0.99755      0.00010291    7.83E+07     0.00010291    8.83E+07     2.6258E+05    
   7.84E+07     0.99755      0.0001028     7.84E+07     0.0001028     8.84E+07     2.6293E+05    
   7.85E+07     0.99755      0.00010266    7.85E+07     0.00010266    8.85E+07     2.633E+05     
   7.86E+07     0.99756      0.00010262    7.86E+07     0.00010262    8.86E+07     2.6303E+05    
   7.87E+07     0.99757      0.00010331    7.87E+07     0.00010331    8.87E+07     2.6339E+05    
   7.88E+07     0.99757      0.00010321    7.88E+07     0.00010321    8.88E+07     2.6366E+05    
   7.89E+07     0.99757      0.00010325    7.89E+07     0.00010325    8.89E+07     2.6403E+05    
   7.9E+07      0.99758      0.00010316    7.9E+07      0.00010316    8.9E+07      2.6431E+05    
   7.91E+07     0.99757      0.00010323    7.91E+07     0.00010323    8.91E+07     2.6441E+05    
   7.92E+07     0.99757      0.00010309    7.92E+07     0.00010309    8.92E+07     2.6473E+05    
   7.93E+07     0.99758      0.00010312    7.93E+07     0.00010312    8.93E+07     2.651E+05     
   7.94E+07     0.99758      0.00010309    7.94E+07     0.00010309    8.94E+07     2.6515E+05    
   7.95E+07     0.99758      0.00010295    7.95E+07     0.00010295    8.95E+07     2.655E+05     
   7.96E+07     0.99758      0.0001028     7.96E+07     0.0001028     8.96E+07     2.6585E+05    
   7.97E+07     0.99759      0.00010274    7.97E+07     0.00010274    8.97E+07     2.6617E+05    
   7.98E+07     0.99759      0.0001026     7.98E+07     0.0001026     8.98E+07     2.6652E+05    
   7.99E+07     0.99758      0.00010273    7.99E+07     0.00010273    8.99E+07     2.6686E+05    
   8E+07        0.99758      0.00010261    8E+07        0.00010261    9E+07        2.6594E+05    
   8.01E+07     0.99757      0.00010264    8.01E+07     0.00010264    9.01E+07     2.6628E+05    
   8.02E+07     0.99757      0.0001025     8.02E+07     0.0001025     9.02E+07     2.6603E+05    
   8.03E+07     0.99757      0.00010237    8.03E+07     0.00010237    9.03E+07     2.6545E+05    
   8.04E+07     0.99757      0.00010233    8.04E+07     0.00010233    9.04E+07     2.6565E+05    
   8.05E+07     0.99756      0.00010223    8.05E+07     0.00010223    9.05E+07     2.659E+05     
   8.06E+07     0.99757      0.00010229    8.06E+07     0.00010229    9.06E+07     2.6587E+05    
   8.07E+07     0.99757      0.00010215    8.07E+07     0.00010215    9.07E+07     2.6607E+05    
   8.08E+07     0.99756      0.00010213    8.08E+07     0.00010213    9.08E+07     2.6598E+05    
   8.09E+07     0.99756      0.00010202    8.09E+07     0.00010202    9.09E+07     2.6635E+05    
   8.1E+07      0.99756      0.00010188    8.1E+07      0.00010188    9.1E+07      2.6629E+05    
   8.11E+07     0.99756      0.0001018     8.11E+07     0.0001018     9.11E+07     2.6665E+05    
   8.12E+07     0.99756      0.00010176    8.12E+07     0.00010176    9.12E+07     2.6701E+05    
   8.13E+07     0.99756      0.00010162    8.13E+07     0.00010162    9.13E+07     2.6719E+05    
   8.14E+07     0.99757      0.00010149    8.14E+07     0.00010149    9.14E+07     2.6747E+05    
   8.15E+07     0.99757      0.00010137    8.15E+07     0.00010137    9.15E+07     2.6781E+05    
   8.16E+07     0.99757      0.00010123    8.16E+07     0.00010123    9.16E+07     2.6792E+05    
   8.17E+07     0.99757      0.00010111    8.17E+07     0.00010111    9.17E+07     2.6816E+05    
   8.18E+07     0.99757      0.00010102    8.18E+07     0.00010102    9.18E+07     2.6818E+05    
   8.19E+07     0.99756      0.00010099    8.19E+07     0.00010099    9.19E+07     2.6848E+05    
   8.2E+07      0.99756      0.00010085    8.2E+07      0.00010085    9.2E+07      2.6884E+05    
   8.21E+07     0.99757      0.0001008     8.21E+07     0.0001008     9.21E+07     2.6917E+05    
   8.22E+07     0.99757      0.00010066    8.22E+07     0.00010066    9.22E+07     2.6913E+05    
   8.23E+07     0.99757      0.0001006     8.23E+07     0.0001006     9.23E+07     2.6949E+05    
   8.24E+07     0.99757      0.00010047    8.24E+07     0.00010047    9.24E+07     2.6985E+05    
   8.25E+07     0.99757      0.00010033    8.25E+07     0.00010033    9.25E+07     2.7003E+05    
   8.26E+07     0.99757      0.00010019    8.26E+07     0.00010019    9.26E+07     2.6963E+05    
   8.27E+07     0.99758      0.00010018    8.27E+07     0.00010018    9.27E+07     2.6907E+05    
   8.28E+07     0.99758      0.00010008    8.28E+07     0.00010008    9.28E+07     2.6929E+05    
   8.29E+07     0.99758      9.9946E-05    8.29E+07     9.9946E-05    9.29E+07     2.6945E+05    
   8.3E+07      0.99758      9.981E-05     8.3E+07      9.981E-05     9.3E+07      2.6978E+05    
   8.31E+07     0.99758      9.9681E-05    8.31E+07     9.9681E-05    9.31E+07     2.6917E+05    
   8.32E+07     0.99758      9.9638E-05    8.32E+07     9.9638E-05    9.32E+07     2.6944E+05    
   8.33E+07     0.99759      9.9512E-05    8.33E+07     9.9512E-05    9.33E+07     2.6965E+05    
   8.34E+07     0.99759      9.9376E-05    8.34E+07     9.9376E-05    9.34E+07     2.6933E+05    
   8.35E+07     0.99758      9.9248E-05    8.35E+07     9.9248E-05    9.35E+07     2.6951E+05    
   8.36E+07     0.99758      9.9113E-05    8.36E+07     9.9113E-05    9.36E+07     2.6969E+05    
   8.37E+07     0.99758      9.8989E-05    8.37E+07     9.8989E-05    9.37E+07     2.6987E+05    
   8.38E+07     0.99758      9.9143E-05    8.38E+07     9.9143E-05    9.38E+07     2.7021E+05    
   8.39E+07     0.99757      9.9059E-05    8.39E+07     9.9059E-05    9.39E+07     2.6899E+05    
   8.4E+07      0.99757      9.8996E-05    8.4E+07      9.8996E-05    9.4E+07      2.6934E+05    
   8.41E+07     0.99758      9.9055E-05    8.41E+07     9.9055E-05    9.41E+07     2.6964E+05    
   8.42E+07     0.99758      9.8953E-05    8.42E+07     9.8953E-05    9.42E+07     2.6911E+05    
   8.43E+07     0.99758      9.8827E-05    8.43E+07     9.8827E-05    9.43E+07     2.6946E+05    
   8.44E+07     0.99758      9.8786E-05    8.44E+07     9.8786E-05    9.44E+07     2.6981E+05    
   8.45E+07     0.99758      9.8667E-05    8.45E+07     9.8667E-05    9.45E+07     2.6938E+05    
   8.46E+07     0.99759      9.8638E-05    8.46E+07     9.8638E-05    9.46E+07     2.6972E+05    
   8.47E+07     0.99759      9.8513E-05    8.47E+07     9.8513E-05    9.47E+07     2.7007E+05    
   8.48E+07     0.99758      9.8507E-05    8.48E+07     9.8507E-05    9.48E+07     2.6918E+05    
   8.49E+07     0.99758      9.8376E-05    8.49E+07     9.8376E-05    9.49E+07     2.6927E+05    
   8.5E+07      0.99758      9.8326E-05    8.5E+07      9.8326E-05    9.5E+07      2.6916E+05    
   8.51E+07     0.99758      9.8195E-05    8.51E+07     9.8195E-05    9.51E+07     2.6948E+05    
   8.52E+07     0.99758      9.8175E-05    8.52E+07     9.8175E-05    9.52E+07     2.6974E+05    
   8.53E+07     0.99758      9.8078E-05    8.53E+07     9.8078E-05    9.53E+07     2.6999E+05    
   8.54E+07     0.99758      9.7982E-05    8.54E+07     9.7982E-05    9.54E+07     2.7034E+05    
   8.55E+07     0.99759      9.7923E-05    8.55E+07     9.7923E-05    9.55E+07     2.6993E+05    
   8.56E+07     0.99759      9.7793E-05    8.56E+07     9.7793E-05    9.56E+07     2.6975E+05    
   8.57E+07     0.99758      9.7798E-05    8.57E+07     9.7798E-05    9.57E+07     2.7001E+05    
   8.58E+07     0.99759      9.771E-05     8.58E+07     9.771E-05     9.58E+07     2.6988E+05    
   8.59E+07     0.99758      9.7586E-05    8.59E+07     9.7586E-05    9.59E+07     2.7018E+05    
   8.6E+07      0.99758      9.7506E-05    8.6E+07      9.7506E-05    9.6E+07      2.7018E+05    
   8.61E+07     0.99758      9.7417E-05    8.61E+07     9.7417E-05    9.61E+07     2.7053E+05    
   8.62E+07     0.99758      9.7294E-05    8.62E+07     9.7294E-05    9.62E+07     2.7077E+05    
   8.63E+07     0.99758      9.7255E-05    8.63E+07     9.7255E-05    9.63E+07     2.7088E+05    
   8.64E+07     0.99758      9.7129E-05    8.64E+07     9.7129E-05    9.64E+07     2.7085E+05    
   8.65E+07     0.99758      9.7033E-05    8.65E+07     9.7033E-05    9.65E+07     2.7104E+05    
   8.66E+07     0.99758      9.6906E-05    8.66E+07     9.6906E-05    9.66E+07     2.7133E+05    
   8.67E+07     0.99758      9.6799E-05    8.67E+07     9.6799E-05    9.67E+07     2.7023E+05    
   8.68E+07     0.99759      9.6955E-05    8.68E+07     9.6955E-05    9.68E+07     2.7046E+05    
   8.69E+07     0.9976       9.699E-05     8.69E+07     9.699E-05     9.69E+07     2.7076E+05    
   8.7E+07      0.99759      9.7342E-05    8.7E+07      9.7342E-05    9.7E+07      2.7092E+05    
   8.71E+07     0.99758      9.7285E-05    8.71E+07     9.7285E-05    9.71E+07     2.7081E+05    
   8.72E+07     0.99758      9.7341E-05    8.72E+07     9.7341E-05    9.72E+07     2.7114E+05    
   8.73E+07     0.99758      9.7273E-05    8.73E+07     9.7273E-05    9.73E+07     2.7147E+05    
   8.74E+07     0.99758      9.7149E-05    8.74E+07     9.7149E-05    9.74E+07     2.7122E+05    
   8.75E+07     0.99758      9.7074E-05    8.75E+07     9.7074E-05    9.75E+07     2.7109E+05    
   8.76E+07     0.99758      9.6953E-05    8.76E+07     9.6953E-05    9.76E+07     2.7142E+05    
   8.77E+07     0.99758      9.6899E-05    8.77E+07     9.6899E-05    9.77E+07     2.7161E+05    
   8.78E+07     0.99757      9.6777E-05    8.78E+07     9.6777E-05    9.78E+07     2.7185E+05    
   8.79E+07     0.99758      9.6677E-05    8.79E+07     9.6677E-05    9.79E+07     2.7176E+05    
   8.8E+07      0.99758      9.6554E-05    8.8E+07      9.6554E-05    9.8E+07      2.7204E+05    
   8.81E+07     0.99758      9.6431E-05    8.81E+07     9.6431E-05    9.81E+07     2.722E+05     
   8.82E+07     0.99758      9.6357E-05    8.82E+07     9.6357E-05    9.82E+07     2.7244E+05    
   8.83E+07     0.99758      9.625E-05     8.83E+07     9.625E-05     9.83E+07     2.7237E+05    
   8.84E+07     0.99758      9.6131E-05    8.84E+07     9.6131E-05    9.84E+07     2.7262E+05    
   8.85E+07     0.99758      9.601E-05     8.85E+07     9.601E-05     9.85E+07     2.7293E+05    
   8.86E+07     0.99758      9.6006E-05    8.86E+07     9.6006E-05    9.86E+07     2.7324E+05    
   8.87E+07     0.99758      9.5885E-05    8.87E+07     9.5885E-05    9.87E+07     2.7299E+05    
   8.88E+07     0.99759      9.5782E-05    8.88E+07     9.5782E-05    9.88E+07     2.7328E+05    
   8.89E+07     0.99759      9.5661E-05    8.89E+07     9.5661E-05    9.89E+07     2.7354E+05    
   8.9E+07      0.99759      9.5557E-05    8.9E+07      9.5557E-05    9.9E+07      2.7359E+05    
   8.91E+07     0.99758      9.5485E-05    8.91E+07     9.5485E-05    9.91E+07     2.7385E+05    
   8.92E+07     0.99759      9.5374E-05    8.92E+07     9.5374E-05    9.92E+07     2.7411E+05    
   8.93E+07     0.99759      9.5253E-05    8.93E+07     9.5253E-05    9.93E+07     2.7434E+05    
   8.94E+07     0.99758      9.5191E-05    8.94E+07     9.5191E-05    9.94E+07     2.7468E+05    
   8.95E+07     0.99758      9.5072E-05    8.95E+07     9.5072E-05    9.95E+07     2.7502E+05    
   8.96E+07     0.99758      9.4956E-05    8.96E+07     9.4956E-05    9.96E+07     2.7528E+05    
   8.97E+07     0.99758      9.4846E-05    8.97E+07     9.4846E-05    9.97E+07     2.7562E+05    
   8.98E+07     0.99758      9.4732E-05    8.98E+07     9.4732E-05    9.98E+07     2.7595E+05    
   8.99E+07     0.99758      9.4619E-05    8.99E+07     9.4619E-05    9.99E+07     2.7589E+05    
   9E+07        0.99757      9.4727E-05    9E+07        9.4727E-05    1E+08        2.76E+05      
   9.01E+07     0.99757      9.4612E-05    9.01E+07     9.4612E-05    
   9.02E+07     0.99757      9.4605E-05    9.02E+07     9.4605E-05    
   9.03E+07     0.99756      9.4656E-05    9.03E+07     9.4656E-05    
   9.04E+07     0.99756      9.4567E-05    9.04E+07     9.4567E-05    
   9.05E+07     0.99756      9.4471E-05    9.05E+07     9.4471E-05    
   9.06E+07     0.99755      9.4424E-05    9.06E+07     9.4424E-05    
   9.07E+07     0.99755      9.4335E-05    9.07E+07     9.4335E-05    
   9.08E+07     0.99756      9.4299E-05    9.08E+07     9.4299E-05    
   9.09E+07     0.99756      9.4183E-05    9.09E+07     9.4183E-05    
   9.1E+07      0.99756      9.4142E-05    9.1E+07      9.4142E-05    
   9.11E+07     0.99756      9.4026E-05    9.11E+07     9.4026E-05    
   9.12E+07     0.99756      9.3911E-05    9.12E+07     9.3911E-05    
   9.13E+07     0.99756      9.3827E-05    9.13E+07     9.3827E-05    
   9.14E+07     0.99756      9.3727E-05    9.14E+07     9.3727E-05    
   9.15E+07     0.99756      9.3617E-05    9.15E+07     9.3617E-05    
   9.16E+07     0.99755      9.3547E-05    9.16E+07     9.3547E-05    
   9.17E+07     0.99756      9.3453E-05    9.17E+07     9.3453E-05    
   9.18E+07     0.99756      9.3397E-05    9.18E+07     9.3397E-05    
   9.19E+07     0.99756      9.3296E-05    9.19E+07     9.3296E-05    
   9.2E+07      0.99756      9.3183E-05    9.2E+07      9.3183E-05    
   9.21E+07     0.99756      9.3073E-05    9.21E+07     9.3073E-05    
   9.22E+07     0.99756      9.303E-05     9.22E+07     9.303E-05     
   9.23E+07     0.99756      9.2917E-05    9.23E+07     9.2917E-05    
   9.24E+07     0.99756      9.2805E-05    9.24E+07     9.2805E-05    
   9.25E+07     0.99755      9.2723E-05    9.25E+07     9.2723E-05    
   9.26E+07     0.99756      9.2742E-05    9.26E+07     9.2742E-05    
   9.27E+07     0.99755      9.2789E-05    9.27E+07     9.2789E-05    
   9.28E+07     0.99756      9.2701E-05    9.28E+07     9.2701E-05    
   9.29E+07     0.99755      9.2623E-05    9.29E+07     9.2623E-05    
   9.3E+07      0.99755      9.2516E-05    9.3E+07      9.2516E-05    
   9.31E+07     0.99755      9.2571E-05    9.31E+07     9.2571E-05    
   9.32E+07     0.99755      9.2476E-05    9.32E+07     9.2476E-05    
   9.33E+07     0.99755      9.2391E-05    9.33E+07     9.2391E-05    
   9.34E+07     0.99756      9.2395E-05    9.34E+07     9.2395E-05    
   9.35E+07     0.99756      9.2315E-05    9.35E+07     9.2315E-05    
   9.36E+07     0.99756      9.2235E-05    9.36E+07     9.2235E-05    
   9.37E+07     0.99756      9.2155E-05    9.37E+07     9.2155E-05    
   9.38E+07     0.99756      9.2046E-05    9.38E+07     9.2046E-05    
   9.39E+07     0.99757      9.2206E-05    9.39E+07     9.2206E-05    
   9.4E+07      0.99757      9.2097E-05    9.4E+07      9.2097E-05    
   9.41E+07     0.99756      9.1998E-05    9.41E+07     9.1998E-05    
   9.42E+07     0.99757      9.2032E-05    9.42E+07     9.2032E-05    
   9.43E+07     0.99757      9.1925E-05    9.43E+07     9.1925E-05    
   9.44E+07     0.99757      9.1816E-05    9.44E+07     9.1816E-05    
   9.45E+07     0.99757      9.1841E-05    9.45E+07     9.1841E-05    
   9.46E+07     0.99756      9.1734E-05    9.46E+07     9.1734E-05    
   9.47E+07     0.99756      9.1626E-05    9.47E+07     9.1626E-05    
   9.48E+07     0.99757      9.1728E-05    9.48E+07     9.1728E-05    
   9.49E+07     0.99757      9.1666E-05    9.49E+07     9.1666E-05    
   9.5E+07      0.99757      9.1635E-05    9.5E+07      9.1635E-05    
   9.51E+07     0.99757      9.1532E-05    9.51E+07     9.1532E-05    
   9.52E+07     0.99757      9.144E-05     9.52E+07     9.144E-05     
   9.53E+07     0.99757      9.1351E-05    9.53E+07     9.1351E-05    
   9.54E+07     0.99757      9.1244E-05    9.54E+07     9.1244E-05    
   9.55E+07     0.99758      9.1263E-05    9.55E+07     9.1263E-05    
   9.56E+07     0.99757      9.1247E-05    9.56E+07     9.1247E-05    
   9.57E+07     0.99758      9.1155E-05    9.57E+07     9.1155E-05    
   9.58E+07     0.99758      9.1129E-05    9.58E+07     9.1129E-05    
   9.59E+07     0.99758      9.103E-05     9.59E+07     9.103E-05     
   9.6E+07      0.99757      9.0983E-05    9.6E+07      9.0983E-05    
   9.61E+07     0.99757      9.0877E-05    9.61E+07     9.0877E-05    
   9.62E+07     0.99757      9.0789E-05    9.62E+07     9.0789E-05    
   9.63E+07     0.99758      9.0723E-05    9.63E+07     9.0723E-05    
   9.64E+07     0.99758      9.068E-05     9.64E+07     9.068E-05     
   9.65E+07     0.99758      9.0601E-05    9.65E+07     9.0601E-05    
   9.66E+07     0.99758      9.0507E-05    9.66E+07     9.0507E-05    
   9.67E+07     0.99759      9.0644E-05    9.67E+07     9.0644E-05    
   9.68E+07     0.99758      9.0557E-05    9.68E+07     9.0557E-05    
   9.69E+07     0.99758      9.046E-05     9.69E+07     9.046E-05     
   9.7E+07      0.99758      9.0387E-05    9.7E+07      9.0387E-05    
   9.71E+07     0.99758      9.036E-05     9.71E+07     9.036E-05     
   9.72E+07     0.99758      9.0257E-05    9.72E+07     9.0257E-05    
   9.73E+07     0.99758      9.0157E-05    9.73E+07     9.0157E-05    
   9.74E+07     0.99758      9.0152E-05    9.74E+07     9.0152E-05    
   9.75E+07     0.99758      9.0127E-05    9.75E+07     9.0127E-05    
   9.76E+07     0.99758      9.0025E-05    9.76E+07     9.0025E-05    
   9.77E+07     0.99758      8.9948E-05    9.77E+07     8.9948E-05    
   9.78E+07     0.99758      8.9863E-05    9.78E+07     8.9863E-05    
   9.79E+07     0.99757      8.9831E-05    9.79E+07     8.9831E-05    
   9.8E+07      0.99757      8.974E-05     9.8E+07      8.974E-05     
   9.81E+07     0.99757      8.9666E-05    9.81E+07     8.9666E-05    
   9.82E+07     0.99757      8.9581E-05    9.82E+07     8.9581E-05    
   9.83E+07     0.99757      8.9547E-05    9.83E+07     8.9547E-05    
   9.84E+07     0.99758      8.9462E-05    9.84E+07     8.9462E-05    
   9.85E+07     0.99758      8.9363E-05    9.85E+07     8.9363E-05    
   9.86E+07     0.99758      8.9266E-05    9.86E+07     8.9266E-05    
   9.87E+07     0.99758      8.9263E-05    9.87E+07     8.9263E-05    
   9.88E+07     0.99758      8.917E-05     9.88E+07     8.917E-05     
   9.89E+07     0.99758      8.908E-05     9.89E+07     8.908E-05     
   9.9E+07      0.99759      8.9027E-05    9.9E+07      8.9027E-05    
   9.91E+07     0.99759      8.8939E-05    9.91E+07     8.8939E-05    
   9.92E+07     0.99759      8.8852E-05    9.92E+07     8.8852E-05    
   9.93E+07     0.99759      8.877E-05     9.93E+07     8.877E-05     
   9.94E+07     0.99759      8.8671E-05    9.94E+07     8.8671E-05    
   9.95E+07     0.99759      8.8572E-05    9.95E+07     8.8572E-05    
   9.96E+07     0.99758      8.8485E-05    9.96E+07     8.8485E-05    
   9.97E+07     0.99758      8.8386E-05    9.97E+07     8.8386E-05    
   9.98E+07     0.99758      8.8288E-05    9.98E+07     8.8288E-05    
   9.99E+07     0.99759      8.8253E-05    9.99E+07     8.8253E-05    
   1E+08        0.99758      8.8192E-05    1E+08        8.8192E-05    
