# This file is written with the intent of being used to plot the data with 
# Gnuplot.  It contains no information regarding how the plot should be 
# formatted.
# =========================================================================
# Research/ArnoldivsPower -f Power1-w50-68.dat -t 100000 -A -c 100 -C 900 -w 50 -b 75 -r  seed = 1098292349
# filename = Power1-w50-68.dat, run = true, power = true, Arnoldi = false, storevectors = 0, raw = false, evectors = 2, evalues = 2, residual = false, arnoldimethod = implicit, tol = 2.22045e-16, verbose = 1, seed = 0, width = 50, bins = 75, acycles = 900, incycles = 100, active = 20, inactive = 0, Iterations = 10, numValues = 2, relaxed = 0, tracks = 100000, ignore_rest = false, version = false, help = false, 

#  1            2            3             4            5             6            7             8            9            
# |-            Power values           -| |-   Power eValues SD   -| |-       FOM-Power      -| |-     Power vector     -| 
#  x-coord      y-coord      error         x-coord      y-coord       x-coord      y-coord       x-coord      y-coord       
   1E+05        0.98356      0             1E+05        0             1.01E+07     0             0.33333      0.0099709     
   2E+05        0.98687      0             2E+05        0             1.02E+07     6.0856E+06    1            0.016859      
   3E+05        0.99249      0             3E+05        0             1.03E+07     1.4321E+05    1.6667       0.023528      
   4E+05        0.98865      0             4E+05        0             1.04E+07     12192         2.3333       0.0301        
   5E+05        0.98963      0             5E+05        0             1.05E+07     17300         3            0.036678      
   6E+05        0.99421      0             6E+05        0             1.06E+07     24389         3.6667       0.043471      
   7E+05        0.9893       0             7E+05        0             1.07E+07     32608         4.3333       0.049655      
   8E+05        0.99386      0             8E+05        0             1.08E+07     34466         5            0.056092      
   9E+05        0.99835      0             9E+05        0             1.09E+07     42198         5.6667       0.062241      
   1E+06        0.99219      0             1E+06        0             1.1E+07      47870         6.3333       0.06823       
   1.1E+06      0.99475      0             1.1E+06      0             1.11E+07     55191         7            0.074366      
   1.2E+06      0.98704      0             1.2E+06      0             1.12E+07     48845         7.6667       0.080152      
   1.3E+06      0.99538      0             1.3E+06      0             1.13E+07     45918         8.3333       0.085777      
   1.4E+06      1.0007       0             1.4E+06      0             1.14E+07     51313         9            0.091414      
   1.5E+06      0.99393      0             1.5E+06      0             1.15E+07     57763         9.6667       0.096466      
   1.6E+06      0.99498      0             1.6E+06      0             1.16E+07     64946         10.333       0.10116       
   1.7E+06      0.99322      0             1.7E+06      0             1.17E+07     54735         11           0.10648       
   1.8E+06      0.99118      0             1.8E+06      0             1.18E+07     47694         11.667       0.11108       
   1.9E+06      0.99811      0             1.9E+06      0             1.19E+07     52591         12.333       0.11578       
   2E+06        0.99742      0             2E+06        0             1.2E+07      57541         13           0.12032       
   2.1E+06      0.99469      0             2.1E+06      0             1.21E+07     62302         13.667       0.12462       
   2.2E+06      0.99119      0             2.2E+06      0             1.22E+07     66209         14.333       0.12888       
   2.3E+06      0.99537      0             2.3E+06      0             1.23E+07     71704         15           0.13207       
   2.4E+06      0.9955       0             2.4E+06      0             1.24E+07     72602         15.667       0.13581       
   2.5E+06      0.99156      0             2.5E+06      0             1.25E+07     78093         16.333       0.139         
   2.6E+06      0.9952       0             2.6E+06      0             1.26E+07     79257         17           0.14175       
   2.7E+06      0.99247      0             2.7E+06      0             1.27E+07     82441         17.667       0.14508       
   2.8E+06      0.99588      0             2.8E+06      0             1.28E+07     85839         18.333       0.1472        
   2.9E+06      0.99927      0             2.9E+06      0             1.29E+07     86758         19           0.14949       
   3E+06        1.0007       0             3E+06        0             1.3E+07      88641         19.667       0.15199       
   3.1E+06      0.99417      0             3.1E+06      0             1.31E+07     84543         20.333       0.15331       
   3.2E+06      0.9954       0             3.2E+06      0             1.32E+07     89385         21           0.15513       
   3.3E+06      0.99707      0             3.3E+06      0             1.33E+07     78990         21.667       0.15693       
   3.4E+06      0.99793      0             3.4E+06      0             1.34E+07     83179         22.333       0.15791       
   3.5E+06      0.99398      0             3.5E+06      0             1.35E+07     78681         23           0.15888       
   3.6E+06      0.99205      0             3.6E+06      0             1.36E+07     82495         23.667       0.15897       
   3.7E+06      0.99452      0             3.7E+06      0             1.37E+07     86337         24.333       0.15913       
   3.8E+06      0.99691      0             3.8E+06      0             1.38E+07     87475         25           0.15949       
   3.9E+06      0.99702      0             3.9E+06      0             1.39E+07     87553         25.667       0.15878       
   4E+06        0.9944       0             4E+06        0             1.4E+07      90430         26.333       0.15912       
   4.1E+06      0.99361      0             4.1E+06      0             1.41E+07     88990         27           0.15847       
   4.2E+06      0.99809      0             4.2E+06      0             1.42E+07     91508         27.667       0.15798       
   4.3E+06      0.99896      0             4.3E+06      0             1.43E+07     94774         28.333       0.15676       
   4.4E+06      0.99459      0             4.4E+06      0             1.44E+07     96837         29           0.15581       
   4.5E+06      0.99515      0             4.5E+06      0             1.45E+07     1.0037E+05    29.667       0.15351       
   4.6E+06      0.99561      0             4.6E+06      0             1.46E+07     1.0348E+05    30.333       0.15143       
   4.7E+06      0.99729      0             4.7E+06      0             1.47E+07     94296         31           0.149         
   4.8E+06      0.99658      0             4.8E+06      0             1.48E+07     97368         31.667       0.14669       
   4.9E+06      0.9923       0             4.9E+06      0             1.49E+07     1.0001E+05    32.333       0.14392       
   5E+06        0.9949       0             5E+06        0             1.5E+07      1.0147E+05    33           0.14128       
   5.1E+06      0.99194      0             5.1E+06      0             1.51E+07     1.0248E+05    33.667       0.13821       
   5.2E+06      0.99773      0             5.2E+06      0             1.52E+07     98380         34.333       0.1349        
   5.3E+06      0.99497      0             5.3E+06      0             1.53E+07     98923         35           0.1312        
   5.4E+06      0.99459      0             5.4E+06      0             1.54E+07     1.0193E+05    35.667       0.12778       
   5.5E+06      0.99545      0             5.5E+06      0             1.55E+07     1.0069E+05    36.333       0.12418       
   5.6E+06      1.0002       0             5.6E+06      0             1.56E+07     1.0353E+05    37           0.12024       
   5.7E+06      0.99884      0             5.7E+06      0             1.57E+07     1.0253E+05    37.667       0.11578       
   5.8E+06      0.99747      0             5.8E+06      0             1.58E+07     1.0538E+05    38.333       0.11155       
   5.9E+06      1.0028       0             5.9E+06      0             1.59E+07     1.0587E+05    39           0.1063        
   6E+06        1.0009       0             6E+06        0             1.6E+07      1.0837E+05    39.667       0.10141       
   6.1E+06      0.99581      0             6.1E+06      0             1.61E+07     1.1129E+05    40.333       0.096393      
   6.2E+06      0.99899      0             6.2E+06      0             1.62E+07     1.1414E+05    41           0.091091      
   6.3E+06      0.99403      0             6.3E+06      0             1.63E+07     1.1608E+05    41.667       0.08601       
   6.4E+06      0.99828      0             6.4E+06      0             1.64E+07     1.1852E+05    42.333       0.080458      
   6.5E+06      0.99983      0             6.5E+06      0             1.65E+07     1.1855E+05    43           0.074577      
   6.6E+06      0.9973       0             6.6E+06      0             1.66E+07     1.2004E+05    43.667       0.06879       
   6.7E+06      0.99679      0             6.7E+06      0             1.67E+07     1.1743E+05    44.333       0.063135      
   6.8E+06      0.99304      0             6.8E+06      0             1.68E+07     1.1967E+05    45           0.057067      
   6.9E+06      0.99886      0             6.9E+06      0             1.69E+07     1.2137E+05    45.667       0.050461      
   7E+06        0.99589      0             7E+06        0             1.7E+07      1.2407E+05    46.333       0.044394      
   7.1E+06      0.99479      0             7.1E+06      0             1.71E+07     1.2477E+05    47           0.037806      
   7.2E+06      0.99351      0             7.2E+06      0             1.72E+07     1.213E+05     47.667       0.030965      
   7.3E+06      0.99353      0             7.3E+06      0             1.73E+07     1.2211E+05    48.333       0.024214      
   7.4E+06      0.99432      0             7.4E+06      0             1.74E+07     1.2442E+05    49           0.01739       
   7.5E+06      1.0001       0             7.5E+06      0             1.75E+07     1.2617E+05    49.667       0.01009       
   7.6E+06      0.99902      0             7.6E+06      0             1.76E+07     1.2411E+05    
   7.7E+06      0.99632      0             7.7E+06      0             1.77E+07     1.2453E+05    
   7.8E+06      0.9944       0             7.8E+06      0             1.78E+07     1.2572E+05    
   7.9E+06      1.0007       0             7.9E+06      0             1.79E+07     1.2789E+05    
   8E+06        0.99708      0             8E+06        0             1.8E+07      1.2832E+05    
   8.1E+06      1.0006       0             8.1E+06      0             1.81E+07     1.3009E+05    
   8.2E+06      0.99733      0             8.2E+06      0             1.82E+07     1.3158E+05    
   8.3E+06      0.99367      0             8.3E+06      0             1.83E+07     1.3123E+05    
   8.4E+06      0.99373      0             8.4E+06      0             1.84E+07     1.3103E+05    
   8.5E+06      0.99381      0             8.5E+06      0             1.85E+07     1.3337E+05    
   8.6E+06      0.99962      0             8.6E+06      0             1.86E+07     1.356E+05     
   8.7E+06      1.002        0             8.7E+06      0             1.87E+07     1.3741E+05    
   8.8E+06      1.0003       0             8.8E+06      0             1.88E+07     1.3512E+05    
   8.9E+06      0.99994      0             8.9E+06      0             1.89E+07     1.3745E+05    
   9E+06        0.99758      0             9E+06        0             1.9E+07      1.3975E+05    
   9.1E+06      0.99308      0             9.1E+06      0             1.91E+07     1.418E+05     
   9.2E+06      0.99119      0             9.2E+06      0             1.92E+07     1.4077E+05    
   9.3E+06      0.99292      0             9.3E+06      0             1.93E+07     1.4307E+05    
   9.4E+06      0.99872      0             9.4E+06      0             1.94E+07     1.4466E+05    
   9.5E+06      1.0021       0             9.5E+06      0             1.95E+07     1.4604E+05    
   9.6E+06      0.99668      0             9.6E+06      0             1.96E+07     1.3997E+05    
   9.7E+06      0.99854      0             9.7E+06      0             1.97E+07     1.3879E+05    
   9.8E+06      0.99816      0             9.8E+06      0             1.98E+07     1.3825E+05    
   9.9E+06      0.99861      0             9.9E+06      0             1.99E+07     1.3969E+05    
   1E+07        0.99467      0             1E+07        0             2E+07        1.4172E+05    
   1.01E+07     0.99634      NAN           1.01E+07     NAN           2.01E+07     1.4384E+05    
   1.02E+07     0.99626      5.9884E-05    1.02E+07     5.9884E-05    2.02E+07     1.452E+05     
   1.03E+07     0.99578      0.00038841    1.03E+07     0.00038841    2.03E+07     1.4566E+05    
   1.04E+07     0.99728      0.0013245     1.04E+07     0.0013245     2.04E+07     1.4774E+05    
   1.05E+07     0.99763      0.0011065     1.05E+07     0.0011065     2.05E+07     1.4928E+05    
   1.06E+07     0.99774      0.00092743    1.06E+07     0.00092743    2.06E+07     1.5139E+05    
   1.07E+07     0.99766      0.00079828    1.07E+07     0.00079828    2.07E+07     1.5333E+05    
   1.08E+07     0.99731      0.00077273    1.08E+07     0.00077273    2.08E+07     1.5542E+05    
   1.09E+07     0.99742      0.00069511    1.09E+07     0.00069511    2.09E+07     1.5599E+05    
   1.1E+07      0.99761      0.0006496     1.1E+07      0.0006496     2.1E+07      1.581E+05     
   1.11E+07     0.99773      0.0006022     1.11E+07     0.0006022     2.11E+07     1.5851E+05    
   1.12E+07     0.9974       0.00063716    1.12E+07     0.00063716    2.12E+07     1.5918E+05    
   1.13E+07     0.9971       0.00065416    1.13E+07     0.00065416    2.13E+07     1.6096E+05    
   1.14E+07     0.99721      0.00061603    1.14E+07     0.00061603    2.14E+07     1.6275E+05    
   1.15E+07     0.99727      0.00057804    1.15E+07     0.00057804    2.15E+07     1.6471E+05    
   1.16E+07     0.9973       0.00054273    1.16E+07     0.00054273    2.16E+07     1.6663E+05    
   1.17E+07     0.9976       0.00058854    1.17E+07     0.00058854    2.17E+07     1.6481E+05    
   1.18E+07     0.9973       0.00062775    1.18E+07     0.00062775    2.18E+07     1.6673E+05    
   1.19E+07     0.99728      0.00059524    1.19E+07     0.00059524    2.19E+07     1.6876E+05    
   1.2E+07      0.99731      0.00056664    1.2E+07      0.00056664    2.2E+07      1.6679E+05    
   1.21E+07     0.99737      0.00054218    1.21E+07     0.00054218    2.21E+07     1.6568E+05    
   1.22E+07     0.99745      0.00052373    1.22E+07     0.00052373    2.22E+07     1.6245E+05    
   1.23E+07     0.99746      0.00050117    1.23E+07     0.00050117    2.23E+07     1.6251E+05    
   1.24E+07     0.99759      0.00049601    1.24E+07     0.00049601    2.24E+07     1.6415E+05    
   1.25E+07     0.9976       0.00047624    1.25E+07     0.00047624    2.25E+07     1.6605E+05    
   1.26E+07     0.99749      0.00047082    1.26E+07     0.00047082    2.26E+07     1.6247E+05    
   1.27E+07     0.99756      0.00045979    1.27E+07     0.00045979    2.27E+07     1.6014E+05    
   1.28E+07     0.99763      0.0004488     1.28E+07     0.0004488     2.28E+07     1.6168E+05    
   1.29E+07     0.99753      0.00044465    1.29E+07     0.00044465    2.29E+07     1.6119E+05    
   1.3E+07      0.99745      0.00043815    1.3E+07      0.00043815    2.3E+07      1.6295E+05    
   1.31E+07     0.99759      0.00044689    1.31E+07     0.00044689    2.31E+07     1.6153E+05    
   1.32E+07     0.99759      0.00043294    1.32E+07     0.00043294    2.32E+07     1.6314E+05    
   1.33E+07     0.99778      0.00045877    1.33E+07     0.00045877    2.33E+07     1.6459E+05    
   1.34E+07     0.99778      0.00044528    1.34E+07     0.00044528    2.34E+07     1.6621E+05    
   1.35E+07     0.99793      0.0004561     1.35E+07     0.0004561     2.35E+07     1.6432E+05    
   1.36E+07     0.99795      0.00044378    1.36E+07     0.00044378    2.36E+07     1.6375E+05    
   1.37E+07     0.99793      0.00043219    1.37E+07     0.00043219    2.37E+07     1.652E+05     
   1.38E+07     0.99785      0.00042765    1.38E+07     0.00042765    2.38E+07     1.6664E+05    
   1.39E+07     0.99794      0.0004259     1.39E+07     0.0004259     2.39E+07     1.6835E+05    
   1.4E+07      0.9979       0.00041756    1.4E+07      0.00041756    2.4E+07      1.6937E+05    
   1.41E+07     0.9978       0.00041941    1.41E+07     0.00041941    2.41E+07     1.6949E+05    
   1.42E+07     0.99775      0.00041213    1.42E+07     0.00041213    2.42E+07     1.7074E+05    
   1.43E+07     0.99772      0.00040348    1.43E+07     0.00040348    2.43E+07     1.7193E+05    
   1.44E+07     0.99767      0.00039776    1.44E+07     0.00039776    2.44E+07     1.7362E+05    
   1.45E+07     0.99769      0.00038934    1.45E+07     0.00038934    2.45E+07     1.7492E+05    
   1.46E+07     0.99765      0.00038211    1.46E+07     0.00038211    2.46E+07     1.7645E+05    
   1.47E+07     0.99779      0.00039886    1.47E+07     0.00039886    2.47E+07     1.7671E+05    
   1.48E+07     0.99777      0.00039118    1.48E+07     0.00039118    2.48E+07     1.7833E+05    
   1.49E+07     0.99781      0.00038466    1.49E+07     0.00038466    2.49E+07     1.7983E+05    
   1.5E+07      0.99775      0.0003806     1.5E+07      0.0003806     2.5E+07      1.8053E+05    
   1.51E+07     0.99781      0.00037744    1.51E+07     0.00037744    2.51E+07     1.8186E+05    
   1.52E+07     0.99771      0.00038394    1.52E+07     0.00038394    2.52E+07     1.8303E+05    
   1.53E+07     0.99777      0.00038162    1.53E+07     0.00038162    2.53E+07     1.8466E+05    
   1.54E+07     0.99776      0.0003747     1.54E+07     0.0003747     2.54E+07     1.8619E+05    
   1.55E+07     0.99768      0.00037575    1.55E+07     0.00037575    2.55E+07     1.8764E+05    
   1.56E+07     0.99767      0.00036931    1.56E+07     0.00036931    2.56E+07     1.7732E+05    
   1.57E+07     0.99774      0.00036991    1.57E+07     0.00036991    2.57E+07     1.7842E+05    
   1.58E+07     0.99775      0.00036369    1.58E+07     0.00036369    2.58E+07     1.7928E+05    
   1.59E+07     0.99781      0.00036169    1.59E+07     0.00036169    2.59E+07     1.7768E+05    
   1.6E+07      0.99783      0.00035632    1.6E+07      0.00035632    2.6E+07      1.7728E+05    
   1.61E+07     0.99782      0.00035049    1.61E+07     0.00035049    2.61E+07     1.7872E+05    
   1.62E+07     0.99781      0.00034501    1.62E+07     0.00034501    2.62E+07     1.8005E+05    
   1.63E+07     0.99785      0.00034103    1.63E+07     0.00034103    2.63E+07     1.8126E+05    
   1.64E+07     0.99787      0.00033642    1.64E+07     0.00033642    2.64E+07     1.7976E+05    
   1.65E+07     0.99792      0.00033534    1.65E+07     0.00033534    2.65E+07     1.8089E+05    
   1.66E+07     0.99796      0.00033223    1.66E+07     0.00033223    2.66E+07     1.823E+05     
   1.67E+07     0.99803      0.00033488    1.67E+07     0.00033488    2.67E+07     1.8353E+05    
   1.68E+07     0.99801      0.00033072    1.68E+07     0.00033072    2.68E+07     1.8374E+05    
   1.69E+07     0.99797      0.00032738    1.69E+07     0.00032738    2.69E+07     1.8397E+05    
   1.7E+07      0.99797      0.00032283    1.7E+07      0.00032283    2.7E+07      1.8021E+05    
   1.71E+07     0.99792      0.00032097    1.71E+07     0.00032097    2.71E+07     1.8153E+05    
   1.72E+07     0.99785      0.00032456    1.72E+07     0.00032456    2.72E+07     1.8265E+05    
   1.73E+07     0.99781      0.0003225     1.73E+07     0.0003225     2.73E+07     1.8268E+05    
   1.74E+07     0.99783      0.00031856    1.74E+07     0.00031856    2.74E+07     1.8173E+05    
   1.75E+07     0.9978       0.00031542    1.75E+07     0.00031542    2.75E+07     1.8205E+05    
   1.76E+07     0.99786      0.0003171     1.76E+07     0.0003171     2.76E+07     1.8268E+05    
   1.77E+07     0.99782      0.00031563    1.77E+07     0.00031563    2.77E+07     1.8387E+05    
   1.78E+07     0.99785      0.00031323    1.78E+07     0.00031323    2.78E+07     1.8339E+05    
   1.79E+07     0.99784      0.00030969    1.79E+07     0.00030969    2.79E+07     1.8474E+05    
   1.8E+07      0.99788      0.00030829    1.8E+07      0.00030829    2.8E+07      1.8533E+05    
   1.81E+07     0.99786      0.00030521    1.81E+07     0.00030521    2.81E+07     1.8672E+05    
   1.82E+07     0.99788      0.00030264    1.82E+07     0.00030264    2.82E+07     1.881E+05     
   1.83E+07     0.99784      0.00030219    1.83E+07     0.00030219    2.83E+07     1.893E+05     
   1.84E+07     0.9978       0.00030159    1.84E+07     0.00030159    2.84E+07     1.9039E+05    
   1.85E+07     0.9978       0.00029811    1.85E+07     0.00029811    2.85E+07     1.9103E+05    
   1.86E+07     0.99779      0.00029481    1.86E+07     0.00029481    2.86E+07     1.9195E+05    
   1.87E+07     0.99781      0.00029207    1.87E+07     0.00029207    2.87E+07     1.9283E+05    
   1.88E+07     0.99776      0.00029374    1.88E+07     0.00029374    2.88E+07     1.9417E+05    
   1.89E+07     0.99775      0.00029045    1.89E+07     0.00029045    2.89E+07     1.9463E+05    
   1.9E+07      0.99775      0.00028726    1.9E+07      0.00028726    2.9E+07      1.9585E+05    
   1.91E+07     0.99774      0.00028441    1.91E+07     0.00028441    2.91E+07     1.9709E+05    
   1.92E+07     0.99769      0.0002847     1.92E+07     0.0002847     2.92E+07     1.9776E+05    
   1.93E+07     0.99769      0.00028166    1.93E+07     0.00028166    2.93E+07     1.9878E+05    
   1.94E+07     0.99767      0.00027935    1.94E+07     0.00027935    2.94E+07     1.9985E+05    
   1.95E+07     0.99769      0.0002773     1.95E+07     0.0002773     2.95E+07     2.0043E+05    
   1.96E+07     0.99762      0.00028252    1.96E+07     0.00028252    2.96E+07     2.0129E+05    
   1.97E+07     0.99758      0.00028299    1.97E+07     0.00028299    2.97E+07     2.0254E+05    
   1.98E+07     0.99762      0.0002828     1.98E+07     0.0002828     2.98E+07     2.0391E+05    
   1.99E+07     0.9976       0.00028061    1.99E+07     0.00028061    2.99E+07     2.0523E+05    
   2E+07        0.99759      0.00027789    2E+07        0.00027789    3E+07        2.0632E+05    
   2.01E+07     0.99759      0.00027514    2.01E+07     0.00027514    3.01E+07     2.0649E+05    
   2.02E+07     0.99761      0.00027316    2.02E+07     0.00027316    3.02E+07     2.0754E+05    
   2.03E+07     0.99758      0.00027202    2.03E+07     0.00027202    3.03E+07     2.0843E+05    
   2.04E+07     0.99759      0.00026943    2.04E+07     0.00026943    3.04E+07     2.0697E+05    
   2.05E+07     0.99757      0.00026737    2.05E+07     0.00026737    3.05E+07     2.0831E+05    
   2.06E+07     0.99757      0.00026485    2.06E+07     0.00026485    3.06E+07     2.0874E+05    
   2.07E+07     0.99756      0.00026251    2.07E+07     0.00026251    3.07E+07     2.1001E+05    
   2.08E+07     0.99756      0.00026011    2.08E+07     0.00026011    3.08E+07     2.1105E+05    
   2.09E+07     0.99753      0.000259      2.09E+07     0.000259      3.09E+07     2.1222E+05    
   2.1E+07      0.99753      0.00025665    2.1E+07      0.00025665    3.1E+07      2.1181E+05    
   2.11E+07     0.99756      0.00025568    2.11E+07     0.00025568    3.11E+07     2.1258E+05    
   2.12E+07     0.99753      0.00025453    2.12E+07     0.00025453    3.12E+07     2.0891E+05    
   2.13E+07     0.99755      0.00025252    2.13E+07     0.00025252    3.13E+07     2.0963E+05    
   2.14E+07     0.99753      0.00025053    2.14E+07     0.00025053    3.14E+07     2.1088E+05    
   2.15E+07     0.99753      0.00024845    2.15E+07     0.00024845    3.15E+07     2.1186E+05    
   2.16E+07     0.99752      0.00024643    2.16E+07     0.00024643    3.16E+07     2.1315E+05    
   2.17E+07     0.99756      0.0002472     2.17E+07     0.0002472     3.17E+07     2.123E+05     
   2.18E+07     0.99756      0.00024521    2.18E+07     0.00024521    3.18E+07     2.1327E+05    
   2.19E+07     0.99757      0.00024317    2.19E+07     0.00024317    3.19E+07     2.1248E+05    
   2.2E+07      0.99753      0.00024402    2.2E+07      0.00024402    3.2E+07      2.1302E+05    
   2.21E+07     0.9975       0.00024427    2.21E+07     0.00024427    3.21E+07     2.1422E+05    
   2.22E+07     0.99754      0.00024612    2.22E+07     0.00024612    3.22E+07     2.1548E+05    
   2.23E+07     0.99751      0.00024552    2.23E+07     0.00024552    3.23E+07     2.155E+05     
   2.24E+07     0.99752      0.00024372    2.24E+07     0.00024372    3.24E+07     2.1544E+05    
   2.25E+07     0.99752      0.00024177    2.25E+07     0.00024177    3.25E+07     2.1669E+05    
   2.26E+07     0.99748      0.00024388    2.26E+07     0.00024388    3.26E+07     2.1484E+05    
   2.27E+07     0.99744      0.0002451     2.27E+07     0.0002451     3.27E+07     2.1557E+05    
   2.28E+07     0.99743      0.00024339    2.28E+07     0.00024339    3.28E+07     2.1354E+05    
   2.29E+07     0.99746      0.00024317    2.29E+07     0.00024317    3.29E+07     2.1215E+05    
   2.3E+07      0.99746      0.00024132    2.3E+07      0.00024132    3.3E+07      2.1051E+05    
   2.31E+07     0.99743      0.00024185    2.31E+07     0.00024185    3.31E+07     2.1151E+05    
   2.32E+07     0.99742      0.00024013    2.32E+07     0.00024013    3.32E+07     2.1016E+05    
   2.33E+07     0.99743      0.00023854    2.33E+07     0.00023854    3.33E+07     2.1079E+05    
   2.34E+07     0.99744      0.00023686    2.34E+07     0.00023686    3.34E+07     2.1188E+05    
   2.35E+07     0.9974       0.0002377     2.35E+07     0.0002377     3.35E+07     2.13E+05      
   2.36E+07     0.99743      0.0002376     2.36E+07     0.0002376     3.36E+07     2.1408E+05    
   2.37E+07     0.99742      0.00023603    2.37E+07     0.00023603    3.37E+07     2.1515E+05    
   2.38E+07     0.99743      0.00023451    2.38E+07     0.00023451    3.38E+07     2.1611E+05    
   2.39E+07     0.99743      0.00023283    2.39E+07     0.00023283    3.39E+07     2.1608E+05    
   2.4E+07      0.99744      0.00023164    2.4E+07      0.00023164    3.4E+07      2.1723E+05    
   2.41E+07     0.99747      0.00023105    2.41E+07     0.00023105    3.41E+07     2.1605E+05    
   2.42E+07     0.99748      0.00022973    2.42E+07     0.00022973    3.42E+07     2.1716E+05    
   2.43E+07     0.99749      0.00022845    2.43E+07     0.00022845    3.43E+07     2.1693E+05    
   2.44E+07     0.99749      0.00022686    2.44E+07     0.00022686    3.44E+07     2.1805E+05    
   2.45E+07     0.99748      0.00022556    2.45E+07     0.00022556    3.45E+07     2.186E+05     
   2.46E+07     0.99749      0.0002241     2.46E+07     0.0002241     3.46E+07     2.1788E+05    
   2.47E+07     0.99747      0.00022348    2.47E+07     0.00022348    3.47E+07     2.1897E+05    
   2.48E+07     0.99746      0.000222      2.48E+07     0.000222      3.48E+07     2.1964E+05    
   2.49E+07     0.99747      0.00022063    2.49E+07     0.00022063    3.49E+07     2.1968E+05    
   2.5E+07      0.99749      0.00021974    2.5E+07      0.00021974    3.5E+07      2.2081E+05    
   2.51E+07     0.99748      0.00021849    2.51E+07     0.00021849    3.51E+07     2.2189E+05    
   2.52E+07     0.99749      0.00021736    2.52E+07     0.00021736    3.52E+07     2.2244E+05    
   2.53E+07     0.99749      0.00021597    2.53E+07     0.00021597    3.53E+07     2.2349E+05    
   2.54E+07     0.9975       0.00021464    2.54E+07     0.00021464    3.54E+07     2.2269E+05    
   2.55E+07     0.99749      0.00021338    2.55E+07     0.00021338    3.55E+07     2.2285E+05    
   2.56E+07     0.99743      0.00021907    2.56E+07     0.00021907    3.56E+07     2.2397E+05    
   2.57E+07     0.99744      0.00021796    2.57E+07     0.00021796    3.57E+07     2.2374E+05    
   2.58E+07     0.99746      0.00021701    2.58E+07     0.00021701    3.58E+07     2.2444E+05    
   2.59E+07     0.99743      0.00021756    2.59E+07     0.00021756    3.59E+07     2.251E+05     
   2.6E+07      0.99745      0.00021738    2.6E+07      0.00021738    3.6E+07      2.2603E+05    
   2.61E+07     0.99746      0.00021608    2.61E+07     0.00021608    3.61E+07     2.265E+05     
   2.62E+07     0.99745      0.00021487    2.62E+07     0.00021487    3.62E+07     2.2759E+05    
   2.63E+07     0.99744      0.00021372    2.63E+07     0.00021372    3.63E+07     2.2815E+05    
   2.64E+07     0.99741      0.00021421    2.64E+07     0.00021421    3.64E+07     2.2917E+05    
   2.65E+07     0.9974       0.00021313    2.65E+07     0.00021313    3.65E+07     2.2902E+05    
   2.66E+07     0.9974       0.0002119     2.66E+07     0.0002119     3.66E+07     2.2968E+05    
   2.67E+07     0.99741      0.00021078    2.67E+07     0.00021078    3.67E+07     2.3056E+05    
   2.68E+07     0.99742      0.00021026    2.68E+07     0.00021026    3.68E+07     2.2671E+05    
   2.69E+07     0.99744      0.00020974    2.69E+07     0.00020974    3.69E+07     2.2631E+05    
   2.7E+07      0.99741      0.00021152    2.7E+07      0.00021152    3.7E+07      2.2736E+05    
   2.71E+07     0.99741      0.00021032    2.71E+07     0.00021032    3.71E+07     2.2776E+05    
   2.72E+07     0.9974       0.00020928    2.72E+07     0.00020928    3.72E+07     2.2838E+05    
   2.73E+07     0.99742      0.00020887    2.73E+07     0.00020887    3.73E+07     2.2928E+05    
   2.74E+07     0.99744      0.00020904    2.74E+07     0.00020904    3.74E+07     2.2631E+05    
   2.75E+07     0.99746      0.00020847    2.75E+07     0.00020847    3.75E+07     2.2721E+05    
   2.76E+07     0.99745      0.00020772    2.76E+07     0.00020772    3.76E+07     2.2804E+05    
   2.77E+07     0.99744      0.00020667    2.77E+07     0.00020667    3.77E+07     2.2648E+05    
   2.78E+07     0.99746      0.00020657    2.78E+07     0.00020657    3.78E+07     2.225E+05     
   2.79E+07     0.99746      0.00020544    2.79E+07     0.00020544    3.79E+07     2.2224E+05    
   2.8E+07      0.99748      0.00020473    2.8E+07      0.00020473    3.8E+07      2.2216E+05    
   2.81E+07     0.99748      0.0002036     2.81E+07     0.0002036     3.81E+07     2.2291E+05    
   2.82E+07     0.99748      0.00020249    2.82E+07     0.00020249    3.82E+07     2.2268E+05    
   2.83E+07     0.99748      0.00020148    2.83E+07     0.00020148    3.83E+07     2.2071E+05    
   2.84E+07     0.99748      0.00020054    2.84E+07     0.00020054    3.84E+07     2.2124E+05    
   2.85E+07     0.99746      0.00019985    2.85E+07     0.00019985    3.85E+07     2.2203E+05    
   2.86E+07     0.99745      0.00019902    2.86E+07     0.00019902    3.86E+07     2.1915E+05    
   2.87E+07     0.99744      0.00019821    2.87E+07     0.00019821    3.87E+07     2.1962E+05    
   2.88E+07     0.99745      0.00019717    2.88E+07     0.00019717    3.88E+07     2.199E+05     
   2.89E+07     0.99743      0.0001966     2.89E+07     0.0001966     3.89E+07     2.2078E+05    
   2.9E+07      0.99743      0.00019565    2.9E+07      0.00019565    3.9E+07      2.2096E+05    
   2.91E+07     0.99742      0.00019469    2.91E+07     0.00019469    3.91E+07     2.2148E+05    
   2.92E+07     0.99741      0.00019402    2.92E+07     0.00019402    3.92E+07     2.2237E+05    
   2.93E+07     0.99742      0.00019319    2.93E+07     0.00019319    3.93E+07     2.23E+05      
   2.94E+07     0.99742      0.00019234    2.94E+07     0.00019234    3.94E+07     2.2376E+05    
   2.95E+07     0.99741      0.00019173    2.95E+07     0.00019173    3.95E+07     2.2444E+05    
   2.96E+07     0.99742      0.00019099    2.96E+07     0.00019099    3.96E+07     2.2505E+05    
   2.97E+07     0.99742      0.00019007    2.97E+07     0.00019007    3.97E+07     2.2545E+05    
   2.98E+07     0.99742      0.00018911    2.98E+07     0.00018911    3.98E+07     2.2639E+05    
   2.99E+07     0.99742      0.00018818    2.99E+07     0.00018818    3.99E+07     2.2295E+05    
   3E+07        0.99742      0.00018737    3E+07        0.00018737    4E+07        2.2385E+05    
   3.01E+07     0.99744      0.00018697    3.01E+07     0.00018697    4.01E+07     2.2401E+05    
   3.02E+07     0.99744      0.00018618    3.02E+07     0.00018618    4.02E+07     2.2393E+05    
   3.03E+07     0.99744      0.00018548    3.03E+07     0.00018548    4.03E+07     2.2393E+05    
   3.04E+07     0.99741      0.00018582    3.04E+07     0.00018582    4.04E+07     2.2481E+05    
   3.05E+07     0.99742      0.00018492    3.05E+07     0.00018492    4.05E+07     2.2518E+05    
   3.06E+07     0.9974       0.00018441    3.06E+07     0.00018441    4.06E+07     2.2607E+05    
   3.07E+07     0.9974       0.00018355    3.07E+07     0.00018355    4.07E+07     2.2699E+05    
   3.08E+07     0.99739      0.0001828     3.08E+07     0.0001828     4.08E+07     2.278E+05     
   3.09E+07     0.99739      0.000182      3.09E+07     0.000182      4.09E+07     2.283E+05     
   3.1E+07      0.99737      0.00018187    3.1E+07      0.00018187    4.1E+07      2.292E+05     
   3.11E+07     0.99738      0.00018125    3.11E+07     0.00018125    4.11E+07     2.3011E+05    
   3.12E+07     0.99735      0.00018254    3.12E+07     0.00018254    4.12E+07     2.3079E+05    
   3.13E+07     0.99734      0.00018193    3.13E+07     0.00018193    4.13E+07     2.3168E+05    
   3.14E+07     0.99734      0.00018109    3.14E+07     0.00018109    4.14E+07     2.3258E+05    
   3.15E+07     0.99735      0.00018038    3.15E+07     0.00018038    4.15E+07     2.3336E+05    
   3.16E+07     0.99735      0.00017954    3.16E+07     0.00017954    4.16E+07     2.3335E+05    
   3.17E+07     0.99733      0.00017962    3.17E+07     0.00017962    4.17E+07     2.3412E+05    
   3.18E+07     0.99733      0.0001789     3.18E+07     0.0001789     4.18E+07     2.327E+05     
   3.19E+07     0.99731      0.00017895    3.19E+07     0.00017895    4.19E+07     2.3275E+05    
   3.2E+07      0.99732      0.00017845    3.2E+07      0.00017845    4.2E+07      2.3113E+05    
   3.21E+07     0.99732      0.00017767    3.21E+07     0.00017767    4.21E+07     2.3186E+05    
   3.22E+07     0.99731      0.00017687    3.22E+07     0.00017687    4.22E+07     2.3188E+05    
   3.23E+07     0.9973       0.00017658    3.23E+07     0.00017658    4.23E+07     2.3263E+05    
   3.24E+07     0.99732      0.00017633    3.24E+07     0.00017633    4.24E+07     2.3343E+05    
   3.25E+07     0.99732      0.00017554    3.25E+07     0.00017554    4.25E+07     2.3429E+05    
   3.26E+07     0.99734      0.00017603    3.26E+07     0.00017603    4.26E+07     2.3489E+05    
   3.27E+07     0.99735      0.00017545    3.27E+07     0.00017545    4.27E+07     2.3571E+05    
   3.28E+07     0.99737      0.00017601    3.28E+07     0.00017601    4.28E+07     2.3659E+05    
   3.29E+07     0.99739      0.00017631    3.29E+07     0.00017631    4.29E+07     2.3544E+05    
   3.3E+07      0.99737      0.00017673    3.3E+07      0.00017673    4.3E+07      2.3624E+05    
   3.31E+07     0.99737      0.00017604    3.31E+07     0.00017604    4.31E+07     2.326E+05     
   3.32E+07     0.99739      0.00017633    3.32E+07     0.00017633    4.32E+07     2.3243E+05    
   3.33E+07     0.9974       0.0001758     3.33E+07     0.0001758     4.33E+07     2.3319E+05    
   3.34E+07     0.9974       0.00017509    3.34E+07     0.00017509    4.34E+07     2.3404E+05    
   3.35E+07     0.99739      0.00017436    3.35E+07     0.00017436    4.35E+07     2.3419E+05    
   3.36E+07     0.99739      0.00017366    3.36E+07     0.00017366    4.36E+07     2.3477E+05    
   3.37E+07     0.99739      0.00017297    3.37E+07     0.00017297    4.37E+07     2.3544E+05    
   3.38E+07     0.99739      0.00017232    3.38E+07     0.00017232    4.38E+07     2.3623E+05    
   3.39E+07     0.9974       0.00017208    3.39E+07     0.00017208    4.39E+07     2.3707E+05    
   3.4E+07      0.9974       0.00017136    3.4E+07      0.00017136    4.4E+07      2.376E+05     
   3.41E+07     0.99739      0.00017158    3.41E+07     0.00017158    4.41E+07     2.3843E+05    
   3.42E+07     0.99738      0.00017089    3.42E+07     0.00017089    4.42E+07     2.3925E+05    
   3.43E+07     0.9974       0.00017073    3.43E+07     0.00017073    4.43E+07     2.4006E+05    
   3.44E+07     0.9974       0.00017004    3.44E+07     0.00017004    4.44E+07     2.4068E+05    
   3.45E+07     0.99739      0.00016957    3.45E+07     0.00016957    4.45E+07     2.4154E+05    
   3.46E+07     0.99741      0.00016961    3.46E+07     0.00016961    4.46E+07     2.4238E+05    
   3.47E+07     0.9974       0.00016894    3.47E+07     0.00016894    4.47E+07     2.4322E+05    
   3.48E+07     0.9974       0.00016843    3.48E+07     0.00016843    4.48E+07     2.4351E+05    
   3.49E+07     0.99741      0.00016817    3.49E+07     0.00016817    4.49E+07     2.4407E+05    
   3.5E+07      0.99741      0.0001675     3.5E+07      0.0001675     4.5E+07      2.4405E+05    
   3.51E+07     0.99741      0.00016685    3.51E+07     0.00016685    4.51E+07     2.4426E+05    
   3.52E+07     0.9974       0.00016641    3.52E+07     0.00016641    4.52E+07     2.4434E+05    
   3.53E+07     0.9974       0.00016577    3.53E+07     0.00016577    4.53E+07     2.4255E+05    
   3.54E+07     0.99741      0.00016583    3.54E+07     0.00016583    4.54E+07     2.4326E+05    
   3.55E+07     0.99742      0.00016554    3.55E+07     0.00016554    4.55E+07     2.4405E+05    
   3.56E+07     0.99742      0.00016489    3.56E+07     0.00016489    4.56E+07     2.4463E+05    
   3.57E+07     0.99741      0.00016474    3.57E+07     0.00016474    4.57E+07     2.4542E+05    
   3.58E+07     0.99742      0.00016425    3.58E+07     0.00016425    4.58E+07     2.4594E+05    
   3.59E+07     0.99743      0.00016378    3.59E+07     0.00016378    4.59E+07     2.467E+05     
   3.6E+07      0.99742      0.00016321    3.6E+07      0.00016321    4.6E+07      2.4673E+05    
   3.61E+07     0.99741      0.00016279    3.61E+07     0.00016279    4.61E+07     2.4552E+05    
   3.62E+07     0.99742      0.00016217    3.62E+07     0.00016217    4.62E+07     2.4575E+05    
   3.63E+07     0.99741      0.00016175    3.63E+07     0.00016175    4.63E+07     2.4066E+05    
   3.64E+07     0.99741      0.00016116    3.64E+07     0.00016116    4.64E+07     2.4053E+05    
   3.65E+07     0.9974       0.00016099    3.65E+07     0.00016099    4.65E+07     2.4133E+05    
   3.66E+07     0.99741      0.00016054    3.66E+07     0.00016054    4.66E+07     2.4213E+05    
   3.67E+07     0.9974       0.00016001    3.67E+07     0.00016001    4.67E+07     2.4274E+05    
   3.68E+07     0.99738      0.00016114    3.68E+07     0.00016114    4.68E+07     2.427E+05     
   3.69E+07     0.99736      0.00016107    3.69E+07     0.00016107    4.69E+07     2.435E+05     
   3.7E+07      0.99736      0.00016047    3.7E+07      0.00016047    4.7E+07      2.4418E+05    
   3.71E+07     0.99737      0.00016011    3.71E+07     0.00016011    4.71E+07     2.4353E+05    
   3.72E+07     0.99737      0.00015968    3.72E+07     0.00015968    4.72E+07     2.435E+05     
   3.73E+07     0.99736      0.00015915    3.73E+07     0.00015915    4.73E+07     2.4363E+05    
   3.74E+07     0.99734      0.00015997    3.74E+07     0.00015997    4.74E+07     2.4429E+05    
   3.75E+07     0.99734      0.00015944    3.75E+07     0.00015944    4.75E+07     2.4464E+05    
   3.76E+07     0.99733      0.00015894    3.76E+07     0.00015894    4.76E+07     2.4541E+05    
   3.77E+07     0.99731      0.00015927    3.77E+07     0.00015927    4.77E+07     2.439E+05     
   3.78E+07     0.99734      0.00016047    3.78E+07     0.00016047    4.78E+07     2.4425E+05    
   3.79E+07     0.99735      0.00016035    3.79E+07     0.00016035    4.79E+07     2.4438E+05    
   3.8E+07      0.99734      0.00016017    3.8E+07      0.00016017    4.8E+07      2.4513E+05    
   3.81E+07     0.99733      0.00015968    3.81E+07     0.00015968    4.81E+07     2.4578E+05    
   3.82E+07     0.99732      0.00015956    3.82E+07     0.00015956    4.82E+07     2.4568E+05    
   3.83E+07     0.9973       0.00016005    3.83E+07     0.00016005    4.83E+07     2.4642E+05    
   3.84E+07     0.99731      0.00015965    3.84E+07     0.00015965    4.84E+07     2.4719E+05    
   3.85E+07     0.99731      0.00015916    3.85E+07     0.00015916    4.85E+07     2.4706E+05    
   3.86E+07     0.99733      0.00015999    3.86E+07     0.00015999    4.86E+07     2.4655E+05    
   3.87E+07     0.99732      0.00015961    3.87E+07     0.00015961    4.87E+07     2.4663E+05    
   3.88E+07     0.99731      0.0001593     3.88E+07     0.0001593     4.88E+07     2.474E+05     
   3.89E+07     0.99731      0.00015878    3.89E+07     0.00015878    4.89E+07     2.4734E+05    
   3.9E+07      0.99732      0.00015851    3.9E+07      0.00015851    4.9E+07      2.4592E+05    
   3.91E+07     0.99732      0.00015811    3.91E+07     0.00015811    4.91E+07     2.4653E+05    
   3.92E+07     0.99733      0.00015759    3.92E+07     0.00015759    4.92E+07     2.4725E+05    
   3.93E+07     0.99732      0.00015717    3.93E+07     0.00015717    4.93E+07     2.4792E+05    
   3.94E+07     0.99732      0.0001567     3.94E+07     0.0001567     4.94E+07     2.4857E+05    
   3.95E+07     0.99732      0.00015626    3.95E+07     0.00015626    4.95E+07     2.4912E+05    
   3.96E+07     0.99733      0.00015585    3.96E+07     0.00015585    4.96E+07     2.484E+05     
   3.97E+07     0.99732      0.00015551    3.97E+07     0.00015551    4.97E+07     2.4877E+05    
   3.98E+07     0.99732      0.000155      3.98E+07     0.000155      4.98E+07     2.4945E+05    
   3.99E+07     0.99734      0.00015599    3.99E+07     0.00015599    4.99E+07     2.502E+05     
   4E+07        0.99734      0.00015547    4E+07        0.00015547    5E+07        2.5067E+05    
   4.01E+07     0.99735      0.00015523    4.01E+07     0.00015523    5.01E+07     2.5036E+05    
   4.02E+07     0.99736      0.00015506    4.02E+07     0.00015506    5.02E+07     2.5104E+05    
   4.03E+07     0.99735      0.00015486    4.03E+07     0.00015486    5.03E+07     2.517E+05     
   4.04E+07     0.99735      0.00015436    4.04E+07     0.00015436    5.04E+07     2.5192E+05    
   4.05E+07     0.99736      0.00015404    4.05E+07     0.00015404    5.05E+07     2.5131E+05    
   4.06E+07     0.99736      0.00015354    4.06E+07     0.00015354    5.06E+07     2.5173E+05    
   4.07E+07     0.99736      0.00015304    4.07E+07     0.00015304    5.07E+07     2.5161E+05    
   4.08E+07     0.99736      0.00015257    4.08E+07     0.00015257    5.08E+07     2.5045E+05    
   4.09E+07     0.99735      0.00015221    4.09E+07     0.00015221    5.09E+07     2.511E+05     
   4.1E+07      0.99735      0.00015173    4.1E+07      0.00015173    5.1E+07      2.4937E+05    
   4.11E+07     0.99735      0.00015124    4.11E+07     0.00015124    5.11E+07     2.4918E+05    
   4.12E+07     0.99736      0.00015083    4.12E+07     0.00015083    5.12E+07     2.4797E+05    
   4.13E+07     0.99736      0.00015036    4.13E+07     0.00015036    5.13E+07     2.4869E+05    
   4.14E+07     0.99736      0.00014988    4.14E+07     0.00014988    5.14E+07     2.4941E+05    
   4.15E+07     0.99735      0.00014945    4.15E+07     0.00014945    5.15E+07     2.4861E+05    
   4.16E+07     0.99734      0.00014928    4.16E+07     0.00014928    5.16E+07     2.4927E+05    
   4.17E+07     0.99734      0.00014884    4.17E+07     0.00014884    5.17E+07     2.4998E+05    
   4.18E+07     0.99735      0.00014912    4.18E+07     0.00014912    5.18E+07     2.5014E+05    
   4.19E+07     0.99735      0.00014892    4.19E+07     0.00014892    5.19E+07     2.5081E+05    
   4.2E+07      0.99736      0.00014926    4.2E+07      0.00014926    5.2E+07      2.5112E+05    
   4.21E+07     0.99736      0.00014885    4.21E+07     0.00014885    5.21E+07     2.5163E+05    
   4.22E+07     0.99737      0.00014866    4.22E+07     0.00014866    5.22E+07     2.523E+05     
   4.23E+07     0.99737      0.00014825    4.23E+07     0.00014825    5.23E+07     2.5259E+05    
   4.24E+07     0.99737      0.00014782    4.24E+07     0.00014782    5.24E+07     2.5193E+05    
   4.25E+07     0.99737      0.00014736    4.25E+07     0.00014736    5.25E+07     2.5225E+05    
   4.26E+07     0.99738      0.000147      4.26E+07     0.000147      5.26E+07     2.5285E+05    
   4.27E+07     0.99738      0.00014657    4.27E+07     0.00014657    5.27E+07     2.522E+05     
   4.28E+07     0.99738      0.00014613    4.28E+07     0.00014613    5.28E+07     2.5189E+05    
   4.29E+07     0.99739      0.00014631    4.29E+07     0.00014631    5.29E+07     2.5185E+05    
   4.3E+07      0.99739      0.00014589    4.3E+07      0.00014589    5.3E+07      2.4939E+05    
   4.31E+07     0.99741      0.00014686    4.31E+07     0.00014686    5.31E+07     2.5007E+05    
   4.32E+07     0.9974       0.00014674    4.32E+07     0.00014674    5.32E+07     2.5049E+05    
   4.33E+07     0.9974       0.00014633    4.33E+07     0.00014633    5.33E+07     2.4921E+05    
   4.34E+07     0.9974       0.00014589    4.34E+07     0.00014589    5.34E+07     2.4985E+05    
   4.35E+07     0.99739      0.00014567    4.35E+07     0.00014567    5.35E+07     2.5041E+05    
   4.36E+07     0.99739      0.00014533    4.36E+07     0.00014533    5.36E+07     2.4732E+05    
   4.37E+07     0.99739      0.00014495    4.37E+07     0.00014495    5.37E+07     2.4745E+05    
   4.38E+07     0.99739      0.00014454    4.38E+07     0.00014454    5.38E+07     2.4744E+05    
   4.39E+07     0.99739      0.00014412    4.39E+07     0.00014412    5.39E+07     2.476E+05     
   4.4E+07      0.99738      0.00014379    4.4E+07      0.00014379    5.4E+07      2.4756E+05    
   4.41E+07     0.99738      0.00014338    4.41E+07     0.00014338    5.41E+07     2.4772E+05    
   4.42E+07     0.99738      0.00014297    4.42E+07     0.00014297    5.42E+07     2.4834E+05    
   4.43E+07     0.99738      0.00014256    4.43E+07     0.00014256    5.43E+07     2.4893E+05    
   4.44E+07     0.99739      0.00014222    4.44E+07     0.00014222    5.44E+07     2.4959E+05    
   4.45E+07     0.99739      0.0001418     4.45E+07     0.0001418     5.45E+07     2.5008E+05    
   4.46E+07     0.99739      0.0001414     4.46E+07     0.0001414     5.46E+07     2.5025E+05    
   4.47E+07     0.99739      0.00014099    4.47E+07     0.00014099    5.47E+07     2.5065E+05    
   4.48E+07     0.99739      0.00014075    4.48E+07     0.00014075    5.48E+07     2.5058E+05    
   4.49E+07     0.9974       0.00014043    4.49E+07     0.00014043    5.49E+07     2.5087E+05    
   4.5E+07      0.99741      0.00014028    4.5E+07      0.00014028    5.5E+07      2.5132E+05    
   4.51E+07     0.99741      0.00014004    4.51E+07     0.00014004    5.51E+07     2.5041E+05    
   4.52E+07     0.99741      0.00013986    4.52E+07     0.00013986    5.52E+07     2.5106E+05    
   4.53E+07     0.99739      0.00014022    4.53E+07     0.00014022    5.53E+07     2.5169E+05    
   4.54E+07     0.99739      0.00013986    4.54E+07     0.00013986    5.54E+07     2.5231E+05    
   4.55E+07     0.99739      0.00013948    4.55E+07     0.00013948    5.55E+07     2.5294E+05    
   4.56E+07     0.99739      0.00013916    4.56E+07     0.00013916    5.56E+07     2.536E+05     
   4.57E+07     0.99739      0.00013878    4.57E+07     0.00013878    5.57E+07     2.5425E+05    
   4.58E+07     0.9974       0.00013848    4.58E+07     0.00013848    5.58E+07     2.5404E+05    
   4.59E+07     0.9974       0.00013812    4.59E+07     0.00013812    5.59E+07     2.5414E+05    
   4.6E+07      0.99741      0.00013796    4.6E+07      0.00013796    5.6E+07      2.5368E+05    
   4.61E+07     0.99739      0.00013814    4.61E+07     0.00013814    5.61E+07     2.5427E+05    
   4.62E+07     0.99739      0.00013793    4.62E+07     0.00013793    5.62E+07     2.5478E+05    
   4.63E+07     0.99736      0.00013923    4.63E+07     0.00013923    5.63E+07     2.5424E+05    
   4.64E+07     0.99737      0.00013912    4.64E+07     0.00013912    5.64E+07     2.5485E+05    
   4.65E+07     0.99737      0.00013874    4.65E+07     0.00013874    5.65E+07     2.5475E+05    
   4.66E+07     0.99737      0.00013836    4.66E+07     0.00013836    5.66E+07     2.5502E+05    
   4.67E+07     0.99738      0.00013803    4.67E+07     0.00013803    5.67E+07     2.5547E+05    
   4.68E+07     0.99737      0.0001379     4.68E+07     0.0001379     5.68E+07     2.5547E+05    
   4.69E+07     0.99737      0.00013752    4.69E+07     0.00013752    5.69E+07     2.5587E+05    
   4.7E+07      0.99737      0.00013718    4.7E+07      0.00013718    5.7E+07      2.5647E+05    
   4.71E+07     0.99738      0.00013722    4.71E+07     0.00013722    5.71E+07     2.5695E+05    
   4.72E+07     0.99739      0.00013708    4.72E+07     0.00013708    5.72E+07     2.5754E+05    
   4.73E+07     0.99738      0.0001369     4.73E+07     0.0001369     5.73E+07     2.5578E+05    
   4.74E+07     0.99739      0.00013657    4.74E+07     0.00013657    5.74E+07     2.5346E+05    
   4.75E+07     0.99739      0.00013633    4.75E+07     0.00013633    5.75E+07     2.5304E+05    
   4.76E+07     0.99739      0.00013597    4.76E+07     0.00013597    5.76E+07     2.5359E+05    
   4.77E+07     0.9974       0.00013624    4.77E+07     0.00013624    5.77E+07     2.5408E+05    
   4.78E+07     0.99741      0.000136      4.78E+07     0.000136      5.78E+07     2.5411E+05    
   4.79E+07     0.99742      0.00013582    4.79E+07     0.00013582    5.79E+07     2.5459E+05    
   4.8E+07      0.99742      0.00013548    4.8E+07      0.00013548    5.8E+07      2.5495E+05    
   4.81E+07     0.99742      0.00013515    4.81E+07     0.00013515    5.81E+07     2.5425E+05    
   4.82E+07     0.99741      0.00013504    4.82E+07     0.00013504    5.82E+07     2.541E+05     
   4.83E+07     0.99742      0.0001347     4.83E+07     0.0001347     5.83E+07     2.5454E+05    
   4.84E+07     0.99742      0.00013434    4.84E+07     0.00013434    5.84E+07     2.5461E+05    
   4.85E+07     0.99741      0.00013424    4.85E+07     0.00013424    5.85E+07     2.5523E+05    
   4.86E+07     0.9974       0.00013424    4.86E+07     0.00013424    5.86E+07     2.5517E+05    
   4.87E+07     0.99741      0.00013408    4.87E+07     0.00013408    5.87E+07     2.5491E+05    
   4.88E+07     0.99741      0.00013373    4.88E+07     0.00013373    5.88E+07     2.5551E+05    
   4.89E+07     0.99741      0.0001336     4.89E+07     0.0001336     5.89E+07     2.5517E+05    
   4.9E+07      0.9974       0.00013385    4.9E+07      0.00013385    5.9E+07      2.5522E+05    
   4.91E+07     0.9974       0.00013355    4.91E+07     0.00013355    5.91E+07     2.5575E+05    
   4.92E+07     0.9974       0.00013322    4.92E+07     0.00013322    5.92E+07     2.5598E+05    
   4.93E+07     0.99739      0.00013291    4.93E+07     0.00013291    5.93E+07     2.5657E+05    
   4.94E+07     0.99739      0.00013259    4.94E+07     0.00013259    5.94E+07     2.5633E+05    
   4.95E+07     0.99739      0.00013231    4.95E+07     0.00013231    5.95E+07     2.5659E+05    
   4.96E+07     0.9974       0.00013236    4.96E+07     0.00013236    5.96E+07     2.5714E+05    
   4.97E+07     0.99739      0.00013213    4.97E+07     0.00013213    5.97E+07     2.5759E+05    
   4.98E+07     0.99739      0.00013181    4.98E+07     0.00013181    5.98E+07     2.5788E+05    
   4.99E+07     0.99739      0.00013148    4.99E+07     0.00013148    5.99E+07     2.5821E+05    
   5E+07        0.99739      0.00013123    5E+07        0.00013123    6E+07        2.5867E+05    
   5.01E+07     0.99738      0.00013118    5.01E+07     0.00013118    6.01E+07     2.5888E+05    
   5.02E+07     0.99738      0.00013086    5.02E+07     0.00013086    6.02E+07     2.5936E+05    
   5.03E+07     0.99738      0.00013056    5.03E+07     0.00013056    6.03E+07     2.5712E+05    
   5.04E+07     0.99738      0.00013037    5.04E+07     0.00013037    6.04E+07     2.5771E+05    
   5.05E+07     0.99739      0.0001304     5.05E+07     0.0001304     6.05E+07     2.5802E+05    
   5.06E+07     0.9974       0.00013016    5.06E+07     0.00013016    6.06E+07     2.5851E+05    
   5.07E+07     0.99741      0.00013006    5.07E+07     0.00013006    6.07E+07     2.5908E+05    
   5.08E+07     0.9974       0.00013024    5.08E+07     0.00013024    6.08E+07     2.5772E+05    
   5.09E+07     0.99739      0.00012994    5.09E+07     0.00012994    6.09E+07     2.5798E+05    
   5.1E+07      0.99741      0.00013026    5.1E+07      0.00013026    6.1E+07      2.5623E+05    
   5.11E+07     0.99741      0.00013018    5.11E+07     0.00013018    6.11E+07     2.5642E+05    
   5.12E+07     0.9974       0.00013037    5.12E+07     0.00013037    6.12E+07     2.57E+05      
   5.13E+07     0.9974       0.00013005    5.13E+07     0.00013005    6.13E+07     2.5745E+05    
   5.14E+07     0.9974       0.00012974    5.14E+07     0.00012974    6.14E+07     2.5786E+05    
   5.15E+07     0.99739      0.00012981    5.15E+07     0.00012981    6.15E+07     2.5747E+05    
   5.16E+07     0.99739      0.00012951    5.16E+07     0.00012951    6.16E+07     2.5787E+05    
   5.17E+07     0.99739      0.0001292     5.17E+07     0.0001292     6.17E+07     2.5827E+05    
   5.18E+07     0.99738      0.00012904    5.18E+07     0.00012904    6.18E+07     2.5781E+05    
   5.19E+07     0.99738      0.00012874    5.19E+07     0.00012874    6.19E+07     2.578E+05     
   5.2E+07      0.99738      0.00012854    5.2E+07      0.00012854    6.2E+07      2.5833E+05    
   5.21E+07     0.99738      0.00012828    5.21E+07     0.00012828    6.21E+07     2.5885E+05    
   5.22E+07     0.99738      0.00012799    5.22E+07     0.00012799    6.22E+07     2.5932E+05    
   5.23E+07     0.99738      0.00012779    5.23E+07     0.00012779    6.23E+07     2.5885E+05    
   5.24E+07     0.99738      0.00012783    5.24E+07     0.00012783    6.24E+07     2.5942E+05    
   5.25E+07     0.99738      0.00012763    5.25E+07     0.00012763    6.25E+07     2.5965E+05    
   5.26E+07     0.99738      0.00012736    5.26E+07     0.00012736    6.26E+07     2.5946E+05    
   5.27E+07     0.99737      0.0001274     5.27E+07     0.0001274     6.27E+07     2.5972E+05    
   5.28E+07     0.99736      0.00012736    5.28E+07     0.00012736    6.28E+07     2.6027E+05    
   5.29E+07     0.99737      0.00012724    5.29E+07     0.00012724    6.29E+07     2.5932E+05    
   5.3E+07      0.99735      0.00012775    5.3E+07      0.00012775    6.3E+07      2.596E+05     
   5.31E+07     0.99735      0.00012746    5.31E+07     0.00012746    6.31E+07     2.6009E+05    
   5.32E+07     0.99736      0.00012723    5.32E+07     0.00012723    6.32E+07     2.6032E+05    
   5.33E+07     0.99737      0.00012743    5.33E+07     0.00012743    6.33E+07     2.5986E+05    
   5.34E+07     0.99737      0.00012715    5.34E+07     0.00012715    6.34E+07     2.6031E+05    
   5.35E+07     0.99736      0.00012689    5.35E+07     0.00012689    6.35E+07     2.6058E+05    
   5.36E+07     0.99735      0.00012756    5.36E+07     0.00012756    6.36E+07     2.6063E+05    
   5.37E+07     0.99735      0.0001274     5.37E+07     0.0001274     6.37E+07     2.6106E+05    
   5.38E+07     0.99735      0.00012729    5.38E+07     0.00012729    6.38E+07     2.6084E+05    
   5.39E+07     0.99734      0.00012713    5.39E+07     0.00012713    6.39E+07     2.6133E+05    
   5.4E+07      0.99733      0.00012702    5.4E+07      0.00012702    6.4E+07      2.6166E+05    
   5.41E+07     0.99733      0.00012684    5.41E+07     0.00012684    6.41E+07     2.6178E+05    
   5.42E+07     0.99733      0.00012656    5.42E+07     0.00012656    6.42E+07     2.623E+05     
   5.43E+07     0.99733      0.0001263     5.43E+07     0.0001263     6.43E+07     2.6256E+05    
   5.44E+07     0.99732      0.00012601    5.44E+07     0.00012601    6.44E+07     2.6294E+05    
   5.45E+07     0.99732      0.00012577    5.45E+07     0.00012577    6.45E+07     2.6206E+05    
   5.46E+07     0.99733      0.00012561    5.46E+07     0.00012561    6.46E+07     2.6128E+05    
   5.47E+07     0.99732      0.0001254     5.47E+07     0.0001254     6.47E+07     2.6181E+05    
   5.48E+07     0.99732      0.0001253     5.48E+07     0.0001253     6.48E+07     2.6084E+05    
   5.49E+07     0.99732      0.00012511    5.49E+07     0.00012511    6.49E+07     2.6112E+05    
   5.5E+07      0.99732      0.00012488    5.5E+07      0.00012488    6.5E+07      2.6118E+05    
   5.51E+07     0.99731      0.000125      5.51E+07     0.000125      6.51E+07     2.6047E+05    
   5.52E+07     0.99731      0.00012472    5.52E+07     0.00012472    6.52E+07     2.6051E+05    
   5.53E+07     0.99731      0.00012445    5.53E+07     0.00012445    6.53E+07     2.6104E+05    
   5.54E+07     0.99731      0.00012418    5.54E+07     0.00012418    6.54E+07     2.6153E+05    
   5.55E+07     0.99731      0.00012392    5.55E+07     0.00012392    6.55E+07     2.6201E+05    
   5.56E+07     0.99731      0.00012364    5.56E+07     0.00012364    6.56E+07     2.5822E+05    
   5.57E+07     0.99731      0.00012337    5.57E+07     0.00012337    6.57E+07     2.5767E+05    
   5.58E+07     0.99732      0.00012331    5.58E+07     0.00012331    6.58E+07     2.582E+05     
   5.59E+07     0.99731      0.00012318    5.59E+07     0.00012318    6.59E+07     2.5871E+05    
   5.6E+07      0.99732      0.00012318    5.6E+07      0.00012318    6.6E+07      2.5821E+05    
   5.61E+07     0.99732      0.00012292    5.61E+07     0.00012292    6.61E+07     2.5782E+05    
   5.62E+07     0.99731      0.00012269    5.62E+07     0.00012269    6.62E+07     2.5721E+05    
   5.63E+07     0.99732      0.00012271    5.63E+07     0.00012271    6.63E+07     2.5763E+05    
   5.64E+07     0.99732      0.00012245    5.64E+07     0.00012245    6.64E+07     2.5783E+05    
   5.65E+07     0.99732      0.00012237    5.65E+07     0.00012237    6.65E+07     2.5704E+05    
   5.66E+07     0.99731      0.00012219    5.66E+07     0.00012219    6.66E+07     2.5755E+05    
   5.67E+07     0.99732      0.00012198    5.67E+07     0.00012198    6.67E+07     2.5588E+05    
   5.68E+07     0.99732      0.00012187    5.68E+07     0.00012187    6.68E+07     2.559E+05     
   5.69E+07     0.99732      0.00012167    5.69E+07     0.00012167    6.69E+07     2.5639E+05    
   5.7E+07      0.99732      0.00012142    5.7E+07      0.00012142    6.7E+07      2.5677E+05    
   5.71E+07     0.99732      0.0001212     5.71E+07     0.0001212     6.71E+07     2.5507E+05    
   5.72E+07     0.99731      0.00012095    5.72E+07     0.00012095    6.72E+07     2.5526E+05    
   5.73E+07     0.9973       0.00012126    5.73E+07     0.00012126    6.73E+07     2.5419E+05    
   5.74E+07     0.99729      0.00012171    5.74E+07     0.00012171    6.74E+07     2.5378E+05    
   5.75E+07     0.99728      0.0001217     5.75E+07     0.0001217     6.75E+07     2.5367E+05    
   5.76E+07     0.99728      0.00012146    5.76E+07     0.00012146    6.76E+07     2.5181E+05    
   5.77E+07     0.99728      0.00012124    5.77E+07     0.00012124    6.77E+07     2.5221E+05    
   5.78E+07     0.99729      0.00012113    5.78E+07     0.00012113    6.78E+07     2.5169E+05    
   5.79E+07     0.99729      0.0001209     5.79E+07     0.0001209     6.79E+07     2.5098E+05    
   5.8E+07      0.99729      0.00012072    5.8E+07      0.00012072    6.8E+07      2.5142E+05    
   5.81E+07     0.9973       0.00012078    5.81E+07     0.00012078    6.81E+07     2.5189E+05    
   5.82E+07     0.9973       0.00012071    5.82E+07     0.00012071    6.82E+07     2.5239E+05    
   5.83E+07     0.99731      0.0001205     5.83E+07     0.0001205     6.83E+07     2.5274E+05    
   5.84E+07     0.99731      0.00012038    5.84E+07     0.00012038    6.84E+07     2.527E+05     
   5.85E+07     0.99731      0.00012013    5.85E+07     0.00012013    6.85E+07     2.5311E+05    
   5.86E+07     0.99732      0.00012004    5.86E+07     0.00012004    6.86E+07     2.536E+05     
   5.87E+07     0.99732      0.00011999    5.87E+07     0.00011999    6.87E+07     2.5268E+05    
   5.88E+07     0.99733      0.00011975    5.88E+07     0.00011975    6.88E+07     2.5279E+05    
   5.89E+07     0.99733      0.00011973    5.89E+07     0.00011973    6.89E+07     2.5314E+05    
   5.9E+07      0.99733      0.00011961    5.9E+07      0.00011961    6.9E+07      2.5109E+05    
   5.91E+07     0.99733      0.00011939    5.91E+07     0.00011939    6.91E+07     2.5089E+05    
   5.92E+07     0.99733      0.00011923    5.92E+07     0.00011923    6.92E+07     2.5137E+05    
   5.93E+07     0.99733      0.00011899    5.93E+07     0.00011899    6.93E+07     2.5182E+05    
   5.94E+07     0.99734      0.00011895    5.94E+07     0.00011895    6.94E+07     2.5188E+05    
   5.95E+07     0.99733      0.00011879    5.95E+07     0.00011879    6.95E+07     2.5214E+05    
   5.96E+07     0.99733      0.00011856    5.96E+07     0.00011856    6.96E+07     2.5258E+05    
   5.97E+07     0.99734      0.00011835    5.97E+07     0.00011835    6.97E+07     2.5287E+05    
   5.98E+07     0.99734      0.00011819    5.98E+07     0.00011819    6.98E+07     2.5256E+05    
   5.99E+07     0.99734      0.00011801    5.99E+07     0.00011801    6.99E+07     2.4897E+05    
   6E+07        0.99734      0.00011781    6E+07        0.00011781    7E+07        2.4937E+05    
   6.01E+07     0.99734      0.00011766    6.01E+07     0.00011766    7.01E+07     2.4924E+05    
   6.02E+07     0.99733      0.00011746    6.02E+07     0.00011746    7.02E+07     2.4914E+05    
   6.03E+07     0.99732      0.00011787    6.03E+07     0.00011787    7.03E+07     2.496E+05     
   6.04E+07     0.99732      0.00011764    6.04E+07     0.00011764    7.04E+07     2.5007E+05    
   6.05E+07     0.99732      0.00011747    6.05E+07     0.00011747    7.05E+07     2.5051E+05    
   6.06E+07     0.99732      0.00011726    6.06E+07     0.00011726    7.06E+07     2.5092E+05    
   6.07E+07     0.99732      0.00011703    6.07E+07     0.00011703    7.07E+07     2.5096E+05    
   6.08E+07     0.99731      0.00011724    6.08E+07     0.00011724    7.08E+07     2.5117E+05    
   6.09E+07     0.99731      0.00011709    6.09E+07     0.00011709    7.09E+07     2.5076E+05    
   6.1E+07      0.9973       0.00011739    6.1E+07      0.00011739    7.1E+07      2.5123E+05    
   6.11E+07     0.9973       0.00011725    6.11E+07     0.00011725    7.11E+07     2.5078E+05    
   6.12E+07     0.9973       0.00011702    6.12E+07     0.00011702    7.12E+07     2.5125E+05    
   6.13E+07     0.9973       0.00011682    6.13E+07     0.00011682    7.13E+07     2.5156E+05    
   6.14E+07     0.9973       0.00011663    6.14E+07     0.00011663    7.14E+07     2.5188E+05    
   6.15E+07     0.99729      0.00011662    6.15E+07     0.00011662    7.15E+07     2.4849E+05    
   6.16E+07     0.99729      0.00011644    6.16E+07     0.00011644    7.16E+07     2.4879E+05    
   6.17E+07     0.99729      0.00011625    6.17E+07     0.00011625    7.17E+07     2.4858E+05    
   6.18E+07     0.9973       0.00011626    6.18E+07     0.00011626    7.18E+07     2.4903E+05    
   6.19E+07     0.99729      0.00011617    6.19E+07     0.00011617    7.19E+07     2.4914E+05    
   6.2E+07      0.99729      0.00011596    6.2E+07      0.00011596    7.2E+07      2.4911E+05    
   6.21E+07     0.99729      0.00011574    6.21E+07     0.00011574    7.21E+07     2.4718E+05    
   6.22E+07     0.9973       0.00011555    6.22E+07     0.00011555    7.22E+07     2.4757E+05    
   6.23E+07     0.99729      0.00011556    6.23E+07     0.00011556    7.23E+07     2.4739E+05    
   6.24E+07     0.99729      0.00011534    6.24E+07     0.00011534    7.24E+07     2.4771E+05    
   6.25E+07     0.99729      0.00011519    6.25E+07     0.00011519    7.25E+07     2.4815E+05    
   6.26E+07     0.99729      0.00011514    6.26E+07     0.00011514    7.26E+07     2.4852E+05    
   6.27E+07     0.99728      0.00011499    6.27E+07     0.00011499    7.27E+07     2.4857E+05    
   6.28E+07     0.99728      0.00011478    6.28E+07     0.00011478    7.28E+07     2.4851E+05    
   6.29E+07     0.99727      0.00011489    6.29E+07     0.00011489    7.29E+07     2.4872E+05    
   6.3E+07      0.99727      0.00011474    6.3E+07      0.00011474    7.3E+07      2.4907E+05    
   6.31E+07     0.99727      0.00011454    6.31E+07     0.00011454    7.31E+07     2.491E+05     
   6.32E+07     0.99727      0.0001144     6.32E+07     0.0001144     7.32E+07     2.4906E+05    
   6.33E+07     0.99728      0.00011441    6.33E+07     0.00011441    7.33E+07     2.4949E+05    
   6.34E+07     0.99728      0.00011422    6.34E+07     0.00011422    7.34E+07     2.4991E+05    
   6.35E+07     0.99728      0.00011407    6.35E+07     0.00011407    7.35E+07     2.4982E+05    
   6.36E+07     0.99728      0.00011397    6.36E+07     0.00011397    7.36E+07     2.5004E+05    
   6.37E+07     0.99728      0.00011378    6.37E+07     0.00011378    7.37E+07     2.499E+05     
   6.38E+07     0.99729      0.00011374    6.38E+07     0.00011374    7.38E+07     2.5008E+05    
   6.39E+07     0.99729      0.00011354    6.39E+07     0.00011354    7.39E+07     2.5046E+05    
   6.4E+07      0.99729      0.00011338    6.4E+07      0.00011338    7.4E+07      2.5069E+05    
   6.41E+07     0.99729      0.00011327    6.41E+07     0.00011327    7.41E+07     2.5106E+05    
   6.42E+07     0.99729      0.00011307    6.42E+07     0.00011307    7.42E+07     2.5046E+05    
   6.43E+07     0.99729      0.00011292    6.43E+07     0.00011292    7.43E+07     2.5076E+05    
   6.44E+07     0.99729      0.00011275    6.44E+07     0.00011275    7.44E+07     2.4953E+05    
   6.45E+07     0.99728      0.00011285    6.45E+07     0.00011285    7.45E+07     2.4961E+05    
   6.46E+07     0.99729      0.00011294    6.46E+07     0.00011294    7.46E+07     2.498E+05     
   6.47E+07     0.99729      0.00011273    6.47E+07     0.00011273    7.47E+07     2.4971E+05    
   6.48E+07     0.99728      0.00011285    6.48E+07     0.00011285    7.48E+07     2.4842E+05    
   6.49E+07     0.99728      0.00011271    6.49E+07     0.00011271    7.49E+07     2.4809E+05    
   6.5E+07      0.99728      0.0001126     6.5E+07      0.0001126     7.5E+07      2.4838E+05    
   6.51E+07     0.99727      0.00011267    6.51E+07     0.00011267    7.51E+07     2.488E+05     
   6.52E+07     0.99727      0.00011258    6.52E+07     0.00011258    7.52E+07     2.4905E+05    
   6.53E+07     0.99727      0.00011238    6.53E+07     0.00011238    7.53E+07     2.4933E+05    
   6.54E+07     0.99727      0.00011219    6.54E+07     0.00011219    7.54E+07     2.4914E+05    
   6.55E+07     0.99727      0.00011199    6.55E+07     0.00011199    7.55E+07     2.4863E+05    
   6.56E+07     0.99729      0.00011273    6.56E+07     0.00011273    7.56E+07     2.4901E+05    
   6.57E+07     0.99728      0.00011276    6.57E+07     0.00011276    7.57E+07     2.4828E+05    
   6.58E+07     0.99728      0.00011256    6.58E+07     0.00011256    7.58E+07     2.4817E+05    
   6.59E+07     0.99728      0.00011236    6.59E+07     0.00011236    7.59E+07     2.4778E+05    
   6.6E+07      0.99728      0.00011238    6.6E+07      0.00011238    7.6E+07      2.479E+05     
   6.61E+07     0.99728      0.00011238    6.61E+07     0.00011238    7.61E+07     2.4819E+05    
   6.62E+07     0.99727      0.00011243    6.62E+07     0.00011243    7.62E+07     2.468E+05     
   6.63E+07     0.99727      0.00011225    6.63E+07     0.00011225    7.63E+07     2.4697E+05    
   6.64E+07     0.99728      0.00011213    6.64E+07     0.00011213    7.64E+07     2.4731E+05    
   6.65E+07     0.99729      0.00011221    6.65E+07     0.00011221    7.65E+07     2.4725E+05    
   6.66E+07     0.99729      0.00011202    6.66E+07     0.00011202    7.66E+07     2.4753E+05    
   6.67E+07     0.99728      0.0001123     6.67E+07     0.0001123     7.67E+07     2.4738E+05    
   6.68E+07     0.99728      0.00011221    6.68E+07     0.00011221    7.68E+07     2.4778E+05    
   6.69E+07     0.99728      0.00011202    6.69E+07     0.00011202    7.69E+07     2.4814E+05    
   6.7E+07      0.99728      0.00011185    6.7E+07      0.00011185    7.7E+07      2.485E+05     
   6.71E+07     0.99729      0.00011214    6.71E+07     0.00011214    7.71E+07     2.4888E+05    
   6.72E+07     0.99729      0.00011201    6.72E+07     0.00011201    7.72E+07     2.4851E+05    
   6.73E+07     0.9973       0.00011215    6.73E+07     0.00011215    7.73E+07     2.487E+05     
   6.74E+07     0.99731      0.00011216    6.74E+07     0.00011216    7.74E+07     2.4909E+05    
   6.75E+07     0.9973       0.0001121     6.75E+07     0.0001121     7.75E+07     2.4827E+05    
   6.76E+07     0.99731      0.00011243    6.76E+07     0.00011243    7.76E+07     2.4862E+05    
   6.77E+07     0.99731      0.00011226    6.77E+07     0.00011226    7.77E+07     2.4887E+05    
   6.78E+07     0.99731      0.00011229    6.78E+07     0.00011229    7.78E+07     2.4906E+05    
   6.79E+07     0.99731      0.00011237    6.79E+07     0.00011237    7.79E+07     2.4933E+05    
   6.8E+07      0.99731      0.00011219    6.8E+07      0.00011219    7.8E+07      2.497E+05     
   6.81E+07     0.99731      0.000112      6.81E+07     0.000112      7.81E+07     2.4964E+05    
   6.82E+07     0.99731      0.00011181    6.82E+07     0.00011181    7.82E+07     2.5003E+05    
   6.83E+07     0.99732      0.00011165    6.83E+07     0.00011165    7.83E+07     2.5031E+05    
   6.84E+07     0.99732      0.00011158    6.84E+07     0.00011158    7.84E+07     2.5061E+05    
   6.85E+07     0.99732      0.0001114     6.85E+07     0.0001114     7.85E+07     2.5089E+05    
   6.86E+07     0.99732      0.00011121    6.86E+07     0.00011121    7.86E+07     2.5114E+05    
   6.87E+07     0.99731      0.00011133    6.87E+07     0.00011133    7.87E+07     2.5154E+05    
   6.88E+07     0.99732      0.00011123    6.88E+07     0.00011123    7.88E+07     2.5192E+05    
   6.89E+07     0.99732      0.00011107    6.89E+07     0.00011107    7.89E+07     2.5225E+05    
   6.9E+07      0.99731      0.00011144    6.9E+07      0.00011144    7.9E+07      2.5222E+05    
   6.91E+07     0.99731      0.0001114     6.91E+07     0.0001114     7.91E+07     2.5253E+05    
   6.92E+07     0.99731      0.00011121    6.92E+07     0.00011121    7.92E+07     2.5291E+05    
   6.93E+07     0.99731      0.00011104    6.93E+07     0.00011104    7.93E+07     2.5323E+05    
   6.94E+07     0.99732      0.00011094    6.94E+07     0.00011094    7.94E+07     2.531E+05     
   6.95E+07     0.99732      0.0001108     6.95E+07     0.0001108     7.95E+07     2.5334E+05    
   6.96E+07     0.99732      0.00011063    6.96E+07     0.00011063    7.96E+07     2.537E+05     
   6.97E+07     0.99733      0.00011048    6.97E+07     0.00011048    7.97E+07     2.5405E+05    
   6.98E+07     0.99732      0.00011047    6.98E+07     0.00011047    7.98E+07     2.5446E+05    
   6.99E+07     0.99733      0.00011118    6.99E+07     0.00011118    7.99E+07     2.5367E+05    
   7E+07        0.99734      0.00011102    7E+07        0.00011102    8E+07        2.5275E+05    
   7.01E+07     0.99733      0.00011097    7.01E+07     0.00011097    8.01E+07     2.5223E+05    
   7.02E+07     0.99733      0.00011091    7.02E+07     0.00011091    8.02E+07     2.5219E+05    
   7.03E+07     0.99733      0.00011073    7.03E+07     0.00011073    8.03E+07     2.5185E+05    
   7.04E+07     0.99733      0.00011054    7.04E+07     0.00011054    8.04E+07     2.5224E+05    
   7.05E+07     0.99732      0.00011037    7.05E+07     0.00011037    8.05E+07     2.5263E+05    
   7.06E+07     0.99733      0.0001102     7.06E+07     0.0001102     8.06E+07     2.5302E+05    
   7.07E+07     0.99732      0.00011011    7.07E+07     0.00011011    8.07E+07     2.5281E+05    
   7.08E+07     0.99732      0.00010999    7.08E+07     0.00010999    8.08E+07     2.52E+05      
   7.09E+07     0.99731      0.00011       7.09E+07     0.00011       8.09E+07     2.5225E+05    
   7.1E+07      0.99731      0.00010982    7.1E+07      0.00010982    8.1E+07      2.5181E+05    
   7.11E+07     0.99732      0.00010984    7.11E+07     0.00010984    8.11E+07     2.5122E+05    
   7.12E+07     0.99732      0.00010966    7.12E+07     0.00010966    8.12E+07     2.5013E+05    
   7.13E+07     0.99732      0.00010951    7.13E+07     0.00010951    8.13E+07     2.504E+05     
   7.14E+07     0.99732      0.00010937    7.14E+07     0.00010937    8.14E+07     2.5015E+05    
   7.15E+07     0.99733      0.00011003    7.15E+07     0.00011003    8.15E+07     2.5034E+05    
   7.16E+07     0.99733      0.00010989    7.16E+07     0.00010989    8.16E+07     2.4756E+05    
   7.17E+07     0.99733      0.00010986    7.17E+07     0.00010986    8.17E+07     2.4794E+05    
   7.18E+07     0.99733      0.00010968    7.18E+07     0.00010968    8.18E+07     2.4825E+05    
   7.19E+07     0.99733      0.00010958    7.19E+07     0.00010958    8.19E+07     2.4794E+05    
   7.2E+07      0.99734      0.00010951    7.2E+07      0.00010951    8.2E+07      2.483E+05     
   7.21E+07     0.99733      0.00010986    7.21E+07     0.00010986    8.21E+07     2.4826E+05    
   7.22E+07     0.99733      0.00010969    7.22E+07     0.00010969    8.22E+07     2.4858E+05    
   7.23E+07     0.99732      0.00010966    7.23E+07     0.00010966    8.23E+07     2.4879E+05    
   7.24E+07     0.99733      0.00010951    7.24E+07     0.00010951    8.24E+07     2.4906E+05    
   7.25E+07     0.99732      0.00010934    7.25E+07     0.00010934    8.25E+07     2.4945E+05    
   7.26E+07     0.99732      0.00010918    7.26E+07     0.00010918    8.26E+07     2.4854E+05    
   7.27E+07     0.99733      0.00010909    7.27E+07     0.00010909    8.27E+07     2.4891E+05    
   7.28E+07     0.99733      0.00010903    7.28E+07     0.00010903    8.28E+07     2.4888E+05    
   7.29E+07     0.99733      0.00010891    7.29E+07     0.00010891    8.29E+07     2.4915E+05    
   7.3E+07      0.99733      0.00010876    7.3E+07      0.00010876    8.3E+07      2.4929E+05    
   7.31E+07     0.99733      0.00010868    7.31E+07     0.00010868    8.31E+07     2.4944E+05    
   7.32E+07     0.99733      0.00010861    7.32E+07     0.00010861    8.32E+07     2.4978E+05    
   7.33E+07     0.99733      0.00010844    7.33E+07     0.00010844    8.33E+07     2.4974E+05    
   7.34E+07     0.99733      0.00010828    7.34E+07     0.00010828    8.34E+07     2.4902E+05    
   7.35E+07     0.99733      0.00010823    7.35E+07     0.00010823    8.35E+07     2.4898E+05    
   7.36E+07     0.99733      0.0001081     7.36E+07     0.0001081     8.36E+07     2.4934E+05    
   7.37E+07     0.99733      0.00010806    7.37E+07     0.00010806    8.37E+07     2.4967E+05    
   7.38E+07     0.99732      0.00010795    7.38E+07     0.00010795    8.38E+07     2.4992E+05    
   7.39E+07     0.99732      0.00010779    7.39E+07     0.00010779    8.39E+07     2.5027E+05    
   7.4E+07      0.99732      0.00010767    7.4E+07      0.00010767    8.4E+07      2.5062E+05    
   7.41E+07     0.99732      0.00010752    7.41E+07     0.00010752    8.41E+07     2.5026E+05    
   7.42E+07     0.99732      0.00010757    7.42E+07     0.00010757    8.42E+07     2.505E+05     
   7.43E+07     0.99732      0.00010743    7.43E+07     0.00010743    8.43E+07     2.5087E+05    
   7.44E+07     0.99731      0.00010763    7.44E+07     0.00010763    8.44E+07     2.5099E+05    
   7.45E+07     0.99731      0.00010754    7.45E+07     0.00010754    8.45E+07     2.5051E+05    
   7.46E+07     0.99731      0.00010742    7.46E+07     0.00010742    8.46E+07     2.508E+05     
   7.47E+07     0.99731      0.00010737    7.47E+07     0.00010737    8.47E+07     2.5116E+05    
   7.48E+07     0.99732      0.00010758    7.48E+07     0.00010758    8.48E+07     2.514E+05     
   7.49E+07     0.99733      0.00010758    7.49E+07     0.00010758    8.49E+07     2.5173E+05    
   7.5E+07      0.99733      0.00010744    7.5E+07      0.00010744    8.5E+07      2.5192E+05    
   7.51E+07     0.99733      0.00010728    7.51E+07     0.00010728    8.51E+07     2.5224E+05    
   7.52E+07     0.99733      0.00010715    7.52E+07     0.00010715    8.52E+07     2.5256E+05    
   7.53E+07     0.99733      0.00010702    7.53E+07     0.00010702    8.53E+07     2.5257E+05    
   7.54E+07     0.99734      0.00010699    7.54E+07     0.00010699    8.54E+07     2.5234E+05    
   7.55E+07     0.99733      0.00010703    7.55E+07     0.00010703    8.55E+07     2.5223E+05    
   7.56E+07     0.99733      0.00010687    7.56E+07     0.00010687    8.56E+07     2.5202E+05    
   7.57E+07     0.99733      0.00010696    7.57E+07     0.00010696    8.57E+07     2.5083E+05    
   7.58E+07     0.99732      0.00010691    7.58E+07     0.00010691    8.58E+07     2.5032E+05    
   7.59E+07     0.99733      0.00010692    7.59E+07     0.00010692    8.59E+07     2.5003E+05    
   7.6E+07      0.99733      0.00010683    7.6E+07      0.00010683    8.6E+07      2.5028E+05    
   7.61E+07     0.99733      0.00010669    7.61E+07     0.00010669    8.61E+07     2.5055E+05    
   7.62E+07     0.99732      0.00010692    7.62E+07     0.00010692    8.62E+07     2.503E+05     
   7.63E+07     0.99732      0.00010681    7.63E+07     0.00010681    8.63E+07     2.5063E+05    
   7.64E+07     0.99732      0.00010667    7.64E+07     0.00010667    8.64E+07     2.5086E+05    
   7.65E+07     0.99733      0.00010661    7.65E+07     0.00010661    8.65E+07     2.5121E+05    
   7.66E+07     0.99733      0.00010648    7.66E+07     0.00010648    8.66E+07     2.5099E+05    
   7.67E+07     0.99734      0.00010645    7.67E+07     0.00010645    8.67E+07     2.5129E+05    
   7.68E+07     0.99734      0.00010629    7.68E+07     0.00010629    8.68E+07     2.516E+05     
   7.69E+07     0.99733      0.00010614    7.69E+07     0.00010614    8.69E+07     2.5194E+05    
   7.7E+07      0.99734      0.000106      7.7E+07      0.000106      8.7E+07      2.5211E+05    
   7.71E+07     0.99733      0.00010585    7.71E+07     0.00010585    8.71E+07     2.5235E+05    
   7.72E+07     0.99733      0.00010585    7.72E+07     0.00010585    8.72E+07     2.5257E+05    
   7.73E+07     0.99733      0.00010575    7.73E+07     0.00010575    8.73E+07     2.5269E+05    
   7.74E+07     0.99733      0.0001056     7.74E+07     0.0001056     8.74E+07     2.5267E+05    
   7.75E+07     0.99732      0.0001057     7.75E+07     0.0001057     8.75E+07     2.5191E+05    
   7.76E+07     0.99732      0.00010556    7.76E+07     0.00010556    8.76E+07     2.5212E+05    
   7.77E+07     0.99732      0.00010544    7.77E+07     0.00010544    8.77E+07     2.5186E+05    
   7.78E+07     0.99732      0.00010533    7.78E+07     0.00010533    8.78E+07     2.5187E+05    
   7.79E+07     0.99732      0.0001052     7.79E+07     0.0001052     8.79E+07     2.5153E+05    
   7.8E+07      0.99732      0.00010506    7.8E+07      0.00010506    8.8E+07      2.5189E+05    
   7.81E+07     0.99731      0.000105      7.81E+07     0.000105      8.81E+07     2.5225E+05    
   7.82E+07     0.99731      0.00010485    7.82E+07     0.00010485    8.82E+07     2.5251E+05    
   7.83E+07     0.99732      0.00010473    7.83E+07     0.00010473    8.83E+07     2.523E+05     
   7.84E+07     0.99731      0.0001046     7.84E+07     0.0001046     8.84E+07     2.5144E+05    
   7.85E+07     0.99732      0.00010447    7.85E+07     0.00010447    8.85E+07     2.5172E+05    
   7.86E+07     0.99732      0.00010435    7.86E+07     0.00010435    8.86E+07     2.5206E+05    
   7.87E+07     0.99732      0.0001042     7.87E+07     0.0001042     8.87E+07     2.5239E+05    
   7.88E+07     0.99732      0.00010406    7.88E+07     0.00010406    8.88E+07     2.5177E+05    
   7.89E+07     0.99732      0.00010392    7.89E+07     0.00010392    8.89E+07     2.5028E+05    
   7.9E+07      0.99732      0.00010386    7.9E+07      0.00010386    8.9E+07      2.5063E+05    
   7.91E+07     0.99732      0.00010373    7.91E+07     0.00010373    8.91E+07     2.5063E+05    
   7.92E+07     0.99732      0.00010359    7.92E+07     0.00010359    8.92E+07     2.4993E+05    
   7.93E+07     0.99732      0.00010346    7.93E+07     0.00010346    8.93E+07     2.5025E+05    
   7.94E+07     0.99733      0.00010342    7.94E+07     0.00010342    8.94E+07     2.506E+05     
   7.95E+07     0.99732      0.00010331    7.95E+07     0.00010331    8.95E+07     2.5064E+05    
   7.96E+07     0.99732      0.00010317    7.96E+07     0.00010317    8.96E+07     2.5088E+05    
   7.97E+07     0.99732      0.00010303    7.97E+07     0.00010303    8.97E+07     2.5095E+05    
   7.98E+07     0.99732      0.00010288    7.98E+07     0.00010288    8.98E+07     2.5105E+05    
   7.99E+07     0.99732      0.00010298    7.99E+07     0.00010298    8.99E+07     2.5137E+05    
   8E+07        0.99732      0.0001031     8E+07        0.0001031     9E+07        2.5166E+05    
   8.01E+07     0.99733      0.00010314    8.01E+07     0.00010314    9.01E+07     2.518E+05     
   8.02E+07     0.99733      0.00010308    8.02E+07     0.00010308    9.02E+07     2.5194E+05    
   8.03E+07     0.99732      0.00010308    8.03E+07     0.00010308    9.03E+07     2.522E+05     
   8.04E+07     0.99732      0.00010294    8.04E+07     0.00010294    9.04E+07     2.5255E+05    
   8.05E+07     0.99732      0.00010279    8.05E+07     0.00010279    9.05E+07     2.5273E+05    
   8.06E+07     0.99732      0.00010265    8.06E+07     0.00010265    9.06E+07     2.5302E+05    
   8.07E+07     0.99731      0.00010263    8.07E+07     0.00010263    9.07E+07     2.5334E+05    
   8.08E+07     0.99731      0.00010273    8.08E+07     0.00010273    9.08E+07     2.5338E+05    
   8.09E+07     0.99731      0.00010262    8.09E+07     0.00010262    9.09E+07     2.5241E+05    
   8.1E+07      0.9973       0.00010264    8.1E+07      0.00010264    9.1E+07      2.5276E+05    
   8.11E+07     0.9973       0.0001027     8.11E+07     0.0001027     9.11E+07     2.5309E+05    
   8.12E+07     0.99731      0.00010286    8.12E+07     0.00010286    9.12E+07     2.5252E+05    
   8.13E+07     0.99731      0.00010274    8.13E+07     0.00010274    9.13E+07     2.5247E+05    
   8.14E+07     0.99731      0.00010273    8.14E+07     0.00010273    9.14E+07     2.5241E+05    
   8.15E+07     0.99732      0.00010263    8.15E+07     0.00010263    9.15E+07     2.5275E+05    
   8.16E+07     0.99733      0.00010314    8.16E+07     0.00010314    9.16E+07     2.5293E+05    
   8.17E+07     0.99733      0.00010299    8.17E+07     0.00010299    9.17E+07     2.532E+05     
   8.18E+07     0.99732      0.00010287    8.18E+07     0.00010287    9.18E+07     2.5347E+05    
   8.19E+07     0.99733      0.00010287    8.19E+07     0.00010287    9.19E+07     2.5379E+05    
   8.2E+07      0.99733      0.00010273    8.2E+07      0.00010273    9.2E+07      2.5292E+05    
   8.21E+07     0.99733      0.00010268    8.21E+07     0.00010268    9.21E+07     2.5324E+05    
   8.22E+07     0.99734      0.00010254    8.22E+07     0.00010254    9.22E+07     2.5353E+05    
   8.23E+07     0.99733      0.00010244    8.23E+07     0.00010244    9.23E+07     2.5385E+05    
   8.24E+07     0.99733      0.00010232    8.24E+07     0.00010232    9.24E+07     2.528E+05     
   8.25E+07     0.99733      0.00010218    8.25E+07     0.00010218    9.25E+07     2.5287E+05    
   8.26E+07     0.99734      0.00010231    8.26E+07     0.00010231    9.26E+07     2.5299E+05    
   8.27E+07     0.99734      0.00010216    8.27E+07     0.00010216    9.27E+07     2.5308E+05    
   8.28E+07     0.99734      0.00010211    8.28E+07     0.00010211    9.28E+07     2.5305E+05    
   8.29E+07     0.99734      0.00010199    8.29E+07     0.00010199    9.29E+07     2.5297E+05    
   8.3E+07      0.99734      0.0001019     8.3E+07      0.0001019     9.3E+07      2.533E+05     
   8.31E+07     0.99734      0.00010181    8.31E+07     0.00010181    9.31E+07     2.5358E+05    
   8.32E+07     0.99734      0.00010168    8.32E+07     0.00010168    9.32E+07     2.5383E+05    
   8.33E+07     0.99734      0.00010163    8.33E+07     0.00010163    9.33E+07     2.5414E+05    
   8.34E+07     0.99734      0.00010171    8.34E+07     0.00010171    9.34E+07     2.5447E+05    
   8.35E+07     0.99734      0.00010166    8.35E+07     0.00010166    9.35E+07     2.5456E+05    
   8.36E+07     0.99734      0.00010152    8.36E+07     0.00010152    9.36E+07     2.549E+05     
   8.37E+07     0.99734      0.0001014     8.37E+07     0.0001014     9.37E+07     2.5507E+05    
   8.38E+07     0.99734      0.00010129    8.38E+07     0.00010129    9.38E+07     2.5511E+05    
   8.39E+07     0.99734      0.00010115    8.39E+07     0.00010115    9.39E+07     2.5513E+05    
   8.4E+07      0.99734      0.00010102    8.4E+07      0.00010102    9.4E+07      2.5481E+05    
   8.41E+07     0.99733      0.00010103    8.41E+07     0.00010103    9.41E+07     2.5514E+05    
   8.42E+07     0.99733      0.00010093    8.42E+07     0.00010093    9.42E+07     2.5533E+05    
   8.43E+07     0.99733      0.00010079    8.43E+07     0.00010079    9.43E+07     2.5557E+05    
   8.44E+07     0.99733      0.0001007     8.44E+07     0.0001007     9.44E+07     2.5587E+05    
   8.45E+07     0.99732      0.00010074    8.45E+07     0.00010074    9.45E+07     2.5616E+05    
   8.46E+07     0.99732      0.00010062    8.46E+07     0.00010062    9.46E+07     2.5648E+05    
   8.47E+07     0.99732      0.00010049    8.47E+07     0.00010049    9.47E+07     2.5678E+05    
   8.48E+07     0.99733      0.00010038    8.48E+07     0.00010038    9.48E+07     2.5671E+05    
   8.49E+07     0.99732      0.00010026    8.49E+07     0.00010026    9.49E+07     2.566E+05     
   8.5E+07      0.99732      0.00010016    8.5E+07      0.00010016    9.5E+07      2.5579E+05    
   8.51E+07     0.99732      0.00010004    8.51E+07     0.00010004    9.51E+07     2.5603E+05    
   8.52E+07     0.99732      9.9914E-05    8.52E+07     9.9914E-05    9.52E+07     2.5621E+05    
   8.53E+07     0.99731      9.9853E-05    8.53E+07     9.9853E-05    9.53E+07     2.5574E+05    
   8.54E+07     0.99732      9.9841E-05    8.54E+07     9.9841E-05    9.54E+07     2.5607E+05    
   8.55E+07     0.99732      9.9805E-05    8.55E+07     9.9805E-05    9.55E+07     2.5625E+05    
   8.56E+07     0.99733      9.9787E-05    8.56E+07     9.9787E-05    9.56E+07     2.5637E+05    
   8.57E+07     0.99734      9.9966E-05    8.57E+07     9.9966E-05    9.57E+07     2.5529E+05    
   8.58E+07     0.99733      0.00010001    8.58E+07     0.00010001    9.58E+07     2.5527E+05    
   8.59E+07     0.99734      0.00010001    8.59E+07     0.00010001    9.59E+07     2.5559E+05    
   8.6E+07      0.99734      9.9899E-05    8.6E+07      9.9899E-05    9.6E+07      2.5547E+05    
   8.61E+07     0.99734      9.9787E-05    8.61E+07     9.9787E-05    9.61E+07     2.5551E+05    
   8.62E+07     0.99734      9.9779E-05    8.62E+07     9.9779E-05    9.62E+07     2.554E+05     
   8.63E+07     0.99734      9.9655E-05    8.63E+07     9.9655E-05    9.63E+07     2.5546E+05    
   8.64E+07     0.99734      9.9552E-05    8.64E+07     9.9552E-05    9.64E+07     2.5536E+05    
   8.65E+07     0.99734      9.9423E-05    8.65E+07     9.9423E-05    9.65E+07     2.5536E+05    
   8.66E+07     0.99734      9.9409E-05    8.66E+07     9.9409E-05    9.66E+07     2.5561E+05    
   8.67E+07     0.99734      9.9294E-05    8.67E+07     9.9294E-05    9.67E+07     2.5574E+05    
   8.68E+07     0.99734      9.9175E-05    8.68E+07     9.9175E-05    9.68E+07     2.5595E+05    
   8.69E+07     0.99734      9.905E-05     8.69E+07     9.905E-05     9.69E+07     2.5627E+05    
   8.7E+07      0.99734      9.896E-05     8.7E+07      9.896E-05     9.7E+07      2.5651E+05    
   8.71E+07     0.99735      9.8856E-05    8.71E+07     9.8856E-05    9.71E+07     2.5683E+05    
   8.72E+07     0.99735      9.8757E-05    8.72E+07     9.8757E-05    9.72E+07     2.5688E+05    
   8.73E+07     0.99735      9.8677E-05    8.73E+07     9.8677E-05    9.73E+07     2.5681E+05    
   8.74E+07     0.99735      9.8623E-05    8.74E+07     9.8623E-05    9.74E+07     2.5709E+05    
   8.75E+07     0.99735      9.8715E-05    8.75E+07     9.8715E-05    9.75E+07     2.5712E+05    
   8.76E+07     0.99735      9.8619E-05    8.76E+07     9.8619E-05    9.76E+07     2.5743E+05    
   8.77E+07     0.99735      9.8614E-05    8.77E+07     9.8614E-05    9.77E+07     2.5775E+05    
   8.78E+07     0.99734      9.8553E-05    8.78E+07     9.8553E-05    9.78E+07     2.5802E+05    
   8.79E+07     0.99734      9.8563E-05    8.79E+07     9.8563E-05    9.79E+07     2.5835E+05    
   8.8E+07      0.99734      9.8437E-05    8.8E+07      9.8437E-05    9.8E+07      2.5859E+05    
   8.81E+07     0.99734      9.8311E-05    8.81E+07     9.8311E-05    9.81E+07     2.589E+05     
   8.82E+07     0.99734      9.8203E-05    8.82E+07     9.8203E-05    9.82E+07     2.5915E+05    
   8.83E+07     0.99734      9.8188E-05    8.83E+07     9.8188E-05    9.83E+07     2.594E+05     
   8.84E+07     0.99733      9.8301E-05    8.84E+07     9.8301E-05    9.84E+07     2.5936E+05    
   8.85E+07     0.99733      9.8191E-05    8.85E+07     9.8191E-05    9.85E+07     2.5723E+05    
   8.86E+07     0.99733      9.8067E-05    8.86E+07     9.8067E-05    9.86E+07     2.5715E+05    
   8.87E+07     0.99734      9.7947E-05    8.87E+07     9.7947E-05    9.87E+07     2.5707E+05    
   8.88E+07     0.99733      9.8013E-05    8.88E+07     9.8013E-05    9.88E+07     2.5724E+05    
   8.89E+07     0.99734      9.8248E-05    8.89E+07     9.8248E-05    9.89E+07     2.5754E+05    
   8.9E+07      0.99734      9.8125E-05    8.9E+07      9.8125E-05    9.9E+07      2.5776E+05    
   8.91E+07     0.99734      9.8063E-05    8.91E+07     9.8063E-05    9.91E+07     2.5803E+05    
   8.92E+07     0.99734      9.8145E-05    8.92E+07     9.8145E-05    9.92E+07     2.5831E+05    
   8.93E+07     0.99734      9.8027E-05    8.93E+07     9.8027E-05    9.93E+07     2.5805E+05    
   8.94E+07     0.99734      9.7905E-05    8.94E+07     9.7905E-05    9.94E+07     2.5768E+05    
   8.95E+07     0.99734      9.7841E-05    8.95E+07     9.7841E-05    9.95E+07     2.5743E+05    
   8.96E+07     0.99734      9.7739E-05    8.96E+07     9.7739E-05    9.96E+07     2.5774E+05    
   8.97E+07     0.99734      9.7671E-05    8.97E+07     9.7671E-05    9.97E+07     2.5797E+05    
   8.98E+07     0.99735      9.7597E-05    8.98E+07     9.7597E-05    9.98E+07     2.5823E+05    
   8.99E+07     0.99735      9.748E-05     8.99E+07     9.748E-05     9.99E+07     2.5801E+05    
   9E+07        0.99735      9.737E-05     9E+07        9.737E-05     1E+08        2.582E+05     
   9.01E+07     0.99735      9.7288E-05    9.01E+07     9.7288E-05    
   9.02E+07     0.99735      9.7207E-05    9.02E+07     9.7207E-05    
   9.03E+07     0.99735      9.7103E-05    9.03E+07     9.7103E-05    
   9.04E+07     0.99735      9.6982E-05    9.04E+07     9.6982E-05    
   9.05E+07     0.99735      9.6895E-05    9.05E+07     9.6895E-05    
   9.06E+07     0.99734      9.6785E-05    9.06E+07     9.6785E-05    
   9.07E+07     0.99735      9.6671E-05    9.07E+07     9.6671E-05    
   9.08E+07     0.99734      9.6608E-05    9.08E+07     9.6608E-05    
   9.09E+07     0.99735      9.674E-05     9.09E+07     9.674E-05     
   9.1E+07      0.99735      9.662E-05     9.1E+07      9.662E-05     
   9.11E+07     0.99735      9.6504E-05    9.11E+07     9.6504E-05    
   9.12E+07     0.99736      9.6558E-05    9.12E+07     9.6558E-05    
   9.13E+07     0.99735      9.6516E-05    9.13E+07     9.6516E-05    
   9.14E+07     0.99735      9.6474E-05    9.14E+07     9.6474E-05    
   9.15E+07     0.99735      9.6357E-05    9.15E+07     9.6357E-05    
   9.16E+07     0.99735      9.6268E-05    9.16E+07     9.6268E-05    
   9.17E+07     0.99735      9.6165E-05    9.17E+07     9.6165E-05    
   9.18E+07     0.99735      9.6061E-05    9.18E+07     9.6061E-05    
   9.19E+07     0.99735      9.5947E-05    9.19E+07     9.5947E-05    
   9.2E+07      0.99736      9.606E-05     9.2E+07      9.606E-05     
   9.21E+07     0.99736      9.5948E-05    9.21E+07     9.5948E-05    
   9.22E+07     0.99736      9.584E-05     9.22E+07     9.584E-05     
   9.23E+07     0.99736      9.5728E-05    9.23E+07     9.5728E-05    
   9.24E+07     0.99736      9.5875E-05    9.24E+07     9.5875E-05    
   9.25E+07     0.99737      9.5808E-05    9.25E+07     9.5808E-05    
   9.26E+07     0.99736      9.5734E-05    9.26E+07     9.5734E-05    
   9.27E+07     0.99736      9.5664E-05    9.27E+07     9.5664E-05    
   9.28E+07     0.99736      9.5618E-05    9.28E+07     9.5618E-05    
   9.29E+07     0.99736      9.5582E-05    9.29E+07     9.5582E-05    
   9.3E+07      0.99736      9.5467E-05    9.3E+07      9.5467E-05    
   9.31E+07     0.99736      9.5364E-05    9.31E+07     9.5364E-05    
   9.32E+07     0.99736      9.5266E-05    9.32E+07     9.5266E-05    
   9.33E+07     0.99736      9.5153E-05    9.33E+07     9.5153E-05    
   9.34E+07     0.99736      9.5041E-05    9.34E+07     9.5041E-05    
   9.35E+07     0.99737      9.4973E-05    9.35E+07     9.4973E-05    
   9.36E+07     0.99737      9.486E-05     9.36E+07     9.486E-05     
   9.37E+07     0.99737      9.4776E-05    9.37E+07     9.4776E-05    
   9.38E+07     0.99737      9.4718E-05    9.38E+07     9.4718E-05    
   9.39E+07     0.99738      9.4664E-05    9.39E+07     9.4664E-05    
   9.4E+07      0.99737      9.4672E-05    9.4E+07      9.4672E-05    
   9.41E+07     0.99737      9.456E-05     9.41E+07     9.456E-05     
   9.42E+07     0.99737      9.4473E-05    9.42E+07     9.4473E-05    
   9.43E+07     0.99737      9.438E-05     9.43E+07     9.438E-05     
   9.44E+07     0.99737      9.4273E-05    9.44E+07     9.4273E-05    
   9.45E+07     0.99737      9.4171E-05    9.45E+07     9.4171E-05    
   9.46E+07     0.99737      9.4061E-05    9.46E+07     9.4061E-05    
   9.47E+07     0.99736      9.3955E-05    9.47E+07     9.3955E-05    
   9.48E+07     0.99737      9.392E-05     9.48E+07     9.392E-05     
   9.49E+07     0.99737      9.389E-05     9.49E+07     9.389E-05     
   9.5E+07      0.99738      9.3988E-05    9.5E+07      9.3988E-05    
   9.51E+07     0.99738      9.3893E-05    9.51E+07     9.3893E-05    
   9.52E+07     0.99738      9.3812E-05    9.52E+07     9.3812E-05    
   9.53E+07     0.99738      9.3848E-05    9.53E+07     9.3848E-05    
   9.54E+07     0.99738      9.3739E-05    9.54E+07     9.3739E-05    
   9.55E+07     0.99738      9.3657E-05    9.55E+07     9.3657E-05    
   9.56E+07     0.99738      9.3587E-05    9.56E+07     9.3587E-05    
   9.57E+07     0.99738      9.3735E-05    9.57E+07     9.3735E-05    
   9.58E+07     0.99737      9.369E-05     9.58E+07     9.369E-05     
   9.59E+07     0.99737      9.3581E-05    9.59E+07     9.3581E-05    
   9.6E+07      0.99737      9.3554E-05    9.6E+07      9.3554E-05    
   9.61E+07     0.99737      9.3499E-05    9.61E+07     9.3499E-05    
   9.62E+07     0.99737      9.347E-05     9.62E+07     9.347E-05     
   9.63E+07     0.99737      9.3408E-05    9.63E+07     9.3408E-05    
   9.64E+07     0.99737      9.3379E-05    9.64E+07     9.3379E-05    
   9.65E+07     0.99736      9.333E-05     9.65E+07     9.333E-05     
   9.66E+07     0.99737      9.3236E-05    9.66E+07     9.3236E-05    
   9.67E+07     0.99737      9.3163E-05    9.67E+07     9.3163E-05    
   9.68E+07     0.99737      9.3076E-05    9.68E+07     9.3076E-05    
   9.69E+07     0.99737      9.297E-05     9.69E+07     9.297E-05     
   9.7E+07      0.99737      9.288E-05     9.7E+07      9.288E-05     
   9.71E+07     0.99737      9.2774E-05    9.71E+07     9.2774E-05    
   9.72E+07     0.99737      9.2716E-05    9.72E+07     9.2716E-05    
   9.73E+07     0.99737      9.268E-05     9.73E+07     9.268E-05     
   9.74E+07     0.99737      9.2583E-05    9.74E+07     9.2583E-05    
   9.75E+07     0.99737      9.2531E-05    9.75E+07     9.2531E-05    
   9.76E+07     0.99737      9.2425E-05    9.76E+07     9.2425E-05    
   9.77E+07     0.99738      9.232E-05     9.77E+07     9.232E-05     
   9.78E+07     0.99737      9.2225E-05    9.78E+07     9.2225E-05    
   9.79E+07     0.99737      9.212E-05     9.79E+07     9.212E-05     
   9.8E+07      0.99738      9.2024E-05    9.8E+07      9.2024E-05    
   9.81E+07     0.99738      9.1922E-05    9.81E+07     9.1922E-05    
   9.82E+07     0.99738      9.1831E-05    9.82E+07     9.1831E-05    
   9.83E+07     0.99738      9.174E-05     9.83E+07     9.174E-05     
   9.84E+07     0.99738      9.17E-05      9.84E+07     9.17E-05      
   9.85E+07     0.99739      9.2031E-05    9.85E+07     9.2031E-05    
   9.86E+07     0.99739      9.1998E-05    9.86E+07     9.1998E-05    
   9.87E+07     0.99739      9.1967E-05    9.87E+07     9.1967E-05    
   9.88E+07     0.99739      9.1889E-05    9.88E+07     9.1889E-05    
   9.89E+07     0.99739      9.1788E-05    9.89E+07     9.1788E-05    
   9.9E+07      0.99739      9.1703E-05    9.9E+07      9.1703E-05    
   9.91E+07     0.99739      9.1609E-05    9.91E+07     9.1609E-05    
   9.92E+07     0.99739      9.1513E-05    9.92E+07     9.1513E-05    
   9.93E+07     0.99739      9.1512E-05    9.93E+07     9.1512E-05    
   9.94E+07     0.9974       9.1531E-05    9.94E+07     9.1531E-05    
   9.95E+07     0.9974       9.153E-05     9.95E+07     9.153E-05     
   9.96E+07     0.9974       9.1429E-05    9.96E+07     9.1429E-05    
   9.97E+07     0.9974       9.1342E-05    9.97E+07     9.1342E-05    
   9.98E+07     0.9974       9.125E-05     9.98E+07     9.125E-05     
   9.99E+07     0.9974       9.1243E-05    9.99E+07     9.1243E-05    
   1E+08        0.99741      9.1164E-05    1E+08        9.1164E-05    
