# This file is written with the intent of being used to plot the data with 
# Gnuplot.  It contains no information regarding how the plot should be 
# formatted.
# =========================================================================
# Research/ArnoldivsPower -f Power1-w50-10.dat -t 100000 -A -c 100 -C 900 -w 50 -b 75 -r  seed = 84671765
# filename = Power1-w50-10.dat, run = true, power = true, Arnoldi = false, storevectors = 0, raw = false, evectors = 2, evalues = 2, residual = false, arnoldimethod = implicit, tol = 2.22045e-16, verbose = 1, seed = 0, width = 50, bins = 75, acycles = 900, incycles = 100, active = 20, inactive = 0, Iterations = 10, numValues = 2, relaxed = 0, tracks = 100000, ignore_rest = false, version = false, help = false, 

#  1            2            3             4            5             6            7             8            9            
# |-            Power values           -| |-   Power eValues SD   -| |-       FOM-Power      -| |-     Power vector     -| 
#  x-coord      y-coord      error         x-coord      y-coord       x-coord      y-coord       x-coord      y-coord       
   1E+05        0.98029      0             1E+05        0             1.01E+07     0             0.33333      0.0098872     
   2E+05        0.98494      0             2E+05        0             1.02E+07     2.8043E+05    1            0.016976      
   3E+05        0.98824      0             3E+05        0             1.03E+07     31889         1.6667       0.023728      
   4E+05        0.98957      0             4E+05        0             1.04E+07     40033         2.3333       0.03046       
   5E+05        0.99376      0             5E+05        0             1.05E+07     25834         3            0.037014      
   6E+05        0.99239      0             6E+05        0             1.06E+07     25913         3.6667       0.043616      
   7E+05        0.99276      0             7E+05        0             1.07E+07     34556         4.3333       0.050261      
   8E+05        0.99395      0             8E+05        0             1.08E+07     27568         5            0.056394      
   9E+05        0.98882      0             9E+05        0             1.09E+07     25984         5.6667       0.062866      
   1E+06        0.99132      0             1E+06        0             1.1E+07      26695         6.3333       0.069064      
   1.1E+06      0.99559      0             1.1E+06      0             1.11E+07     27572         7            0.075553      
   1.2E+06      0.99551      0             1.2E+06      0             1.12E+07     32127         7.6667       0.08144       
   1.3E+06      0.99005      0             1.3E+06      0             1.13E+07     37008         8.3333       0.087496      
   1.4E+06      0.99389      0             1.4E+06      0             1.14E+07     34534         9            0.092855      
   1.5E+06      0.99078      0             1.5E+06      0             1.15E+07     39286         9.6667       0.098657      
   1.6E+06      0.99023      0             1.6E+06      0             1.16E+07     43104         10.333       0.10376       
   1.7E+06      0.99743      0             1.7E+06      0             1.17E+07     36857         11           0.10888       
   1.8E+06      0.98928      0             1.8E+06      0             1.18E+07     36806         11.667       0.11364       
   1.9E+06      0.99349      0             1.9E+06      0             1.19E+07     38344         12.333       0.11804       
   2E+06        0.99607      0             2E+06        0             1.2E+07      42065         13           0.1231        
   2.1E+06      0.9936       0             2.1E+06      0             1.21E+07     45934         13.667       0.12707       
   2.2E+06      0.99531      0             2.2E+06      0             1.22E+07     49944         14.333       0.13141       
   2.3E+06      0.99979      0             2.3E+06      0             1.23E+07     54122         15           0.13455       
   2.4E+06      1.0042       0             2.4E+06      0             1.24E+07     52120         15.667       0.13813       
   2.5E+06      0.99401      0             2.5E+06      0             1.25E+07     55915         16.333       0.14141       
   2.6E+06      0.99519      0             2.6E+06      0             1.26E+07     59019         17           0.14454       
   2.7E+06      0.9989       0             2.7E+06      0             1.27E+07     62014         17.667       0.14769       
   2.8E+06      0.99578      0             2.8E+06      0             1.28E+07     64321         18.333       0.15021       
   2.9E+06      0.9958       0             2.9E+06      0             1.29E+07     68447         19           0.15249       
   3E+06        1.0007       0             3E+06        0             1.3E+07      72692         19.667       0.15471       
   3.1E+06      0.99601      0             3.1E+06      0             1.31E+07     77021         20.333       0.15634       
   3.2E+06      0.99934      0             3.2E+06      0             1.32E+07     74547         21           0.15777       
   3.3E+06      0.99407      0             3.3E+06      0             1.33E+07     74627         21.667       0.15928       
   3.4E+06      0.99305      0             3.4E+06      0             1.34E+07     71287         22.333       0.16013       
   3.5E+06      0.99725      0             3.5E+06      0             1.35E+07     74357         23           0.1607        
   3.6E+06      0.99613      0             3.6E+06      0             1.36E+07     75378         23.667       0.16163       
   3.7E+06      0.99589      0             3.7E+06      0             1.37E+07     72987         24.333       0.16143       
   3.8E+06      0.99997      0             3.8E+06      0             1.38E+07     75634         25           0.16115       
   3.9E+06      0.99859      0             3.9E+06      0             1.39E+07     79007         25.667       0.16065       
   4E+06        0.99893      0             4E+06        0             1.4E+07      78514         26.333       0.16028       
   4.1E+06      1.0022       0             4.1E+06      0             1.41E+07     80175         27           0.15943       
   4.2E+06      0.99291      0             4.2E+06      0             1.42E+07     81715         27.667       0.15815       
   4.3E+06      0.998        0             4.3E+06      0             1.43E+07     83812         28.333       0.15657       
   4.4E+06      0.99813      0             4.4E+06      0             1.44E+07     83810         29           0.15429       
   4.5E+06      0.99601      0             4.5E+06      0             1.45E+07     86713         29.667       0.15283       
   4.6E+06      1.0012       0             4.6E+06      0             1.46E+07     89615         30.333       0.14983       
   4.7E+06      0.99621      0             4.7E+06      0             1.47E+07     91298         31           0.14729       
   4.8E+06      0.99786      0             4.8E+06      0             1.48E+07     80622         31.667       0.14432       
   4.9E+06      0.99362      0             4.9E+06      0             1.49E+07     81562         32.333       0.14154       
   5E+06        0.99653      0             5E+06        0             1.5E+07      83792         33           0.1385        
   5.1E+06      0.9953       0             5.1E+06      0             1.51E+07     86605         33.667       0.13509       
   5.2E+06      0.99379      0             5.2E+06      0             1.52E+07     87412         34.333       0.13138       
   5.3E+06      0.99602      0             5.3E+06      0             1.53E+07     85373         35           0.12733       
   5.4E+06      1.0014       0             5.4E+06      0             1.54E+07     87998         35.667       0.12336       
   5.5E+06      0.99868      0             5.5E+06      0             1.55E+07     90197         36.333       0.11972       
   5.6E+06      0.99399      0             5.6E+06      0             1.56E+07     89859         37           0.11597       
   5.7E+06      0.99184      0             5.7E+06      0             1.57E+07     91970         37.667       0.11168       
   5.8E+06      0.9927       0             5.8E+06      0             1.58E+07     89656         38.333       0.10715       
   5.9E+06      0.99802      0             5.9E+06      0             1.59E+07     90908         39           0.10293       
   6E+06        0.99131      0             6E+06        0             1.6E+07      93193         39.667       0.097705      
   6.1E+06      0.99763      0             6.1E+06      0             1.61E+07     95640         40.333       0.092671      
   6.2E+06      0.99574      0             6.2E+06      0             1.62E+07     98174         41           0.087697      
   6.3E+06      1.0014       0             6.3E+06      0             1.63E+07     99298         41.667       0.08247       
   6.4E+06      0.99259      0             6.4E+06      0             1.64E+07     1.0187E+05    42.333       0.076867      
   6.5E+06      0.99578      0             6.5E+06      0             1.65E+07     1.0283E+05    43           0.071107      
   6.6E+06      0.99429      0             6.6E+06      0             1.66E+07     1.0482E+05    43.667       0.065495      
   6.7E+06      0.99997      0             6.7E+06      0             1.67E+07     1.0339E+05    44.333       0.059436      
   6.8E+06      0.99662      0             6.8E+06      0             1.68E+07     1.0461E+05    45           0.05339       
   6.9E+06      0.99207      0             6.9E+06      0             1.69E+07     1.0456E+05    45.667       0.046993      
   7E+06        0.9956       0             7E+06        0             1.7E+07      1.0611E+05    46.333       0.040718      
   7.1E+06      0.99743      0             7.1E+06      0             1.71E+07     1.0669E+05    47           0.034394      
   7.2E+06      0.99522      0             7.2E+06      0             1.72E+07     1.0874E+05    47.667       0.028444      
   7.3E+06      0.99736      0             7.3E+06      0             1.73E+07     1.0768E+05    48.333       0.022055      
   7.4E+06      0.99582      0             7.4E+06      0             1.74E+07     1.0719E+05    49           0.015975      
   7.5E+06      1.0018       0             7.5E+06      0             1.75E+07     1.0459E+05    49.667       0.0092633     
   7.6E+06      0.9926       0             7.6E+06      0             1.76E+07     1.0652E+05    
   7.7E+06      0.99514      0             7.7E+06      0             1.77E+07     1.0783E+05    
   7.8E+06      1.0024       0             7.8E+06      0             1.78E+07     1.0966E+05    
   7.9E+06      0.9943       0             7.9E+06      0             1.79E+07     1.1058E+05    
   8E+06        0.99634      0             8E+06        0             1.8E+07      1.0968E+05    
   8.1E+06      0.99646      0             8.1E+06      0             1.81E+07     1.1157E+05    
   8.2E+06      0.99537      0             8.2E+06      0             1.82E+07     1.1315E+05    
   8.3E+06      0.99726      0             8.3E+06      0             1.83E+07     1.1148E+05    
   8.4E+06      1            0             8.4E+06      0             1.84E+07     1.12E+05      
   8.5E+06      1.001        0             8.5E+06      0             1.85E+07     1.1175E+05    
   8.6E+06      1.0002       0             8.6E+06      0             1.86E+07     1.1165E+05    
   8.7E+06      1.0004       0             8.7E+06      0             1.87E+07     1.132E+05     
   8.8E+06      0.99535      0             8.8E+06      0             1.88E+07     1.1327E+05    
   8.9E+06      0.9948       0             8.9E+06      0             1.89E+07     1.1337E+05    
   9E+06        0.99572      0             9E+06        0             1.9E+07      1.1503E+05    
   9.1E+06      0.99596      0             9.1E+06      0             1.91E+07     1.1644E+05    
   9.2E+06      0.99312      0             9.2E+06      0             1.92E+07     1.1788E+05    
   9.3E+06      0.99699      0             9.3E+06      0             1.93E+07     1.1926E+05    
   9.4E+06      0.99652      0             9.4E+06      0             1.94E+07     1.2014E+05    
   9.5E+06      0.99696      0             9.5E+06      0             1.95E+07     1.2175E+05    
   9.6E+06      0.99565      0             9.6E+06      0             1.96E+07     1.2364E+05    
   9.7E+06      0.99562      0             9.7E+06      0             1.97E+07     1.2028E+05    
   9.8E+06      0.99698      0             9.8E+06      0             1.98E+07     1.2131E+05    
   9.9E+06      0.99848      0             9.9E+06      0             1.99E+07     1.2315E+05    
   1E+07        1.003        0             1E+07        0             2E+07        1.2497E+05    
   1.01E+07     0.99659      NAN           1.01E+07     NAN           2.01E+07     1.2613E+05    
   1.02E+07     0.99621      0.00027131    1.02E+07     0.00027131    2.02E+07     1.2482E+05    
   1.03E+07     0.99716      0.00079985    1.03E+07     0.00079985    2.03E+07     1.2655E+05    
   1.04E+07     0.9976       0.00071052    1.04E+07     0.00071052    2.04E+07     1.2804E+05    
   1.05E+07     0.99836      0.00088012    1.05E+07     0.00088012    2.05E+07     1.2419E+05    
   1.06E+07     0.99783      0.00087475    1.06E+07     0.00087475    2.06E+07     1.2565E+05    
   1.07E+07     0.99791      0.00075348    1.07E+07     0.00075348    2.07E+07     1.2631E+05    
   1.08E+07     0.99736      0.00083981    1.08E+07     0.00083981    2.08E+07     1.2777E+05    
   1.09E+07     0.99781      0.00086096    1.09E+07     0.00086096    2.09E+07     1.2899E+05    
   1.1E+07      0.99746      0.00084567    1.1E+07      0.00084567    2.1E+07      1.307E+05     
   1.11E+07     0.99778      0.00082832    1.11E+07     0.00082832    2.11E+07     1.3212E+05    
   1.12E+07     0.99786      0.00076348    1.12E+07     0.00076348    2.12E+07     1.3385E+05    
   1.13E+07     0.99794      0.0007083     1.13E+07     0.0007083     2.13E+07     1.3558E+05    
   1.14E+07     0.99761      0.00072993    1.14E+07     0.00072993    2.14E+07     1.3626E+05    
   1.15E+07     0.99759      0.00068147    1.15E+07     0.00068147    2.15E+07     1.3702E+05    
   1.16E+07     0.9977       0.00064744    1.16E+07     0.00064744    2.16E+07     1.3852E+05    
   1.17E+07     0.99735      0.00069727    1.17E+07     0.00069727    2.17E+07     1.4016E+05    
   1.18E+07     0.99712      0.00069477    1.18E+07     0.00069477    2.18E+07     1.4064E+05    
   1.19E+07     0.99729      0.00067792    1.19E+07     0.00067792    2.19E+07     1.4201E+05    
   1.2E+07      0.9973       0.00064406    1.2E+07      0.00064406    2.2E+07      1.3884E+05    
   1.21E+07     0.99732      0.00061387    1.21E+07     0.00061387    2.21E+07     1.3922E+05    
   1.22E+07     0.99734      0.00058616    1.22E+07     0.00058616    2.22E+07     1.4051E+05    
   1.23E+07     0.99732      0.00056086    1.23E+07     0.00056086    2.23E+07     1.4195E+05    
   1.24E+07     0.99751      0.00056894    1.24E+07     0.00056894    2.24E+07     1.4216E+05    
   1.25E+07     0.99748      0.00054717    1.25E+07     0.00054717    2.25E+07     1.4349E+05    
   1.26E+07     0.99755      0.00053052    1.26E+07     0.00053052    2.26E+07     1.4388E+05    
   1.27E+07     0.99762      0.00051551    1.27E+07     0.00051551    2.27E+07     1.4051E+05    
   1.28E+07     0.9977       0.00050405    1.28E+07     0.00050405    2.28E+07     1.4155E+05    
   1.29E+07     0.9977       0.00048667    1.29E+07     0.00048667    2.29E+07     1.4199E+05    
   1.3E+07      0.99771      0.0004705     1.3E+07      0.0004705     2.3E+07      1.4321E+05    
   1.31E+07     0.99771      0.00045532    1.31E+07     0.00045532    2.31E+07     1.4432E+05    
   1.32E+07     0.99785      0.00046098    1.32E+07     0.00046098    2.32E+07     1.4538E+05    
   1.33E+07     0.99774      0.00045903    1.33E+07     0.00045903    2.33E+07     1.4686E+05    
   1.34E+07     0.99789      0.00046797    1.34E+07     0.00046797    2.34E+07     1.4815E+05    
   1.35E+07     0.99793      0.00045645    1.35E+07     0.00045645    2.35E+07     1.4967E+05    
   1.36E+07     0.99784      0.00045147    1.36E+07     0.00045147    2.36E+07     1.5113E+05    
   1.37E+07     0.99797      0.00045711    1.37E+07     0.00045711    2.37E+07     1.5272E+05    
   1.38E+07     0.99793      0.00044745    1.38E+07     0.00044745    2.38E+07     1.542E+05     
   1.39E+07     0.99791      0.00043626    1.39E+07     0.00043626    2.39E+07     1.5321E+05    
   1.4E+07      0.99781      0.00043597    1.4E+07      0.00043597    2.4E+07      1.5283E+05    
   1.41E+07     0.99775      0.00042994    1.41E+07     0.00042994    2.41E+07     1.5424E+05    
   1.42E+07     0.99781      0.00042432    1.42E+07     0.00042432    2.42E+07     1.5565E+05    
   1.43E+07     0.99776      0.00041756    1.43E+07     0.00041756    2.43E+07     1.5654E+05    
   1.44E+07     0.99768      0.00041598    1.44E+07     0.00041598    2.44E+07     1.5807E+05    
   1.45E+07     0.99765      0.00040758    1.45E+07     0.00040758    2.45E+07     1.5924E+05    
   1.46E+07     0.99768      0.0003995     1.46E+07     0.0003995     2.46E+07     1.6059E+05    
   1.47E+07     0.99763      0.0003945     1.47E+07     0.0003945     2.47E+07     1.6211E+05    
   1.48E+07     0.99779      0.00041814    1.48E+07     0.00041814    2.48E+07     1.6276E+05    
   1.49E+07     0.99772      0.00041437    1.49E+07     0.00041437    2.49E+07     1.6433E+05    
   1.5E+07      0.99769      0.00040743    1.5E+07      0.00040743    2.5E+07      1.6568E+05    
   1.51E+07     0.99769      0.00039946    1.51E+07     0.00039946    2.51E+07     1.6723E+05    
   1.52E+07     0.99775      0.00039634    1.52E+07     0.00039634    2.52E+07     1.674E+05     
   1.53E+07     0.99785      0.00039958    1.53E+07     0.00039958    2.53E+07     1.6895E+05    
   1.54E+07     0.99784      0.00039233    1.54E+07     0.00039233    2.54E+07     1.6752E+05    
   1.55E+07     0.99787      0.0003862     1.55E+07     0.0003862     2.55E+07     1.6633E+05    
   1.56E+07     0.99794      0.00038572    1.56E+07     0.00038572    2.56E+07     1.6634E+05    
   1.57E+07     0.99796      0.00037991    1.57E+07     0.00037991    2.57E+07     1.6761E+05    
   1.58E+07     0.99787      0.0003836     1.58E+07     0.0003836     2.58E+07     1.6902E+05    
   1.59E+07     0.99792      0.00037972    1.59E+07     0.00037972    2.59E+07     1.6976E+05    
   1.6E+07      0.99794      0.00037389    1.6E+07      0.00037389    2.6E+07      1.6898E+05    
   1.61E+07     0.99794      0.00036777    1.61E+07     0.00036777    2.61E+07     1.6873E+05    
   1.62E+07     0.99793      0.00036191    1.62E+07     0.00036191    2.62E+07     1.7014E+05    
   1.63E+07     0.99789      0.00035865    1.63E+07     0.00035865    2.63E+07     1.7142E+05    
   1.64E+07     0.99789      0.00035305    1.64E+07     0.00035305    2.64E+07     1.7282E+05    
   1.65E+07     0.99784      0.00035021    1.65E+07     0.00035021    2.65E+07     1.7426E+05    
   1.66E+07     0.99787      0.00034585    1.66E+07     0.00034585    2.66E+07     1.7564E+05    
   1.67E+07     0.9978       0.00034716    1.67E+07     0.00034716    2.67E+07     1.7598E+05    
   1.68E+07     0.99776      0.00034413    1.68E+07     0.00034413    2.68E+07     1.7502E+05    
   1.69E+07     0.99782      0.00034308    1.69E+07     0.00034308    2.69E+07     1.7599E+05    
   1.7E+07      0.99778      0.00033956    1.7E+07      0.00033956    2.7E+07      1.7653E+05    
   1.71E+07     0.99783      0.00033766    1.71E+07     0.00033766    2.71E+07     1.7779E+05    
   1.72E+07     0.99781      0.00033345    1.72E+07     0.00033345    2.72E+07     1.7915E+05    
   1.73E+07     0.99787      0.00033412    1.73E+07     0.00033412    2.73E+07     1.7889E+05    
   1.74E+07     0.99782      0.0003339     1.74E+07     0.0003339     2.74E+07     1.7942E+05    
   1.75E+07     0.99774      0.00033705    1.75E+07     0.00033705    2.75E+07     1.7673E+05    
   1.76E+07     0.99776      0.00033301    1.76E+07     0.00033301    2.76E+07     1.7723E+05    
   1.77E+07     0.99773      0.00033005    1.77E+07     0.00033005    2.77E+07     1.7785E+05    
   1.78E+07     0.99771      0.00032635    1.78E+07     0.00032635    2.78E+07     1.7331E+05    
   1.79E+07     0.99768      0.0003241     1.79E+07     0.0003241     2.79E+07     1.7334E+05    
   1.8E+07      0.99773      0.0003245     1.8E+07      0.0003245     2.8E+07      1.7386E+05    
   1.81E+07     0.99774      0.00032076    1.81E+07     0.00032076    2.81E+07     1.7265E+05    
   1.82E+07     0.99772      0.00031763    1.82E+07     0.00031763    2.82E+07     1.7347E+05    
   1.83E+07     0.99778      0.00031915    1.83E+07     0.00031915    2.83E+07     1.7311E+05    
   1.84E+07     0.99774      0.00031756    1.84E+07     0.00031756    2.84E+07     1.7424E+05    
   1.85E+07     0.99779      0.00031686    1.85E+07     0.00031686    2.85E+07     1.7465E+05    
   1.86E+07     0.99774      0.00031613    1.86E+07     0.00031613    2.86E+07     1.7579E+05    
   1.87E+07     0.99772      0.0003131     1.87E+07     0.0003131     2.87E+07     1.7666E+05    
   1.88E+07     0.99768      0.0003122     1.88E+07     0.0003122     2.88E+07     1.7341E+05    
   1.89E+07     0.99764      0.00031107    1.89E+07     0.00031107    2.89E+07     1.7463E+05    
   1.9E+07      0.99766      0.00030803    1.9E+07      0.00030803    2.9E+07      1.7463E+05    
   1.91E+07     0.99764      0.00030535    1.91E+07     0.00030535    2.91E+07     1.7445E+05    
   1.92E+07     0.99762      0.00030271    1.92E+07     0.00030271    2.92E+07     1.7527E+05    
   1.93E+07     0.99764      0.00030006    1.93E+07     0.00030006    2.93E+07     1.7638E+05    
   1.94E+07     0.99761      0.00029822    1.94E+07     0.00029822    2.94E+07     1.7645E+05    
   1.95E+07     0.99759      0.00029547    1.95E+07     0.00029547    2.95E+07     1.7763E+05    
   1.96E+07     0.9976       0.00029248    1.96E+07     0.00029248    2.96E+07     1.7843E+05    
   1.97E+07     0.99754      0.00029567    1.97E+07     0.00029567    2.97E+07     1.7871E+05    
   1.98E+07     0.99752      0.00029369    1.98E+07     0.00029369    2.98E+07     1.7987E+05    
   1.99E+07     0.99752      0.00029073    1.99E+07     0.00029073    2.99E+07     1.8098E+05    
   2E+07        0.99752      0.0002879     2E+07        0.0002879     3E+07        1.8219E+05    
   2.01E+07     0.99754      0.00028576    2.01E+07     0.00028576    3.01E+07     1.8235E+05    
   2.02E+07     0.99759      0.00028656    2.02E+07     0.00028656    3.02E+07     1.8352E+05    
   2.03E+07     0.99758      0.00028393    2.03E+07     0.00028393    3.03E+07     1.8474E+05    
   2.04E+07     0.9976       0.00028157    2.04E+07     0.00028157    3.04E+07     1.8581E+05    
   2.05E+07     0.99754      0.00028512    2.05E+07     0.00028512    3.05E+07     1.8551E+05    
   2.06E+07     0.99755      0.0002828     2.06E+07     0.0002828     3.06E+07     1.8649E+05    
   2.07E+07     0.99752      0.0002814     2.07E+07     0.0002814     3.07E+07     1.86E+05      
   2.08E+07     0.99751      0.00027911    2.08E+07     0.00027911    3.08E+07     1.8698E+05    
   2.09E+07     0.99753      0.00027707    2.09E+07     0.00027707    3.09E+07     1.8709E+05    
   2.1E+07      0.99753      0.00027457    2.1E+07      0.00027457    3.1E+07      1.8682E+05    
   2.11E+07     0.99755      0.00027247    2.11E+07     0.00027247    3.11E+07     1.875E+05     
   2.12E+07     0.99754      0.00027005    2.12E+07     0.00027005    3.12E+07     1.8365E+05    
   2.13E+07     0.99754      0.00026769    2.13E+07     0.00026769    3.13E+07     1.8387E+05    
   2.14E+07     0.99751      0.00026643    2.14E+07     0.00026643    3.14E+07     1.8492E+05    
   2.15E+07     0.99754      0.00026509    2.15E+07     0.00026509    3.15E+07     1.8603E+05    
   2.16E+07     0.99754      0.00026283    2.16E+07     0.00026283    3.16E+07     1.8549E+05    
   2.17E+07     0.99755      0.00026062    2.17E+07     0.00026062    3.17E+07     1.8529E+05    
   2.18E+07     0.99752      0.00025957    2.18E+07     0.00025957    3.18E+07     1.8325E+05    
   2.19E+07     0.99751      0.00025775    2.19E+07     0.00025775    3.19E+07     1.8427E+05    
   2.2E+07      0.99746      0.00026009    2.2E+07      0.00026009    3.2E+07      1.8538E+05    
   2.21E+07     0.99748      0.00025909    2.21E+07     0.00025909    3.21E+07     1.8642E+05    
   2.22E+07     0.99747      0.00025734    2.22E+07     0.00025734    3.22E+07     1.8746E+05    
   2.23E+07     0.99746      0.00025545    2.23E+07     0.00025545    3.23E+07     1.884E+05     
   2.24E+07     0.99743      0.00025469    2.24E+07     0.00025469    3.24E+07     1.8883E+05    
   2.25E+07     0.99742      0.00025287    2.25E+07     0.00025287    3.25E+07     1.8987E+05    
   2.26E+07     0.9974       0.00025199    2.26E+07     0.00025199    3.26E+07     1.9082E+05    
   2.27E+07     0.99745      0.00025442    2.27E+07     0.00025442    3.27E+07     1.9113E+05    
   2.28E+07     0.99743      0.00025295    2.28E+07     0.00025295    3.28E+07     1.8891E+05    
   2.29E+07     0.99745      0.00025192    2.29E+07     0.00025192    3.29E+07     1.8828E+05    
   2.3E+07      0.99744      0.00025032    2.3E+07      0.00025032    3.3E+07      1.8809E+05    
   2.31E+07     0.99745      0.00024881    2.31E+07     0.00024881    3.31E+07     1.8902E+05    
   2.32E+07     0.99744      0.0002474     2.32E+07     0.0002474     3.32E+07     1.8823E+05    
   2.33E+07     0.99744      0.00024554    2.33E+07     0.00024554    3.33E+07     1.891E+05     
   2.34E+07     0.99745      0.00024396    2.34E+07     0.00024396    3.34E+07     1.9015E+05    
   2.35E+07     0.99745      0.00024218    2.35E+07     0.00024218    3.35E+07     1.9042E+05    
   2.36E+07     0.99744      0.00024052    2.36E+07     0.00024052    3.36E+07     1.9128E+05    
   2.37E+07     0.99744      0.00023878    2.37E+07     0.00023878    3.37E+07     1.9121E+05    
   2.38E+07     0.99744      0.00023707    2.38E+07     0.00023707    3.38E+07     1.9212E+05    
   2.39E+07     0.99747      0.00023736    2.39E+07     0.00023736    3.39E+07     1.9089E+05    
   2.4E+07      0.99744      0.00023714    2.4E+07      0.00023714    3.4E+07      1.9188E+05    
   2.41E+07     0.99743      0.00023559    2.41E+07     0.00023559    3.41E+07     1.9293E+05    
   2.42E+07     0.99744      0.00023395    2.42E+07     0.00023395    3.42E+07     1.9396E+05    
   2.43E+07     0.99745      0.00023282    2.43E+07     0.00023282    3.43E+07     1.9487E+05    
   2.44E+07     0.99745      0.00023121    2.44E+07     0.00023121    3.44E+07     1.9473E+05    
   2.45E+07     0.99747      0.0002299     2.45E+07     0.0002299     3.45E+07     1.9403E+05    
   2.46E+07     0.99747      0.00022839    2.46E+07     0.00022839    3.46E+07     1.9172E+05    
   2.47E+07     0.99748      0.00022688    2.47E+07     0.00022688    3.47E+07     1.9168E+05    
   2.48E+07     0.99746      0.00022595    2.48E+07     0.00022595    3.48E+07     1.9205E+05    
   2.49E+07     0.99746      0.00022444    2.49E+07     0.00022444    3.49E+07     1.8835E+05    
   2.5E+07      0.99745      0.00022301    2.5E+07      0.00022301    3.5E+07      1.8929E+05    
   2.51E+07     0.99745      0.00022155    2.51E+07     0.00022155    3.51E+07     1.8989E+05    
   2.52E+07     0.99747      0.000221      2.52E+07     0.000221      3.52E+07     1.8965E+05    
   2.53E+07     0.99748      0.00021956    2.53E+07     0.00021956    3.53E+07     1.9061E+05    
   2.54E+07     0.9975       0.00021999    2.54E+07     0.00021999    3.54E+07     1.9091E+05    
   2.55E+07     0.99748      0.00022036    2.55E+07     0.00022036    3.55E+07     1.9182E+05    
   2.56E+07     0.9975       0.00021994    2.56E+07     0.00021994    3.56E+07     1.928E+05     
   2.57E+07     0.99749      0.00021867    2.57E+07     0.00021867    3.57E+07     1.9346E+05    
   2.58E+07     0.99749      0.0002173     2.58E+07     0.0002173     3.58E+07     1.9445E+05    
   2.59E+07     0.9975       0.0002164     2.59E+07     0.0002164     3.59E+07     1.9314E+05    
   2.6E+07      0.99753      0.0002165     2.6E+07      0.0002165     3.6E+07      1.9408E+05    
   2.61E+07     0.99755      0.00021624    2.61E+07     0.00021624    3.61E+07     1.9487E+05    
   2.62E+07     0.99755      0.00021491    2.62E+07     0.00021491    3.62E+07     1.9566E+05    
   2.63E+07     0.99754      0.0002137     2.63E+07     0.0002137     3.63E+07     1.9653E+05    
   2.64E+07     0.99754      0.00021244    2.64E+07     0.00021244    3.64E+07     1.9743E+05    
   2.65E+07     0.99754      0.00021115    2.65E+07     0.00021115    3.65E+07     1.9831E+05    
   2.66E+07     0.99753      0.00020991    2.66E+07     0.00020991    3.66E+07     1.9774E+05    
   2.67E+07     0.99755      0.00020931    2.67E+07     0.00020931    3.67E+07     1.9852E+05    
   2.68E+07     0.99758      0.00020951    2.68E+07     0.00020951    3.68E+07     1.9937E+05    
   2.69E+07     0.99756      0.00020854    2.69E+07     0.00020854    3.69E+07     2.0031E+05    
   2.7E+07      0.99758      0.00020781    2.7E+07      0.00020781    3.7E+07      2.0054E+05    
   2.71E+07     0.99757      0.00020669    2.71E+07     0.00020669    3.71E+07     2.0142E+05    
   2.72E+07     0.99758      0.00020553    2.72E+07     0.00020553    3.72E+07     2.0214E+05    
   2.73E+07     0.9976       0.00020532    2.73E+07     0.00020532    3.73E+07     2.0286E+05    
   2.74E+07     0.99758      0.00020459    2.74E+07     0.00020459    3.74E+07     2.0371E+05    
   2.75E+07     0.99755      0.00020578    2.75E+07     0.00020578    3.75E+07     2.0413E+05    
   2.76E+07     0.99757      0.00020511    2.76E+07     0.00020511    3.76E+07     2.0284E+05    
   2.77E+07     0.99755      0.0002044     2.77E+07     0.0002044     3.77E+07     2.0371E+05    
   2.78E+07     0.99752      0.00020664    2.78E+07     0.00020664    3.78E+07     2.0459E+05    
   2.79E+07     0.99753      0.00020627    2.79E+07     0.00020627    3.79E+07     2.0546E+05    
   2.8E+07      0.99755      0.00020559    2.8E+07      0.00020559    3.8E+07      2.0427E+05    
   2.81E+07     0.99752      0.00020596    2.81E+07     0.00020596    3.81E+07     2.0519E+05    
   2.82E+07     0.99753      0.00020507    2.82E+07     0.00020507    3.82E+07     2.0512E+05    
   2.83E+07     0.99751      0.00020493    2.83E+07     0.00020493    3.83E+07     2.0568E+05    
   2.84E+07     0.99751      0.00020391    2.84E+07     0.00020391    3.84E+07     2.0651E+05    
   2.85E+07     0.99749      0.0002033     2.85E+07     0.0002033     3.85E+07     2.067E+05     
   2.86E+07     0.9975       0.00020223    2.86E+07     0.00020223    3.86E+07     2.0732E+05    
   2.87E+07     0.99749      0.0002014     2.87E+07     0.0002014     3.87E+07     2.034E+05     
   2.88E+07     0.99752      0.00020294    2.88E+07     0.00020294    3.88E+07     2.0264E+05    
   2.89E+07     0.99752      0.00020188    2.89E+07     0.00020188    3.89E+07     2.0333E+05    
   2.9E+07      0.9975       0.00020149    2.9E+07      0.00020149    3.9E+07      2.027E+05     
   2.91E+07     0.99752      0.00020126    2.91E+07     0.00020126    3.91E+07     2.0004E+05    
   2.92E+07     0.99751      0.00020045    2.92E+07     0.00020045    3.92E+07     1.9962E+05    
   2.93E+07     0.99751      0.00019948    2.93E+07     0.00019948    3.93E+07     1.9938E+05    
   2.94E+07     0.9975       0.00019907    2.94E+07     0.00019907    3.94E+07     1.9977E+05    
   2.95E+07     0.9975       0.00019807    2.95E+07     0.00019807    3.95E+07     2.0062E+05    
   2.96E+07     0.99751      0.00019731    2.96E+07     0.00019731    3.96E+07     2.0124E+05    
   2.97E+07     0.9975       0.00019678    2.97E+07     0.00019678    3.97E+07     2.0208E+05    
   2.98E+07     0.9975       0.00019581    2.98E+07     0.00019581    3.98E+07     2.0063E+05    
   2.99E+07     0.99749      0.00019487    2.99E+07     0.00019487    3.99E+07     2.0125E+05    
   3E+07        0.99749      0.00019391    3E+07        0.00019391    4E+07        2.0157E+05    
   3.01E+07     0.99751      0.00019351    3.01E+07     0.00019351    4.01E+07     2.0195E+05    
   3.02E+07     0.99751      0.00019255    3.02E+07     0.00019255    4.02E+07     2.0273E+05    
   3.03E+07     0.9975       0.0001916     3.03E+07     0.0001916     4.03E+07     2.0342E+05    
   3.04E+07     0.99751      0.00019075    3.04E+07     0.00019075    4.04E+07     2.0397E+05    
   3.05E+07     0.99753      0.0001906     3.05E+07     0.0001906     4.05E+07     2.0474E+05    
   3.06E+07     0.99752      0.00018974    3.06E+07     0.00018974    4.06E+07     2.0495E+05    
   3.07E+07     0.99754      0.00018969    3.07E+07     0.00018969    4.07E+07     2.0517E+05    
   3.08E+07     0.99753      0.00018888    3.08E+07     0.00018888    4.08E+07     2.0216E+05    
   3.09E+07     0.99755      0.00018854    3.09E+07     0.00018854    4.09E+07     2.0283E+05    
   3.1E+07      0.99753      0.00018836    3.1E+07      0.00018836    4.1E+07      2.0343E+05    
   3.11E+07     0.99754      0.00018772    3.11E+07     0.00018772    4.11E+07     2.0427E+05    
   3.12E+07     0.99757      0.00018937    3.12E+07     0.00018937    4.12E+07     2.0408E+05    
   3.13E+07     0.99759      0.00018896    3.13E+07     0.00018896    4.13E+07     2.0473E+05    
   3.14E+07     0.99758      0.00018812    3.14E+07     0.00018812    4.14E+07     2.0522E+05    
   3.15E+07     0.99758      0.00018725    3.15E+07     0.00018725    4.15E+07     2.0562E+05    
   3.16E+07     0.9976       0.00018722    3.16E+07     0.00018722    4.16E+07     2.0619E+05    
   3.17E+07     0.99762      0.00018703    3.17E+07     0.00018703    4.17E+07     2.0701E+05    
   3.18E+07     0.99764      0.00018778    3.18E+07     0.00018778    4.18E+07     2.0617E+05    
   3.19E+07     0.99764      0.00018694    3.19E+07     0.00018694    4.19E+07     2.0599E+05    
   3.2E+07      0.99764      0.00018611    3.2E+07      0.00018611    4.2E+07      2.051E+05     
   3.21E+07     0.99763      0.00018529    3.21E+07     0.00018529    4.21E+07     2.0577E+05    
   3.22E+07     0.99763      0.00018449    3.22E+07     0.00018449    4.22E+07     2.05E+05      
   3.23E+07     0.99763      0.0001837     3.23E+07     0.0001837     4.23E+07     2.0577E+05    
   3.24E+07     0.99762      0.00018322    3.24E+07     0.00018322    4.24E+07     2.0309E+05    
   3.25E+07     0.99763      0.00018244    3.25E+07     0.00018244    4.25E+07     2.0377E+05    
   3.26E+07     0.99763      0.00018172    3.26E+07     0.00018172    4.26E+07     2.0429E+05    
   3.27E+07     0.99762      0.00018124    3.27E+07     0.00018124    4.27E+07     2.0503E+05    
   3.28E+07     0.9976       0.00018204    3.28E+07     0.00018204    4.28E+07     2.0543E+05    
   3.29E+07     0.99758      0.00018206    3.29E+07     0.00018206    4.29E+07     2.0524E+05    
   3.3E+07      0.99756      0.00018189    3.3E+07      0.00018189    4.3E+07      2.0559E+05    
   3.31E+07     0.99757      0.00018113    3.31E+07     0.00018113    4.31E+07     2.061E+05     
   3.32E+07     0.99755      0.00018125    3.32E+07     0.00018125    4.32E+07     2.0606E+05    
   3.33E+07     0.99754      0.00018055    3.33E+07     0.00018055    4.33E+07     2.0663E+05    
   3.34E+07     0.99754      0.00017979    3.34E+07     0.00017979    4.34E+07     2.0741E+05    
   3.35E+07     0.99753      0.00017937    3.35E+07     0.00017937    4.35E+07     2.0817E+05    
   3.36E+07     0.99754      0.00017871    3.36E+07     0.00017871    4.36E+07     2.0836E+05    
   3.37E+07     0.99752      0.00017849    3.37E+07     0.00017849    4.37E+07     2.0862E+05    
   3.38E+07     0.99753      0.0001778     3.38E+07     0.0001778     4.38E+07     2.0922E+05    
   3.39E+07     0.99751      0.0001781     3.39E+07     0.0001781     4.39E+07     2.1E+05       
   3.4E+07      0.99751      0.00017738    3.4E+07      0.00017738    4.4E+07      2.1042E+05    
   3.41E+07     0.99751      0.00017665    3.41E+07     0.00017665    4.41E+07     2.112E+05     
   3.42E+07     0.99751      0.00017592    3.42E+07     0.00017592    4.42E+07     2.1188E+05    
   3.43E+07     0.99751      0.00017523    3.43E+07     0.00017523    4.43E+07     2.1246E+05    
   3.44E+07     0.99752      0.00017503    3.44E+07     0.00017503    4.44E+07     2.1302E+05    
   3.45E+07     0.9975       0.00017511    3.45E+07     0.00017511    4.45E+07     2.1379E+05    
   3.46E+07     0.99748      0.00017589    3.46E+07     0.00017589    4.46E+07     2.136E+05     
   3.47E+07     0.99747      0.00017561    3.47E+07     0.00017561    4.47E+07     2.1437E+05    
   3.48E+07     0.99746      0.00017519    3.48E+07     0.00017519    4.48E+07     2.1385E+05    
   3.49E+07     0.99749      0.00017666    3.49E+07     0.00017666    4.49E+07     2.1091E+05    
   3.5E+07      0.99749      0.00017597    3.5E+07      0.00017597    4.5E+07      2.1094E+05    
   3.51E+07     0.9975       0.00017543    3.51E+07     0.00017543    4.51E+07     2.0947E+05    
   3.52E+07     0.99748      0.00017528    3.52E+07     0.00017528    4.52E+07     2.0919E+05    
   3.53E+07     0.99748      0.00017461    3.53E+07     0.00017461    4.53E+07     2.0825E+05    
   3.54E+07     0.99749      0.00017423    3.54E+07     0.00017423    4.54E+07     2.0826E+05    
   3.55E+07     0.9975       0.00017355    3.55E+07     0.00017355    4.55E+07     2.0868E+05    
   3.56E+07     0.9975       0.00017288    3.56E+07     0.00017288    4.56E+07     2.0931E+05    
   3.57E+07     0.9975       0.00017234    3.57E+07     0.00017234    4.57E+07     2.0982E+05    
   3.58E+07     0.9975       0.00017167    3.58E+07     0.00017167    4.58E+07     2.1055E+05    
   3.59E+07     0.99752      0.00017197    3.59E+07     0.00017197    4.59E+07     2.1126E+05    
   3.6E+07      0.99752      0.00017132    3.6E+07      0.00017132    4.6E+07      2.1076E+05    
   3.61E+07     0.99752      0.00017073    3.61E+07     0.00017073    4.61E+07     2.1137E+05    
   3.62E+07     0.99752      0.00017016    3.62E+07     0.00017016    4.62E+07     2.1161E+05    
   3.63E+07     0.99752      0.00016953    3.63E+07     0.00016953    4.63E+07     2.1204E+05    
   3.64E+07     0.99752      0.00016891    3.64E+07     0.00016891    4.64E+07     2.1273E+05    
   3.65E+07     0.99752      0.0001683     3.65E+07     0.0001683     4.65E+07     2.1332E+05    
   3.66E+07     0.99753      0.00016833    3.66E+07     0.00016833    4.66E+07     2.1385E+05    
   3.67E+07     0.99754      0.00016774    3.67E+07     0.00016774    4.67E+07     2.1435E+05    
   3.68E+07     0.99753      0.00016716    3.68E+07     0.00016716    4.68E+07     2.1495E+05    
   3.69E+07     0.99753      0.00016654    3.69E+07     0.00016654    4.69E+07     2.1356E+05    
   3.7E+07      0.99752      0.00016623    3.7E+07      0.00016623    4.7E+07      2.1417E+05    
   3.71E+07     0.99752      0.00016562    3.71E+07     0.00016562    4.71E+07     2.1465E+05    
   3.72E+07     0.99753      0.0001651     3.72E+07     0.0001651     4.72E+07     2.1509E+05    
   3.73E+07     0.99753      0.0001646     3.73E+07     0.0001646     4.73E+07     2.1569E+05    
   3.74E+07     0.99753      0.00016403    3.74E+07     0.00016403    4.74E+07     2.1607E+05    
   3.75E+07     0.99752      0.00016363    3.75E+07     0.00016363    4.75E+07     2.167E+05     
   3.76E+07     0.99751      0.00016394    3.76E+07     0.00016394    4.76E+07     2.1737E+05    
   3.77E+07     0.99751      0.00016338    3.77E+07     0.00016338    4.77E+07     2.1776E+05    
   3.78E+07     0.99751      0.00016281    3.78E+07     0.00016281    4.78E+07     2.1763E+05    
   3.79E+07     0.99751      0.00016226    3.79E+07     0.00016226    4.79E+07     2.1813E+05    
   3.8E+07      0.9975       0.00016249    3.8E+07      0.00016249    4.8E+07      2.1882E+05    
   3.81E+07     0.9975       0.00016192    3.81E+07     0.00016192    4.81E+07     2.1944E+05    
   3.82E+07     0.99751      0.00016173    3.82E+07     0.00016173    4.82E+07     2.2001E+05    
   3.83E+07     0.99751      0.00016129    3.83E+07     0.00016129    4.83E+07     2.2072E+05    
   3.84E+07     0.99751      0.00016074    3.84E+07     0.00016074    4.84E+07     2.2066E+05    
   3.85E+07     0.99752      0.00016047    3.85E+07     0.00016047    4.85E+07     2.201E+05     
   3.86E+07     0.99753      0.00016001    3.86E+07     0.00016001    4.86E+07     2.1939E+05    
   3.87E+07     0.99755      0.00016135    3.87E+07     0.00016135    4.87E+07     2.1963E+05    
   3.88E+07     0.99757      0.00016145    3.88E+07     0.00016145    4.88E+07     2.203E+05     
   3.89E+07     0.99756      0.00016095    3.89E+07     0.00016095    4.89E+07     2.2074E+05    
   3.9E+07      0.99755      0.000161      3.9E+07      0.000161      4.9E+07      2.1971E+05    
   3.91E+07     0.99753      0.00016186    3.91E+07     0.00016186    4.91E+07     2.1963E+05    
   3.92E+07     0.99751      0.00016182    3.92E+07     0.00016182    4.92E+07     2.2026E+05    
   3.93E+07     0.99753      0.00016171    3.93E+07     0.00016171    4.93E+07     2.2038E+05    
   3.94E+07     0.99752      0.00016136    3.94E+07     0.00016136    4.94E+07     2.2086E+05    
   3.95E+07     0.99752      0.00016081    3.95E+07     0.00016081    4.95E+07     2.2042E+05    
   3.96E+07     0.99752      0.00016035    3.96E+07     0.00016035    4.96E+07     2.2058E+05    
   3.97E+07     0.99752      0.00015981    3.97E+07     0.00015981    4.97E+07     2.2093E+05    
   3.98E+07     0.99751      0.00016019    3.98E+07     0.00016019    4.98E+07     2.2031E+05    
   3.99E+07     0.9975       0.00015974    3.99E+07     0.00015974    4.99E+07     2.1993E+05    
   4E+07        0.99751      0.00015941    4E+07        0.00015941    5E+07        2.2007E+05    
   4.01E+07     0.99752      0.00015905    4.01E+07     0.00015905    5.01E+07     2.206E+05     
   4.02E+07     0.99752      0.00015856    4.02E+07     0.00015856    5.02E+07     2.1915E+05    
   4.03E+07     0.99752      0.0001581     4.03E+07     0.0001581     5.03E+07     2.1966E+05    
   4.04E+07     0.99752      0.00015767    4.04E+07     0.00015767    5.04E+07     2.2034E+05    
   4.05E+07     0.99752      0.00015719    4.05E+07     0.00015719    5.05E+07     2.1844E+05    
   4.06E+07     0.99753      0.00015691    4.06E+07     0.00015691    5.06E+07     2.1814E+05    
   4.07E+07     0.99752      0.00015663    4.07E+07     0.00015663    5.07E+07     2.188E+05     
   4.08E+07     0.9975       0.00015757    4.08E+07     0.00015757    5.08E+07     2.1892E+05    
   4.09E+07     0.9975       0.00015713    4.09E+07     0.00015713    5.09E+07     2.1953E+05    
   4.1E+07      0.99751      0.0001567     4.1E+07      0.0001567     5.1E+07      2.1931E+05    
   4.11E+07     0.99751      0.0001562     4.11E+07     0.0001562     5.11E+07     2.1991E+05    
   4.12E+07     0.99752      0.00015606    4.12E+07     0.00015606    5.12E+07     2.1924E+05    
   4.13E+07     0.99752      0.00015563    4.13E+07     0.00015563    5.13E+07     2.1818E+05    
   4.14E+07     0.99753      0.00015525    4.14E+07     0.00015525    5.14E+07     2.1829E+05    
   4.15E+07     0.99752      0.00015492    4.15E+07     0.00015492    5.15E+07     2.1863E+05    
   4.16E+07     0.99753      0.0001545     4.16E+07     0.0001545     5.16E+07     2.188E+05     
   4.17E+07     0.99753      0.00015401    4.17E+07     0.00015401    5.17E+07     2.1888E+05    
   4.18E+07     0.99751      0.00015414    4.18E+07     0.00015414    5.18E+07     2.1944E+05    
   4.19E+07     0.9975       0.00015403    4.19E+07     0.00015403    5.19E+07     2.2007E+05    
   4.2E+07      0.99749      0.00015415    4.2E+07      0.00015415    5.2E+07      2.2017E+05    
   4.21E+07     0.99749      0.00015372    4.21E+07     0.00015372    5.21E+07     2.202E+05     
   4.22E+07     0.99747      0.00015384    4.22E+07     0.00015384    5.22E+07     2.1983E+05    
   4.23E+07     0.99747      0.00015337    4.23E+07     0.00015337    5.23E+07     2.2047E+05    
   4.24E+07     0.99749      0.00015417    4.24E+07     0.00015417    5.24E+07     2.2093E+05    
   4.25E+07     0.99749      0.00015374    4.25E+07     0.00015374    5.25E+07     2.1878E+05    
   4.26E+07     0.99749      0.00015337    4.26E+07     0.00015337    5.26E+07     2.1938E+05    
   4.27E+07     0.99749      0.00015291    4.27E+07     0.00015291    5.27E+07     2.1955E+05    
   4.28E+07     0.99749      0.00015257    4.28E+07     0.00015257    5.28E+07     2.1963E+05    
   4.29E+07     0.99748      0.00015246    4.29E+07     0.00015246    5.29E+07     2.202E+05     
   4.3E+07      0.99748      0.00015216    4.3E+07      0.00015216    5.3E+07      2.2029E+05    
   4.31E+07     0.99749      0.00015179    4.31E+07     0.00015179    5.31E+07     2.1924E+05    
   4.32E+07     0.99748      0.00015161    4.32E+07     0.00015161    5.32E+07     2.1985E+05    
   4.33E+07     0.99748      0.00015123    4.33E+07     0.00015123    5.33E+07     2.1963E+05    
   4.34E+07     0.99748      0.00015078    4.34E+07     0.00015078    5.34E+07     2.1982E+05    
   4.35E+07     0.99748      0.00015033    4.35E+07     0.00015033    5.35E+07     2.2033E+05    
   4.36E+07     0.99749      0.00015008    4.36E+07     0.00015008    5.36E+07     2.2094E+05    
   4.37E+07     0.9975       0.00014982    4.37E+07     0.00014982    5.37E+07     2.2051E+05    
   4.38E+07     0.99749      0.00014944    4.38E+07     0.00014944    5.38E+07     2.2085E+05    
   4.39E+07     0.99749      0.000149      4.39E+07     0.000149      5.39E+07     2.2133E+05    
   4.4E+07      0.99749      0.00014867    4.4E+07      0.00014867    5.4E+07      2.2174E+05    
   4.41E+07     0.99749      0.00014823    4.41E+07     0.00014823    5.41E+07     2.2227E+05    
   4.42E+07     0.99749      0.00014782    4.42E+07     0.00014782    5.42E+07     2.2238E+05    
   4.43E+07     0.99749      0.00014746    4.43E+07     0.00014746    5.43E+07     2.2269E+05    
   4.44E+07     0.99749      0.00014706    4.44E+07     0.00014706    5.44E+07     2.233E+05     
   4.45E+07     0.99749      0.00014664    4.45E+07     0.00014664    5.45E+07     2.2386E+05    
   4.46E+07     0.99748      0.00014654    4.46E+07     0.00014654    5.46E+07     2.2446E+05    
   4.47E+07     0.99748      0.00014612    4.47E+07     0.00014612    5.47E+07     2.2414E+05    
   4.48E+07     0.99749      0.00014612    4.48E+07     0.00014612    5.48E+07     2.2441E+05    
   4.49E+07     0.99751      0.00014697    4.49E+07     0.00014697    5.49E+07     2.2348E+05    
   4.5E+07      0.99752      0.0001468     4.5E+07      0.0001468     5.5E+07      2.2407E+05    
   4.51E+07     0.99753      0.00014716    4.51E+07     0.00014716    5.51E+07     2.2461E+05    
   4.52E+07     0.99754      0.00014707    4.52E+07     0.00014707    5.52E+07     2.2519E+05    
   4.53E+07     0.99756      0.00014725    4.53E+07     0.00014725    5.53E+07     2.2531E+05    
   4.54E+07     0.99755      0.00014708    4.54E+07     0.00014708    5.54E+07     2.2588E+05    
   4.55E+07     0.99756      0.00014678    4.55E+07     0.00014678    5.55E+07     2.2593E+05    
   4.56E+07     0.99756      0.00014638    4.56E+07     0.00014638    5.56E+07     2.2592E+05    
   4.57E+07     0.99756      0.00014604    4.57E+07     0.00014604    5.57E+07     2.2646E+05    
   4.58E+07     0.99756      0.00014563    4.58E+07     0.00014563    5.58E+07     2.262E+05     
   4.59E+07     0.99756      0.00014523    4.59E+07     0.00014523    5.59E+07     2.2678E+05    
   4.6E+07      0.99757      0.00014523    4.6E+07      0.00014523    5.6E+07      2.2712E+05    
   4.61E+07     0.99758      0.00014486    4.61E+07     0.00014486    5.61E+07     2.2754E+05    
   4.62E+07     0.99758      0.00014463    4.62E+07     0.00014463    5.62E+07     2.2798E+05    
   4.63E+07     0.99759      0.00014432    4.63E+07     0.00014432    5.63E+07     2.2813E+05    
   4.64E+07     0.99759      0.00014393    4.64E+07     0.00014393    5.64E+07     2.2851E+05    
   4.65E+07     0.99759      0.00014357    4.65E+07     0.00014357    5.65E+07     2.2891E+05    
   4.66E+07     0.99759      0.00014325    4.66E+07     0.00014325    5.66E+07     2.2848E+05    
   4.67E+07     0.99759      0.00014292    4.67E+07     0.00014292    5.67E+07     2.2903E+05    
   4.68E+07     0.99759      0.00014255    4.68E+07     0.00014255    5.68E+07     2.2963E+05    
   4.69E+07     0.99758      0.00014287    4.69E+07     0.00014287    5.69E+07     2.3007E+05    
   4.7E+07      0.99758      0.00014252    4.7E+07      0.00014252    5.7E+07      2.3023E+05    
   4.71E+07     0.99757      0.00014221    4.71E+07     0.00014221    5.71E+07     2.2987E+05    
   4.72E+07     0.99757      0.00014192    4.72E+07     0.00014192    5.72E+07     2.3036E+05    
   4.73E+07     0.99756      0.00014156    4.73E+07     0.00014156    5.73E+07     2.3079E+05    
   4.74E+07     0.99757      0.00014129    4.74E+07     0.00014129    5.74E+07     2.3132E+05    
   4.75E+07     0.99757      0.00014094    4.75E+07     0.00014094    5.75E+07     2.3177E+05    
   4.76E+07     0.99757      0.00014058    4.76E+07     0.00014058    5.76E+07     2.3185E+05    
   4.77E+07     0.99757      0.00014029    4.77E+07     0.00014029    5.77E+07     2.3234E+05    
   4.78E+07     0.99757      0.00014018    4.78E+07     0.00014018    5.78E+07     2.3279E+05    
   4.79E+07     0.99757      0.00013988    4.79E+07     0.00013988    5.79E+07     2.3326E+05    
   4.8E+07      0.99757      0.00013951    4.8E+07      0.00013951    5.8E+07      2.3358E+05    
   4.81E+07     0.99757      0.00013916    4.81E+07     0.00013916    5.81E+07     2.3359E+05    
   4.82E+07     0.99758      0.00013883    4.82E+07     0.00013883    5.82E+07     2.3382E+05    
   4.83E+07     0.99758      0.00013847    4.83E+07     0.00013847    5.83E+07     2.3438E+05    
   4.84E+07     0.99758      0.00013835    4.84E+07     0.00013835    5.84E+07     2.3489E+05    
   4.85E+07     0.9976       0.00013837    4.85E+07     0.00013837    5.85E+07     2.3039E+05    
   4.86E+07     0.99761      0.00013845    4.86E+07     0.00013845    5.86E+07     2.3034E+05    
   4.87E+07     0.99761      0.00013824    4.87E+07     0.00013824    5.87E+07     2.2933E+05    
   4.88E+07     0.99761      0.00013789    4.88E+07     0.00013789    5.88E+07     2.2961E+05    
   4.89E+07     0.99761      0.0001376     4.89E+07     0.0001376     5.89E+07     2.2982E+05    
   4.9E+07      0.99762      0.00013779    4.9E+07      0.00013779    5.9E+07      2.2966E+05    
   4.91E+07     0.99763      0.00013766    4.91E+07     0.00013766    5.91E+07     2.2721E+05    
   4.92E+07     0.99762      0.00013734    4.92E+07     0.00013734    5.92E+07     2.2767E+05    
   4.93E+07     0.99763      0.00013714    4.93E+07     0.00013714    5.93E+07     2.2738E+05    
   4.94E+07     0.99764      0.00013686    4.94E+07     0.00013686    5.94E+07     2.2762E+05    
   4.95E+07     0.99763      0.00013686    4.95E+07     0.00013686    5.95E+07     2.2796E+05    
   4.96E+07     0.99762      0.00013667    4.96E+07     0.00013667    5.96E+07     2.2804E+05    
   4.97E+07     0.99761      0.00013641    4.97E+07     0.00013641    5.97E+07     2.2835E+05    
   4.98E+07     0.99762      0.00013647    4.98E+07     0.00013647    5.98E+07     2.2884E+05    
   4.99E+07     0.99763      0.00013645    4.99E+07     0.00013645    5.99E+07     2.291E+05     
   5E+07        0.99763      0.00013628    5E+07        0.00013628    6E+07        2.2966E+05    
   5.01E+07     0.99763      0.00013596    5.01E+07     0.00013596    6.01E+07     2.2802E+05    
   5.02E+07     0.99764      0.00013628    5.02E+07     0.00013628    6.02E+07     2.2829E+05    
   5.03E+07     0.99765      0.00013598    5.03E+07     0.00013598    6.03E+07     2.2866E+05    
   5.04E+07     0.99765      0.00013565    5.04E+07     0.00013565    6.04E+07     2.2898E+05    
   5.05E+07     0.99763      0.00013608    5.05E+07     0.00013608    6.05E+07     2.2932E+05    
   5.06E+07     0.99764      0.00013605    5.06E+07     0.00013605    6.06E+07     2.2945E+05    
   5.07E+07     0.99764      0.00013571    5.07E+07     0.00013571    6.07E+07     2.2997E+05    
   5.08E+07     0.99763      0.00013554    5.08E+07     0.00013554    6.08E+07     2.3039E+05    
   5.09E+07     0.99764      0.00013522    5.09E+07     0.00013522    6.09E+07     2.3089E+05    
   5.1E+07      0.99764      0.00013515    5.1E+07      0.00013515    6.1E+07      2.31E+05      
   5.11E+07     0.99764      0.00013484    5.11E+07     0.00013484    6.11E+07     2.3144E+05    
   5.12E+07     0.99765      0.00013492    5.12E+07     0.00013492    6.12E+07     2.3198E+05    
   5.13E+07     0.99764      0.00013512    5.13E+07     0.00013512    6.13E+07     2.3221E+05    
   5.14E+07     0.99765      0.00013491    5.14E+07     0.00013491    6.14E+07     2.3216E+05    
   5.15E+07     0.99764      0.00013467    5.15E+07     0.00013467    6.15E+07     2.316E+05     
   5.16E+07     0.99764      0.00013449    5.16E+07     0.00013449    6.16E+07     2.321E+05     
   5.17E+07     0.99764      0.00013432    5.17E+07     0.00013432    6.17E+07     2.3258E+05    
   5.18E+07     0.99764      0.00013402    5.18E+07     0.00013402    6.18E+07     2.3296E+05    
   5.19E+07     0.99764      0.00013371    5.19E+07     0.00013371    6.19E+07     2.3348E+05    
   5.2E+07      0.99764      0.00013355    5.2E+07      0.00013355    6.2E+07      2.3399E+05    
   5.21E+07     0.99765      0.0001334     5.21E+07     0.0001334     6.21E+07     2.3416E+05    
   5.22E+07     0.99766      0.00013338    5.22E+07     0.00013338    6.22E+07     2.3352E+05    
   5.23E+07     0.99766      0.00013306    5.23E+07     0.00013306    6.23E+07     2.3398E+05    
   5.24E+07     0.99766      0.0001328     5.24E+07     0.0001328     6.24E+07     2.3155E+05    
   5.25E+07     0.99768      0.00013331    5.25E+07     0.00013331    6.25E+07     2.3208E+05    
   5.26E+07     0.99768      0.000133      5.26E+07     0.000133      6.26E+07     2.3088E+05    
   5.27E+07     0.99768      0.00013283    5.27E+07     0.00013283    6.27E+07     2.314E+05     
   5.28E+07     0.99769      0.00013268    5.28E+07     0.00013268    6.28E+07     2.3085E+05    
   5.29E+07     0.99769      0.00013237    5.29E+07     0.00013237    6.29E+07     2.3114E+05    
   5.3E+07      0.9977       0.00013223    5.3E+07      0.00013223    6.3E+07      2.2981E+05    
   5.31E+07     0.99769      0.00013242    5.31E+07     0.00013242    6.31E+07     2.2988E+05    
   5.32E+07     0.99769      0.00013212    5.32E+07     0.00013212    6.32E+07     2.3029E+05    
   5.33E+07     0.99768      0.00013204    5.33E+07     0.00013204    6.33E+07     2.3075E+05    
   5.34E+07     0.99769      0.00013187    5.34E+07     0.00013187    6.34E+07     2.312E+05     
   5.35E+07     0.99769      0.00013159    5.35E+07     0.00013159    6.35E+07     2.3159E+05    
   5.36E+07     0.99769      0.00013129    5.36E+07     0.00013129    6.36E+07     2.3208E+05    
   5.37E+07     0.9977       0.00013128    5.37E+07     0.00013128    6.37E+07     2.3243E+05    
   5.38E+07     0.9977       0.00013107    5.38E+07     0.00013107    6.38E+07     2.3288E+05    
   5.39E+07     0.9977       0.0001308     5.39E+07     0.0001308     6.39E+07     2.3306E+05    
   5.4E+07      0.9977       0.00013056    5.4E+07      0.00013056    6.4E+07      2.3349E+05    
   5.41E+07     0.9977       0.00013026    5.41E+07     0.00013026    6.41E+07     2.339E+05     
   5.42E+07     0.99769      0.00013012    5.42E+07     0.00013012    6.42E+07     2.3434E+05    
   5.43E+07     0.99768      0.0001299     5.43E+07     0.0001299     6.43E+07     2.3479E+05    
   5.44E+07     0.99768      0.00012961    5.44E+07     0.00012961    6.44E+07     2.3455E+05    
   5.45E+07     0.99768      0.00012932    5.45E+07     0.00012932    6.45E+07     2.3505E+05    
   5.46E+07     0.99768      0.00012904    5.46E+07     0.00012904    6.46E+07     2.3494E+05    
   5.47E+07     0.99769      0.00012902    5.47E+07     0.00012902    6.47E+07     2.3521E+05    
   5.48E+07     0.99769      0.00012882    5.48E+07     0.00012882    6.48E+07     2.354E+05     
   5.49E+07     0.99768      0.00012896    5.49E+07     0.00012896    6.49E+07     2.3589E+05    
   5.5E+07      0.99768      0.00012867    5.5E+07      0.00012867    6.5E+07      2.3631E+05    
   5.51E+07     0.99768      0.00012841    5.51E+07     0.00012841    6.51E+07     2.3677E+05    
   5.52E+07     0.99768      0.00012812    5.52E+07     0.00012812    6.52E+07     2.3622E+05    
   5.53E+07     0.99769      0.00012796    5.53E+07     0.00012796    6.53E+07     2.3615E+05    
   5.54E+07     0.99768      0.00012769    5.54E+07     0.00012769    6.54E+07     2.3506E+05    
   5.55E+07     0.99768      0.00012757    5.55E+07     0.00012757    6.55E+07     2.3547E+05    
   5.56E+07     0.99768      0.00012745    5.56E+07     0.00012745    6.56E+07     2.3565E+05    
   5.57E+07     0.99768      0.00012718    5.57E+07     0.00012718    6.57E+07     2.3529E+05    
   5.58E+07     0.99769      0.00012714    5.58E+07     0.00012714    6.58E+07     2.3573E+05    
   5.59E+07     0.99769      0.00012687    5.59E+07     0.00012687    6.59E+07     2.3593E+05    
   5.6E+07      0.99769      0.00012667    5.6E+07      0.00012667    6.6E+07      2.3624E+05    
   5.61E+07     0.99769      0.00012642    5.61E+07     0.00012642    6.61E+07     2.3664E+05    
   5.62E+07     0.99769      0.00012619    5.62E+07     0.00012619    6.62E+07     2.3693E+05    
   5.63E+07     0.99769      0.00012603    5.63E+07     0.00012603    6.63E+07     2.3743E+05    
   5.64E+07     0.99769      0.00012582    5.64E+07     0.00012582    6.64E+07     2.3753E+05    
   5.65E+07     0.99769      0.00012559    5.65E+07     0.00012559    6.65E+07     2.3787E+05    
   5.66E+07     0.99768      0.0001256     5.66E+07     0.0001256     6.66E+07     2.3831E+05    
   5.67E+07     0.99768      0.00012533    5.67E+07     0.00012533    6.67E+07     2.3829E+05    
   5.68E+07     0.99768      0.00012507    5.68E+07     0.00012507    6.68E+07     2.3877E+05    
   5.69E+07     0.99768      0.00012482    5.69E+07     0.00012482    6.69E+07     2.3916E+05    
   5.7E+07      0.99768      0.00012467    5.7E+07      0.00012467    6.7E+07      2.3954E+05    
   5.71E+07     0.99767      0.00012466    5.71E+07     0.00012466    6.71E+07     2.3924E+05    
   5.72E+07     0.99767      0.00012442    5.72E+07     0.00012442    6.72E+07     2.3959E+05    
   5.73E+07     0.99767      0.00012417    5.73E+07     0.00012417    6.73E+07     2.3991E+05    
   5.74E+07     0.99767      0.00012393    5.74E+07     0.00012393    6.74E+07     2.4024E+05    
   5.75E+07     0.99766      0.0001237     5.75E+07     0.0001237     6.75E+07     2.406E+05     
   5.76E+07     0.99766      0.00012357    5.76E+07     0.00012357    6.76E+07     2.4109E+05    
   5.77E+07     0.99766      0.00012332    5.77E+07     0.00012332    6.77E+07     2.4113E+05    
   5.78E+07     0.99766      0.0001231     5.78E+07     0.0001231     6.78E+07     2.416E+05     
   5.79E+07     0.99766      0.00012287    5.79E+07     0.00012287    6.79E+07     2.4205E+05    
   5.8E+07      0.99766      0.00012268    5.8E+07      0.00012268    6.8E+07      2.4074E+05    
   5.81E+07     0.99767      0.00012256    5.81E+07     0.00012256    6.81E+07     2.4112E+05    
   5.82E+07     0.99767      0.0001224     5.82E+07     0.0001224     6.82E+07     2.4119E+05    
   5.83E+07     0.99767      0.00012215    5.83E+07     0.00012215    6.83E+07     2.4166E+05    
   5.84E+07     0.99767      0.00012191    5.84E+07     0.00012191    6.84E+07     2.4192E+05    
   5.85E+07     0.99765      0.00012298    5.85E+07     0.00012298    6.85E+07     2.4152E+05    
   5.86E+07     0.99765      0.00012289    5.86E+07     0.00012289    6.86E+07     2.4197E+05    
   5.87E+07     0.99766      0.00012306    5.87E+07     0.00012306    6.87E+07     2.4244E+05    
   5.88E+07     0.99766      0.00012288    5.88E+07     0.00012288    6.88E+07     2.4292E+05    
   5.89E+07     0.99766      0.00012271    5.89E+07     0.00012271    6.89E+07     2.4341E+05    
   5.9E+07      0.99765      0.00012265    5.9E+07      0.00012265    6.9E+07      2.4336E+05    
   5.91E+07     0.99764      0.00012321    5.91E+07     0.00012321    6.91E+07     2.4367E+05    
   5.92E+07     0.99764      0.00012298    5.92E+07     0.00012298    6.92E+07     2.436E+05     
   5.93E+07     0.99764      0.00012296    5.93E+07     0.00012296    6.93E+07     2.4405E+05    
   5.94E+07     0.99765      0.00012279    5.94E+07     0.00012279    6.94E+07     2.4449E+05    
   5.95E+07     0.99765      0.0001226     5.95E+07     0.0001226     6.95E+07     2.4461E+05    
   5.96E+07     0.99765      0.00012247    5.96E+07     0.00012247    6.96E+07     2.4365E+05    
   5.97E+07     0.99765      0.00012229    5.97E+07     0.00012229    6.97E+07     2.4298E+05    
   5.98E+07     0.99765      0.00012206    5.98E+07     0.00012206    6.98E+07     2.4294E+05    
   5.99E+07     0.99765      0.00012188    5.99E+07     0.00012188    6.99E+07     2.4208E+05    
   6E+07        0.99765      0.00012164    6E+07        0.00012164    7E+07        2.4235E+05    
   6.01E+07     0.99763      0.00012197    6.01E+07     0.00012197    7.01E+07     2.4264E+05    
   6.02E+07     0.99763      0.00012178    6.02E+07     0.00012178    7.02E+07     2.4297E+05    
   6.03E+07     0.99763      0.00012159    6.03E+07     0.00012159    7.03E+07     2.4326E+05    
   6.04E+07     0.99763      0.0001214     6.04E+07     0.0001214     7.04E+07     2.4358E+05    
   6.05E+07     0.99763      0.00012121    6.05E+07     0.00012121    7.05E+07     2.4305E+05    
   6.06E+07     0.99764      0.00012107    6.06E+07     0.00012107    7.06E+07     2.4345E+05    
   6.07E+07     0.99764      0.00012083    6.07E+07     0.00012083    7.07E+07     2.4358E+05    
   6.08E+07     0.99764      0.00012063    6.08E+07     0.00012063    7.08E+07     2.4377E+05    
   6.09E+07     0.99763      0.0001204     6.09E+07     0.0001204     7.09E+07     2.4417E+05    
   6.1E+07      0.99764      0.00012026    6.1E+07      0.00012026    7.1E+07      2.4446E+05    
   6.11E+07     0.99764      0.00012005    6.11E+07     0.00012005    7.11E+07     2.4353E+05    
   6.12E+07     0.99764      0.00011981    6.12E+07     0.00011981    7.12E+07     2.4386E+05    
   6.13E+07     0.99764      0.00011965    6.13E+07     0.00011965    7.13E+07     2.4255E+05    
   6.14E+07     0.99763      0.00011957    6.14E+07     0.00011957    7.14E+07     2.4148E+05    
   6.15E+07     0.99762      0.00011961    6.15E+07     0.00011961    7.15E+07     2.4124E+05    
   6.16E+07     0.99762      0.00011939    6.16E+07     0.00011939    7.16E+07     2.4133E+05    
   6.17E+07     0.99762      0.00011918    6.17E+07     0.00011918    7.17E+07     2.4139E+05    
   6.18E+07     0.99762      0.00011897    6.18E+07     0.00011897    7.18E+07     2.4162E+05    
   6.19E+07     0.99762      0.00011875    6.19E+07     0.00011875    7.19E+07     2.4124E+05    
   6.2E+07      0.99762      0.00011852    6.2E+07      0.00011852    7.2E+07      2.417E+05     
   6.21E+07     0.99761      0.00011839    6.21E+07     0.00011839    7.21E+07     2.4214E+05    
   6.22E+07     0.99762      0.00011844    6.22E+07     0.00011844    7.22E+07     2.4215E+05    
   6.23E+07     0.99762      0.00011824    6.23E+07     0.00011824    7.23E+07     2.4238E+05    
   6.24E+07     0.99761      0.00011876    6.24E+07     0.00011876    7.24E+07     2.4282E+05    
   6.25E+07     0.99761      0.00011854    6.25E+07     0.00011854    7.25E+07     2.4252E+05    
   6.26E+07     0.99762      0.00011874    6.26E+07     0.00011874    7.26E+07     2.4296E+05    
   6.27E+07     0.99762      0.00011852    6.27E+07     0.00011852    7.27E+07     2.4277E+05    
   6.28E+07     0.99761      0.00011856    6.28E+07     0.00011856    7.28E+07     2.4314E+05    
   6.29E+07     0.9976       0.0001184     6.29E+07     0.0001184     7.29E+07     2.4357E+05    
   6.3E+07      0.99759      0.00011863    6.3E+07      0.00011863    7.3E+07      2.4285E+05    
   6.31E+07     0.9976       0.00011852    6.31E+07     0.00011852    7.31E+07     2.432E+05     
   6.32E+07     0.9976       0.00011833    6.32E+07     0.00011833    7.32E+07     2.4342E+05    
   6.33E+07     0.9976       0.00011812    6.33E+07     0.00011812    7.33E+07     2.4162E+05    
   6.34E+07     0.9976       0.0001179     6.34E+07     0.0001179     7.34E+07     2.4203E+05    
   6.35E+07     0.9976       0.00011771    6.35E+07     0.00011771    7.35E+07     2.4167E+05    
   6.36E+07     0.9976       0.0001175     6.36E+07     0.0001175     7.36E+07     2.4144E+05    
   6.37E+07     0.9976       0.00011732    6.37E+07     0.00011732    7.37E+07     2.4185E+05    
   6.38E+07     0.99759      0.0001171     6.38E+07     0.0001171     7.38E+07     2.4225E+05    
   6.39E+07     0.9976       0.00011697    6.39E+07     0.00011697    7.39E+07     2.4191E+05    
   6.4E+07      0.9976       0.00011677    6.4E+07      0.00011677    7.4E+07      2.4229E+05    
   6.41E+07     0.9976       0.00011657    6.41E+07     0.00011657    7.41E+07     2.4228E+05    
   6.42E+07     0.9976       0.00011636    6.42E+07     0.00011636    7.42E+07     2.4216E+05    
   6.43E+07     0.9976       0.00011616    6.43E+07     0.00011616    7.43E+07     2.4212E+05    
   6.44E+07     0.9976       0.00011614    6.44E+07     0.00011614    7.44E+07     2.4243E+05    
   6.45E+07     0.9976       0.00011592    6.45E+07     0.00011592    7.45E+07     2.4152E+05    
   6.46E+07     0.9976       0.00011585    6.46E+07     0.00011585    7.46E+07     2.4161E+05    
   6.47E+07     0.9976       0.00011569    6.47E+07     0.00011569    7.47E+07     2.417E+05     
   6.48E+07     0.99761      0.00011556    6.48E+07     0.00011556    7.48E+07     2.42E+05      
   6.49E+07     0.99761      0.00011535    6.49E+07     0.00011535    7.49E+07     2.4236E+05    
   6.5E+07      0.99761      0.00011515    6.5E+07      0.00011515    7.5E+07      2.4267E+05    
   6.51E+07     0.99761      0.00011495    6.51E+07     0.00011495    7.51E+07     2.4271E+05    
   6.52E+07     0.9976       0.00011499    6.52E+07     0.00011499    7.52E+07     2.415E+05     
   6.53E+07     0.9976       0.00011493    6.53E+07     0.00011493    7.53E+07     2.4191E+05    
   6.54E+07     0.9976       0.00011509    6.54E+07     0.00011509    7.54E+07     2.4219E+05    
   6.55E+07     0.99761      0.00011491    6.55E+07     0.00011491    7.55E+07     2.4154E+05    
   6.56E+07     0.9976       0.00011478    6.56E+07     0.00011478    7.56E+07     2.4173E+05    
   6.57E+07     0.99761      0.00011478    6.57E+07     0.00011478    7.57E+07     2.4216E+05    
   6.58E+07     0.99761      0.00011458    6.58E+07     0.00011458    7.58E+07     2.4243E+05    
   6.59E+07     0.9976       0.00011445    6.59E+07     0.00011445    7.59E+07     2.428E+05     
   6.6E+07      0.99761      0.00011428    6.6E+07      0.00011428    7.6E+07      2.4321E+05    
   6.61E+07     0.99761      0.00011411    6.61E+07     0.00011411    7.61E+07     2.4357E+05    
   6.62E+07     0.9976       0.00011394    6.62E+07     0.00011394    7.62E+07     2.4223E+05    
   6.63E+07     0.9976       0.00011374    6.63E+07     0.00011374    7.63E+07     2.4262E+05    
   6.64E+07     0.99761      0.00011363    6.64E+07     0.00011363    7.64E+07     2.4293E+05    
   6.65E+07     0.99761      0.00011347    6.65E+07     0.00011347    7.65E+07     2.4313E+05    
   6.66E+07     0.99761      0.00011327    6.66E+07     0.00011327    7.66E+07     2.4353E+05    
   6.67E+07     0.99762      0.00011319    6.67E+07     0.00011319    7.67E+07     2.4393E+05    
   6.68E+07     0.99762      0.00011299    6.68E+07     0.00011299    7.68E+07     2.4409E+05    
   6.69E+07     0.99761      0.00011282    6.69E+07     0.00011282    7.69E+07     2.4376E+05    
   6.7E+07      0.99761      0.00011264    6.7E+07      0.00011264    7.7E+07      2.4411E+05    
   6.71E+07     0.99762      0.00011262    6.71E+07     0.00011262    7.71E+07     2.3943E+05    
   6.72E+07     0.99761      0.00011246    6.72E+07     0.00011246    7.72E+07     2.3982E+05    
   6.73E+07     0.99761      0.0001123     6.73E+07     0.0001123     7.73E+07     2.3886E+05    
   6.74E+07     0.99761      0.00011214    6.74E+07     0.00011214    7.74E+07     2.3907E+05    
   6.75E+07     0.99761      0.00011197    6.75E+07     0.00011197    7.75E+07     2.3929E+05    
   6.76E+07     0.99761      0.00011177    6.76E+07     0.00011177    7.76E+07     2.3969E+05    
   6.77E+07     0.99761      0.00011168    6.77E+07     0.00011168    7.77E+07     2.4009E+05    
   6.78E+07     0.99761      0.00011149    6.78E+07     0.00011149    7.78E+07     2.4048E+05    
   6.79E+07     0.99761      0.0001113     6.79E+07     0.0001113     7.79E+07     2.4003E+05    
   6.8E+07      0.9976       0.00011152    6.8E+07      0.00011152    7.8E+07      2.3992E+05    
   6.81E+07     0.9976       0.00011136    6.81E+07     0.00011136    7.81E+07     2.4015E+05    
   6.82E+07     0.99761      0.00011125    6.82E+07     0.00011125    7.82E+07     2.4039E+05    
   6.83E+07     0.9976       0.00011106    6.83E+07     0.00011106    7.83E+07     2.4075E+05    
   6.84E+07     0.99761      0.00011092    6.84E+07     0.00011092    7.84E+07     2.4103E+05    
   6.85E+07     0.99761      0.00011094    6.85E+07     0.00011094    7.85E+07     2.4126E+05    
   6.86E+07     0.99761      0.00011075    6.86E+07     0.00011075    7.86E+07     2.4161E+05    
   6.87E+07     0.99761      0.00011056    6.87E+07     0.00011056    7.87E+07     2.419E+05     
   6.88E+07     0.99762      0.00011037    6.88E+07     0.00011037    7.88E+07     2.4231E+05    
   6.89E+07     0.99762      0.00011018    6.89E+07     0.00011018    7.89E+07     2.4262E+05    
   6.9E+07      0.99761      0.0001101     6.9E+07      0.0001101     7.9E+07      2.4296E+05    
   6.91E+07     0.99761      0.00010996    6.91E+07     0.00010996    7.91E+07     2.4312E+05    
   6.92E+07     0.99761      0.00010989    6.92E+07     0.00010989    7.92E+07     2.4335E+05    
   6.93E+07     0.99761      0.00010971    6.93E+07     0.00010971    7.93E+07     2.4262E+05    
   6.94E+07     0.99761      0.00010953    6.94E+07     0.00010953    7.94E+07     2.4301E+05    
   6.95E+07     0.9976       0.00010943    6.95E+07     0.00010943    7.95E+07     2.4342E+05    
   6.96E+07     0.99761      0.00010956    6.96E+07     0.00010956    7.96E+07     2.4286E+05    
   6.97E+07     0.9976       0.00010964    6.97E+07     0.00010964    7.97E+07     2.4094E+05    
   6.98E+07     0.99761      0.00010956    6.98E+07     0.00010956    7.98E+07     2.4088E+05    
   6.99E+07     0.99762      0.00010968    6.99E+07     0.00010968    7.99E+07     2.4112E+05    
   7E+07        0.99762      0.00010954    7E+07        0.00010954    8E+07        2.4121E+05    
   7.01E+07     0.99762      0.0001094     7.01E+07     0.0001094     8.01E+07     2.4161E+05    
   7.02E+07     0.99763      0.00010923    7.02E+07     0.00010923    8.02E+07     2.4161E+05    
   7.03E+07     0.99762      0.00010909    7.03E+07     0.00010909    8.03E+07     2.4138E+05    
   7.04E+07     0.99763      0.00010895    7.04E+07     0.00010895    8.04E+07     2.4176E+05    
   7.05E+07     0.99763      0.00010899    7.05E+07     0.00010899    8.05E+07     2.4215E+05    
   7.06E+07     0.99763      0.00010883    7.06E+07     0.00010883    8.06E+07     2.4238E+05    
   7.07E+07     0.99764      0.00010871    7.07E+07     0.00010871    8.07E+07     2.4155E+05    
   7.08E+07     0.99763      0.0001086     7.08E+07     0.0001086     8.08E+07     2.4184E+05    
   7.09E+07     0.99763      0.00010843    7.09E+07     0.00010843    8.09E+07     2.4203E+05    
   7.1E+07      0.99764      0.0001083     7.1E+07      0.0001083     8.1E+07      2.4168E+05    
   7.11E+07     0.99763      0.00010842    7.11E+07     0.00010842    8.11E+07     2.4205E+05    
   7.12E+07     0.99763      0.00010827    7.12E+07     0.00010827    8.12E+07     2.424E+05     
   7.13E+07     0.99762      0.00010849    7.13E+07     0.00010849    8.13E+07     2.4261E+05    
   7.14E+07     0.99763      0.00010865    7.14E+07     0.00010865    8.14E+07     2.4299E+05    
   7.15E+07     0.99764      0.00010863    7.15E+07     0.00010863    8.15E+07     2.4337E+05    
   7.16E+07     0.99764      0.00010853    7.16E+07     0.00010853    8.16E+07     2.4373E+05    
   7.17E+07     0.99764      0.00010844    7.17E+07     0.00010844    8.17E+07     2.4401E+05    
   7.18E+07     0.99763      0.00010832    7.18E+07     0.00010832    8.18E+07     2.4439E+05    
   7.19E+07     0.99764      0.00010832    7.19E+07     0.00010832    8.19E+07     2.4479E+05    
   7.2E+07      0.99764      0.00010815    7.2E+07      0.00010815    8.2E+07      2.4513E+05    
   7.21E+07     0.99764      0.00010798    7.21E+07     0.00010798    8.21E+07     2.4549E+05    
   7.22E+07     0.99763      0.0001079     7.22E+07     0.0001079     8.22E+07     2.4588E+05    
   7.23E+07     0.99764      0.00010777    7.23E+07     0.00010777    8.23E+07     2.4619E+05    
   7.24E+07     0.99764      0.0001076     7.24E+07     0.0001076     8.24E+07     2.4648E+05    
   7.25E+07     0.99764      0.00010759    7.25E+07     0.00010759    8.25E+07     2.462E+05     
   7.26E+07     0.99764      0.00010742    7.26E+07     0.00010742    8.26E+07     2.4604E+05    
   7.27E+07     0.99765      0.00010738    7.27E+07     0.00010738    8.27E+07     2.4578E+05    
   7.28E+07     0.99765      0.00010723    7.28E+07     0.00010723    8.28E+07     2.4613E+05    
   7.29E+07     0.99765      0.00010706    7.29E+07     0.00010706    8.29E+07     2.4577E+05    
   7.3E+07      0.99764      0.00010715    7.3E+07      0.00010715    8.3E+07      2.4606E+05    
   7.31E+07     0.99764      0.00010699    7.31E+07     0.00010699    8.31E+07     2.4632E+05    
   7.32E+07     0.99764      0.00010686    7.32E+07     0.00010686    8.32E+07     2.4632E+05    
   7.33E+07     0.99763      0.00010719    7.33E+07     0.00010719    8.33E+07     2.4669E+05    
   7.34E+07     0.99763      0.00010703    7.34E+07     0.00010703    8.34E+07     2.4706E+05    
   7.35E+07     0.99764      0.00010703    7.35E+07     0.00010703    8.35E+07     2.4705E+05    
   7.36E+07     0.99765      0.00010701    7.36E+07     0.00010701    8.36E+07     2.4665E+05    
   7.37E+07     0.99765      0.00010685    7.37E+07     0.00010685    8.37E+07     2.4698E+05    
   7.38E+07     0.99765      0.00010669    7.38E+07     0.00010669    8.38E+07     2.4678E+05    
   7.39E+07     0.99765      0.00010669    7.39E+07     0.00010669    8.39E+07     2.4706E+05    
   7.4E+07      0.99766      0.00010653    7.4E+07      0.00010653    8.4E+07      2.4735E+05    
   7.41E+07     0.99765      0.00010646    7.41E+07     0.00010646    8.41E+07     2.4693E+05    
   7.42E+07     0.99766      0.00010642    7.42E+07     0.00010642    8.42E+07     2.4728E+05    
   7.43E+07     0.99766      0.00010635    7.43E+07     0.00010635    8.43E+07     2.4765E+05    
   7.44E+07     0.99766      0.00010621    7.44E+07     0.00010621    8.44E+07     2.4771E+05    
   7.45E+07     0.99765      0.00010634    7.45E+07     0.00010634    8.45E+07     2.4796E+05    
   7.46E+07     0.99766      0.00010626    7.46E+07     0.00010626    8.46E+07     2.4816E+05    
   7.47E+07     0.99765      0.00010616    7.47E+07     0.00010616    8.47E+07     2.4849E+05    
   7.48E+07     0.99765      0.00010602    7.48E+07     0.00010602    8.48E+07     2.4871E+05    
   7.49E+07     0.99766      0.00010587    7.49E+07     0.00010587    8.49E+07     2.4881E+05    
   7.5E+07      0.99765      0.00010574    7.5E+07      0.00010574    8.5E+07      2.4919E+05    
   7.51E+07     0.99765      0.00010565    7.51E+07     0.00010565    8.51E+07     2.4954E+05    
   7.52E+07     0.99764      0.00010585    7.52E+07     0.00010585    8.52E+07     2.4892E+05    
   7.53E+07     0.99764      0.00010568    7.53E+07     0.00010568    8.53E+07     2.4925E+05    
   7.54E+07     0.99764      0.00010556    7.54E+07     0.00010556    8.54E+07     2.4959E+05    
   7.55E+07     0.99765      0.00010562    7.55E+07     0.00010562    8.55E+07     2.4882E+05    
   7.56E+07     0.99765      0.00010552    7.56E+07     0.00010552    8.56E+07     2.4914E+05    
   7.57E+07     0.99765      0.00010536    7.57E+07     0.00010536    8.57E+07     2.4949E+05    
   7.58E+07     0.99765      0.00010523    7.58E+07     0.00010523    8.58E+07     2.498E+05     
   7.59E+07     0.99765      0.00010507    7.59E+07     0.00010507    8.59E+07     2.5016E+05    
   7.6E+07      0.99765      0.00010491    7.6E+07      0.00010491    8.6E+07      2.5047E+05    
   7.61E+07     0.99765      0.00010477    7.61E+07     0.00010477    8.61E+07     2.5076E+05    
   7.62E+07     0.99764      0.00010499    7.62E+07     0.00010499    8.62E+07     2.5091E+05    
   7.63E+07     0.99764      0.00010483    7.63E+07     0.00010483    8.63E+07     2.5123E+05    
   7.64E+07     0.99764      0.0001047     7.64E+07     0.0001047     8.64E+07     2.4953E+05    
   7.65E+07     0.99765      0.00010459    7.65E+07     0.00010459    8.65E+07     2.4987E+05    
   7.66E+07     0.99765      0.00010444    7.66E+07     0.00010444    8.66E+07     2.5E+05       
   7.67E+07     0.99765      0.00010428    7.67E+07     0.00010428    8.67E+07     2.4936E+05    
   7.68E+07     0.99765      0.00010418    7.68E+07     0.00010418    8.68E+07     2.4973E+05    
   7.69E+07     0.99766      0.00010419    7.69E+07     0.00010419    8.69E+07     2.5004E+05    
   7.7E+07      0.99765      0.00010404    7.7E+07      0.00010404    8.7E+07      2.5033E+05    
   7.71E+07     0.99764      0.00010498    7.71E+07     0.00010498    8.71E+07     2.5051E+05    
   7.72E+07     0.99764      0.00010483    7.72E+07     0.00010483    8.72E+07     2.5081E+05    
   7.73E+07     0.99763      0.00010497    7.73E+07     0.00010497    8.73E+07     2.5115E+05    
   7.74E+07     0.99763      0.00010486    7.74E+07     0.00010486    8.74E+07     2.5133E+05    
   7.75E+07     0.99763      0.00010474    7.75E+07     0.00010474    8.75E+07     2.517E+05     
   7.76E+07     0.99763      0.00010459    7.76E+07     0.00010459    8.76E+07     2.5206E+05    
   7.77E+07     0.99763      0.00010443    7.77E+07     0.00010443    8.77E+07     2.5141E+05    
   7.78E+07     0.99762      0.00010428    7.78E+07     0.00010428    8.78E+07     2.5173E+05    
   7.79E+07     0.99763      0.0001043     7.79E+07     0.0001043     8.79E+07     2.5201E+05    
   7.8E+07      0.99763      0.00010427    7.8E+07      0.00010427    8.8E+07      2.5209E+05    
   7.81E+07     0.99762      0.00010415    7.81E+07     0.00010415    8.81E+07     2.5056E+05    
   7.82E+07     0.99763      0.00010403    7.82E+07     0.00010403    8.82E+07     2.4951E+05    
   7.83E+07     0.99763      0.00010388    7.83E+07     0.00010388    8.83E+07     2.4933E+05    
   7.84E+07     0.99762      0.00010376    7.84E+07     0.00010376    8.84E+07     2.4931E+05    
   7.85E+07     0.99762      0.00010364    7.85E+07     0.00010364    8.85E+07     2.496E+05     
   7.86E+07     0.99762      0.0001035     7.86E+07     0.0001035     8.86E+07     2.4989E+05    
   7.87E+07     0.99762      0.00010336    7.87E+07     0.00010336    8.87E+07     2.5024E+05    
   7.88E+07     0.99762      0.00010321    7.88E+07     0.00010321    8.88E+07     2.5053E+05    
   7.89E+07     0.99762      0.00010308    7.89E+07     0.00010308    8.89E+07     2.5086E+05    
   7.9E+07      0.99762      0.00010295    7.9E+07      0.00010295    8.9E+07      2.5076E+05    
   7.91E+07     0.99762      0.00010285    7.91E+07     0.00010285    8.91E+07     2.509E+05     
   7.92E+07     0.99761      0.00010273    7.92E+07     0.00010273    8.92E+07     2.5123E+05    
   7.93E+07     0.99761      0.00010282    7.93E+07     0.00010282    8.93E+07     2.5105E+05    
   7.94E+07     0.99761      0.00010268    7.94E+07     0.00010268    8.94E+07     2.5129E+05    
   7.95E+07     0.99761      0.00010253    7.95E+07     0.00010253    8.95E+07     2.5145E+05    
   7.96E+07     0.99761      0.00010257    7.96E+07     0.00010257    8.96E+07     2.5154E+05    
   7.97E+07     0.99762      0.00010292    7.97E+07     0.00010292    8.97E+07     2.5161E+05    
   7.98E+07     0.99763      0.00010287    7.98E+07     0.00010287    8.98E+07     2.5103E+05    
   7.99E+07     0.99763      0.00010275    7.99E+07     0.00010275    8.99E+07     2.5134E+05    
   8E+07        0.99762      0.00010266    8E+07        0.00010266    9E+07        2.4998E+05    
   8.01E+07     0.99762      0.00010252    8.01E+07     0.00010252    9.01E+07     2.5028E+05    
   8.02E+07     0.99762      0.00010246    8.02E+07     0.00010246    9.02E+07     2.5061E+05    
   8.03E+07     0.99762      0.00010244    8.03E+07     0.00010244    9.03E+07     2.5097E+05    
   8.04E+07     0.99762      0.0001023     8.04E+07     0.0001023     9.04E+07     2.5072E+05    
   8.05E+07     0.99762      0.00010216    8.05E+07     0.00010216    9.05E+07     2.5091E+05    
   8.06E+07     0.99762      0.00010205    8.06E+07     0.00010205    9.06E+07     2.5095E+05    
   8.07E+07     0.99763      0.00010214    8.07E+07     0.00010214    9.07E+07     2.5071E+05    
   8.08E+07     0.99763      0.00010201    8.08E+07     0.00010201    9.08E+07     2.5066E+05    
   8.09E+07     0.99763      0.00010191    8.09E+07     0.00010191    9.09E+07     2.5055E+05    
   8.1E+07      0.99764      0.00010192    8.1E+07      0.00010192    9.1E+07      2.4998E+05    
   8.11E+07     0.99764      0.00010178    8.11E+07     0.00010178    9.11E+07     2.5033E+05    
   8.12E+07     0.99764      0.00010164    8.12E+07     0.00010164    9.12E+07     2.5063E+05    
   8.13E+07     0.99764      0.00010153    8.13E+07     0.00010153    9.13E+07     2.5084E+05    
   8.14E+07     0.99764      0.00010139    8.14E+07     0.00010139    9.14E+07     2.512E+05     
   8.15E+07     0.99764      0.00010125    8.15E+07     0.00010125    9.15E+07     2.5153E+05    
   8.16E+07     0.99764      0.00010111    8.16E+07     0.00010111    9.16E+07     2.5156E+05    
   8.17E+07     0.99763      0.00010099    8.17E+07     0.00010099    9.17E+07     2.5186E+05    
   8.18E+07     0.99763      0.00010085    8.18E+07     0.00010085    9.18E+07     2.5213E+05    
   8.19E+07     0.99763      0.00010071    8.19E+07     0.00010071    9.19E+07     2.516E+05     
   8.2E+07      0.99763      0.00010058    8.2E+07      0.00010058    9.2E+07      2.5178E+05    
   8.21E+07     0.99763      0.00010044    8.21E+07     0.00010044    9.21E+07     2.5209E+05    
   8.22E+07     0.99763      0.0001003     8.22E+07     0.0001003     9.22E+07     2.5201E+05    
   8.23E+07     0.99763      0.00010018    8.23E+07     0.00010018    9.23E+07     2.5227E+05    
   8.24E+07     0.99763      0.00010006    8.24E+07     0.00010006    9.24E+07     2.5261E+05    
   8.25E+07     0.99763      0.00010005    8.25E+07     0.00010005    9.25E+07     2.5293E+05    
   8.26E+07     0.99762      0.00010003    8.26E+07     0.00010003    9.26E+07     2.5297E+05    
   8.27E+07     0.99762      0.00010002    8.27E+07     0.00010002    9.27E+07     2.5325E+05    
   8.28E+07     0.99762      9.989E-05     8.28E+07     9.989E-05     9.28E+07     2.5305E+05    
   8.29E+07     0.99762      9.9907E-05    8.29E+07     9.9907E-05    9.29E+07     2.5312E+05    
   8.3E+07      0.99762      9.9788E-05    8.3E+07      9.9788E-05    9.3E+07      2.5345E+05    
   8.31E+07     0.99762      9.9678E-05    8.31E+07     9.9678E-05    9.31E+07     2.5324E+05    
   8.32E+07     0.99762      9.9615E-05    8.32E+07     9.9615E-05    9.32E+07     2.5358E+05    
   8.33E+07     0.99762      9.9481E-05    8.33E+07     9.9481E-05    9.33E+07     2.5351E+05    
   8.34E+07     0.99762      9.9346E-05    8.34E+07     9.9346E-05    9.34E+07     2.5381E+05    
   8.35E+07     0.99763      9.9291E-05    8.35E+07     9.9291E-05    9.35E+07     2.5416E+05    
   8.36E+07     0.99762      9.9307E-05    8.36E+07     9.9307E-05    9.36E+07     2.5404E+05    
   8.37E+07     0.99762      9.9185E-05    8.37E+07     9.9185E-05    9.37E+07     2.5436E+05    
   8.38E+07     0.99762      9.9166E-05    8.38E+07     9.9166E-05    9.38E+07     2.5445E+05    
   8.39E+07     0.99762      9.9053E-05    8.39E+07     9.9053E-05    9.39E+07     2.5479E+05    
   8.4E+07      0.99762      9.893E-05     8.4E+07      9.893E-05     9.4E+07      2.5488E+05    
   8.41E+07     0.99761      9.8957E-05    8.41E+07     9.8957E-05    9.41E+07     2.5512E+05    
   8.42E+07     0.99762      9.8832E-05    8.42E+07     9.8832E-05    9.42E+07     2.5411E+05    
   8.43E+07     0.99761      9.87E-05      8.43E+07     9.87E-05      9.43E+07     2.5443E+05    
   8.44E+07     0.99762      9.862E-05     8.44E+07     9.862E-05     9.44E+07     2.5399E+05    
   8.45E+07     0.99762      9.8512E-05    8.45E+07     9.8512E-05    9.45E+07     2.5413E+05    
   8.46E+07     0.99761      9.8417E-05    8.46E+07     9.8417E-05    9.46E+07     2.5447E+05    
   8.47E+07     0.99761      9.8294E-05    8.47E+07     9.8294E-05    9.47E+07     2.548E+05     
   8.48E+07     0.99761      9.819E-05     8.48E+07     9.819E-05     9.48E+07     2.5505E+05    
   8.49E+07     0.99762      9.8112E-05    8.49E+07     9.8112E-05    9.49E+07     2.5446E+05    
   8.5E+07      0.99761      9.7981E-05    8.5E+07      9.7981E-05    9.5E+07      2.5459E+05    
   8.51E+07     0.99761      9.7856E-05    8.51E+07     9.7856E-05    9.51E+07     2.5439E+05    
   8.52E+07     0.99762      9.7916E-05    8.52E+07     9.7916E-05    9.52E+07     2.5451E+05    
   8.53E+07     0.99762      9.7795E-05    8.53E+07     9.7795E-05    9.53E+07     2.5428E+05    
   8.54E+07     0.99762      9.7674E-05    8.54E+07     9.7674E-05    9.54E+07     2.5459E+05    
   8.55E+07     0.99762      9.7769E-05    8.55E+07     9.7769E-05    9.55E+07     2.5491E+05    
   8.56E+07     0.99763      9.7645E-05    8.56E+07     9.7645E-05    9.56E+07     2.5388E+05    
   8.57E+07     0.99763      9.7522E-05    8.57E+07     9.7522E-05    9.57E+07     2.5386E+05    
   8.58E+07     0.99762      9.7406E-05    8.58E+07     9.7406E-05    9.58E+07     2.542E+05     
   8.59E+07     0.99762      9.7281E-05    8.59E+07     9.7281E-05    9.59E+07     2.5448E+05    
   8.6E+07      0.99762      9.7164E-05    8.6E+07      9.7164E-05    9.6E+07      2.5425E+05    
   8.61E+07     0.99762      9.7054E-05    8.61E+07     9.7054E-05    9.61E+07     2.5451E+05    
   8.62E+07     0.99762      9.6969E-05    8.62E+07     9.6969E-05    9.62E+07     2.5334E+05    
   8.63E+07     0.99762      9.6852E-05    8.63E+07     9.6852E-05    9.63E+07     2.5349E+05    
   8.64E+07     0.99761      9.7126E-05    8.64E+07     9.7126E-05    9.64E+07     2.5314E+05    
   8.65E+07     0.99761      9.7E-05       8.65E+07     9.7E-05       9.65E+07     2.5337E+05    
   8.66E+07     0.99762      9.6917E-05    8.66E+07     9.6917E-05    9.66E+07     2.5357E+05    
   8.67E+07     0.99761      9.6989E-05    8.67E+07     9.6989E-05    9.67E+07     2.5244E+05    
   8.68E+07     0.99761      9.6863E-05    8.68E+07     9.6863E-05    9.68E+07     2.5275E+05    
   8.69E+07     0.99761      9.6737E-05    8.69E+07     9.6737E-05    9.69E+07     2.5238E+05    
   8.7E+07      0.99761      9.6626E-05    8.7E+07      9.6626E-05    9.7E+07      2.5257E+05    
   8.71E+07     0.99761      9.6537E-05    8.71E+07     9.6537E-05    9.71E+07     2.5282E+05    
   8.72E+07     0.99761      9.6423E-05    8.72E+07     9.6423E-05    9.72E+07     2.53E+05      
   8.73E+07     0.99761      9.6299E-05    8.73E+07     9.6299E-05    9.73E+07     2.5311E+05    
   8.74E+07     0.99761      9.621E-05     8.74E+07     9.621E-05     9.74E+07     2.5322E+05    
   8.75E+07     0.99761      9.6087E-05    8.75E+07     9.6087E-05    9.75E+07     2.5199E+05    
   8.76E+07     0.99761      9.5965E-05    8.76E+07     9.5965E-05    9.76E+07     2.5202E+05    
   8.77E+07     0.99762      9.6028E-05    8.77E+07     9.6028E-05    9.77E+07     2.5173E+05    
   8.78E+07     0.99762      9.5916E-05    8.78E+07     9.5916E-05    9.78E+07     2.5164E+05    
   8.79E+07     0.99762      9.5807E-05    8.79E+07     9.5807E-05    9.79E+07     2.514E+05     
   8.8E+07      0.99762      9.5741E-05    8.8E+07      9.5741E-05    9.8E+07      2.515E+05     
   8.81E+07     0.99763      9.5968E-05    8.81E+07     9.5968E-05    9.81E+07     2.5177E+05    
   8.82E+07     0.99762      9.612E-05     8.82E+07     9.612E-05     9.82E+07     2.5203E+05    
   8.83E+07     0.99762      9.6099E-05    8.83E+07     9.6099E-05    9.83E+07     2.5232E+05    
   8.84E+07     0.99763      9.605E-05     8.84E+07     9.605E-05     9.84E+07     2.5258E+05    
   8.85E+07     0.99763      9.5938E-05    8.85E+07     9.5938E-05    9.85E+07     2.5278E+05    
   8.86E+07     0.99763      9.5829E-05    8.86E+07     9.5829E-05    9.86E+07     2.5271E+05    
   8.87E+07     0.99763      9.5709E-05    8.87E+07     9.5709E-05    9.87E+07     2.5289E+05    
   8.88E+07     0.99763      9.5602E-05    8.88E+07     9.5602E-05    9.88E+07     2.528E+05     
   8.89E+07     0.99763      9.5481E-05    8.89E+07     9.5481E-05    9.89E+07     2.5255E+05    
   8.9E+07      0.99763      9.545E-05     8.9E+07      9.545E-05     9.9E+07      2.5243E+05    
   8.91E+07     0.99763      9.5371E-05    8.91E+07     9.5371E-05    9.91E+07     2.5274E+05    
   8.92E+07     0.99763      9.5255E-05    8.92E+07     9.5255E-05    9.92E+07     2.5279E+05    
   8.93E+07     0.99763      9.5228E-05    8.93E+07     9.5228E-05    9.93E+07     2.5202E+05    
   8.94E+07     0.99763      9.5128E-05    8.94E+07     9.5128E-05    9.94E+07     2.5226E+05    
   8.95E+07     0.99763      9.5047E-05    8.95E+07     9.5047E-05    9.95E+07     2.5256E+05    
   8.96E+07     0.99763      9.4977E-05    8.96E+07     9.4977E-05    9.96E+07     2.52E+05      
   8.97E+07     0.99763      9.4908E-05    8.97E+07     9.4908E-05    9.97E+07     2.5225E+05    
   8.98E+07     0.99763      9.4964E-05    8.98E+07     9.4964E-05    9.98E+07     2.5253E+05    
   8.99E+07     0.99762      9.4855E-05    8.99E+07     9.4855E-05    9.99E+07     2.527E+05     
   9E+07        0.99763      9.5061E-05    9E+07        9.5061E-05    1E+08        2.53E+05      
   9.01E+07     0.99763      9.4943E-05    9.01E+07     9.4943E-05    
   9.02E+07     0.99763      9.4827E-05    9.02E+07     9.4827E-05    
   9.03E+07     0.99763      9.4709E-05    9.03E+07     9.4709E-05    
   9.04E+07     0.99764      9.4702E-05    9.04E+07     9.4702E-05    
   9.05E+07     0.99764      9.4606E-05    9.05E+07     9.4606E-05    
   9.06E+07     0.99763      9.4548E-05    9.06E+07     9.4548E-05    
   9.07E+07     0.99764      9.4542E-05    9.07E+07     9.4542E-05    
   9.08E+07     0.99764      9.45E-05      9.08E+07     9.45E-05      
   9.09E+07     0.99764      9.4467E-05    9.09E+07     9.4467E-05    
   9.1E+07      0.99763      9.4523E-05    9.1E+07      9.4523E-05    
   9.11E+07     0.99763      9.4407E-05    9.11E+07     9.4407E-05    
   9.12E+07     0.99763      9.4302E-05    9.12E+07     9.4302E-05    
   9.13E+07     0.99763      9.4204E-05    9.13E+07     9.4204E-05    
   9.14E+07     0.99763      9.4089E-05    9.14E+07     9.4089E-05    
   9.15E+07     0.99763      9.3974E-05    9.15E+07     9.3974E-05    
   9.16E+07     0.99763      9.392E-05     9.16E+07     9.392E-05     
   9.17E+07     0.99763      9.3806E-05    9.17E+07     9.3806E-05    
   9.18E+07     0.99763      9.3709E-05    9.18E+07     9.3709E-05    
   9.19E+07     0.99764      9.3755E-05    9.19E+07     9.3755E-05    
   9.2E+07      0.99764      9.3672E-05    9.2E+07      9.3672E-05    
   9.21E+07     0.99764      9.356E-05     9.21E+07     9.356E-05     
   9.22E+07     0.99764      9.3526E-05    9.22E+07     9.3526E-05    
   9.23E+07     0.99764      9.3426E-05    9.23E+07     9.3426E-05    
   9.24E+07     0.99764      9.3315E-05    9.24E+07     9.3315E-05    
   9.25E+07     0.99764      9.3202E-05    9.25E+07     9.3202E-05    
   9.26E+07     0.99764      9.3146E-05    9.26E+07     9.3146E-05    
   9.27E+07     0.99764      9.3045E-05    9.27E+07     9.3045E-05    
   9.28E+07     0.99764      9.3033E-05    9.28E+07     9.3033E-05    
   9.29E+07     0.99764      9.2966E-05    9.29E+07     9.2966E-05    
   9.3E+07      0.99764      9.2856E-05    9.3E+07      9.2856E-05    
   9.31E+07     0.99765      9.2847E-05    9.31E+07     9.2847E-05    
   9.32E+07     0.99765      9.2736E-05    9.32E+07     9.2736E-05    
   9.33E+07     0.99764      9.2696E-05    9.33E+07     9.2696E-05    
   9.34E+07     0.99764      9.2591E-05    9.34E+07     9.2591E-05    
   9.35E+07     0.99764      9.248E-05     9.35E+07     9.248E-05     
   9.36E+07     0.99764      9.2452E-05    9.36E+07     9.2452E-05    
   9.37E+07     0.99764      9.2342E-05    9.37E+07     9.2342E-05    
   9.38E+07     0.99765      9.2276E-05    9.38E+07     9.2276E-05    
   9.39E+07     0.99765      9.2169E-05    9.39E+07     9.2169E-05    
   9.4E+07      0.99765      9.2103E-05    9.4E+07      9.2103E-05    
   9.41E+07     0.99764      9.2005E-05    9.41E+07     9.2005E-05    
   9.42E+07     0.99764      9.2138E-05    9.42E+07     9.2138E-05    
   9.43E+07     0.99764      9.2034E-05    9.43E+07     9.2034E-05    
   9.44E+07     0.99763      9.2065E-05    9.44E+07     9.2065E-05    
   9.45E+07     0.99764      9.1989E-05    9.45E+07     9.1989E-05    
   9.46E+07     0.99764      9.188E-05     9.46E+07     9.188E-05     
   9.47E+07     0.99764      9.1773E-05    9.47E+07     9.1773E-05    
   9.48E+07     0.99763      9.1682E-05    9.48E+07     9.1682E-05    
   9.49E+07     0.99763      9.1734E-05    9.49E+07     9.1734E-05    
   9.5E+07      0.99763      9.1666E-05    9.5E+07      9.1666E-05    
   9.51E+07     0.99764      9.1652E-05    9.51E+07     9.1652E-05    
   9.52E+07     0.99764      9.1585E-05    9.52E+07     9.1585E-05    
   9.53E+07     0.99763      9.1576E-05    9.53E+07     9.1576E-05    
   9.54E+07     0.99763      9.147E-05     9.54E+07     9.147E-05     
   9.55E+07     0.99763      9.1365E-05    9.55E+07     9.1365E-05    
   9.56E+07     0.99764      9.1505E-05    9.56E+07     9.1505E-05    
   9.57E+07     0.99764      9.1454E-05    9.57E+07     9.1454E-05    
   9.58E+07     0.99764      9.1347E-05    9.58E+07     9.1347E-05    
   9.59E+07     0.99765      9.1248E-05    9.59E+07     9.1248E-05    
   9.6E+07      0.99764      9.1245E-05    9.6E+07      9.1245E-05    
   9.61E+07     0.99764      9.1145E-05    9.61E+07     9.1145E-05    
   9.62E+07     0.99765      9.131E-05     9.62E+07     9.131E-05     
   9.63E+07     0.99764      9.1238E-05    9.63E+07     9.1238E-05    
   9.64E+07     0.99764      9.1256E-05    9.64E+07     9.1256E-05    
   9.65E+07     0.99764      9.1162E-05    9.65E+07     9.1162E-05    
   9.66E+07     0.99764      9.1082E-05    9.66E+07     9.1082E-05    
   9.67E+07     0.99764      9.1241E-05    9.67E+07     9.1241E-05    
   9.68E+07     0.99764      9.1138E-05    9.68E+07     9.1138E-05    
   9.69E+07     0.99764      9.116E-05     9.69E+07     9.116E-05     
   9.7E+07      0.99764      9.1075E-05    9.7E+07      9.1075E-05    
   9.71E+07     0.99764      9.0984E-05    9.71E+07     9.0984E-05    
   9.72E+07     0.99764      9.0906E-05    9.72E+07     9.0906E-05    
   9.73E+07     0.99764      9.0842E-05    9.73E+07     9.0842E-05    
   9.74E+07     0.99764      9.0768E-05    9.74E+07     9.0768E-05    
   9.75E+07     0.99763      9.0945E-05    9.75E+07     9.0945E-05    
   9.76E+07     0.99763      9.0893E-05    9.76E+07     9.0893E-05    
   9.77E+07     0.99764      9.0902E-05    9.77E+07     9.0902E-05    
   9.78E+07     0.99764      9.0869E-05    9.78E+07     9.0869E-05    
   9.79E+07     0.99763      9.0867E-05    9.79E+07     9.0867E-05    
   9.8E+07      0.99763      9.0803E-05    9.8E+07      9.0803E-05    
   9.81E+07     0.99763      9.071E-05     9.81E+07     9.071E-05     
   9.82E+07     0.99764      9.0616E-05    9.82E+07     9.0616E-05    
   9.83E+07     0.99764      9.0517E-05    9.83E+07     9.0517E-05    
   9.84E+07     0.99764      9.0427E-05    9.84E+07     9.0427E-05    
   9.85E+07     0.99764      9.0346E-05    9.85E+07     9.0346E-05    
   9.86E+07     0.99764      9.0306E-05    9.86E+07     9.0306E-05    
   9.87E+07     0.99764      9.0228E-05    9.87E+07     9.0228E-05    
   9.88E+07     0.99765      9.02E-05      9.88E+07     9.02E-05      
   9.89E+07     0.99764      9.0199E-05    9.89E+07     9.0199E-05    
   9.9E+07      0.99765      9.0172E-05    9.9E+07      9.0172E-05    
   9.91E+07     0.99765      9.0071E-05    9.91E+07     9.0071E-05    
   9.92E+07     0.99764      9.0019E-05    9.92E+07     9.0019E-05    
   9.93E+07     0.99765      9.0111E-05    9.93E+07     9.0111E-05    
   9.94E+07     0.99765      9.0019E-05    9.94E+07     9.0019E-05    
   9.95E+07     0.99765      8.9924E-05    9.95E+07     8.9924E-05    
   9.96E+07     0.99765      8.9977E-05    9.96E+07     8.9977E-05    
   9.97E+07     0.99764      8.9891E-05    9.97E+07     8.9891E-05    
   9.98E+07     0.99764      8.9791E-05    9.98E+07     8.9791E-05    
   9.99E+07     0.99764      8.972E-05     9.99E+07     8.972E-05     
   1E+08        0.99764      8.9622E-05    1E+08        8.9622E-05    
