# This file is written with the intent of being used to plot the data with 
# Gnuplot.  It contains no information regarding how the plot should be 
# formatted.
# =========================================================================
# Research/ArnoldivsPower -f Power1-w50-81.dat -t 100000 -A -c 100 -C 900 -w 50 -b 75 -r  seed = 3348841400
# filename = Power1-w50-81.dat, run = true, power = true, Arnoldi = false, storevectors = 0, raw = false, evectors = 2, evalues = 2, residual = false, arnoldimethod = implicit, tol = 2.22045e-16, verbose = 1, seed = 0, width = 50, bins = 75, acycles = 900, incycles = 100, active = 20, inactive = 0, Iterations = 10, numValues = 2, relaxed = 0, tracks = 100000, ignore_rest = false, version = false, help = false, 

#  1            2            3             4            5             6            7             8            9            
# |-            Power values           -| |-   Power eValues SD   -| |-       FOM-Power      -| |-     Power vector     -| 
#  x-coord      y-coord      error         x-coord      y-coord       x-coord      y-coord       x-coord      y-coord       
   1E+05        0.98492      0             1E+05        0             1.01E+07     0             0.33333      0.01016       
   2E+05        0.98917      0             2E+05        0             1.02E+07     4078.6        1            0.017047      
   3E+05        0.98896      0             3E+05        0             1.03E+07     8937.7        1.6667       0.023829      
   4E+05        0.98901      0             4E+05        0             1.04E+07     13665         2.3333       0.030364      
   5E+05        0.99446      0             5E+05        0             1.05E+07     19828         3            0.037062      
   6E+05        0.99376      0             6E+05        0             1.06E+07     26161         3.6667       0.043736      
   7E+05        0.9908       0             7E+05        0             1.07E+07     33848         4.3333       0.050052      
   8E+05        1.0012       0             8E+05        0             1.08E+07     32690         5            0.056685      
   9E+05        0.99678      0             9E+05        0             1.09E+07     29803         5.6667       0.062803      
   1E+06        0.99502      0             1E+06        0             1.1E+07      35771         6.3333       0.068861      
   1.1E+06      0.98976      0             1.1E+06      0             1.11E+07     31714         7            0.075002      
   1.2E+06      0.99353      0             1.2E+06      0             1.12E+07     31872         7.6667       0.080535      
   1.3E+06      0.9993       0             1.3E+06      0             1.13E+07     33193         8.3333       0.086013      
   1.4E+06      0.99485      0             1.4E+06      0             1.14E+07     35402         9            0.091756      
   1.5E+06      0.99442      0             1.5E+06      0             1.15E+07     40228         9.6667       0.097392      
   1.6E+06      0.99771      0             1.6E+06      0             1.16E+07     45326         10.333       0.10182       
   1.7E+06      0.99416      0             1.7E+06      0             1.17E+07     47152         11           0.10695       
   1.8E+06      0.9965       0             1.8E+06      0             1.18E+07     49239         11.667       0.11178       
   1.9E+06      0.99483      0             1.9E+06      0             1.19E+07     54031         12.333       0.11649       
   2E+06        0.99732      0             2E+06        0             1.2E+07      58697         13           0.12146       
   2.1E+06      0.99461      0             2.1E+06      0             1.21E+07     64112         13.667       0.12564       
   2.2E+06      0.99781      0             2.2E+06      0             1.22E+07     55481         14.333       0.12927       
   2.3E+06      0.9939       0             2.3E+06      0             1.23E+07     56499         15           0.13418       
   2.4E+06      0.99793      0             2.4E+06      0             1.24E+07     60517         15.667       0.13772       
   2.5E+06      0.99646      0             2.5E+06      0             1.25E+07     65038         16.333       0.14075       
   2.6E+06      0.99822      0             2.6E+06      0             1.26E+07     58336         17           0.14408       
   2.7E+06      0.99554      0             2.7E+06      0             1.27E+07     55380         17.667       0.1469        
   2.8E+06      0.99226      0             2.8E+06      0             1.28E+07     59062         18.333       0.14949       
   2.9E+06      0.99664      0             2.9E+06      0             1.29E+07     56643         19           0.15159       
   3E+06        1            0             3E+06        0             1.3E+07      57588         19.667       0.1533        
   3.1E+06      0.99206      0             3.1E+06      0             1.31E+07     43171         20.333       0.155         
   3.2E+06      0.99762      0             3.2E+06      0             1.32E+07     45582         21           0.15639       
   3.3E+06      1.0002       0             3.3E+06      0             1.33E+07     47960         21.667       0.15787       
   3.4E+06      0.99578      0             3.4E+06      0             1.34E+07     50525         22.333       0.159         
   3.5E+06      0.98791      0             3.5E+06      0             1.35E+07     52146         23           0.15912       
   3.6E+06      0.99697      0             3.6E+06      0             1.36E+07     54749         23.667       0.15944       
   3.7E+06      0.99574      0             3.7E+06      0             1.37E+07     55368         24.333       0.1597        
   3.8E+06      0.99727      0             3.8E+06      0             1.38E+07     57960         25           0.15953       
   3.9E+06      0.99868      0             3.9E+06      0             1.39E+07     60344         25.667       0.15905       
   4E+06        1.0013       0             4E+06        0             1.4E+07      62604         26.333       0.15836       
   4.1E+06      0.99835      0             4.1E+06      0             1.41E+07     64809         27           0.15775       
   4.2E+06      0.99425      0             4.2E+06      0             1.42E+07     67514         27.667       0.15716       
   4.3E+06      0.99022      0             4.3E+06      0             1.43E+07     69421         28.333       0.15598       
   4.4E+06      0.99077      0             4.4E+06      0             1.44E+07     71568         29           0.155         
   4.5E+06      1.001        0             4.5E+06      0             1.45E+07     74327         29.667       0.15289       
   4.6E+06      0.99603      0             4.6E+06      0             1.46E+07     74530         30.333       0.15141       
   4.7E+06      0.99859      0             4.7E+06      0             1.47E+07     77076         31           0.14954       
   4.8E+06      0.99384      0             4.8E+06      0             1.48E+07     79414         31.667       0.14646       
   4.9E+06      0.99621      0             4.9E+06      0             1.49E+07     78525         32.333       0.14365       
   5E+06        1.0001       0             5E+06        0             1.5E+07      78879         33           0.14098       
   5.1E+06      0.99869      0             5.1E+06      0             1.51E+07     80118         33.667       0.13838       
   5.2E+06      0.99656      0             5.2E+06      0             1.52E+07     82674         34.333       0.13456       
   5.3E+06      0.99897      0             5.3E+06      0             1.53E+07     83349         35           0.13126       
   5.4E+06      0.99777      0             5.4E+06      0             1.54E+07     85588         35.667       0.12723       
   5.5E+06      0.99619      0             5.5E+06      0             1.55E+07     87246         36.333       0.12294       
   5.6E+06      0.99612      0             5.6E+06      0             1.56E+07     85857         37           0.11881       
   5.7E+06      0.99747      0             5.7E+06      0             1.57E+07     82045         37.667       0.11421       
   5.8E+06      0.99686      0             5.8E+06      0             1.58E+07     83932         38.333       0.10946       
   5.9E+06      0.99554      0             5.9E+06      0             1.59E+07     86007         39           0.10448       
   6E+06        0.99302      0             6E+06        0             1.6E+07      86275         39.667       0.099362      
   6.1E+06      0.99686      0             6.1E+06      0             1.61E+07     83537         40.333       0.093486      
   6.2E+06      0.9978       0             6.2E+06      0             1.62E+07     85491         41           0.088325      
   6.3E+06      0.9968       0             6.3E+06      0             1.63E+07     87623         41.667       0.082405      
   6.4E+06      0.99376      0             6.4E+06      0             1.64E+07     89865         42.333       0.076597      
   6.5E+06      0.99704      0             6.5E+06      0             1.65E+07     90781         43           0.070873      
   6.6E+06      0.99257      0             6.6E+06      0             1.66E+07     91806         43.667       0.065326      
   6.7E+06      0.99241      0             6.7E+06      0             1.67E+07     93142         44.333       0.059175      
   6.8E+06      0.99399      0             6.8E+06      0             1.68E+07     95346         45           0.053439      
   6.9E+06      1.0015       0             6.9E+06      0             1.69E+07     97027         45.667       0.047342      
   7E+06        0.99945      0             7E+06        0             1.7E+07      99258         46.333       0.041084      
   7.1E+06      0.99277      0             7.1E+06      0             1.71E+07     1.0144E+05    47           0.034848      
   7.2E+06      0.99716      0             7.2E+06      0             1.72E+07     1.0365E+05    47.667       0.028771      
   7.3E+06      0.99783      0             7.3E+06      0             1.73E+07     1.0311E+05    48.333       0.022252      
   7.4E+06      0.99264      0             7.4E+06      0             1.74E+07     1.0525E+05    49           0.016089      
   7.5E+06      1.001        0             7.5E+06      0             1.75E+07     1.0421E+05    49.667       0.0092578     
   7.6E+06      1.002        0             7.6E+06      0             1.76E+07     1.0621E+05    
   7.7E+06      1.0016       0             7.7E+06      0             1.77E+07     1.0785E+05    
   7.8E+06      0.99431      0             7.8E+06      0             1.78E+07     1.0988E+05    
   7.9E+06      0.99719      0             7.9E+06      0             1.79E+07     1.0864E+05    
   8E+06        1.0011       0             8E+06        0             1.8E+07      1.1002E+05    
   8.1E+06      0.99715      0             8.1E+06      0             1.81E+07     1.1169E+05    
   8.2E+06      0.99658      0             8.2E+06      0             1.82E+07     1.1364E+05    
   8.3E+06      0.99738      0             8.3E+06      0             1.83E+07     1.1574E+05    
   8.4E+06      1.0035       0             8.4E+06      0             1.84E+07     1.1649E+05    
   8.5E+06      0.99677      0             8.5E+06      0             1.85E+07     1.1699E+05    
   8.6E+06      0.99367      0             8.6E+06      0             1.86E+07     1.1908E+05    
   8.7E+06      0.99246      0             8.7E+06      0             1.87E+07     1.2104E+05    
   8.8E+06      0.99725      0             8.8E+06      0             1.88E+07     1.2009E+05    
   8.9E+06      0.99103      0             8.9E+06      0             1.89E+07     1.2183E+05    
   9E+06        0.99865      0             9E+06        0             1.9E+07      1.1892E+05    
   9.1E+06      0.99497      0             9.1E+06      0             1.91E+07     1.1977E+05    
   9.2E+06      1.0005       0             9.2E+06      0             1.92E+07     1.2162E+05    
   9.3E+06      0.99315      0             9.3E+06      0             1.93E+07     1.2213E+05    
   9.4E+06      0.99942      0             9.4E+06      0             1.94E+07     1.2388E+05    
   9.5E+06      0.99618      0             9.5E+06      0             1.95E+07     1.2563E+05    
   9.6E+06      1.0022       0             9.6E+06      0             1.96E+07     1.2759E+05    
   9.7E+06      0.99644      0             9.7E+06      0             1.97E+07     1.2819E+05    
   9.8E+06      0.99484      0             9.8E+06      0             1.98E+07     1.2823E+05    
   9.9E+06      0.99549      0             9.9E+06      0             1.99E+07     1.2941E+05    
   1E+07        0.9963       0             1E+07        0             2E+07        1.3076E+05    
   1.01E+07     0.99432      7.1346E-09    1.01E+07     7.1346E-09    2.01E+07     1.3238E+05    
   1.02E+07     0.99759      0.0023097     1.02E+07     0.0023097     2.02E+07     1.3431E+05    
   1.03E+07     0.99735      0.0015524     1.03E+07     0.0015524     2.03E+07     1.3624E+05    
   1.04E+07     0.99682      0.0012491     1.04E+07     0.0012491     2.04E+07     1.3821E+05    
   1.05E+07     0.99654      0.0010319     1.05E+07     0.0010319     2.05E+07     1.3924E+05    
   1.06E+07     0.99627      0.00089403    1.06E+07     0.00089403    2.06E+07     1.4117E+05    
   1.07E+07     0.99644      0.00078223    1.07E+07     0.00078223    2.07E+07     1.4249E+05    
   1.08E+07     0.99601      0.00079219    1.08E+07     0.00079219    2.08E+07     1.4215E+05    
   1.09E+07     0.99647      0.00082566    1.09E+07     0.00082566    2.09E+07     1.4333E+05    
   1.1E+07      0.99636      0.00075015    1.1E+07      0.00075015    2.1E+07      1.4468E+05    
   1.11E+07     0.99679      0.00079302    1.11E+07     0.00079302    2.11E+07     1.4652E+05    
   1.12E+07     0.9971       0.00078746    1.12E+07     0.00078746    2.12E+07     1.4796E+05    
   1.13E+07     0.99684      0.00076803    1.13E+07     0.00076803    2.13E+07     1.499E+05     
   1.14E+07     0.99664      0.00074037    1.14E+07     0.00074037    2.14E+07     1.518E+05     
   1.15E+07     0.99666      0.00069147    1.15E+07     0.00069147    2.15E+07     1.5375E+05    
   1.16E+07     0.99668      0.00064856    1.16E+07     0.00064856    2.16E+07     1.5544E+05    
   1.17E+07     0.99651      0.00063302    1.17E+07     0.00063302    2.17E+07     1.5277E+05    
   1.18E+07     0.99667      0.0006168     1.18E+07     0.0006168     2.18E+07     1.5422E+05    
   1.19E+07     0.99662      0.00058629    1.19E+07     0.00058629    2.19E+07     1.5291E+05    
   1.2E+07      0.99668      0.00056012    1.2E+07      0.00056012    2.2E+07      1.539E+05     
   1.21E+07     0.9967       0.00053369    1.21E+07     0.00053369    2.21E+07     1.5381E+05    
   1.22E+07     0.99696      0.00057113    1.22E+07     0.00057113    2.22E+07     1.5527E+05    
   1.23E+07     0.99682      0.00056364    1.23E+07     0.00056364    2.23E+07     1.5669E+05    
   1.24E+07     0.99677      0.00054237    1.24E+07     0.00054237    2.24E+07     1.5789E+05    
   1.25E+07     0.99679      0.00052106    1.25E+07     0.00052106    2.25E+07     1.5949E+05    
   1.26E+07     0.99656      0.0005478     1.26E+07     0.0005478     2.26E+07     1.6133E+05    
   1.27E+07     0.99637      0.00055999    1.27E+07     0.00055999    2.27E+07     1.6312E+05    
   1.28E+07     0.99638      0.00054008    1.28E+07     0.00054008    2.28E+07     1.6408E+05    
   1.29E+07     0.99656      0.00054933    1.29E+07     0.00054933    2.29E+07     1.6584E+05    
   1.3E+07      0.99644      0.00054258    1.3E+07      0.00054258    2.3E+07      1.6749E+05    
   1.31E+07     0.99679      0.00062423    1.31E+07     0.00062423    2.31E+07     1.672E+05     
   1.32E+07     0.99681      0.00060513    1.32E+07     0.00060513    2.32E+07     1.686E+05     
   1.33E+07     0.99684      0.00058767    1.33E+07     0.00058767    2.33E+07     1.7013E+05    
   1.34E+07     0.99684      0.00057039    1.34E+07     0.00057039    2.34E+07     1.7069E+05    
   1.35E+07     0.99677      0.00055924    1.35E+07     0.00055924    2.35E+07     1.7167E+05    
   1.36E+07     0.99676      0.00054375    1.36E+07     0.00054375    2.36E+07     1.7272E+05    
   1.37E+07     0.99686      0.0005387     1.37E+07     0.0005387     2.37E+07     1.7446E+05    
   1.38E+07     0.99687      0.00052457    1.38E+07     0.00052457    2.38E+07     1.7518E+05    
   1.39E+07     0.99684      0.00051216    1.39E+07     0.00051216    2.39E+07     1.7637E+05    
   1.4E+07      0.9968       0.00050101    1.4E+07      0.00050101    2.4E+07      1.7793E+05    
   1.41E+07     0.99684      0.00049064    1.41E+07     0.00049064    2.41E+07     1.7716E+05    
   1.42E+07     0.99685      0.00047901    1.42E+07     0.00047901    2.42E+07     1.7803E+05    
   1.43E+07     0.99679      0.00047065    1.43E+07     0.00047065    2.43E+07     1.7773E+05    
   1.44E+07     0.99684      0.0004619     1.44E+07     0.0004619     2.44E+07     1.7886E+05    
   1.45E+07     0.99683      0.00045166    1.45E+07     0.00045166    2.45E+07     1.713E+05     
   1.46E+07     0.99692      0.00044948    1.46E+07     0.00044948    2.46E+07     1.7177E+05    
   1.47E+07     0.99694      0.00044046    1.47E+07     0.00044046    2.47E+07     1.7317E+05    
   1.48E+07     0.99697      0.00043242    1.48E+07     0.00043242    2.48E+07     1.7183E+05    
   1.49E+07     0.99688      0.00043337    1.49E+07     0.00043337    2.49E+07     1.711E+05     
   1.5E+07      0.99695      0.00043094    1.5E+07      0.00043094    2.5E+07      1.7266E+05    
   1.51E+07     0.99701      0.00042615    1.51E+07     0.00042615    2.51E+07     1.7149E+05    
   1.52E+07     0.997        0.00041807    1.52E+07     0.00041807    2.52E+07     1.7296E+05    
   1.53E+07     0.99693      0.00041499    1.53E+07     0.00041499    2.53E+07     1.7322E+05    
   1.54E+07     0.99696      0.00040818    1.54E+07     0.00040818    2.54E+07     1.7458E+05    
   1.55E+07     0.997        0.00040295    1.55E+07     0.00040295    2.55E+07     1.7594E+05    
   1.56E+07     0.99709      0.00040484    1.56E+07     0.00040484    2.56E+07     1.7479E+05    
   1.57E+07     0.9972       0.0004128     1.57E+07     0.0004128     2.57E+07     1.6928E+05    
   1.58E+07     0.99723      0.00040682    1.58E+07     0.00040682    2.58E+07     1.7025E+05    
   1.59E+07     0.99721      0.0004006     1.59E+07     0.0004006     2.59E+07     1.715E+05     
   1.6E+07      0.99727      0.00039865    1.6E+07      0.00039865    2.6E+07      1.717E+05     
   1.61E+07     0.99717      0.00040386    1.61E+07     0.00040386    2.61E+07     1.7315E+05    
   1.62E+07     0.99719      0.00039797    1.62E+07     0.00039797    2.62E+07     1.7335E+05    
   1.63E+07     0.99721      0.00039188    1.63E+07     0.00039188    2.63E+07     1.7479E+05    
   1.64E+07     0.99721      0.00038577    1.64E+07     0.00038577    2.64E+07     1.7616E+05    
   1.65E+07     0.99726      0.00038259    1.65E+07     0.00038259    2.65E+07     1.7758E+05    
   1.66E+07     0.9973       0.00037928    1.66E+07     0.00037928    2.66E+07     1.7744E+05    
   1.67E+07     0.99734      0.00037542    1.67E+07     0.00037542    2.67E+07     1.787E+05     
   1.68E+07     0.99734      0.00036994    1.68E+07     0.00036994    2.68E+07     1.8011E+05    
   1.69E+07     0.99737      0.00036547    1.69E+07     0.00036547    2.69E+07     1.8132E+05    
   1.7E+07      0.99737      0.00036026    1.7E+07      0.00036026    2.7E+07      1.8193E+05    
   1.71E+07     0.99736      0.00035529    1.71E+07     0.00035529    2.71E+07     1.8307E+05    
   1.72E+07     0.99735      0.00035045    1.72E+07     0.00035045    2.72E+07     1.8445E+05    
   1.73E+07     0.9973       0.0003503     1.73E+07     0.0003503     2.73E+07     1.8129E+05    
   1.74E+07     0.99731      0.00034573    1.74E+07     0.00034573    2.74E+07     1.8198E+05    
   1.75E+07     0.99725      0.00034643    1.75E+07     0.00034643    2.75E+07     1.8336E+05    
   1.76E+07     0.99726      0.00034217    1.76E+07     0.00034217    2.76E+07     1.8424E+05    
   1.77E+07     0.99729      0.00033857    1.77E+07     0.00033857    2.77E+07     1.8564E+05    
   1.78E+07     0.9973       0.00033447    1.78E+07     0.00033447    2.78E+07     1.8703E+05    
   1.79E+07     0.99724      0.00033543    1.79E+07     0.00033543    2.79E+07     1.8845E+05    
   1.8E+07      0.99727      0.00033238    1.8E+07      0.00033238    2.8E+07      1.8739E+05    
   1.81E+07     0.99729      0.00032896    1.81E+07     0.00032896    2.81E+07     1.8877E+05    
   1.82E+07     0.9973       0.0003252     1.82E+07     0.0003252     2.82E+07     1.8672E+05    
   1.83E+07     0.99729      0.00032135    1.83E+07     0.00032135    2.83E+07     1.8671E+05    
   1.84E+07     0.99726      0.00031943    1.84E+07     0.00031943    2.84E+07     1.8693E+05    
   1.85E+07     0.99722      0.00031788    1.85E+07     0.00031788    2.85E+07     1.8745E+05    
   1.86E+07     0.99722      0.00031418    1.86E+07     0.00031418    2.86E+07     1.8824E+05    
   1.87E+07     0.99721      0.00031079    1.87E+07     0.00031079    2.87E+07     1.8951E+05    
   1.88E+07     0.99716      0.00031118    1.88E+07     0.00031118    2.88E+07     1.9045E+05    
   1.89E+07     0.99714      0.00030812    1.89E+07     0.00030812    2.89E+07     1.899E+05     
   1.9E+07      0.9972       0.00031102    1.9E+07      0.00031102    2.9E+07      1.909E+05     
   1.91E+07     0.99724      0.0003091     1.91E+07     0.0003091     2.91E+07     1.9155E+05    
   1.92E+07     0.99722      0.00030593    1.92E+07     0.00030593    2.92E+07     1.9264E+05    
   1.93E+07     0.99719      0.00030449    1.93E+07     0.00030449    2.93E+07     1.9359E+05    
   1.94E+07     0.9972       0.00030154    1.94E+07     0.00030154    2.94E+07     1.9335E+05    
   1.95E+07     0.99719      0.00029864    1.95E+07     0.00029864    2.95E+07     1.9432E+05    
   1.96E+07     0.99719      0.00029559    1.96E+07     0.00029559    2.96E+07     1.9507E+05    
   1.97E+07     0.99715      0.00029413    1.97E+07     0.00029413    2.97E+07     1.951E+05     
   1.98E+07     0.99719      0.00029334    1.98E+07     0.00029334    2.98E+07     1.9639E+05    
   1.99E+07     0.99717      0.00029123    1.99E+07     0.00029123    2.99E+07     1.9462E+05    
   2E+07        0.99715      0.000289      2E+07        0.000289      3E+07        1.9585E+05    
   2.01E+07     0.99713      0.00028651    2.01E+07     0.00028651    3.01E+07     1.9691E+05    
   2.02E+07     0.99713      0.00028373    2.02E+07     0.00028373    3.02E+07     1.9752E+05    
   2.03E+07     0.99713      0.00028099    2.03E+07     0.00028099    3.03E+07     1.9866E+05    
   2.04E+07     0.99713      0.00027829    2.04E+07     0.00027829    3.04E+07     1.9794E+05    
   2.05E+07     0.9971       0.00027658    2.05E+07     0.00027658    3.05E+07     1.9761E+05    
   2.06E+07     0.99711      0.00027401    2.06E+07     0.00027401    3.06E+07     1.9819E+05    
   2.07E+07     0.99709      0.00027207    2.07E+07     0.00027207    3.07E+07     1.9484E+05    
   2.08E+07     0.99705      0.00027172    2.08E+07     0.00027172    3.08E+07     1.9525E+05    
   2.09E+07     0.99707      0.00026994    2.09E+07     0.00026994    3.09E+07     1.961E+05     
   2.1E+07      0.99706      0.00026803    2.1E+07      0.00026803    3.1E+07      1.9698E+05    
   2.11E+07     0.99705      0.00026571    2.11E+07     0.00026571    3.11E+07     1.9794E+05    
   2.12E+07     0.99704      0.00026374    2.12E+07     0.00026374    3.12E+07     1.9905E+05    
   2.13E+07     0.99703      0.00026141    2.13E+07     0.00026141    3.13E+07     2.0029E+05    
   2.14E+07     0.99703      0.00025916    2.14E+07     0.00025916    3.14E+07     1.99E+05      
   2.15E+07     0.99703      0.00025691    2.15E+07     0.00025691    3.15E+07     1.9866E+05    
   2.16E+07     0.99704      0.00025488    2.16E+07     0.00025488    3.16E+07     1.9947E+05    
   2.17E+07     0.99708      0.00025651    2.17E+07     0.00025651    3.17E+07     2.0064E+05    
   2.18E+07     0.9971       0.00025471    2.18E+07     0.00025471    3.18E+07     2.0175E+05    
   2.19E+07     0.99714      0.0002552     2.19E+07     0.0002552     3.19E+07     2.0289E+05    
   2.2E+07      0.99715      0.00025378    2.2E+07      0.00025378    3.2E+07      2.0407E+05    
   2.21E+07     0.99718      0.00025327    2.21E+07     0.00025327    3.21E+07     2.0387E+05    
   2.22E+07     0.9972       0.0002515     2.22E+07     0.0002515     3.22E+07     2.0506E+05    
   2.23E+07     0.99718      0.0002498     2.23E+07     0.0002498     3.23E+07     2.0554E+05    
   2.24E+07     0.9972       0.00024828    2.24E+07     0.00024828    3.24E+07     2.0559E+05    
   2.25E+07     0.99719      0.00024646    2.25E+07     0.00024646    3.25E+07     1.9584E+05    
   2.26E+07     0.99719      0.00024451    2.26E+07     0.00024451    3.26E+07     1.9692E+05    
   2.27E+07     0.99718      0.00024263    2.27E+07     0.00024263    3.27E+07     1.9363E+05    
   2.28E+07     0.9972       0.00024138    2.28E+07     0.00024138    3.28E+07     1.9468E+05    
   2.29E+07     0.9972       0.00023954    2.29E+07     0.00023954    3.29E+07     1.953E+05     
   2.3E+07      0.99721      0.00023784    2.3E+07      0.00023784    3.3E+07      1.964E+05     
   2.31E+07     0.99718      0.00023752    2.31E+07     0.00023752    3.31E+07     1.9711E+05    
   2.32E+07     0.99717      0.00023603    2.32E+07     0.00023603    3.32E+07     1.9742E+05    
   2.33E+07     0.99716      0.00023444    2.33E+07     0.00023444    3.33E+07     1.9697E+05    
   2.34E+07     0.99714      0.00023355    2.34E+07     0.00023355    3.34E+07     1.9791E+05    
   2.35E+07     0.99715      0.00023239    2.35E+07     0.00023239    3.35E+07     1.9832E+05    
   2.36E+07     0.99714      0.00023119    2.36E+07     0.00023119    3.36E+07     1.9938E+05    
   2.37E+07     0.99714      0.00022954    2.37E+07     0.00022954    3.37E+07     2.0031E+05    
   2.38E+07     0.99716      0.00022857    2.38E+07     0.00022857    3.38E+07     2.0132E+05    
   2.39E+07     0.99717      0.00022732    2.39E+07     0.00022732    3.39E+07     1.9995E+05    
   2.4E+07      0.99718      0.00022584    2.4E+07      0.00022584    3.4E+07      2.0042E+05    
   2.41E+07     0.99721      0.00022586    2.41E+07     0.00022586    3.41E+07     2.0069E+05    
   2.42E+07     0.99719      0.00022483    2.42E+07     0.00022483    3.42E+07     2.0174E+05    
   2.43E+07     0.99722      0.00022455    2.43E+07     0.00022455    3.43E+07     2.0138E+05    
   2.44E+07     0.99723      0.00022338    2.44E+07     0.00022338    3.44E+07     2.0245E+05    
   2.45E+07     0.99728      0.00022778    2.45E+07     0.00022778    3.45E+07     2.034E+05     
   2.46E+07     0.99726      0.00022699    2.46E+07     0.00022699    3.46E+07     2.0419E+05    
   2.47E+07     0.99727      0.00022561    2.47E+07     0.00022561    3.47E+07     2.0526E+05    
   2.48E+07     0.9973       0.00022603    2.48E+07     0.00022603    3.48E+07     2.0602E+05    
   2.49E+07     0.99733      0.00022606    2.49E+07     0.00022606    3.49E+07     2.0672E+05    
   2.5E+07      0.99733      0.00022457    2.5E+07      0.00022457    3.5E+07      2.0407E+05    
   2.51E+07     0.99736      0.00022487    2.51E+07     0.00022487    3.51E+07     2.0502E+05    
   2.52E+07     0.99737      0.00022346    2.52E+07     0.00022346    3.52E+07     2.0601E+05    
   2.53E+07     0.99739      0.00022285    2.53E+07     0.00022285    3.53E+07     2.0698E+05    
   2.54E+07     0.99739      0.00022154    2.54E+07     0.00022154    3.54E+07     2.0799E+05    
   2.55E+07     0.99739      0.00022024    2.55E+07     0.00022024    3.55E+07     2.0736E+05    
   2.56E+07     0.99741      0.00022053    2.56E+07     0.00022053    3.56E+07     2.0822E+05    
   2.57E+07     0.99746      0.00022365    2.57E+07     0.00022365    3.57E+07     2.0896E+05    
   2.58E+07     0.99747      0.00022258    2.58E+07     0.00022258    3.58E+07     2.0988E+05    
   2.59E+07     0.99748      0.00022129    2.59E+07     0.00022129    3.59E+07     2.1003E+05    
   2.6E+07      0.99746      0.00022074    2.6E+07      0.00022074    3.6E+07      2.1106E+05    
   2.61E+07     0.99746      0.00021939    2.61E+07     0.00021939    3.61E+07     2.1193E+05    
   2.62E+07     0.99744      0.00021885    2.62E+07     0.00021885    3.62E+07     2.1285E+05    
   2.63E+07     0.99744      0.00021751    2.63E+07     0.00021751    3.63E+07     2.0941E+05    
   2.64E+07     0.99744      0.00021625    2.64E+07     0.00021625    3.64E+07     2.1026E+05    
   2.65E+07     0.99744      0.00021497    2.65E+07     0.00021497    3.65E+07     2.0967E+05    
   2.66E+07     0.99742      0.00021465    2.66E+07     0.00021465    3.66E+07     2.1007E+05    
   2.67E+07     0.99743      0.00021349    2.67E+07     0.00021349    3.67E+07     2.1054E+05    
   2.68E+07     0.99743      0.00021224    2.68E+07     0.00021224    3.68E+07     2.1121E+05    
   2.69E+07     0.99742      0.00021113    2.69E+07     0.00021113    3.69E+07     2.1205E+05    
   2.7E+07      0.99744      0.00021038    2.7E+07      0.00021038    3.7E+07      2.1169E+05    
   2.71E+07     0.99745      0.00020934    2.71E+07     0.00020934    3.71E+07     2.1266E+05    
   2.72E+07     0.99744      0.00020816    2.72E+07     0.00020816    3.72E+07     2.1351E+05    
   2.73E+07     0.99747      0.00020958    2.73E+07     0.00020958    3.73E+07     2.1423E+05    
   2.74E+07     0.99746      0.0002088     2.74E+07     0.0002088     3.74E+07     2.1327E+05    
   2.75E+07     0.99746      0.00020763    2.75E+07     0.00020763    3.75E+07     2.1347E+05    
   2.76E+07     0.99747      0.00020674    2.76E+07     0.00020674    3.76E+07     2.1432E+05    
   2.77E+07     0.99747      0.00020559    2.77E+07     0.00020559    3.77E+07     2.1431E+05    
   2.78E+07     0.99747      0.00020445    2.78E+07     0.00020445    3.78E+07     2.1435E+05    
   2.79E+07     0.99747      0.00020332    2.79E+07     0.00020332    3.79E+07     2.153E+05     
   2.8E+07      0.99749      0.00020353    2.8E+07      0.00020353    3.8E+07      2.1565E+05    
   2.81E+07     0.99749      0.00020241    2.81E+07     0.00020241    3.81E+07     2.1604E+05    
   2.82E+07     0.99747      0.00020316    2.82E+07     0.00020316    3.82E+07     2.1436E+05    
   2.83E+07     0.99745      0.0002028     2.83E+07     0.0002028     3.83E+07     2.1463E+05    
   2.84E+07     0.99743      0.00020232    2.84E+07     0.00020232    3.84E+07     2.139E+05     
   2.85E+07     0.99745      0.00020168    2.85E+07     0.00020168    3.85E+07     2.1455E+05    
   2.86E+07     0.99746      0.0002009     2.86E+07     0.0002009     3.86E+07     2.1516E+05    
   2.87E+07     0.99745      0.00019988    2.87E+07     0.00019988    3.87E+07     2.1602E+05    
   2.88E+07     0.99744      0.00019903    2.88E+07     0.00019903    3.88E+07     2.1603E+05    
   2.89E+07     0.99746      0.00019896    2.89E+07     0.00019896    3.89E+07     2.1692E+05    
   2.9E+07      0.99747      0.0001981     2.9E+07      0.0001981     3.9E+07      2.1743E+05    
   2.91E+07     0.99746      0.00019742    2.91E+07     0.00019742    3.91E+07     2.183E+05     
   2.92E+07     0.99745      0.00019653    2.92E+07     0.00019653    3.92E+07     2.1911E+05    
   2.93E+07     0.99744      0.0001957     2.93E+07     0.0001957     3.93E+07     2.1989E+05    
   2.94E+07     0.99746      0.00019548    2.94E+07     0.00019548    3.94E+07     2.1963E+05    
   2.95E+07     0.99745      0.00019466    2.95E+07     0.00019466    3.95E+07     2.2044E+05    
   2.96E+07     0.99746      0.00019396    2.96E+07     0.00019396    3.96E+07     2.1969E+05    
   2.97E+07     0.99745      0.00019362    2.97E+07     0.00019362    3.97E+07     2.2016E+05    
   2.98E+07     0.99745      0.00019265    2.98E+07     0.00019265    3.98E+07     2.1842E+05    
   2.99E+07     0.99742      0.0001932     2.99E+07     0.0001932     3.99E+07     2.1882E+05    
   3E+07        0.99742      0.00019227    3E+07        0.00019227    4E+07        2.1972E+05    
   3.01E+07     0.99743      0.00019143    3.01E+07     0.00019143    4.01E+07     2.1595E+05    
   3.02E+07     0.99742      0.0001908     3.02E+07     0.0001908     4.02E+07     2.1558E+05    
   3.03E+07     0.99741      0.00018993    3.03E+07     0.00018993    4.03E+07     2.1603E+05    
   3.04E+07     0.99739      0.00018995    3.04E+07     0.00018995    4.04E+07     2.1688E+05    
   3.05E+07     0.99737      0.0001898     3.05E+07     0.0001898     4.05E+07     2.1761E+05    
   3.06E+07     0.99739      0.0001892     3.06E+07     0.0001892     4.06E+07     2.1715E+05    
   3.07E+07     0.99741      0.00019051    3.07E+07     0.00019051    4.07E+07     2.1748E+05    
   3.08E+07     0.9974       0.00019       3.08E+07     0.00019       4.08E+07     2.183E+05     
   3.09E+07     0.99741      0.00018928    3.09E+07     0.00018928    4.09E+07     2.1753E+05    
   3.1E+07      0.99742      0.00018855    3.1E+07      0.00018855    4.1E+07      2.1812E+05    
   3.11E+07     0.99741      0.00018778    3.11E+07     0.00018778    4.11E+07     2.1868E+05    
   3.12E+07     0.99742      0.00018696    3.12E+07     0.00018696    4.12E+07     2.1945E+05    
   3.13E+07     0.99742      0.00018608    3.13E+07     0.00018608    4.13E+07     2.1977E+05    
   3.14E+07     0.9974       0.00018638    3.14E+07     0.00018638    4.14E+07     2.2017E+05    
   3.15E+07     0.99738      0.00018624    3.15E+07     0.00018624    4.15E+07     2.1971E+05    
   3.16E+07     0.99739      0.00018557    3.16E+07     0.00018557    4.16E+07     2.185E+05     
   3.17E+07     0.99739      0.00018473    3.17E+07     0.00018473    4.17E+07     2.193E+05     
   3.18E+07     0.99739      0.00018393    3.18E+07     0.00018393    4.18E+07     2.1995E+05    
   3.19E+07     0.99738      0.00018311    3.19E+07     0.00018311    4.19E+07     2.1963E+05    
   3.2E+07      0.99738      0.0001823     3.2E+07      0.0001823     4.2E+07      2.2049E+05    
   3.21E+07     0.9974       0.0001821     3.21E+07     0.0001821     4.21E+07     2.1974E+05    
   3.22E+07     0.9974       0.00018129    3.22E+07     0.00018129    4.22E+07     2.2039E+05    
   3.23E+07     0.99739      0.0001808     3.23E+07     0.0001808     4.23E+07     2.2027E+05    
   3.24E+07     0.9974       0.00018049    3.24E+07     0.00018049    4.24E+07     2.1978E+05    
   3.25E+07     0.99744      0.00018464    3.25E+07     0.00018464    4.25E+07     2.2012E+05    
   3.26E+07     0.99745      0.00018385    3.26E+07     0.00018385    4.26E+07     2.2079E+05    
   3.27E+07     0.99742      0.00018512    3.27E+07     0.00018512    4.27E+07     2.2105E+05    
   3.28E+07     0.99742      0.00018433    3.28E+07     0.00018433    4.28E+07     2.2179E+05    
   3.29E+07     0.99742      0.00018375    3.29E+07     0.00018375    4.29E+07     2.2166E+05    
   3.3E+07      0.99742      0.00018296    3.3E+07      0.00018296    4.3E+07      2.2203E+05    
   3.31E+07     0.99743      0.00018235    3.31E+07     0.00018235    4.31E+07     2.2284E+05    
   3.32E+07     0.99742      0.00018192    3.32E+07     0.00018192    4.32E+07     2.2367E+05    
   3.33E+07     0.9974       0.00018186    3.33E+07     0.00018186    4.33E+07     2.2438E+05    
   3.34E+07     0.9974       0.00018115    3.34E+07     0.00018115    4.34E+07     2.2511E+05    
   3.35E+07     0.99741      0.0001807     3.35E+07     0.0001807     4.35E+07     2.2497E+05    
   3.36E+07     0.99741      0.00017993    3.36E+07     0.00017993    4.36E+07     2.2572E+05    
   3.37E+07     0.99741      0.00017925    3.37E+07     0.00017925    4.37E+07     2.2651E+05    
   3.38E+07     0.9974       0.00017853    3.38E+07     0.00017853    4.38E+07     2.2715E+05    
   3.39E+07     0.99742      0.00017888    3.39E+07     0.00017888    4.39E+07     2.277E+05     
   3.4E+07      0.99741      0.00017841    3.4E+07      0.00017841    4.4E+07      2.2789E+05    
   3.41E+07     0.9974       0.00017802    3.41E+07     0.00017802    4.41E+07     2.2488E+05    
   3.42E+07     0.9974       0.0001773     3.42E+07     0.0001773     4.42E+07     2.2419E+05    
   3.43E+07     0.99741      0.0001772     3.43E+07     0.0001772     4.43E+07     2.2439E+05    
   3.44E+07     0.99741      0.00017647    3.44E+07     0.00017647    4.44E+07     2.2513E+05    
   3.45E+07     0.99742      0.00017578    3.45E+07     0.00017578    4.45E+07     2.2586E+05    
   3.46E+07     0.99742      0.00017518    3.46E+07     0.00017518    4.46E+07     2.2536E+05    
   3.47E+07     0.99742      0.00017448    3.47E+07     0.00017448    4.47E+07     2.2616E+05    
   3.48E+07     0.99742      0.0001739     3.48E+07     0.0001739     4.48E+07     2.2694E+05    
   3.49E+07     0.99742      0.00017333    3.49E+07     0.00017333    4.49E+07     2.2738E+05    
   3.5E+07      0.9974       0.00017421    3.5E+07      0.00017421    4.5E+07      2.2818E+05    
   3.51E+07     0.9974       0.00017355    3.51E+07     0.00017355    4.51E+07     2.2836E+05    
   3.52E+07     0.9974       0.00017289    3.52E+07     0.00017289    4.52E+07     2.2704E+05    
   3.53E+07     0.9974       0.00017223    3.53E+07     0.00017223    4.53E+07     2.2777E+05    
   3.54E+07     0.99741      0.00017157    3.54E+07     0.00017157    4.54E+07     2.2852E+05    
   3.55E+07     0.99742      0.00017159    3.55E+07     0.00017159    4.55E+07     2.2878E+05    
   3.56E+07     0.99743      0.00017099    3.56E+07     0.00017099    4.56E+07     2.2948E+05    
   3.57E+07     0.99743      0.00017045    3.57E+07     0.00017045    4.57E+07     2.2776E+05    
   3.58E+07     0.99743      0.00016983    3.58E+07     0.00016983    4.58E+07     2.2696E+05    
   3.59E+07     0.99744      0.00016953    3.59E+07     0.00016953    4.59E+07     2.2744E+05    
   3.6E+07      0.99744      0.00016888    3.6E+07      0.00016888    4.6E+07      2.2791E+05    
   3.61E+07     0.99744      0.0001683     3.61E+07     0.0001683     4.61E+07     2.2853E+05    
   3.62E+07     0.99744      0.0001677     3.62E+07     0.0001677     4.62E+07     2.2862E+05    
   3.63E+07     0.99746      0.00016884    3.63E+07     0.00016884    4.63E+07     2.2881E+05    
   3.64E+07     0.99747      0.00016826    3.64E+07     0.00016826    4.64E+07     2.2949E+05    
   3.65E+07     0.99748      0.00016827    3.65E+07     0.00016827    4.65E+07     2.2983E+05    
   3.66E+07     0.99748      0.00016787    3.66E+07     0.00016787    4.66E+07     2.2952E+05    
   3.67E+07     0.99748      0.00016745    3.67E+07     0.00016745    4.67E+07     2.3E+05       
   3.68E+07     0.99749      0.00016696    3.68E+07     0.00016696    4.68E+07     2.2949E+05    
   3.69E+07     0.99749      0.0001664     3.69E+07     0.0001664     4.69E+07     2.2953E+05    
   3.7E+07      0.9975       0.00016632    3.7E+07      0.00016632    4.7E+07      2.2952E+05    
   3.71E+07     0.9975       0.00016571    3.71E+07     0.00016571    4.71E+07     2.3027E+05    
   3.72E+07     0.9975       0.00016516    3.72E+07     0.00016516    4.72E+07     2.3101E+05    
   3.73E+07     0.99751      0.00016466    3.73E+07     0.00016466    4.73E+07     2.3151E+05    
   3.74E+07     0.99752      0.00016481    3.74E+07     0.00016481    4.74E+07     2.306E+05     
   3.75E+07     0.99753      0.0001645     3.75E+07     0.0001645     4.75E+07     2.3019E+05    
   3.76E+07     0.99754      0.00016396    3.76E+07     0.00016396    4.76E+07     2.3088E+05    
   3.77E+07     0.99755      0.00016375    3.77E+07     0.00016375    4.77E+07     2.3094E+05    
   3.78E+07     0.99756      0.00016351    3.78E+07     0.00016351    4.78E+07     2.3086E+05    
   3.79E+07     0.99756      0.00016293    3.79E+07     0.00016293    4.79E+07     2.316E+05     
   3.8E+07      0.99755      0.00016258    3.8E+07      0.00016258    4.8E+07      2.3212E+05    
   3.81E+07     0.99756      0.00016222    3.81E+07     0.00016222    4.81E+07     2.3274E+05    
   3.82E+07     0.99758      0.00016264    3.82E+07     0.00016264    4.82E+07     2.3324E+05    
   3.83E+07     0.99759      0.00016233    3.83E+07     0.00016233    4.83E+07     2.3245E+05    
   3.84E+07     0.99757      0.00016239    3.84E+07     0.00016239    4.84E+07     2.3318E+05    
   3.85E+07     0.99757      0.00016193    3.85E+07     0.00016193    4.85E+07     2.3262E+05    
   3.86E+07     0.99756      0.00016149    3.86E+07     0.00016149    4.86E+07     2.329E+05     
   3.87E+07     0.99756      0.00016096    3.87E+07     0.00016096    4.87E+07     2.3238E+05    
   3.88E+07     0.99757      0.00016075    3.88E+07     0.00016075    4.88E+07     2.3289E+05    
   3.89E+07     0.99757      0.00016021    3.89E+07     0.00016021    4.89E+07     2.3362E+05    
   3.9E+07      0.99758      0.00015982    3.9E+07      0.00015982    4.9E+07      2.3427E+05    
   3.91E+07     0.99758      0.00015929    3.91E+07     0.00015929    4.91E+07     2.3484E+05    
   3.92E+07     0.99758      0.00015877    3.92E+07     0.00015877    4.92E+07     2.3506E+05    
   3.93E+07     0.99758      0.00015829    3.93E+07     0.00015829    4.93E+07     2.3574E+05    
   3.94E+07     0.99757      0.00015818    3.94E+07     0.00015818    4.94E+07     2.3588E+05    
   3.95E+07     0.99757      0.00015769    3.95E+07     0.00015769    4.95E+07     2.3588E+05    
   3.96E+07     0.99758      0.00015776    3.96E+07     0.00015776    4.96E+07     2.3595E+05    
   3.97E+07     0.99759      0.00015739    3.97E+07     0.00015739    4.97E+07     2.3648E+05    
   3.98E+07     0.99757      0.00015782    3.98E+07     0.00015782    4.98E+07     2.3639E+05    
   3.99E+07     0.99758      0.00015747    3.99E+07     0.00015747    4.99E+07     2.3706E+05    
   4E+07        0.99758      0.00015695    4E+07        0.00015695    5E+07        2.3756E+05    
   4.01E+07     0.9976       0.00015811    4.01E+07     0.00015811    5.01E+07     2.3758E+05    
   4.02E+07     0.99761      0.00015805    4.02E+07     0.00015805    5.02E+07     2.3741E+05    
   4.03E+07     0.99761      0.00015769    4.03E+07     0.00015769    5.03E+07     2.3767E+05    
   4.04E+07     0.99761      0.00015719    4.04E+07     0.00015719    5.04E+07     2.3811E+05    
   4.05E+07     0.99761      0.00015672    4.05E+07     0.00015672    5.05E+07     2.3734E+05    
   4.06E+07     0.9976       0.00015669    4.06E+07     0.00015669    5.06E+07     2.3779E+05    
   4.07E+07     0.9976       0.00015638    4.07E+07     0.00015638    5.07E+07     2.3838E+05    
   4.08E+07     0.99761      0.0001559     4.08E+07     0.0001559     5.08E+07     2.3895E+05    
   4.09E+07     0.99759      0.00015598    4.09E+07     0.00015598    5.09E+07     2.3832E+05    
   4.1E+07      0.9976       0.00015557    4.1E+07      0.00015557    5.1E+07      2.3817E+05    
   4.11E+07     0.99759      0.00015519    4.11E+07     0.00015519    5.11E+07     2.3631E+05    
   4.12E+07     0.9976       0.00015473    4.12E+07     0.00015473    5.12E+07     2.3619E+05    
   4.13E+07     0.9976       0.00015443    4.13E+07     0.00015443    5.13E+07     2.3671E+05    
   4.14E+07     0.9976       0.00015409    4.14E+07     0.00015409    5.14E+07     2.3669E+05    
   4.15E+07     0.99759      0.00015406    4.15E+07     0.00015406    5.15E+07     2.3715E+05    
   4.16E+07     0.9976       0.0001543     4.16E+07     0.0001543     5.16E+07     2.3782E+05    
   4.17E+07     0.9976       0.00015384    4.17E+07     0.00015384    5.17E+07     2.3531E+05    
   4.18E+07     0.99761      0.00015342    4.18E+07     0.00015342    5.18E+07     2.3595E+05    
   4.19E+07     0.99762      0.00015335    4.19E+07     0.00015335    5.19E+07     2.3647E+05    
   4.2E+07      0.99762      0.00015287    4.2E+07      0.00015287    5.2E+07      2.3707E+05    
   4.21E+07     0.99761      0.00015295    4.21E+07     0.00015295    5.21E+07     2.3655E+05    
   4.22E+07     0.99761      0.00015253    4.22E+07     0.00015253    5.22E+07     2.3689E+05    
   4.23E+07     0.99762      0.00015239    4.23E+07     0.00015239    5.23E+07     2.3755E+05    
   4.24E+07     0.99763      0.00015238    4.24E+07     0.00015238    5.24E+07     2.3818E+05    
   4.25E+07     0.99764      0.00015208    4.25E+07     0.00015208    5.25E+07     2.3719E+05    
   4.26E+07     0.99764      0.00015167    4.26E+07     0.00015167    5.26E+07     2.3751E+05    
   4.27E+07     0.99764      0.0001514     4.27E+07     0.0001514     5.27E+07     2.3772E+05    
   4.28E+07     0.99765      0.00015097    4.28E+07     0.00015097    5.28E+07     2.3831E+05    
   4.29E+07     0.99766      0.00015084    4.29E+07     0.00015084    5.29E+07     2.3861E+05    
   4.3E+07      0.99765      0.00015054    4.3E+07      0.00015054    5.3E+07      2.3887E+05    
   4.31E+07     0.99765      0.00015009    4.31E+07     0.00015009    5.31E+07     2.3926E+05    
   4.32E+07     0.99765      0.00014964    4.32E+07     0.00014964    5.32E+07     2.399E+05     
   4.33E+07     0.99765      0.00014923    4.33E+07     0.00014923    5.33E+07     2.4052E+05    
   4.34E+07     0.99766      0.00014881    4.34E+07     0.00014881    5.34E+07     2.3514E+05    
   4.35E+07     0.99767      0.00014868    4.35E+07     0.00014868    5.35E+07     2.3554E+05    
   4.36E+07     0.99766      0.00014826    4.36E+07     0.00014826    5.36E+07     2.3384E+05    
   4.37E+07     0.99766      0.00014783    4.37E+07     0.00014783    5.37E+07     2.344E+05     
   4.38E+07     0.99767      0.00014746    4.38E+07     0.00014746    5.38E+07     2.3466E+05    
   4.39E+07     0.99767      0.00014709    4.39E+07     0.00014709    5.39E+07     2.3484E+05    
   4.4E+07      0.99766      0.00014686    4.4E+07      0.00014686    5.4E+07      2.3307E+05    
   4.41E+07     0.99768      0.00014768    4.41E+07     0.00014768    5.41E+07     2.3357E+05    
   4.42E+07     0.99769      0.00014773    4.42E+07     0.00014773    5.42E+07     2.3417E+05    
   4.43E+07     0.9977       0.0001475     4.43E+07     0.0001475     5.43E+07     2.3474E+05    
   4.44E+07     0.9977       0.00014709    4.44E+07     0.00014709    5.44E+07     2.3537E+05    
   4.45E+07     0.99771      0.00014669    4.45E+07     0.00014669    5.45E+07     2.353E+05     
   4.46E+07     0.99769      0.00014668    4.46E+07     0.00014668    5.46E+07     2.3589E+05    
   4.47E+07     0.99769      0.00014626    4.47E+07     0.00014626    5.47E+07     2.3592E+05    
   4.48E+07     0.9977       0.00014584    4.48E+07     0.00014584    5.48E+07     2.3648E+05    
   4.49E+07     0.9977       0.00014554    4.49E+07     0.00014554    5.49E+07     2.3693E+05    
   4.5E+07      0.9977       0.00014512    4.5E+07      0.00014512    5.5E+07      2.3754E+05    
   4.51E+07     0.99771      0.00014491    4.51E+07     0.00014491    5.51E+07     2.3815E+05    
   4.52E+07     0.9977       0.00014516    4.52E+07     0.00014516    5.52E+07     2.3877E+05    
   4.53E+07     0.9977       0.00014476    4.53E+07     0.00014476    5.53E+07     2.3658E+05    
   4.54E+07     0.9977       0.00014437    4.54E+07     0.00014437    5.54E+07     2.3676E+05    
   4.55E+07     0.9977       0.00014412    4.55E+07     0.00014412    5.55E+07     2.3736E+05    
   4.56E+07     0.9977       0.00014374    4.56E+07     0.00014374    5.56E+07     2.372E+05     
   4.57E+07     0.99771      0.00014413    4.57E+07     0.00014413    5.57E+07     2.3707E+05    
   4.58E+07     0.99773      0.00014422    4.58E+07     0.00014422    5.58E+07     2.3736E+05    
   4.59E+07     0.99773      0.00014391    4.59E+07     0.00014391    5.59E+07     2.3747E+05    
   4.6E+07      0.99773      0.00014361    4.6E+07      0.00014361    5.6E+07      2.3734E+05    
   4.61E+07     0.99772      0.00014325    4.61E+07     0.00014325    5.61E+07     2.3772E+05    
   4.62E+07     0.99773      0.00014307    4.62E+07     0.00014307    5.62E+07     2.383E+05     
   4.63E+07     0.99772      0.00014286    4.63E+07     0.00014286    5.63E+07     2.3889E+05    
   4.64E+07     0.99772      0.00014249    4.64E+07     0.00014249    5.64E+07     2.3922E+05    
   4.65E+07     0.99773      0.00014223    4.65E+07     0.00014223    5.65E+07     2.393E+05     
   4.66E+07     0.99772      0.00014217    4.66E+07     0.00014217    5.66E+07     2.386E+05     
   4.67E+07     0.99771      0.00014187    4.67E+07     0.00014187    5.67E+07     2.3905E+05    
   4.68E+07     0.99772      0.00014188    4.68E+07     0.00014188    5.68E+07     2.3865E+05    
   4.69E+07     0.99773      0.00014171    4.69E+07     0.00014171    5.69E+07     2.3921E+05    
   4.7E+07      0.99772      0.00014157    4.7E+07      0.00014157    5.7E+07      2.3978E+05    
   4.71E+07     0.99772      0.00014118    4.71E+07     0.00014118    5.71E+07     2.3962E+05    
   4.72E+07     0.99772      0.00014081    4.72E+07     0.00014081    5.72E+07     2.3988E+05    
   4.73E+07     0.99773      0.00014051    4.73E+07     0.00014051    5.73E+07     2.4039E+05    
   4.74E+07     0.99771      0.00014063    4.74E+07     0.00014063    5.74E+07     2.4064E+05    
   4.75E+07     0.9977       0.00014061    4.75E+07     0.00014061    5.75E+07     2.4123E+05    
   4.76E+07     0.9977       0.00014025    4.76E+07     0.00014025    5.76E+07     2.417E+05     
   4.77E+07     0.99769      0.00014009    4.77E+07     0.00014009    5.77E+07     2.4209E+05    
   4.78E+07     0.9977       0.00013995    4.78E+07     0.00013995    5.78E+07     2.4257E+05    
   4.79E+07     0.9977       0.00013958    4.79E+07     0.00013958    5.79E+07     2.4302E+05    
   4.8E+07      0.99771      0.00013928    4.8E+07      0.00013928    5.8E+07      2.4348E+05    
   4.81E+07     0.99771      0.00013895    4.81E+07     0.00013895    5.81E+07     2.4359E+05    
   4.82E+07     0.99771      0.00013864    4.82E+07     0.00013864    5.82E+07     2.4343E+05    
   4.83E+07     0.9977       0.00013873    4.83E+07     0.00013873    5.83E+07     2.4365E+05    
   4.84E+07     0.9977       0.00013837    4.84E+07     0.00013837    5.84E+07     2.4411E+05    
   4.85E+07     0.99769      0.0001384     4.85E+07     0.0001384     5.85E+07     2.4461E+05    
   4.86E+07     0.99769      0.00013816    4.86E+07     0.00013816    5.86E+07     2.4455E+05    
   4.87E+07     0.9977       0.00013817    4.87E+07     0.00013817    5.87E+07     2.4315E+05    
   4.88E+07     0.9977       0.00013788    4.88E+07     0.00013788    5.88E+07     2.437E+05     
   4.89E+07     0.9977       0.00013753    4.89E+07     0.00013753    5.89E+07     2.4312E+05    
   4.9E+07      0.9977       0.00013719    4.9E+07      0.00013719    5.9E+07      2.4334E+05    
   4.91E+07     0.9977       0.00013688    4.91E+07     0.00013688    5.91E+07     2.4332E+05    
   4.92E+07     0.99771      0.00013668    4.92E+07     0.00013668    5.92E+07     2.4383E+05    
   4.93E+07     0.99771      0.00013635    4.93E+07     0.00013635    5.93E+07     2.4438E+05    
   4.94E+07     0.99771      0.00013617    4.94E+07     0.00013617    5.94E+07     2.4485E+05    
   4.95E+07     0.99772      0.00013602    4.95E+07     0.00013602    5.95E+07     2.4421E+05    
   4.96E+07     0.99771      0.00013586    4.96E+07     0.00013586    5.96E+07     2.4369E+05    
   4.97E+07     0.99772      0.00013558    4.97E+07     0.00013558    5.97E+07     2.4423E+05    
   4.98E+07     0.99773      0.00013547    4.98E+07     0.00013547    5.98E+07     2.4477E+05    
   4.99E+07     0.99772      0.00013513    4.99E+07     0.00013513    5.99E+07     2.4519E+05    
   5E+07        0.99772      0.00013485    5E+07        0.00013485    6E+07        2.4573E+05    
   5.01E+07     0.99773      0.00013472    5.01E+07     0.00013472    6.01E+07     2.4623E+05    
   5.02E+07     0.99774      0.00013463    5.02E+07     0.00013463    6.02E+07     2.4678E+05    
   5.03E+07     0.99774      0.00013442    5.03E+07     0.00013442    6.03E+07     2.4644E+05    
   5.04E+07     0.99774      0.00013416    5.04E+07     0.00013416    6.04E+07     2.4696E+05    
   5.05E+07     0.99773      0.00013425    5.05E+07     0.00013425    6.05E+07     2.4753E+05    
   5.06E+07     0.99773      0.00013399    5.06E+07     0.00013399    6.06E+07     2.4809E+05    
   5.07E+07     0.99773      0.00013369    5.07E+07     0.00013369    6.07E+07     2.4823E+05    
   5.08E+07     0.99773      0.00013339    5.08E+07     0.00013339    6.08E+07     2.4815E+05    
   5.09E+07     0.99772      0.00013344    5.09E+07     0.00013344    6.09E+07     2.4838E+05    
   5.1E+07      0.99771      0.00013335    5.1E+07      0.00013335    6.1E+07      2.4854E+05    
   5.11E+07     0.99773      0.00013375    5.11E+07     0.00013375    6.11E+07     2.4903E+05    
   5.12E+07     0.99772      0.00013364    5.12E+07     0.00013364    6.12E+07     2.4921E+05    
   5.13E+07     0.99772      0.00013337    5.13E+07     0.00013337    6.13E+07     2.4789E+05    
   5.14E+07     0.99772      0.00013324    5.14E+07     0.00013324    6.14E+07     2.4736E+05    
   5.15E+07     0.99773      0.00013299    5.15E+07     0.00013299    6.15E+07     2.475E+05     
   5.16E+07     0.99773      0.00013267    5.16E+07     0.00013267    6.16E+07     2.48E+05      
   5.17E+07     0.99771      0.00013324    5.17E+07     0.00013324    6.17E+07     2.4836E+05    
   5.18E+07     0.99771      0.00013294    5.18E+07     0.00013294    6.18E+07     2.4889E+05    
   5.19E+07     0.99771      0.00013266    5.19E+07     0.00013266    6.19E+07     2.4802E+05    
   5.2E+07      0.99772      0.00013237    5.2E+07      0.00013237    6.2E+07      2.4564E+05    
   5.21E+07     0.99771      0.00013238    5.21E+07     0.00013238    6.21E+07     2.4408E+05    
   5.22E+07     0.9977       0.00013216    5.22E+07     0.00013216    6.22E+07     2.4436E+05    
   5.23E+07     0.9977       0.00013185    5.23E+07     0.00013185    6.23E+07     2.4469E+05    
   5.24E+07     0.9977       0.00013155    5.24E+07     0.00013155    6.24E+07     2.4403E+05    
   5.25E+07     0.99769      0.00013169    5.25E+07     0.00013169    6.25E+07     2.4457E+05    
   5.26E+07     0.99769      0.00013147    5.26E+07     0.00013147    6.26E+07     2.4435E+05    
   5.27E+07     0.99769      0.00013129    5.27E+07     0.00013129    6.27E+07     2.4236E+05    
   5.28E+07     0.99768      0.000131      5.28E+07     0.000131      6.28E+07     2.4227E+05    
   5.29E+07     0.99769      0.00013079    5.29E+07     0.00013079    6.29E+07     2.4279E+05    
   5.3E+07      0.99768      0.00013059    5.3E+07      0.00013059    6.3E+07      2.431E+05     
   5.31E+07     0.99769      0.00013037    5.31E+07     0.00013037    6.31E+07     2.4269E+05    
   5.32E+07     0.99769      0.00013007    5.32E+07     0.00013007    6.32E+07     2.4149E+05    
   5.33E+07     0.99769      0.00012978    5.33E+07     0.00012978    6.33E+07     2.4191E+05    
   5.34E+07     0.99767      0.00013113    5.34E+07     0.00013113    6.34E+07     2.4158E+05    
   5.35E+07     0.99766      0.0001309     5.35E+07     0.0001309     6.35E+07     2.42E+05      
   5.36E+07     0.99765      0.00013125    5.36E+07     0.00013125    6.36E+07     2.4224E+05    
   5.37E+07     0.99765      0.00013097    5.37E+07     0.00013097    6.37E+07     2.4264E+05    
   5.38E+07     0.99764      0.00013077    5.38E+07     0.00013077    6.38E+07     2.4291E+05    
   5.39E+07     0.99765      0.0001306     5.39E+07     0.0001306     6.39E+07     2.4256E+05    
   5.4E+07      0.99766      0.00013098    5.4E+07      0.00013098    6.4E+07      2.4295E+05    
   5.41E+07     0.99766      0.00013072    5.41E+07     0.00013072    6.41E+07     2.4334E+05    
   5.42E+07     0.99766      0.00013042    5.42E+07     0.00013042    6.42E+07     2.4383E+05    
   5.43E+07     0.99766      0.00013015    5.43E+07     0.00013015    6.43E+07     2.4397E+05    
   5.44E+07     0.99766      0.00012986    5.44E+07     0.00012986    6.44E+07     2.4434E+05    
   5.45E+07     0.99767      0.00012975    5.45E+07     0.00012975    6.45E+07     2.4476E+05    
   5.46E+07     0.99767      0.00012947    5.46E+07     0.00012947    6.46E+07     2.4479E+05    
   5.47E+07     0.99766      0.00012934    5.47E+07     0.00012934    6.47E+07     2.4487E+05    
   5.48E+07     0.99766      0.00012907    5.48E+07     0.00012907    6.48E+07     2.4538E+05    
   5.49E+07     0.99767      0.00012883    5.49E+07     0.00012883    6.49E+07     2.4584E+05    
   5.5E+07      0.99767      0.00012855    5.5E+07      0.00012855    6.5E+07      2.4635E+05    
   5.51E+07     0.99766      0.00012827    5.51E+07     0.00012827    6.51E+07     2.4677E+05    
   5.52E+07     0.99766      0.00012799    5.52E+07     0.00012799    6.52E+07     2.4728E+05    
   5.53E+07     0.99768      0.00012846    5.53E+07     0.00012846    6.53E+07     2.4723E+05    
   5.54E+07     0.99767      0.0001283     5.54E+07     0.0001283     6.54E+07     2.474E+05     
   5.55E+07     0.99767      0.00012801    5.55E+07     0.00012801    6.55E+07     2.4728E+05    
   5.56E+07     0.99768      0.00012794    5.56E+07     0.00012794    6.56E+07     2.4778E+05    
   5.57E+07     0.99767      0.00012786    5.57E+07     0.00012786    6.57E+07     2.4707E+05    
   5.58E+07     0.99767      0.00012767    5.58E+07     0.00012767    6.58E+07     2.4684E+05    
   5.59E+07     0.99767      0.00012752    5.59E+07     0.00012752    6.59E+07     2.4716E+05    
   5.6E+07      0.99767      0.00012744    5.6E+07      0.00012744    6.6E+07      2.4553E+05    
   5.61E+07     0.99766      0.00012722    5.61E+07     0.00012722    6.61E+07     2.4573E+05    
   5.62E+07     0.99766      0.00012696    5.62E+07     0.00012696    6.62E+07     2.4601E+05    
   5.63E+07     0.99766      0.00012669    5.63E+07     0.00012669    6.63E+07     2.4651E+05    
   5.64E+07     0.99767      0.00012648    5.64E+07     0.00012648    6.64E+07     2.4596E+05    
   5.65E+07     0.99766      0.00012635    5.65E+07     0.00012635    6.65E+07     2.4546E+05    
   5.66E+07     0.99765      0.00012642    5.66E+07     0.00012642    6.66E+07     2.4578E+05    
   5.67E+07     0.99765      0.00012619    5.67E+07     0.00012619    6.67E+07     2.4607E+05    
   5.68E+07     0.99765      0.00012618    5.68E+07     0.00012618    6.68E+07     2.4654E+05    
   5.69E+07     0.99765      0.00012592    5.69E+07     0.00012592    6.69E+07     2.4703E+05    
   5.7E+07      0.99765      0.00012567    5.7E+07      0.00012567    6.7E+07      2.4633E+05    
   5.71E+07     0.99764      0.0001256     5.71E+07     0.0001256     6.71E+07     2.4573E+05    
   5.72E+07     0.99765      0.00012541    5.72E+07     0.00012541    6.72E+07     2.4606E+05    
   5.73E+07     0.99765      0.00012516    5.73E+07     0.00012516    6.73E+07     2.4444E+05    
   5.74E+07     0.99764      0.00012499    5.74E+07     0.00012499    6.74E+07     2.4485E+05    
   5.75E+07     0.99764      0.00012473    5.75E+07     0.00012473    6.75E+07     2.4439E+05    
   5.76E+07     0.99764      0.0001245     5.76E+07     0.0001245     6.76E+07     2.4472E+05    
   5.77E+07     0.99765      0.00012429    5.77E+07     0.00012429    6.77E+07     2.4519E+05    
   5.78E+07     0.99765      0.00012406    5.78E+07     0.00012406    6.78E+07     2.4547E+05    
   5.79E+07     0.99765      0.00012384    5.79E+07     0.00012384    6.79E+07     2.4529E+05    
   5.8E+07      0.99765      0.00012361    5.8E+07      0.00012361    6.8E+07      2.4574E+05    
   5.81E+07     0.99764      0.00012348    5.81E+07     0.00012348    6.81E+07     2.4531E+05    
   5.82E+07     0.99765      0.00012341    5.82E+07     0.00012341    6.82E+07     2.4471E+05    
   5.83E+07     0.99765      0.00012325    5.83E+07     0.00012325    6.83E+07     2.4506E+05    
   5.84E+07     0.99764      0.00012303    5.84E+07     0.00012303    6.84E+07     2.4531E+05    
   5.85E+07     0.99764      0.00012279    5.85E+07     0.00012279    6.85E+07     2.455E+05     
   5.86E+07     0.99764      0.00012271    5.86E+07     0.00012271    6.86E+07     2.4571E+05    
   5.87E+07     0.99765      0.00012295    5.87E+07     0.00012295    6.87E+07     2.4572E+05    
   5.88E+07     0.99765      0.00012271    5.88E+07     0.00012271    6.88E+07     2.4561E+05    
   5.89E+07     0.99764      0.00012275    5.89E+07     0.00012275    6.89E+07     2.4603E+05    
   5.9E+07      0.99764      0.00012259    5.9E+07      0.00012259    6.9E+07      2.4646E+05    
   5.91E+07     0.99763      0.00012249    5.91E+07     0.00012249    6.91E+07     2.4692E+05    
   5.92E+07     0.99763      0.00012226    5.92E+07     0.00012226    6.92E+07     2.4738E+05    
   5.93E+07     0.99763      0.00012202    5.93E+07     0.00012202    6.93E+07     2.4703E+05    
   5.94E+07     0.99763      0.0001218     5.94E+07     0.0001218     6.94E+07     2.4506E+05    
   5.95E+07     0.99764      0.00012185    5.95E+07     0.00012185    6.95E+07     2.455E+05     
   5.96E+07     0.99765      0.00012188    5.96E+07     0.00012188    6.96E+07     2.4596E+05    
   5.97E+07     0.99765      0.00012164    5.97E+07     0.00012164    6.97E+07     2.4613E+05    
   5.98E+07     0.99765      0.00012141    5.98E+07     0.00012141    6.98E+07     2.4658E+05    
   5.99E+07     0.99765      0.0001212     5.99E+07     0.0001212     6.99E+07     2.4703E+05    
   6E+07        0.99765      0.00012097    6E+07        0.00012097    7E+07        2.4734E+05    
   6.01E+07     0.99765      0.00012075    6.01E+07     0.00012075    7.01E+07     2.4729E+05    
   6.02E+07     0.99765      0.00012051    6.02E+07     0.00012051    7.02E+07     2.4777E+05    
   6.03E+07     0.99766      0.00012049    6.03E+07     0.00012049    7.03E+07     2.4702E+05    
   6.04E+07     0.99766      0.00012026    6.04E+07     0.00012026    7.04E+07     2.4727E+05    
   6.05E+07     0.99766      0.00012003    6.05E+07     0.00012003    7.05E+07     2.4771E+05    
   6.06E+07     0.99766      0.00011979    6.06E+07     0.00011979    7.06E+07     2.4816E+05    
   6.07E+07     0.99765      0.00011966    6.07E+07     0.00011966    7.07E+07     2.4862E+05    
   6.08E+07     0.99765      0.00011958    6.08E+07     0.00011958    7.08E+07     2.4901E+05    
   6.09E+07     0.99764      0.00011942    6.09E+07     0.00011942    7.09E+07     2.49E+05      
   6.1E+07      0.99765      0.00011929    6.1E+07      0.00011929    7.1E+07      2.4943E+05    
   6.11E+07     0.99765      0.00011907    6.11E+07     0.00011907    7.11E+07     2.499E+05     
   6.12E+07     0.99765      0.00011893    6.12E+07     0.00011893    7.12E+07     2.4973E+05    
   6.13E+07     0.99766      0.00011915    6.13E+07     0.00011915    7.13E+07     2.5018E+05    
   6.14E+07     0.99765      0.00011918    6.14E+07     0.00011918    7.14E+07     2.4983E+05    
   6.15E+07     0.99765      0.00011904    6.15E+07     0.00011904    7.15E+07     2.4961E+05    
   6.16E+07     0.99765      0.00011883    6.16E+07     0.00011883    7.16E+07     2.5006E+05    
   6.17E+07     0.99764      0.00011864    6.17E+07     0.00011864    7.17E+07     2.505E+05     
   6.18E+07     0.99764      0.00011842    6.18E+07     0.00011842    7.18E+07     2.5093E+05    
   6.19E+07     0.99765      0.00011853    6.19E+07     0.00011853    7.19E+07     2.5137E+05    
   6.2E+07      0.99766      0.000119      6.2E+07      0.000119      7.2E+07      2.5139E+05    
   6.21E+07     0.99765      0.00011929    6.21E+07     0.00011929    7.21E+07     2.5184E+05    
   6.22E+07     0.99765      0.00011912    6.22E+07     0.00011912    7.22E+07     2.5216E+05    
   6.23E+07     0.99764      0.00011895    6.23E+07     0.00011895    7.23E+07     2.5262E+05    
   6.24E+07     0.99765      0.00011901    6.24E+07     0.00011901    7.24E+07     2.5308E+05    
   6.25E+07     0.99765      0.00011878    6.25E+07     0.00011878    7.25E+07     2.5342E+05    
   6.26E+07     0.99765      0.00011874    6.26E+07     0.00011874    7.26E+07     2.5387E+05    
   6.27E+07     0.99766      0.00011913    6.27E+07     0.00011913    7.27E+07     2.5398E+05    
   6.28E+07     0.99765      0.00011906    6.28E+07     0.00011906    7.28E+07     2.5388E+05    
   6.29E+07     0.99765      0.00011884    6.29E+07     0.00011884    7.29E+07     2.5425E+05    
   6.3E+07      0.99766      0.00011867    6.3E+07      0.00011867    7.3E+07      2.5451E+05    
   6.31E+07     0.99765      0.00011867    6.31E+07     0.00011867    7.31E+07     2.5457E+05    
   6.32E+07     0.99764      0.00011887    6.32E+07     0.00011887    7.32E+07     2.55E+05      
   6.33E+07     0.99764      0.00011867    6.33E+07     0.00011867    7.33E+07     2.5545E+05    
   6.34E+07     0.99764      0.00011866    6.34E+07     0.00011866    7.34E+07     2.5574E+05    
   6.35E+07     0.99764      0.00011847    6.35E+07     0.00011847    7.35E+07     2.551E+05     
   6.36E+07     0.99764      0.00011831    6.36E+07     0.00011831    7.36E+07     2.5466E+05    
   6.37E+07     0.99764      0.00011812    6.37E+07     0.00011812    7.37E+07     2.5494E+05    
   6.38E+07     0.99764      0.00011796    6.38E+07     0.00011796    7.38E+07     2.554E+05     
   6.39E+07     0.99764      0.00011796    6.39E+07     0.00011796    7.39E+07     2.5463E+05    
   6.4E+07      0.99763      0.00011777    6.4E+07      0.00011777    7.4E+07      2.5506E+05    
   6.41E+07     0.99763      0.00011758    6.41E+07     0.00011758    7.41E+07     2.5509E+05    
   6.42E+07     0.99763      0.00011737    6.42E+07     0.00011737    7.42E+07     2.555E+05     
   6.43E+07     0.99762      0.00011725    6.43E+07     0.00011725    7.43E+07     2.5591E+05    
   6.44E+07     0.99762      0.00011707    6.44E+07     0.00011707    7.44E+07     2.5578E+05    
   6.45E+07     0.99762      0.00011688    6.45E+07     0.00011688    7.45E+07     2.5516E+05    
   6.46E+07     0.99761      0.00011678    6.46E+07     0.00011678    7.46E+07     2.5512E+05    
   6.47E+07     0.99761      0.00011667    6.47E+07     0.00011667    7.47E+07     2.554E+05     
   6.48E+07     0.99761      0.00011646    6.48E+07     0.00011646    7.48E+07     2.5464E+05    
   6.49E+07     0.99761      0.00011626    6.49E+07     0.00011626    7.49E+07     2.5489E+05    
   6.5E+07      0.99761      0.00011605    6.5E+07      0.00011605    7.5E+07      2.5528E+05    
   6.51E+07     0.99761      0.00011586    6.51E+07     0.00011586    7.51E+07     2.5519E+05    
   6.52E+07     0.99761      0.00011565    6.52E+07     0.00011565    7.52E+07     2.5557E+05    
   6.53E+07     0.99761      0.00011558    6.53E+07     0.00011558    7.53E+07     2.5592E+05    
   6.54E+07     0.99761      0.00011545    6.54E+07     0.00011545    7.54E+07     2.5544E+05    
   6.55E+07     0.99762      0.00011539    6.55E+07     0.00011539    7.55E+07     2.5511E+05    
   6.56E+07     0.99762      0.00011518    6.56E+07     0.00011518    7.56E+07     2.5548E+05    
   6.57E+07     0.99761      0.00011526    6.57E+07     0.00011526    7.57E+07     2.5548E+05    
   6.58E+07     0.99762      0.00011522    6.58E+07     0.00011522    7.58E+07     2.559E+05     
   6.59E+07     0.99762      0.00011506    6.59E+07     0.00011506    7.59E+07     2.5634E+05    
   6.6E+07      0.99763      0.00011535    6.6E+07      0.00011535    7.6E+07      2.5646E+05    
   6.61E+07     0.99762      0.00011522    6.61E+07     0.00011522    7.61E+07     2.5661E+05    
   6.62E+07     0.99763      0.00011506    6.62E+07     0.00011506    7.62E+07     2.5692E+05    
   6.63E+07     0.99763      0.00011485    6.63E+07     0.00011485    7.63E+07     2.5736E+05    
   6.64E+07     0.99764      0.00011489    6.64E+07     0.00011489    7.64E+07     2.5733E+05    
   6.65E+07     0.99764      0.00011492    6.65E+07     0.00011492    7.65E+07     2.5747E+05    
   6.66E+07     0.99765      0.00011476    6.66E+07     0.00011476    7.66E+07     2.5771E+05    
   6.67E+07     0.99765      0.00011461    6.67E+07     0.00011461    7.67E+07     2.5771E+05    
   6.68E+07     0.99765      0.00011441    6.68E+07     0.00011441    7.68E+07     2.576E+05     
   6.69E+07     0.99765      0.00011421    6.69E+07     0.00011421    7.69E+07     2.5745E+05    
   6.7E+07      0.99766      0.00011429    6.7E+07      0.00011429    7.7E+07      2.5734E+05    
   6.71E+07     0.99766      0.00011434    6.71E+07     0.00011434    7.71E+07     2.5776E+05    
   6.72E+07     0.99767      0.00011418    6.72E+07     0.00011418    7.72E+07     2.5674E+05    
   6.73E+07     0.99766      0.00011448    6.73E+07     0.00011448    7.73E+07     2.5717E+05    
   6.74E+07     0.99766      0.0001143     6.74E+07     0.0001143     7.74E+07     2.5756E+05    
   6.75E+07     0.99766      0.00011431    6.75E+07     0.00011431    7.75E+07     2.5793E+05    
   6.76E+07     0.99767      0.00011415    6.76E+07     0.00011415    7.76E+07     2.5833E+05    
   6.77E+07     0.99767      0.00011396    6.77E+07     0.00011396    7.77E+07     2.5871E+05    
   6.78E+07     0.99767      0.00011381    6.78E+07     0.00011381    7.78E+07     2.5798E+05    
   6.79E+07     0.99767      0.00011377    6.79E+07     0.00011377    7.79E+07     2.5839E+05    
   6.8E+07      0.99766      0.00011358    6.8E+07      0.00011358    7.8E+07      2.5877E+05    
   6.81E+07     0.99766      0.0001136     6.81E+07     0.0001136     7.81E+07     2.5904E+05    
   6.82E+07     0.99766      0.00011365    6.82E+07     0.00011365    7.82E+07     2.593E+05     
   6.83E+07     0.99767      0.00011349    6.83E+07     0.00011349    7.83E+07     2.5906E+05    
   6.84E+07     0.99766      0.00011335    6.84E+07     0.00011335    7.84E+07     2.5914E+05    
   6.85E+07     0.99767      0.00011322    6.85E+07     0.00011322    7.85E+07     2.5912E+05    
   6.86E+07     0.99766      0.00011309    6.86E+07     0.00011309    7.86E+07     2.5836E+05    
   6.87E+07     0.99767      0.000113      6.87E+07     0.000113      7.87E+07     2.5865E+05    
   6.88E+07     0.99766      0.00011294    6.88E+07     0.00011294    7.88E+07     2.5902E+05    
   6.89E+07     0.99766      0.00011277    6.89E+07     0.00011277    7.89E+07     2.5749E+05    
   6.9E+07      0.99766      0.00011259    6.9E+07      0.00011259    7.9E+07      2.5781E+05    
   6.91E+07     0.99766      0.0001124     6.91E+07     0.0001124     7.91E+07     2.5787E+05    
   6.92E+07     0.99766      0.00011221    6.92E+07     0.00011221    7.92E+07     2.581E+05     
   6.93E+07     0.99766      0.00011221    6.93E+07     0.00011221    7.93E+07     2.5852E+05    
   6.94E+07     0.99764      0.00011258    6.94E+07     0.00011258    7.94E+07     2.5866E+05    
   6.95E+07     0.99764      0.0001124     6.95E+07     0.0001124     7.95E+07     2.5901E+05    
   6.96E+07     0.99764      0.00011221    6.96E+07     0.00011221    7.96E+07     2.5941E+05    
   6.97E+07     0.99765      0.00011209    6.97E+07     0.00011209    7.97E+07     2.5983E+05    
   6.98E+07     0.99765      0.0001119     6.98E+07     0.0001119     7.98E+07     2.6025E+05    
   6.99E+07     0.99765      0.00011172    6.99E+07     0.00011172    7.99E+07     2.6054E+05    
   7E+07        0.99764      0.00011157    7E+07        0.00011157    8E+07        2.6091E+05    
   7.01E+07     0.99764      0.0001115     7.01E+07     0.0001115     8.01E+07     2.6113E+05    
   7.02E+07     0.99764      0.00011132    7.02E+07     0.00011132    8.02E+07     2.6134E+05    
   7.03E+07     0.99765      0.0001114     7.03E+07     0.0001114     8.03E+07     2.5964E+05    
   7.04E+07     0.99765      0.00011127    7.04E+07     0.00011127    8.04E+07     2.5989E+05    
   7.05E+07     0.99765      0.00011109    7.05E+07     0.00011109    8.05E+07     2.5983E+05    
   7.06E+07     0.99765      0.00011091    7.06E+07     0.00011091    8.06E+07     2.6001E+05    
   7.07E+07     0.99765      0.00011073    7.07E+07     0.00011073    8.07E+07     2.6041E+05    
   7.08E+07     0.99765      0.00011056    7.08E+07     0.00011056    8.08E+07     2.6024E+05    
   7.09E+07     0.99765      0.00011048    7.09E+07     0.00011048    8.09E+07     2.5929E+05    
   7.1E+07      0.99766      0.00011031    7.1E+07      0.00011031    8.1E+07      2.597E+05     
   7.11E+07     0.99766      0.00011013    7.11E+07     0.00011013    8.11E+07     2.5709E+05    
   7.12E+07     0.99765      0.00011009    7.12E+07     0.00011009    8.12E+07     2.574E+05     
   7.13E+07     0.99765      0.00010992    7.13E+07     0.00010992    8.13E+07     2.5744E+05    
   7.14E+07     0.99764      0.00010991    7.14E+07     0.00010991    8.14E+07     2.5776E+05    
   7.15E+07     0.99764      0.00010988    7.15E+07     0.00010988    8.15E+07     2.5797E+05    
   7.16E+07     0.99764      0.00010971    7.16E+07     0.00010971    8.16E+07     2.5833E+05    
   7.17E+07     0.99764      0.00010954    7.17E+07     0.00010954    8.17E+07     2.5836E+05    
   7.18E+07     0.99764      0.00010936    7.18E+07     0.00010936    8.18E+07     2.5872E+05    
   7.19E+07     0.99764      0.00010919    7.19E+07     0.00010919    8.19E+07     2.5878E+05    
   7.2E+07      0.99764      0.00010911    7.2E+07      0.00010911    8.2E+07      2.5867E+05    
   7.21E+07     0.99764      0.00010894    7.21E+07     0.00010894    8.21E+07     2.5881E+05    
   7.22E+07     0.99765      0.00010879    7.22E+07     0.00010879    8.22E+07     2.5919E+05    
   7.23E+07     0.99765      0.00010862    7.23E+07     0.00010862    8.23E+07     2.5958E+05    
   7.24E+07     0.99765      0.00010845    7.24E+07     0.00010845    8.24E+07     2.5973E+05    
   7.25E+07     0.99764      0.0001083     7.25E+07     0.0001083     8.25E+07     2.6009E+05    
   7.26E+07     0.99764      0.00010813    7.26E+07     0.00010813    8.26E+07     2.6048E+05    
   7.27E+07     0.99765      0.00010803    7.27E+07     0.00010803    8.27E+07     2.6062E+05    
   7.28E+07     0.99765      0.00010798    7.28E+07     0.00010798    8.28E+07     2.5917E+05    
   7.29E+07     0.99765      0.00010782    7.29E+07     0.00010782    8.29E+07     2.5944E+05    
   7.3E+07      0.99765      0.00010769    7.3E+07      0.00010769    8.3E+07      2.5825E+05    
   7.31E+07     0.99766      0.00010761    7.31E+07     0.00010761    8.31E+07     2.5842E+05    
   7.32E+07     0.99765      0.00010744    7.32E+07     0.00010744    8.32E+07     2.5868E+05    
   7.33E+07     0.99765      0.00010728    7.33E+07     0.00010728    8.33E+07     2.5905E+05    
   7.34E+07     0.99766      0.00010714    7.34E+07     0.00010714    8.34E+07     2.5943E+05    
   7.35E+07     0.99766      0.0001072     7.35E+07     0.0001072     8.35E+07     2.5948E+05    
   7.36E+07     0.99766      0.00010722    7.36E+07     0.00010722    8.36E+07     2.5821E+05    
   7.37E+07     0.99765      0.00010709    7.37E+07     0.00010709    8.37E+07     2.583E+05     
   7.38E+07     0.99765      0.00010692    7.38E+07     0.00010692    8.38E+07     2.5868E+05    
   7.39E+07     0.99765      0.00010701    7.39E+07     0.00010701    8.39E+07     2.5688E+05    
   7.4E+07      0.99765      0.00010685    7.4E+07      0.00010685    8.4E+07      2.5701E+05    
   7.41E+07     0.99764      0.00010677    7.41E+07     0.00010677    8.41E+07     2.5739E+05    
   7.42E+07     0.99765      0.00010661    7.42E+07     0.00010661    8.42E+07     2.5774E+05    
   7.43E+07     0.99765      0.00010646    7.43E+07     0.00010646    8.43E+07     2.5813E+05    
   7.44E+07     0.99765      0.00010641    7.44E+07     0.00010641    8.44E+07     2.5841E+05    
   7.45E+07     0.99764      0.00010647    7.45E+07     0.00010647    8.45E+07     2.588E+05     
   7.46E+07     0.99764      0.0001064     7.46E+07     0.0001064     8.46E+07     2.5918E+05    
   7.47E+07     0.99764      0.00010627    7.47E+07     0.00010627    8.47E+07     2.5932E+05    
   7.48E+07     0.99765      0.00010636    7.48E+07     0.00010636    8.48E+07     2.5936E+05    
   7.49E+07     0.99765      0.00010624    7.49E+07     0.00010624    8.49E+07     2.592E+05     
   7.5E+07      0.99765      0.00010608    7.5E+07      0.00010608    8.5E+07      2.5931E+05    
   7.51E+07     0.99765      0.00010603    7.51E+07     0.00010603    8.51E+07     2.5916E+05    
   7.52E+07     0.99765      0.00010588    7.52E+07     0.00010588    8.52E+07     2.5954E+05    
   7.53E+07     0.99765      0.00010573    7.53E+07     0.00010573    8.53E+07     2.5789E+05    
   7.54E+07     0.99765      0.00010576    7.54E+07     0.00010576    8.54E+07     2.5814E+05    
   7.55E+07     0.99765      0.00010576    7.55E+07     0.00010576    8.55E+07     2.5852E+05    
   7.56E+07     0.99765      0.00010561    7.56E+07     0.00010561    8.56E+07     2.5888E+05    
   7.57E+07     0.99766      0.00010554    7.57E+07     0.00010554    8.57E+07     2.5885E+05    
   7.58E+07     0.99766      0.00010539    7.58E+07     0.00010539    8.58E+07     2.5913E+05    
   7.59E+07     0.99766      0.00010523    7.59E+07     0.00010523    8.59E+07     2.5677E+05    
   7.6E+07      0.99766      0.00010514    7.6E+07      0.00010514    8.6E+07      2.5657E+05    
   7.61E+07     0.99765      0.00010503    7.61E+07     0.00010503    8.61E+07     2.5514E+05    
   7.62E+07     0.99765      0.0001049     7.62E+07     0.0001049     8.62E+07     2.5538E+05    
   7.63E+07     0.99765      0.00010474    7.63E+07     0.00010474    8.63E+07     2.5576E+05    
   7.64E+07     0.99765      0.00010468    7.64E+07     0.00010468    8.64E+07     2.5597E+05    
   7.65E+07     0.99766      0.00010458    7.65E+07     0.00010458    8.65E+07     2.5601E+05    
   7.66E+07     0.99766      0.00010447    7.66E+07     0.00010447    8.66E+07     2.5637E+05    
   7.67E+07     0.99765      0.0001044     7.67E+07     0.0001044     8.67E+07     2.5672E+05    
   7.68E+07     0.99765      0.00010435    7.68E+07     0.00010435    8.68E+07     2.5705E+05    
   7.69E+07     0.99764      0.00010431    7.69E+07     0.00010431    8.69E+07     2.5682E+05    
   7.7E+07      0.99764      0.00010427    7.7E+07      0.00010427    8.7E+07      2.572E+05     
   7.71E+07     0.99764      0.00010412    7.71E+07     0.00010412    8.71E+07     2.5584E+05    
   7.72E+07     0.99763      0.00010425    7.72E+07     0.00010425    8.72E+07     2.5603E+05    
   7.73E+07     0.99763      0.0001041     7.73E+07     0.0001041     8.73E+07     2.5637E+05    
   7.74E+07     0.99763      0.00010395    7.74E+07     0.00010395    8.74E+07     2.5674E+05    
   7.75E+07     0.99763      0.00010381    7.75E+07     0.00010381    8.75E+07     2.5694E+05    
   7.76E+07     0.99763      0.00010366    7.76E+07     0.00010366    8.76E+07     2.573E+05     
   7.77E+07     0.99763      0.00010352    7.77E+07     0.00010352    8.77E+07     2.5755E+05    
   7.78E+07     0.99762      0.0001036     7.78E+07     0.0001036     8.78E+07     2.5787E+05    
   7.79E+07     0.99762      0.00010345    7.79E+07     0.00010345    8.79E+07     2.5782E+05    
   7.8E+07      0.99762      0.00010331    7.8E+07      0.00010331    8.8E+07      2.5808E+05    
   7.81E+07     0.99762      0.00010319    7.81E+07     0.00010319    8.81E+07     2.5753E+05    
   7.82E+07     0.99762      0.00010307    7.82E+07     0.00010307    8.82E+07     2.5712E+05    
   7.83E+07     0.99763      0.00010305    7.83E+07     0.00010305    8.83E+07     2.5714E+05    
   7.84E+07     0.99762      0.00010297    7.84E+07     0.00010297    8.84E+07     2.5746E+05    
   7.85E+07     0.99762      0.00010291    7.85E+07     0.00010291    8.85E+07     2.5774E+05    
   7.86E+07     0.99763      0.00010299    7.86E+07     0.00010299    8.86E+07     2.5727E+05    
   7.87E+07     0.99763      0.00010287    7.87E+07     0.00010287    8.87E+07     2.574E+05     
   7.88E+07     0.99763      0.00010273    7.88E+07     0.00010273    8.88E+07     2.5771E+05    
   7.89E+07     0.99762      0.00010297    7.89E+07     0.00010297    8.89E+07     2.5794E+05    
   7.9E+07      0.99762      0.00010284    7.9E+07      0.00010284    8.9E+07      2.5822E+05    
   7.91E+07     0.99762      0.00010276    7.91E+07     0.00010276    8.91E+07     2.5857E+05    
   7.92E+07     0.99761      0.00010265    7.92E+07     0.00010265    8.92E+07     2.5891E+05    
   7.93E+07     0.99761      0.00010251    7.93E+07     0.00010251    8.93E+07     2.5916E+05    
   7.94E+07     0.99761      0.00010241    7.94E+07     0.00010241    8.94E+07     2.5927E+05    
   7.95E+07     0.99761      0.00010228    7.95E+07     0.00010228    8.95E+07     2.5913E+05    
   7.96E+07     0.99761      0.00010213    7.96E+07     0.00010213    8.96E+07     2.5901E+05    
   7.97E+07     0.99761      0.00010199    7.97E+07     0.00010199    8.97E+07     2.5935E+05    
   7.98E+07     0.99761      0.00010184    7.98E+07     0.00010184    8.98E+07     2.5958E+05    
   7.99E+07     0.99761      0.00010172    7.99E+07     0.00010172    8.99E+07     2.5991E+05    
   8E+07        0.99761      0.00010158    8E+07        0.00010158    9E+07        2.5992E+05    
   8.01E+07     0.99761      0.00010148    8.01E+07     0.00010148    9.01E+07     2.6023E+05    
   8.02E+07     0.99761      0.00010137    8.02E+07     0.00010137    9.02E+07     2.603E+05     
   8.03E+07     0.9976       0.00010164    8.03E+07     0.00010164    9.03E+07     2.6061E+05    
   8.04E+07     0.99759      0.00010153    8.04E+07     0.00010153    9.04E+07     2.604E+05     
   8.05E+07     0.9976       0.00010148    8.05E+07     0.00010148    9.05E+07     2.6044E+05    
   8.06E+07     0.9976       0.00010138    8.06E+07     0.00010138    9.06E+07     2.6074E+05    
   8.07E+07     0.9976       0.00010124    8.07E+07     0.00010124    9.07E+07     2.6109E+05    
   8.08E+07     0.99759      0.00010121    8.08E+07     0.00010121    9.08E+07     2.6129E+05    
   8.09E+07     0.99758      0.00010133    8.09E+07     0.00010133    9.09E+07     2.615E+05     
   8.1E+07      0.99758      0.00010119    8.1E+07      0.00010119    9.1E+07      2.6177E+05    
   8.11E+07     0.9976       0.00010164    8.11E+07     0.00010164    9.11E+07     2.6209E+05    
   8.12E+07     0.9976       0.00010151    8.12E+07     0.00010151    9.12E+07     2.6245E+05    
   8.13E+07     0.9976       0.00010144    8.13E+07     0.00010144    9.13E+07     2.6271E+05    
   8.14E+07     0.9976       0.00010132    8.14E+07     0.00010132    9.14E+07     2.6307E+05    
   8.15E+07     0.9976       0.00010122    8.15E+07     0.00010122    9.15E+07     2.6296E+05    
   8.16E+07     0.9976       0.00010108    8.16E+07     0.00010108    9.16E+07     2.6329E+05    
   8.17E+07     0.9976       0.00010101    8.17E+07     0.00010101    9.17E+07     2.6341E+05    
   8.18E+07     0.9976       0.00010088    8.18E+07     0.00010088    9.18E+07     2.6373E+05    
   8.19E+07     0.9976       0.00010081    8.19E+07     0.00010081    9.19E+07     2.6407E+05    
   8.2E+07      0.99761      0.00010077    8.2E+07      0.00010077    9.2E+07      2.6401E+05    
   8.21E+07     0.99761      0.00010068    8.21E+07     0.00010068    9.21E+07     2.6435E+05    
   8.22E+07     0.99761      0.00010054    8.22E+07     0.00010054    9.22E+07     2.6442E+05    
   8.23E+07     0.99761      0.0001004     8.23E+07     0.0001004     9.23E+07     2.6472E+05    
   8.24E+07     0.99761      0.00010032    8.24E+07     0.00010032    9.24E+07     2.6441E+05    
   8.25E+07     0.99761      0.00010018    8.25E+07     0.00010018    9.25E+07     2.6465E+05    
   8.26E+07     0.99761      0.00010005    8.26E+07     0.00010005    9.26E+07     2.6459E+05    
   8.27E+07     0.99761      9.9962E-05    8.27E+07     9.9962E-05    9.27E+07     2.6452E+05    
   8.28E+07     0.9976       0.00010018    8.28E+07     0.00010018    9.28E+07     2.6477E+05    
   8.29E+07     0.9976       0.00010006    8.29E+07     0.00010006    9.29E+07     2.6482E+05    
   8.3E+07      0.99761      0.00010023    8.3E+07      0.00010023    9.3E+07      2.6422E+05    
   8.31E+07     0.99761      0.00010014    8.31E+07     0.00010014    9.31E+07     2.6445E+05    
   8.32E+07     0.99761      0.00010003    8.32E+07     0.00010003    9.32E+07     2.6463E+05    
   8.33E+07     0.9976       9.99E-05      8.33E+07     9.99E-05      9.33E+07     2.6497E+05    
   8.34E+07     0.99761      9.9764E-05    8.34E+07     9.9764E-05    9.34E+07     2.6521E+05    
   8.35E+07     0.99761      9.9695E-05    8.35E+07     9.9695E-05    9.35E+07     2.6522E+05    
   8.36E+07     0.99762      9.9881E-05    8.36E+07     9.9881E-05    9.36E+07     2.6549E+05    
   8.37E+07     0.99761      9.9804E-05    8.37E+07     9.9804E-05    9.37E+07     2.654E+05     
   8.38E+07     0.99761      9.9669E-05    8.38E+07     9.9669E-05    9.38E+07     2.6552E+05    
   8.39E+07     0.9976       9.9957E-05    8.39E+07     9.9957E-05    9.39E+07     2.6504E+05    
   8.4E+07      0.9976       9.9873E-05    8.4E+07      9.9873E-05    9.4E+07      2.6487E+05    
   8.41E+07     0.9976       9.9741E-05    8.41E+07     9.9741E-05    9.41E+07     2.6518E+05    
   8.42E+07     0.9976       9.9607E-05    8.42E+07     9.9607E-05    9.42E+07     2.6547E+05    
   8.43E+07     0.9976       9.9473E-05    8.43E+07     9.9473E-05    9.43E+07     2.6556E+05    
   8.44E+07     0.9976       9.936E-05     8.44E+07     9.936E-05     9.44E+07     2.6544E+05    
   8.45E+07     0.9976       9.9227E-05    8.45E+07     9.9227E-05    9.45E+07     2.653E+05     
   8.46E+07     0.9976       9.9094E-05    8.46E+07     9.9094E-05    9.46E+07     2.656E+05     
   8.47E+07     0.9976       9.9009E-05    8.47E+07     9.9009E-05    9.47E+07     2.6518E+05    
   8.48E+07     0.9976       9.8943E-05    8.48E+07     9.8943E-05    9.48E+07     2.6524E+05    
   8.49E+07     0.9976       9.8915E-05    8.49E+07     9.8915E-05    9.49E+07     2.6556E+05    
   8.5E+07      0.9976       9.8837E-05    8.5E+07      9.8837E-05    9.5E+07      2.6566E+05    
   8.51E+07     0.9976       9.8806E-05    8.51E+07     9.8806E-05    9.51E+07     2.6545E+05    
   8.52E+07     0.9976       9.8677E-05    8.52E+07     9.8677E-05    9.52E+07     2.6575E+05    
   8.53E+07     0.99761      9.8934E-05    8.53E+07     9.8934E-05    9.53E+07     2.6583E+05    
   8.54E+07     0.99761      9.8827E-05    8.54E+07     9.8827E-05    9.54E+07     2.6617E+05    
   8.55E+07     0.99761      9.8697E-05    8.55E+07     9.8697E-05    9.55E+07     2.6624E+05    
   8.56E+07     0.99761      9.8571E-05    8.56E+07     9.8571E-05    9.56E+07     2.6649E+05    
   8.57E+07     0.99761      9.8519E-05    8.57E+07     9.8519E-05    9.57E+07     2.6683E+05    
   8.58E+07     0.99761      9.8409E-05    8.58E+07     9.8409E-05    9.58E+07     2.67E+05      
   8.59E+07     0.99762      9.8801E-05    8.59E+07     9.8801E-05    9.59E+07     2.6712E+05    
   8.6E+07      0.99762      9.8782E-05    8.6E+07      9.8782E-05    9.6E+07      2.6743E+05    
   8.61E+07     0.99761      9.9001E-05    8.61E+07     9.9001E-05    9.61E+07     2.6752E+05    
   8.62E+07     0.99761      9.8897E-05    8.62E+07     9.8897E-05    9.62E+07     2.6718E+05    
   8.63E+07     0.99761      9.8768E-05    8.63E+07     9.8768E-05    9.63E+07     2.6655E+05    
   8.64E+07     0.99761      9.8668E-05    8.64E+07     9.8668E-05    9.64E+07     2.6681E+05    
   8.65E+07     0.99761      9.8603E-05    8.65E+07     9.8603E-05    9.65E+07     2.669E+05     
   8.66E+07     0.99761      9.8476E-05    8.66E+07     9.8476E-05    9.66E+07     2.6707E+05    
   8.67E+07     0.99761      9.8353E-05    8.67E+07     9.8353E-05    9.67E+07     2.6739E+05    
   8.68E+07     0.99761      9.8231E-05    8.68E+07     9.8231E-05    9.68E+07     2.6774E+05    
   8.69E+07     0.99761      9.8218E-05    8.69E+07     9.8218E-05    9.69E+07     2.6729E+05    
   8.7E+07      0.99761      9.8091E-05    8.7E+07      9.8091E-05    9.7E+07      2.6763E+05    
   8.71E+07     0.99762      9.8295E-05    8.71E+07     9.8295E-05    9.71E+07     2.679E+05     
   8.72E+07     0.99762      9.8196E-05    8.72E+07     9.8196E-05    9.72E+07     2.6819E+05    
   8.73E+07     0.99762      9.8074E-05    8.73E+07     9.8074E-05    9.73E+07     2.6799E+05    
   8.74E+07     0.99762      9.7949E-05    8.74E+07     9.7949E-05    9.74E+07     2.6827E+05    
   8.75E+07     0.99762      9.7854E-05    8.75E+07     9.7854E-05    9.75E+07     2.6846E+05    
   8.76E+07     0.99762      9.7729E-05    8.76E+07     9.7729E-05    9.76E+07     2.6875E+05    
   8.77E+07     0.99762      9.7625E-05    8.77E+07     9.7625E-05    9.77E+07     2.6858E+05    
   8.78E+07     0.99762      9.751E-05     8.78E+07     9.751E-05     9.78E+07     2.6822E+05    
   8.79E+07     0.99762      9.7463E-05    8.79E+07     9.7463E-05    9.79E+07     2.6771E+05    
   8.8E+07      0.99762      9.7359E-05    8.8E+07      9.7359E-05    9.8E+07      2.6787E+05    
   8.81E+07     0.99762      9.7406E-05    8.81E+07     9.7406E-05    9.81E+07     2.6676E+05    
   8.82E+07     0.99763      9.7428E-05    8.82E+07     9.7428E-05    9.82E+07     2.6616E+05    
   8.83E+07     0.99763      9.737E-05     8.83E+07     9.737E-05     9.83E+07     2.66E+05      
   8.84E+07     0.99763      9.7255E-05    8.84E+07     9.7255E-05    9.84E+07     2.663E+05     
   8.85E+07     0.99763      9.714E-05     8.85E+07     9.714E-05     9.85E+07     2.6644E+05    
   8.86E+07     0.99764      9.7174E-05    8.86E+07     9.7174E-05    9.86E+07     2.6669E+05    
   8.87E+07     0.99764      9.7094E-05    8.87E+07     9.7094E-05    9.87E+07     2.6703E+05    
   8.88E+07     0.99763      9.6983E-05    8.88E+07     9.6983E-05    9.88E+07     2.6735E+05    
   8.89E+07     0.99764      9.6884E-05    8.89E+07     9.6884E-05    9.89E+07     2.6764E+05    
   8.9E+07      0.99763      9.6777E-05    8.9E+07      9.6777E-05    9.9E+07      2.678E+05     
   8.91E+07     0.99764      9.6656E-05    8.91E+07     9.6656E-05    9.91E+07     2.6805E+05    
   8.92E+07     0.99764      9.6538E-05    8.92E+07     9.6538E-05    9.92E+07     2.6831E+05    
   8.93E+07     0.99764      9.6438E-05    8.93E+07     9.6438E-05    9.93E+07     2.6862E+05    
   8.94E+07     0.99764      9.6363E-05    8.94E+07     9.6363E-05    9.94E+07     2.6895E+05    
   8.95E+07     0.99763      9.6337E-05    8.95E+07     9.6337E-05    9.95E+07     2.6928E+05    
   8.96E+07     0.99764      9.6305E-05    8.96E+07     9.6305E-05    9.96E+07     2.6925E+05    
   8.97E+07     0.99763      9.6187E-05    8.97E+07     9.6187E-05    9.97E+07     2.6799E+05    
   8.98E+07     0.99763      9.609E-05     8.98E+07     9.609E-05     9.98E+07     2.6817E+05    
   8.99E+07     0.99763      9.5977E-05    8.99E+07     9.5977E-05    9.99E+07     2.6847E+05    
   9E+07        0.99763      9.5923E-05    9E+07        9.5923E-05    1E+08        2.6878E+05    
   9.01E+07     0.99763      9.5811E-05    9.01E+07     9.5811E-05    
   9.02E+07     0.99763      9.5744E-05    9.02E+07     9.5744E-05    
   9.03E+07     0.99763      9.5635E-05    9.03E+07     9.5635E-05    
   9.04E+07     0.99762      9.5621E-05    9.04E+07     9.5621E-05    
   9.05E+07     0.99762      9.5561E-05    9.05E+07     9.5561E-05    
   9.06E+07     0.99762      9.5451E-05    9.06E+07     9.5451E-05    
   9.07E+07     0.99762      9.5334E-05    9.07E+07     9.5334E-05    
   9.08E+07     0.99762      9.5245E-05    9.08E+07     9.5245E-05    
   9.09E+07     0.99762      9.5156E-05    9.09E+07     9.5156E-05    
   9.1E+07      0.99762      9.5053E-05    9.1E+07      9.5053E-05    
   9.11E+07     0.99762      9.4941E-05    9.11E+07     9.4941E-05    
   9.12E+07     0.99762      9.4825E-05    9.12E+07     9.4825E-05    
   9.13E+07     0.99762      9.4727E-05    9.13E+07     9.4727E-05    
   9.14E+07     0.99762      9.4611E-05    9.14E+07     9.4611E-05    
   9.15E+07     0.99762      9.4576E-05    9.15E+07     9.4576E-05    
   9.16E+07     0.99761      9.4467E-05    9.16E+07     9.4467E-05    
   9.17E+07     0.99761      9.4395E-05    9.17E+07     9.4395E-05    
   9.18E+07     0.99761      9.4286E-05    9.18E+07     9.4286E-05    
   9.19E+07     0.99761      9.4171E-05    9.19E+07     9.4171E-05    
   9.2E+07      0.99762      9.4131E-05    9.2E+07      9.4131E-05    
   9.21E+07     0.99762      9.4019E-05    9.21E+07     9.4019E-05    
   9.22E+07     0.99761      9.3956E-05    9.22E+07     9.3956E-05    
   9.23E+07     0.99761      9.3851E-05    9.23E+07     9.3851E-05    
   9.24E+07     0.99761      9.3855E-05    9.24E+07     9.3855E-05    
   9.25E+07     0.9976       9.3761E-05    9.25E+07     9.3761E-05    
   9.26E+07     0.9976       9.3722E-05    9.26E+07     9.3722E-05    
   9.27E+07     0.9976       9.3684E-05    9.27E+07     9.3684E-05    
   9.28E+07     0.99759      9.3585E-05    9.28E+07     9.3585E-05    
   9.29E+07     0.99759      9.3525E-05    9.29E+07     9.3525E-05    
   9.3E+07      0.9976       9.3582E-05    9.3E+07      9.3582E-05    
   9.31E+07     0.9976       9.3492E-05    9.31E+07     9.3492E-05    
   9.32E+07     0.9976       9.3405E-05    9.32E+07     9.3405E-05    
   9.33E+07     0.9976       9.3295E-05    9.33E+07     9.3295E-05    
   9.34E+07     0.9976       9.3203E-05    9.34E+07     9.3203E-05    
   9.35E+07     0.99759      9.3151E-05    9.35E+07     9.3151E-05    
   9.36E+07     0.99759      9.3053E-05    9.36E+07     9.3053E-05    
   9.37E+07     0.9976       9.3019E-05    9.37E+07     9.3019E-05    
   9.38E+07     0.9976       9.2948E-05    9.38E+07     9.2948E-05    
   9.39E+07     0.99759      9.2984E-05    9.39E+07     9.2984E-05    
   9.4E+07      0.9976       9.2964E-05    9.4E+07      9.2964E-05    
   9.41E+07     0.9976       9.2856E-05    9.41E+07     9.2856E-05    
   9.42E+07     0.9976       9.2756E-05    9.42E+07     9.2756E-05    
   9.43E+07     0.99759      9.2691E-05    9.43E+07     9.2691E-05    
   9.44E+07     0.9976       9.2664E-05    9.44E+07     9.2664E-05    
   9.45E+07     0.99759      9.2636E-05    9.45E+07     9.2636E-05    
   9.46E+07     0.99759      9.2536E-05    9.46E+07     9.2536E-05    
   9.47E+07     0.9976       9.2561E-05    9.47E+07     9.2561E-05    
   9.48E+07     0.99759      9.2503E-05    9.48E+07     9.2503E-05    
   9.49E+07     0.99759      9.2396E-05    9.49E+07     9.2396E-05    
   9.5E+07      0.99759      9.2331E-05    9.5E+07      9.2331E-05    
   9.51E+07     0.99759      9.2319E-05    9.51E+07     9.2319E-05    
   9.52E+07     0.99759      9.2219E-05    9.52E+07     9.2219E-05    
   9.53E+07     0.99759      9.2156E-05    9.53E+07     9.2156E-05    
   9.54E+07     0.99759      9.2048E-05    9.54E+07     9.2048E-05    
   9.55E+07     0.99759      9.1988E-05    9.55E+07     9.1988E-05    
   9.56E+07     0.99759      9.1898E-05    9.56E+07     9.1898E-05    
   9.57E+07     0.99759      9.1791E-05    9.57E+07     9.1791E-05    
   9.58E+07     0.99759      9.1713E-05    9.58E+07     9.1713E-05    
   9.59E+07     0.99759      9.1645E-05    9.59E+07     9.1645E-05    
   9.6E+07      0.99758      9.1544E-05    9.6E+07      9.1544E-05    
   9.61E+07     0.99759      9.1482E-05    9.61E+07     9.1482E-05    
   9.62E+07     0.99759      9.1491E-05    9.62E+07     9.1491E-05    
   9.63E+07     0.99759      9.1551E-05    9.63E+07     9.1551E-05    
   9.64E+07     0.99759      9.146E-05     9.64E+07     9.146E-05     
   9.65E+07     0.99759      9.1398E-05    9.65E+07     9.1398E-05    
   9.66E+07     0.99758      9.132E-05     9.66E+07     9.132E-05     
   9.67E+07     0.99758      9.1217E-05    9.67E+07     9.1217E-05    
   9.68E+07     0.99758      9.1112E-05    9.68E+07     9.1112E-05    
   9.69E+07     0.99758      9.1141E-05    9.69E+07     9.1141E-05    
   9.7E+07      0.99758      9.1037E-05    9.7E+07      9.1037E-05    
   9.71E+07     0.99758      9.0943E-05    9.71E+07     9.0943E-05    
   9.72E+07     0.99758      9.0847E-05    9.72E+07     9.0847E-05    
   9.73E+07     0.99758      9.0833E-05    9.73E+07     9.0833E-05    
   9.74E+07     0.99758      9.0739E-05    9.74E+07     9.0739E-05    
   9.75E+07     0.99758      9.0655E-05    9.75E+07     9.0655E-05    
   9.76E+07     0.99758      9.0561E-05    9.76E+07     9.0561E-05    
   9.77E+07     0.99759      9.0543E-05    9.77E+07     9.0543E-05    
   9.78E+07     0.99758      9.0558E-05    9.78E+07     9.0558E-05    
   9.79E+07     0.99759      9.0595E-05    9.79E+07     9.0595E-05    
   9.8E+07      0.99758      9.0523E-05    9.8E+07      9.0523E-05    
   9.81E+07     0.99758      9.0665E-05    9.81E+07     9.0665E-05    
   9.82E+07     0.99757      9.0721E-05    9.82E+07     9.0721E-05    
   9.83E+07     0.99757      9.0701E-05    9.83E+07     9.0701E-05    
   9.84E+07     0.99757      9.0603E-05    9.84E+07     9.0603E-05    
   9.85E+07     0.99756      9.0535E-05    9.85E+07     9.0535E-05    
   9.86E+07     0.99756      9.0446E-05    9.86E+07     9.0446E-05    
   9.87E+07     0.99756      9.0344E-05    9.87E+07     9.0344E-05    
   9.88E+07     0.99756      9.0243E-05    9.88E+07     9.0243E-05    
   9.89E+07     0.99756      9.0147E-05    9.89E+07     9.0147E-05    
   9.9E+07      0.99757      9.0075E-05    9.9E+07      9.0075E-05    
   9.91E+07     0.99756      8.9989E-05    9.91E+07     8.9989E-05    
   9.92E+07     0.99757      8.9898E-05    9.92E+07     8.9898E-05    
   9.93E+07     0.99757      8.9799E-05    9.93E+07     8.9799E-05    
   9.94E+07     0.99757      8.9698E-05    9.94E+07     8.9698E-05    
   9.95E+07     0.99757      8.9598E-05    9.95E+07     8.9598E-05    
   9.96E+07     0.99756      8.9557E-05    9.96E+07     8.9557E-05    
   9.97E+07     0.99757      8.9722E-05    9.97E+07     8.9722E-05    
   9.98E+07     0.99757      8.9648E-05    9.98E+07     8.9648E-05    
   9.99E+07     0.99757      8.9552E-05    9.99E+07     8.9552E-05    
   1E+08        0.99757      8.9455E-05    1E+08        8.9455E-05    
