# This file is written with the intent of being used to plot the data with 
# Gnuplot.  It contains no information regarding how the plot should be 
# formatted.
# =========================================================================
# Research/ArnoldivsPower -f Power1-w50-48.dat -t 100000 -A -c 100 -C 900 -w 50 -b 75 -r  seed = 1464311005
# filename = Power1-w50-48.dat, run = true, power = true, Arnoldi = false, storevectors = 0, raw = false, evectors = 2, evalues = 2, residual = false, arnoldimethod = implicit, tol = 2.22045e-16, verbose = 1, seed = 0, width = 50, bins = 75, acycles = 900, incycles = 100, active = 20, inactive = 0, Iterations = 10, numValues = 2, relaxed = 0, tracks = 100000, ignore_rest = false, version = false, help = false, 

#  1            2            3             4            5             6            7             8            9            
# |-            Power values           -| |-   Power eValues SD   -| |-       FOM-Power      -| |-     Power vector     -| 
#  x-coord      y-coord      error         x-coord      y-coord       x-coord      y-coord       x-coord      y-coord       
   1E+05        0.98477      0             1E+05        0             1.01E+07     0             0.33333      0.0098956     
   2E+05        0.98658      0             2E+05        0             1.02E+07     6894.5        1            0.01706       
   3E+05        0.99175      0             3E+05        0             1.03E+07     13847         1.6667       0.023737      
   4E+05        0.9946       0             4E+05        0             1.04E+07     20834         2.3333       0.030512      
   5E+05        0.9914       0             5E+05        0             1.05E+07     31359         3            0.036844      
   6E+05        0.99321      0             6E+05        0             1.06E+07     40435         3.6667       0.043548      
   7E+05        0.99574      0             7E+05        0             1.07E+07     17416         4.3333       0.050044      
   8E+05        0.99716      0             8E+05        0             1.08E+07     22206         5            0.056243      
   9E+05        0.99378      0             9E+05        0             1.09E+07     21929         5.6667       0.062741      
   1E+06        0.99207      0             1E+06        0             1.1E+07      23721         6.3333       0.068913      
   1.1E+06      0.99409      0             1.1E+06      0             1.11E+07     25835         7            0.075119      
   1.2E+06      0.99596      0             1.2E+06      0             1.12E+07     29169         7.6667       0.081325      
   1.3E+06      0.99363      0             1.3E+06      0             1.13E+07     31900         8.3333       0.086843      
   1.4E+06      0.98988      0             1.4E+06      0             1.14E+07     35684         9            0.092426      
   1.5E+06      0.99488      0             1.5E+06      0             1.15E+07     36872         9.6667       0.097921      
   1.6E+06      0.99365      0             1.6E+06      0             1.16E+07     41531         10.333       0.1032        
   1.7E+06      0.99835      0             1.7E+06      0             1.17E+07     46360         11           0.10835       
   1.8E+06      0.99784      0             1.8E+06      0             1.18E+07     50917         11.667       0.11329       
   1.9E+06      0.99346      0             1.9E+06      0             1.19E+07     55804         12.333       0.11785       
   2E+06        0.99754      0             2E+06        0             1.2E+07      58435         13           0.12234       
   2.1E+06      0.99884      0             2.1E+06      0             1.21E+07     59070         13.667       0.1266        
   2.2E+06      1.0007       0             2.2E+06      0             1.22E+07     64288         14.333       0.13034       
   2.3E+06      0.99168      0             2.3E+06      0             1.23E+07     69593         15           0.13426       
   2.4E+06      0.9961       0             2.4E+06      0             1.24E+07     70090         15.667       0.13796       
   2.5E+06      1.0012       0             2.5E+06      0             1.25E+07     74945         16.333       0.14083       
   2.6E+06      0.99645      0             2.6E+06      0             1.26E+07     75367         17           0.14428       
   2.7E+06      0.99294      0             2.7E+06      0             1.27E+07     72359         17.667       0.14721       
   2.8E+06      0.99342      0             2.8E+06      0             1.28E+07     73537         18.333       0.1491        
   2.9E+06      0.99193      0             2.9E+06      0             1.29E+07     78251         19           0.1514        
   3E+06        0.99295      0             3E+06        0             1.3E+07      74770         19.667       0.15414       
   3.1E+06      0.99238      0             3.1E+06      0             1.31E+07     72906         20.333       0.15625       
   3.2E+06      0.9904       0             3.2E+06      0             1.32E+07     76333         21           0.15704       
   3.3E+06      0.99717      0             3.3E+06      0             1.33E+07     70512         21.667       0.15876       
   3.4E+06      0.99475      0             3.4E+06      0             1.34E+07     73760         22.333       0.15968       
   3.5E+06      0.99156      0             3.5E+06      0             1.35E+07     76956         23           0.16003       
   3.6E+06      1.0004       0             3.6E+06      0             1.36E+07     80658         23.667       0.16052       
   3.7E+06      0.99767      0             3.7E+06      0             1.37E+07     84512         24.333       0.15993       
   3.8E+06      0.99147      0             3.8E+06      0             1.38E+07     58788         25           0.15999       
   3.9E+06      0.99603      0             3.9E+06      0             1.39E+07     60601         25.667       0.15895       
   4E+06        0.997        0             4E+06        0             1.4E+07      63005         26.333       0.15866       
   4.1E+06      0.99562      0             4.1E+06      0             1.41E+07     65016         27           0.15796       
   4.2E+06      0.99695      0             4.2E+06      0             1.42E+07     67736         27.667       0.15697       
   4.3E+06      0.9965       0             4.3E+06      0             1.43E+07     70234         28.333       0.1559        
   4.4E+06      0.98953      0             4.4E+06      0             1.44E+07     72946         29           0.15459       
   4.5E+06      0.99469      0             4.5E+06      0             1.45E+07     75154         29.667       0.15263       
   4.6E+06      0.99916      0             4.6E+06      0             1.46E+07     77097         30.333       0.1512        
   4.7E+06      0.99669      0             4.7E+06      0             1.47E+07     79389         31           0.14895       
   4.8E+06      0.99479      0             4.8E+06      0             1.48E+07     79619         31.667       0.14618       
   4.9E+06      0.99723      0             4.9E+06      0             1.49E+07     82369         32.333       0.14344       
   5E+06        0.9965       0             5E+06        0             1.5E+07      84987         33           0.14066       
   5.1E+06      0.99815      0             5.1E+06      0             1.51E+07     87789         33.667       0.1373        
   5.2E+06      0.99535      0             5.2E+06      0             1.52E+07     84491         34.333       0.13342       
   5.3E+06      0.99568      0             5.3E+06      0             1.53E+07     86744         35           0.12899       
   5.4E+06      0.99571      0             5.4E+06      0             1.54E+07     89200         35.667       0.12548       
   5.5E+06      0.99891      0             5.5E+06      0             1.55E+07     90058         36.333       0.12142       
   5.6E+06      0.99755      0             5.6E+06      0             1.56E+07     92239         37           0.11732       
   5.7E+06      0.99668      0             5.7E+06      0             1.57E+07     91234         37.667       0.1124        
   5.8E+06      0.995        0             5.8E+06      0             1.58E+07     93805         38.333       0.10777       
   5.9E+06      0.9972       0             5.9E+06      0             1.59E+07     90691         39           0.10358       
   6E+06        0.99303      0             6E+06        0             1.6E+07      93174         39.667       0.098476      
   6.1E+06      1.0046       0             6.1E+06      0             1.61E+07     92217         40.333       0.09323       
   6.2E+06      0.99528      0             6.2E+06      0             1.62E+07     91411         41           0.08808       
   6.3E+06      0.99695      0             6.3E+06      0             1.63E+07     93763         41.667       0.082959      
   6.4E+06      0.99939      0             6.4E+06      0             1.64E+07     96160         42.333       0.077091      
   6.5E+06      0.99831      0             6.5E+06      0             1.65E+07     98073         43           0.071101      
   6.6E+06      0.99846      0             6.6E+06      0             1.66E+07     1.0048E+05    43.667       0.065613      
   6.7E+06      0.99617      0             6.7E+06      0             1.67E+07     1.0288E+05    44.333       0.059631      
   6.8E+06      0.99775      0             6.8E+06      0             1.68E+07     1.0488E+05    45           0.053754      
   6.9E+06      0.99413      0             6.9E+06      0             1.69E+07     1.009E+05     45.667       0.04754       
   7E+06        0.9912       0             7E+06        0             1.7E+07      1.0227E+05    46.333       0.041477      
   7.1E+06      0.99434      0             7.1E+06      0             1.71E+07     1.0458E+05    47           0.035061      
   7.2E+06      0.99124      0             7.2E+06      0             1.72E+07     1.0643E+05    47.667       0.028837      
   7.3E+06      0.99859      0             7.3E+06      0             1.73E+07     1.0827E+05    48.333       0.022562      
   7.4E+06      0.99197      0             7.4E+06      0             1.74E+07     1.1038E+05    49           0.016317      
   7.5E+06      0.99147      0             7.5E+06      0             1.75E+07     1.1129E+05    49.667       0.0095416     
   7.6E+06      0.99585      0             7.6E+06      0             1.76E+07     1.1345E+05    
   7.7E+06      0.99403      0             7.7E+06      0             1.77E+07     1.102E+05     
   7.8E+06      0.99567      0             7.8E+06      0             1.78E+07     1.1198E+05    
   7.9E+06      1.0004       0             7.9E+06      0             1.79E+07     1.1383E+05    
   8E+06        1.0044       0             8E+06        0             1.8E+07      1.1597E+05    
   8.1E+06      0.99661      0             8.1E+06      0             1.81E+07     1.1819E+05    
   8.2E+06      0.99977      0             8.2E+06      0             1.82E+07     1.1846E+05    
   8.3E+06      0.99836      0             8.3E+06      0             1.83E+07     1.1654E+05    
   8.4E+06      0.99053      0             8.4E+06      0             1.84E+07     1.1868E+05    
   8.5E+06      0.99498      0             8.5E+06      0             1.85E+07     1.1791E+05    
   8.6E+06      0.99882      0             8.6E+06      0             1.86E+07     1.2003E+05    
   8.7E+06      1.0008       0             8.7E+06      0             1.87E+07     1.2207E+05    
   8.8E+06      0.99149      0             8.8E+06      0             1.88E+07     1.2405E+05    
   8.9E+06      1.0022       0             8.9E+06      0             1.89E+07     1.243E+05     
   9E+06        0.9965       0             9E+06        0             1.9E+07      1.2643E+05    
   9.1E+06      0.99748      0             9.1E+06      0             1.91E+07     1.2628E+05    
   9.2E+06      0.99914      0             9.2E+06      0             1.92E+07     1.2822E+05    
   9.3E+06      0.99796      0             9.3E+06      0             1.93E+07     1.3011E+05    
   9.4E+06      0.99377      0             9.4E+06      0             1.94E+07     1.3084E+05    
   9.5E+06      0.99547      0             9.5E+06      0             1.95E+07     1.3193E+05    
   9.6E+06      0.99326      0             9.6E+06      0             1.96E+07     1.3384E+05    
   9.7E+06      1.002        0             9.7E+06      0             1.97E+07     1.3274E+05    
   9.8E+06      0.99774      0             9.8E+06      0             1.98E+07     1.3413E+05    
   9.9E+06      0.9964       0             9.9E+06      0             1.99E+07     1.3535E+05    
   1E+07        0.996        0             1E+07        0             2E+07        1.3491E+05    
   1.01E+07     0.9958       NAN           1.01E+07     NAN           2.01E+07     1.3303E+05    
   1.02E+07     0.99832      0.0017779     1.02E+07     0.0017779     2.02E+07     1.3428E+05    
   1.03E+07     0.99784      0.0012483     1.03E+07     0.0012483     2.03E+07     1.3527E+05    
   1.04E+07     0.99828      0.0010126     1.04E+07     0.0010126     2.04E+07     1.363E+05     
   1.05E+07     0.99843      0.00082134    1.05E+07     0.00082134    2.05E+07     1.3817E+05    
   1.06E+07     0.99868      0.00071981    1.06E+07     0.00071981    2.06E+07     1.3369E+05    
   1.07E+07     0.99771      0.0010916     1.07E+07     0.0010916     2.07E+07     1.3507E+05    
   1.08E+07     0.99758      0.00096222    1.08E+07     0.00096222    2.08E+07     1.3669E+05    
   1.09E+07     0.99711      0.00096376    1.09E+07     0.00096376    2.09E+07     1.3825E+05    
   1.1E+07      0.99678      0.00092222    1.1E+07      0.00092222    2.1E+07      1.4008E+05    
   1.11E+07     0.99706      0.00087961    1.11E+07     0.00087961    2.11E+07     1.4195E+05    
   1.12E+07     0.99724      0.00082405    1.12E+07     0.00082405    2.12E+07     1.4378E+05    
   1.13E+07     0.99744      0.00078444    1.13E+07     0.00078444    2.13E+07     1.456E+05     
   1.14E+07     0.99731      0.00073836    1.14E+07     0.00073836    2.14E+07     1.4586E+05    
   1.15E+07     0.99754      0.00072305    1.15E+07     0.00072305    2.15E+07     1.4755E+05    
   1.16E+07     0.99751      0.0006783     1.16E+07     0.0006783     2.16E+07     1.455E+05     
   1.17E+07     0.99748      0.00063921    1.17E+07     0.00063921    2.17E+07     1.4702E+05    
   1.18E+07     0.99755      0.0006073     1.18E+07     0.0006073     2.18E+07     1.4834E+05    
   1.19E+07     0.99749      0.00057753    1.19E+07     0.00057753    2.19E+07     1.4772E+05    
   1.2E+07      0.99762      0.00056199    1.2E+07      0.00056199    2.2E+07      1.4826E+05    
   1.21E+07     0.99746      0.00055661    1.21E+07     0.00055661    2.21E+07     1.4694E+05    
   1.22E+07     0.99747      0.00053132    1.22E+07     0.00053132    2.22E+07     1.4796E+05    
   1.23E+07     0.99748      0.00050848    1.23E+07     0.00050848    2.23E+07     1.4852E+05    
   1.24E+07     0.99735      0.0005046     1.24E+07     0.0005046     2.24E+07     1.5022E+05    
   1.25E+07     0.99739      0.000486      1.25E+07     0.000486      2.25E+07     1.5196E+05    
   1.26E+07     0.99751      0.00048268    1.26E+07     0.00048268    2.26E+07     1.5356E+05    
   1.27E+07     0.99735      0.00049064    1.27E+07     0.00049064    2.27E+07     1.4814E+05    
   1.28E+07     0.99746      0.00048473    1.28E+07     0.00048473    2.28E+07     1.4867E+05    
   1.29E+07     0.99745      0.00046806    1.29E+07     0.00046806    2.29E+07     1.4887E+05    
   1.3E+07      0.9973       0.00047694    1.3E+07      0.00047694    2.3E+07      1.505E+05     
   1.31E+07     0.99716      0.00048113    1.31E+07     0.00048113    2.31E+07     1.5213E+05    
   1.32E+07     0.99712      0.00046834    1.32E+07     0.00046834    2.32E+07     1.5152E+05    
   1.33E+07     0.99694      0.00048544    1.33E+07     0.00048544    2.33E+07     1.5294E+05    
   1.34E+07     0.9969       0.00047283    1.34E+07     0.00047283    2.34E+07     1.542E+05     
   1.35E+07     0.99694      0.00046115    1.35E+07     0.00046115    2.35E+07     1.5579E+05    
   1.36E+07     0.99693      0.00044854    1.36E+07     0.00044854    2.36E+07     1.5374E+05    
   1.37E+07     0.99692      0.00043655    1.37E+07     0.00043655    2.37E+07     1.5532E+05    
   1.38E+07     0.99723      0.00052147    1.38E+07     0.00052147    2.38E+07     1.5571E+05    
   1.39E+07     0.99729      0.00051172    1.39E+07     0.00051172    2.39E+07     1.5696E+05    
   1.4E+07      0.99732      0.0005        1.4E+07      0.0005        2.4E+07      1.583E+05     
   1.41E+07     0.99737      0.00049039    1.41E+07     0.00049039    2.41E+07     1.5987E+05    
   1.42E+07     0.99737      0.00047871    1.42E+07     0.00047871    2.42E+07     1.6067E+05    
   1.43E+07     0.99734      0.00046844    1.43E+07     0.00046844    2.43E+07     1.5944E+05    
   1.44E+07     0.99736      0.00045801    1.44E+07     0.00045801    2.44E+07     1.6022E+05    
   1.45E+07     0.9974       0.00044958    1.45E+07     0.00044958    2.45E+07     1.6089E+05    
   1.46E+07     0.99744      0.00044233    1.46E+07     0.00044233    2.46E+07     1.6131E+05    
   1.47E+07     0.99741      0.00043438    1.47E+07     0.00043438    2.47E+07     1.6279E+05    
   1.48E+07     0.99733      0.00043226    1.48E+07     0.00043226    2.48E+07     1.6343E+05    
   1.49E+07     0.99734      0.00042346    1.49E+07     0.00042346    2.49E+07     1.6383E+05    
   1.5E+07      0.99732      0.00041547    1.5E+07      0.00041547    2.5E+07      1.6496E+05    
   1.51E+07     0.99732      0.0004074     1.51E+07     0.0004074     2.51E+07     1.6646E+05    
   1.52E+07     0.99721      0.00041387    1.52E+07     0.00041387    2.52E+07     1.6797E+05    
   1.53E+07     0.99719      0.00040706    1.53E+07     0.00040706    2.53E+07     1.6946E+05    
   1.54E+07     0.99716      0.00040008    1.54E+07     0.00040008    2.54E+07     1.7093E+05    
   1.55E+07     0.99722      0.00039686    1.55E+07     0.00039686    2.55E+07     1.7183E+05    
   1.56E+07     0.99725      0.00039086    1.56E+07     0.00039086    2.56E+07     1.7332E+05    
   1.57E+07     0.99733      0.00039172    1.57E+07     0.00039172    2.57E+07     1.7037E+05    
   1.58E+07     0.99732      0.00038503    1.58E+07     0.00038503    2.58E+07     1.6898E+05    
   1.59E+07     0.99742      0.00039033    1.59E+07     0.00039033    2.59E+07     1.7031E+05    
   1.6E+07      0.99741      0.00038386    1.6E+07      0.00038386    2.6E+07      1.7022E+05    
   1.61E+07     0.99749      0.00038463    1.61E+07     0.00038463    2.61E+07     1.6956E+05    
   1.62E+07     0.99741      0.00038506    1.62E+07     0.00038506    2.62E+07     1.6994E+05    
   1.63E+07     0.99741      0.00037901    1.63E+07     0.00037901    2.63E+07     1.713E+05     
   1.64E+07     0.99741      0.0003731     1.64E+07     0.0003731     2.64E+07     1.6979E+05    
   1.65E+07     0.99744      0.0003683     1.65E+07     0.0003683     2.65E+07     1.712E+05     
   1.66E+07     0.99744      0.00036272    1.66E+07     0.00036272    2.66E+07     1.7207E+05    
   1.67E+07     0.99744      0.00035737    1.67E+07     0.00035737    2.67E+07     1.7349E+05    
   1.68E+07     0.99742      0.00035288    1.68E+07     0.00035288    2.68E+07     1.7128E+05    
   1.69E+07     0.99751      0.00035868    1.69E+07     0.00035868    2.69E+07     1.7206E+05    
   1.7E+07      0.99754      0.00035517    1.7E+07      0.00035517    2.7E+07      1.7242E+05    
   1.71E+07     0.99755      0.00035019    1.71E+07     0.00035019    2.71E+07     1.7372E+05    
   1.72E+07     0.99757      0.00034611    1.72E+07     0.00034611    2.72E+07     1.7498E+05    
   1.73E+07     0.99759      0.00034214    1.73E+07     0.00034214    2.73E+07     1.7609E+05    
   1.74E+07     0.99758      0.00033787    1.74E+07     0.00033787    2.74E+07     1.7465E+05    
   1.75E+07     0.99754      0.00033546    1.75E+07     0.00033546    2.75E+07     1.7601E+05    
   1.76E+07     0.99753      0.0003313     1.76E+07     0.0003313     2.76E+07     1.7702E+05    
   1.77E+07     0.9976       0.00033519    1.77E+07     0.00033519    2.77E+07     1.783E+05     
   1.78E+07     0.99762      0.00033156    1.78E+07     0.00033156    2.78E+07     1.7684E+05    
   1.79E+07     0.99764      0.00032787    1.79E+07     0.00032787    2.79E+07     1.7816E+05    
   1.8E+07      0.99765      0.00032392    1.8E+07      0.00032392    2.8E+07      1.7909E+05    
   1.81E+07     0.99765      0.00031995    1.81E+07     0.00031995    2.81E+07     1.7982E+05    
   1.82E+07     0.99769      0.00031871    1.82E+07     0.00031871    2.82E+07     1.7784E+05    
   1.83E+07     0.99763      0.00032036    1.83E+07     0.00032036    2.83E+07     1.7884E+05    
   1.84E+07     0.99763      0.00031658    1.84E+07     0.00031658    2.84E+07     1.788E+05     
   1.85E+07     0.99768      0.00031674    1.85E+07     0.00031674    2.85E+07     1.7072E+05    
   1.86E+07     0.99769      0.00031307    1.86E+07     0.00031307    2.86E+07     1.7091E+05    
   1.87E+07     0.9977       0.0003096     1.87E+07     0.0003096     2.87E+07     1.7213E+05    
   1.88E+07     0.99769      0.00030627    1.88E+07     0.00030627    2.88E+07     1.7307E+05    
   1.89E+07     0.99772      0.00030514    1.89E+07     0.00030514    2.89E+07     1.7415E+05    
   1.9E+07      0.99772      0.00030175    1.9E+07      0.00030175    2.9E+07      1.7201E+05    
   1.91E+07     0.99776      0.00030113    1.91E+07     0.00030113    2.91E+07     1.7293E+05    
   1.92E+07     0.99777      0.00029804    1.92E+07     0.00029804    2.92E+07     1.7413E+05    
   1.93E+07     0.99776      0.00029509    1.93E+07     0.00029509    2.93E+07     1.753E+05     
   1.94E+07     0.99773      0.0002935     1.94E+07     0.0002935     2.94E+07     1.7618E+05    
   1.95E+07     0.99771      0.00029152    1.95E+07     0.00029152    2.95E+07     1.7726E+05    
   1.96E+07     0.99772      0.00028867    1.96E+07     0.00028867    2.96E+07     1.7848E+05    
   1.97E+07     0.99776      0.00028911    1.97E+07     0.00028911    2.97E+07     1.7869E+05    
   1.98E+07     0.99774      0.00028687    1.98E+07     0.00028687    2.98E+07     1.7479E+05    
   1.99E+07     0.99772      0.00028485    1.99E+07     0.00028485    2.99E+07     1.7522E+05    
   2E+07        0.99768      0.00028456    2E+07        0.00028456    3E+07        1.761E+05     
   2.01E+07     0.99763      0.00028585    2.01E+07     0.00028585    3.01E+07     1.7674E+05    
   2.02E+07     0.99761      0.0002838     2.02E+07     0.0002838     3.02E+07     1.7788E+05    
   2.03E+07     0.99763      0.00028205    2.03E+07     0.00028205    3.03E+07     1.789E+05     
   2.04E+07     0.99761      0.00028029    2.04E+07     0.00028029    3.04E+07     1.793E+05     
   2.05E+07     0.99762      0.00027767    2.05E+07     0.00027767    3.05E+07     1.7982E+05    
   2.06E+07     0.99756      0.00028159    2.06E+07     0.00028159    3.06E+07     1.8073E+05    
   2.07E+07     0.99757      0.00027947    2.07E+07     0.00027947    3.07E+07     1.8181E+05    
   2.08E+07     0.99756      0.00027713    2.08E+07     0.00027713    3.08E+07     1.8172E+05    
   2.09E+07     0.99755      0.00027487    2.09E+07     0.00027487    3.09E+07     1.8274E+05    
   2.1E+07      0.99754      0.00027241    2.1E+07      0.00027241    3.1E+07      1.8383E+05    
   2.11E+07     0.99754      0.00026996    2.11E+07     0.00026996    3.11E+07     1.7795E+05    
   2.12E+07     0.99754      0.0002676     2.12E+07     0.0002676     3.12E+07     1.77E+05      
   2.13E+07     0.99754      0.00026527    2.13E+07     0.00026527    3.13E+07     1.7596E+05    
   2.14E+07     0.99752      0.00026442    2.14E+07     0.00026442    3.14E+07     1.7704E+05    
   2.15E+07     0.99752      0.00026227    2.15E+07     0.00026227    3.15E+07     1.7803E+05    
   2.16E+07     0.99757      0.0002635     2.16E+07     0.0002635     3.16E+07     1.7887E+05    
   2.17E+07     0.99758      0.00026152    2.17E+07     0.00026152    3.17E+07     1.7986E+05    
   2.18E+07     0.99759      0.00025972    2.18E+07     0.00025972    3.18E+07     1.8029E+05    
   2.19E+07     0.99763      0.00025966    2.19E+07     0.00025966    3.19E+07     1.8137E+05    
   2.2E+07      0.99765      0.00025859    2.2E+07      0.00025859    3.2E+07      1.8216E+05    
   2.21E+07     0.99761      0.00025916    2.21E+07     0.00025916    3.21E+07     1.8314E+05    
   2.22E+07     0.9976       0.00025765    2.22E+07     0.00025765    3.22E+07     1.8081E+05    
   2.23E+07     0.99757      0.00025659    2.23E+07     0.00025659    3.23E+07     1.8176E+05    
   2.24E+07     0.99757      0.00025455    2.24E+07     0.00025455    3.24E+07     1.8246E+05    
   2.25E+07     0.99757      0.00025252    2.25E+07     0.00025252    3.25E+07     1.8259E+05    
   2.26E+07     0.99756      0.00025057    2.26E+07     0.00025057    3.26E+07     1.8361E+05    
   2.27E+07     0.99762      0.00025454    2.27E+07     0.00025454    3.27E+07     1.8465E+05    
   2.28E+07     0.99764      0.00025352    2.28E+07     0.00025352    3.28E+07     1.8566E+05    
   2.29E+07     0.99766      0.00025279    2.29E+07     0.00025279    3.29E+07     1.8567E+05    
   2.3E+07      0.99766      0.00025085    2.3E+07      0.00025085    3.3E+07      1.866E+05     
   2.31E+07     0.99767      0.00024895    2.31E+07     0.00024895    3.31E+07     1.8721E+05    
   2.32E+07     0.9977       0.0002489     2.32E+07     0.0002489     3.32E+07     1.8823E+05    
   2.33E+07     0.99769      0.00024721    2.33E+07     0.00024721    3.33E+07     1.8902E+05    
   2.34E+07     0.99768      0.00024567    2.34E+07     0.00024567    3.34E+07     1.9007E+05    
   2.35E+07     0.99768      0.00024387    2.35E+07     0.00024387    3.35E+07     1.9016E+05    
   2.36E+07     0.99764      0.00024496    2.36E+07     0.00024496    3.36E+07     1.9117E+05    
   2.37E+07     0.99764      0.0002432     2.37E+07     0.0002432     3.37E+07     1.9213E+05    
   2.38E+07     0.99762      0.00024237    2.38E+07     0.00024237    3.38E+07     1.9291E+05    
   2.39E+07     0.99761      0.00024088    2.39E+07     0.00024088    3.39E+07     1.9338E+05    
   2.4E+07      0.99762      0.00023935    2.4E+07      0.00023935    3.4E+07      1.9408E+05    
   2.41E+07     0.99762      0.00023768    2.41E+07     0.00023768    3.41E+07     1.9406E+05    
   2.42E+07     0.99764      0.00023659    2.42E+07     0.00023659    3.42E+07     1.947E+05     
   2.43E+07     0.9976       0.00023699    2.43E+07     0.00023699    3.43E+07     1.9573E+05    
   2.44E+07     0.99759      0.00023593    2.44E+07     0.00023593    3.44E+07     1.9638E+05    
   2.45E+07     0.99757      0.00023495    2.45E+07     0.00023495    3.45E+07     1.9671E+05    
   2.46E+07     0.99755      0.00023416    2.46E+07     0.00023416    3.46E+07     1.9708E+05    
   2.47E+07     0.99755      0.0002326     2.47E+07     0.0002326     3.47E+07     1.9782E+05    
   2.48E+07     0.99757      0.00023167    2.48E+07     0.00023167    3.48E+07     1.9823E+05    
   2.49E+07     0.99759      0.00023092    2.49E+07     0.00023092    3.49E+07     1.9924E+05    
   2.5E+07      0.99758      0.00022966    2.5E+07      0.00022966    3.5E+07      1.9877E+05    
   2.51E+07     0.99758      0.00022816    2.51E+07     0.00022816    3.51E+07     1.998E+05     
   2.52E+07     0.99758      0.00022666    2.52E+07     0.00022666    3.52E+07     2.0038E+05    
   2.53E+07     0.99759      0.00022521    2.53E+07     0.00022521    3.53E+07     2.0055E+05    
   2.54E+07     0.99758      0.0002238     2.54E+07     0.0002238     3.54E+07     1.9986E+05    
   2.55E+07     0.99757      0.00022277    2.55E+07     0.00022277    3.55E+07     2.0053E+05    
   2.56E+07     0.99757      0.00022136    2.56E+07     0.00022136    3.56E+07     1.9949E+05    
   2.57E+07     0.99753      0.00022283    2.57E+07     0.00022283    3.57E+07     1.9751E+05    
   2.58E+07     0.9975       0.00022329    2.58E+07     0.00022329    3.58E+07     1.9824E+05    
   2.59E+07     0.99749      0.00022198    2.59E+07     0.00022198    3.59E+07     1.9881E+05    
   2.6E+07      0.99747      0.0002216     2.6E+07      0.0002216     3.6E+07      1.9971E+05    
   2.61E+07     0.9975       0.0002216     2.61E+07     0.0002216     3.61E+07     2.0062E+05    
   2.62E+07     0.99748      0.00022093    2.62E+07     0.00022093    3.62E+07     1.9885E+05    
   2.63E+07     0.99748      0.00021963    2.63E+07     0.00021963    3.63E+07     1.9978E+05    
   2.64E+07     0.9975       0.00022017    2.64E+07     0.00022017    3.64E+07     2.0058E+05    
   2.65E+07     0.9975       0.00021884    2.65E+07     0.00021884    3.65E+07     2.015E+05     
   2.66E+07     0.99749      0.00021788    2.66E+07     0.00021788    3.66E+07     2.0136E+05    
   2.67E+07     0.99749      0.00021657    2.67E+07     0.00021657    3.67E+07     2.021E+05     
   2.68E+07     0.99746      0.00021756    2.68E+07     0.00021756    3.68E+07     2.0235E+05    
   2.69E+07     0.99745      0.00021663    2.69E+07     0.00021663    3.69E+07     2.0328E+05    
   2.7E+07      0.99746      0.000216      2.7E+07      0.000216      3.7E+07      2.0353E+05    
   2.71E+07     0.99746      0.00021479    2.71E+07     0.00021479    3.71E+07     2.0365E+05    
   2.72E+07     0.99745      0.00021362    2.72E+07     0.00021362    3.72E+07     2.0389E+05    
   2.73E+07     0.99746      0.00021251    2.73E+07     0.00021251    3.73E+07     2.0439E+05    
   2.74E+07     0.99749      0.000213      2.74E+07     0.000213      3.74E+07     2.0507E+05    
   2.75E+07     0.99749      0.00021178    2.75E+07     0.00021178    3.75E+07     2.0602E+05    
   2.76E+07     0.99748      0.00021079    2.76E+07     0.00021079    3.76E+07     2.0684E+05    
   2.77E+07     0.99748      0.00020964    2.77E+07     0.00020964    3.77E+07     2.077E+05     
   2.78E+07     0.9975       0.00021012    2.78E+07     0.00021012    3.78E+07     2.0854E+05    
   2.79E+07     0.9975       0.00020896    2.79E+07     0.00020896    3.79E+07     2.0738E+05    
   2.8E+07      0.99749      0.00020804    2.8E+07      0.00020804    3.8E+07      2.0824E+05    
   2.81E+07     0.99751      0.00020724    2.81E+07     0.00020724    3.81E+07     2.0905E+05    
   2.82E+07     0.99748      0.00020801    2.82E+07     0.00020801    3.82E+07     2.0996E+05    
   2.83E+07     0.99749      0.00020706    2.83E+07     0.00020706    3.83E+07     2.1006E+05    
   2.84E+07     0.99747      0.00020672    2.84E+07     0.00020672    3.84E+07     2.1062E+05    
   2.85E+07     0.99742      0.00021118    2.85E+07     0.00021118    3.85E+07     2.1154E+05    
   2.86E+07     0.9974       0.00021068    2.86E+07     0.00021068    3.86E+07     2.09E+05      
   2.87E+07     0.9974       0.00020956    2.87E+07     0.00020956    3.87E+07     2.083E+05     
   2.88E+07     0.99739      0.00020863    2.88E+07     0.00020863    3.88E+07     2.0765E+05    
   2.89E+07     0.9974       0.00020762    2.89E+07     0.00020762    3.89E+07     2.0843E+05    
   2.9E+07      0.99737      0.00020853    2.9E+07      0.00020853    3.9E+07      2.0726E+05    
   2.91E+07     0.99736      0.00020762    2.91E+07     0.00020762    3.91E+07     2.0762E+05    
   2.92E+07     0.99736      0.00020654    2.92E+07     0.00020654    3.92E+07     2.0652E+05    
   2.93E+07     0.99737      0.0002055     2.93E+07     0.0002055     3.93E+07     2.0721E+05    
   2.94E+07     0.99738      0.00020462    2.94E+07     0.00020462    3.94E+07     2.0688E+05    
   2.95E+07     0.99738      0.00020365    2.95E+07     0.00020365    3.95E+07     2.0761E+05    
   2.96E+07     0.99738      0.00020261    2.96E+07     0.00020261    3.96E+07     2.0628E+05    
   2.97E+07     0.99737      0.00020215    2.97E+07     0.00020215    3.97E+07     2.0669E+05    
   2.98E+07     0.99733      0.00020404    2.98E+07     0.00020404    3.98E+07     2.0756E+05    
   2.99E+07     0.99734      0.00020344    2.99E+07     0.00020344    3.99E+07     2.0842E+05    
   3E+07        0.99734      0.00020259    3E+07        0.00020259    4E+07        2.089E+05     
   3.01E+07     0.99733      0.00020188    3.01E+07     0.00020188    4.01E+07     2.0955E+05    
   3.02E+07     0.99733      0.00020091    3.02E+07     0.00020091    4.02E+07     2.0994E+05    
   3.03E+07     0.99733      0.00019999    3.03E+07     0.00019999    4.03E+07     2.1027E+05    
   3.04E+07     0.99735      0.00019943    3.04E+07     0.00019943    4.04E+07     2.1097E+05    
   3.05E+07     0.99736      0.00019881    3.05E+07     0.00019881    4.05E+07     2.1113E+05    
   3.06E+07     0.99737      0.00019799    3.06E+07     0.00019799    4.06E+07     2.118E+05     
   3.07E+07     0.99737      0.00019707    3.07E+07     0.00019707    4.07E+07     2.1261E+05    
   3.08E+07     0.99739      0.0001968     3.08E+07     0.0001968     4.08E+07     2.1303E+05    
   3.09E+07     0.99738      0.00019593    3.09E+07     0.00019593    4.09E+07     2.1387E+05    
   3.1E+07      0.99738      0.00019503    3.1E+07      0.00019503    4.1E+07      2.1394E+05    
   3.11E+07     0.99742      0.0001979     3.11E+07     0.0001979     4.11E+07     2.1414E+05    
   3.12E+07     0.9974       0.00019811    3.12E+07     0.00019811    4.12E+07     2.1345E+05    
   3.13E+07     0.99738      0.00019837    3.13E+07     0.00019837    4.13E+07     2.1273E+05    
   3.14E+07     0.99738      0.00019745    3.14E+07     0.00019745    4.14E+07     2.1337E+05    
   3.15E+07     0.99738      0.00019658    3.15E+07     0.00019658    4.15E+07     2.1255E+05    
   3.16E+07     0.99738      0.00019577    3.16E+07     0.00019577    4.16E+07     2.1292E+05    
   3.17E+07     0.99738      0.00019492    3.17E+07     0.00019492    4.17E+07     2.1366E+05    
   3.18E+07     0.99739      0.00019438    3.18E+07     0.00019438    4.18E+07     2.14E+05      
   3.19E+07     0.99739      0.00019349    3.19E+07     0.00019349    4.19E+07     2.1465E+05    
   3.2E+07      0.9974       0.00019276    3.2E+07      0.00019276    4.2E+07      2.1461E+05    
   3.21E+07     0.9974       0.00019194    3.21E+07     0.00019194    4.21E+07     2.1467E+05    
   3.22E+07     0.99743      0.00019287    3.22E+07     0.00019287    4.22E+07     2.1544E+05    
   3.23E+07     0.99742      0.00019207    3.23E+07     0.00019207    4.23E+07     2.1595E+05    
   3.24E+07     0.99742      0.00019139    3.24E+07     0.00019139    4.24E+07     2.1661E+05    
   3.25E+07     0.99743      0.00019103    3.25E+07     0.00019103    4.25E+07     2.1718E+05    
   3.26E+07     0.99743      0.0001902     3.26E+07     0.0001902     4.26E+07     2.18E+05      
   3.27E+07     0.99743      0.00018938    3.27E+07     0.00018938    4.27E+07     2.1875E+05    
   3.28E+07     0.99743      0.00018857    3.28E+07     0.00018857    4.28E+07     2.1671E+05    
   3.29E+07     0.99745      0.00018827    3.29E+07     0.00018827    4.29E+07     2.1744E+05    
   3.3E+07      0.99744      0.00018751    3.3E+07      0.00018751    4.3E+07      2.1814E+05    
   3.31E+07     0.99743      0.00018692    3.31E+07     0.00018692    4.31E+07     2.1882E+05    
   3.32E+07     0.99743      0.00018614    3.32E+07     0.00018614    4.32E+07     2.1963E+05    
   3.33E+07     0.99743      0.00018545    3.33E+07     0.00018545    4.33E+07     2.202E+05     
   3.34E+07     0.99743      0.00018466    3.34E+07     0.00018466    4.34E+07     2.2059E+05    
   3.35E+07     0.99744      0.00018434    3.35E+07     0.00018434    4.35E+07     2.2057E+05    
   3.36E+07     0.99744      0.00018358    3.36E+07     0.00018358    4.36E+07     2.2117E+05    
   3.37E+07     0.99744      0.00018284    3.37E+07     0.00018284    4.37E+07     2.2192E+05    
   3.38E+07     0.99744      0.0001822     3.38E+07     0.0001822     4.38E+07     2.2271E+05    
   3.39E+07     0.99743      0.00018171    3.39E+07     0.00018171    4.39E+07     2.2281E+05    
   3.4E+07      0.99743      0.00018111    3.4E+07      0.00018111    4.4E+07      2.2272E+05    
   3.41E+07     0.99742      0.00018085    3.41E+07     0.00018085    4.41E+07     2.2279E+05    
   3.42E+07     0.99743      0.00018029    3.42E+07     0.00018029    4.42E+07     2.2258E+05    
   3.43E+07     0.99743      0.00017955    3.43E+07     0.00017955    4.43E+07     2.2316E+05    
   3.44E+07     0.99742      0.00017899    3.44E+07     0.00017899    4.44E+07     2.2295E+05    
   3.45E+07     0.99743      0.00017858    3.45E+07     0.00017858    4.45E+07     2.2193E+05    
   3.46E+07     0.99742      0.00017814    3.46E+07     0.00017814    4.46E+07     2.1944E+05    
   3.47E+07     0.99743      0.00017755    3.47E+07     0.00017755    4.47E+07     2.192E+05     
   3.48E+07     0.99744      0.00017711    3.48E+07     0.00017711    4.48E+07     2.172E+05     
   3.49E+07     0.99744      0.00017641    3.49E+07     0.00017641    4.49E+07     2.1763E+05    
   3.5E+07      0.99743      0.00017636    3.5E+07      0.00017636    4.5E+07      2.1794E+05    
   3.51E+07     0.99743      0.00017565    3.51E+07     0.00017565    4.51E+07     2.1863E+05    
   3.52E+07     0.99743      0.00017515    3.52E+07     0.00017515    4.52E+07     2.1934E+05    
   3.53E+07     0.99742      0.00017482    3.53E+07     0.00017482    4.53E+07     2.1907E+05    
   3.54E+07     0.99744      0.00017487    3.54E+07     0.00017487    4.54E+07     2.1849E+05    
   3.55E+07     0.99743      0.00017433    3.55E+07     0.00017433    4.55E+07     2.192E+05     
   3.56E+07     0.99745      0.00017454    3.56E+07     0.00017454    4.56E+07     2.1993E+05    
   3.57E+07     0.99743      0.00017516    3.57E+07     0.00017516    4.57E+07     2.2016E+05    
   3.58E+07     0.99742      0.00017458    3.58E+07     0.00017458    4.58E+07     2.204E+05     
   3.59E+07     0.99741      0.00017409    3.59E+07     0.00017409    4.59E+07     2.2115E+05    
   3.6E+07      0.99742      0.00017345    3.6E+07      0.00017345    4.6E+07      2.2014E+05    
   3.61E+07     0.99742      0.00017282    3.61E+07     0.00017282    4.61E+07     2.1787E+05    
   3.62E+07     0.99744      0.00017334    3.62E+07     0.00017334    4.62E+07     2.1826E+05    
   3.63E+07     0.99744      0.00017268    3.63E+07     0.00017268    4.63E+07     2.1754E+05    
   3.64E+07     0.99744      0.0001721     3.64E+07     0.0001721     4.64E+07     2.1711E+05    
   3.65E+07     0.99744      0.00017147    3.65E+07     0.00017147    4.65E+07     2.1754E+05    
   3.66E+07     0.99743      0.0001713     3.66E+07     0.0001713     4.66E+07     2.1824E+05    
   3.67E+07     0.99743      0.00017074    3.67E+07     0.00017074    4.67E+07     2.1876E+05    
   3.68E+07     0.99744      0.0001704     3.68E+07     0.0001704     4.68E+07     2.1893E+05    
   3.69E+07     0.99744      0.00016978    3.69E+07     0.00016978    4.69E+07     2.1964E+05    
   3.7E+07      0.99743      0.00016944    3.7E+07      0.00016944    4.7E+07      2.2032E+05    
   3.71E+07     0.99744      0.00016916    3.71E+07     0.00016916    4.71E+07     2.2004E+05    
   3.72E+07     0.99743      0.00016883    3.72E+07     0.00016883    4.72E+07     2.2074E+05    
   3.73E+07     0.99744      0.0001684     3.73E+07     0.0001684     4.73E+07     2.2145E+05    
   3.74E+07     0.99744      0.00016789    3.74E+07     0.00016789    4.74E+07     2.2215E+05    
   3.75E+07     0.99744      0.00016728    3.75E+07     0.00016728    4.75E+07     2.2214E+05    
   3.76E+07     0.99745      0.00016672    3.76E+07     0.00016672    4.76E+07     2.2269E+05    
   3.77E+07     0.99744      0.00016616    3.77E+07     0.00016616    4.77E+07     2.2324E+05    
   3.78E+07     0.99745      0.0001656     3.78E+07     0.0001656     4.78E+07     2.2393E+05    
   3.79E+07     0.99743      0.00016585    3.79E+07     0.00016585    4.79E+07     2.2462E+05    
   3.8E+07      0.99743      0.00016528    3.8E+07      0.00016528    4.8E+07      2.2533E+05    
   3.81E+07     0.99744      0.00016474    3.81E+07     0.00016474    4.81E+07     2.2505E+05    
   3.82E+07     0.99744      0.00016417    3.82E+07     0.00016417    4.82E+07     2.2565E+05    
   3.83E+07     0.99743      0.00016392    3.83E+07     0.00016392    4.83E+07     2.261E+05     
   3.84E+07     0.99742      0.00016348    3.84E+07     0.00016348    4.84E+07     2.2671E+05    
   3.85E+07     0.99742      0.00016291    3.85E+07     0.00016291    4.85E+07     2.2742E+05    
   3.86E+07     0.9974       0.00016369    3.86E+07     0.00016369    4.86E+07     2.281E+05     
   3.87E+07     0.99739      0.00016375    3.87E+07     0.00016375    4.87E+07     2.283E+05     
   3.88E+07     0.9974       0.00016379    3.88E+07     0.00016379    4.88E+07     2.2895E+05    
   3.89E+07     0.99741      0.00016327    3.89E+07     0.00016327    4.89E+07     2.292E+05     
   3.9E+07      0.99742      0.00016352    3.9E+07      0.00016352    4.9E+07      2.2944E+05    
   3.91E+07     0.99743      0.00016317    3.91E+07     0.00016317    4.91E+07     2.3011E+05    
   3.92E+07     0.99745      0.0001634     3.92E+07     0.0001634     4.92E+07     2.3059E+05    
   3.93E+07     0.99744      0.00016291    3.93E+07     0.00016291    4.93E+07     2.3105E+05    
   3.94E+07     0.99743      0.00016283    3.94E+07     0.00016283    4.94E+07     2.2999E+05    
   3.95E+07     0.99743      0.00016234    3.95E+07     0.00016234    4.95E+07     2.2917E+05    
   3.96E+07     0.99741      0.00016265    3.96E+07     0.00016265    4.96E+07     2.2787E+05    
   3.97E+07     0.9974       0.00016228    3.97E+07     0.00016228    4.97E+07     2.2831E+05    
   3.98E+07     0.9974       0.00016174    3.98E+07     0.00016174    4.98E+07     2.2699E+05    
   3.99E+07     0.9974       0.0001612     3.99E+07     0.0001612     4.99E+07     2.2762E+05    
   4E+07        0.99741      0.00016082    4E+07        0.00016082    5E+07        2.2752E+05    
   4.01E+07     0.99741      0.00016036    4.01E+07     0.00016036    5.01E+07     2.2801E+05    
   4.02E+07     0.99742      0.00016001    4.02E+07     0.00016001    5.02E+07     2.2842E+05    
   4.03E+07     0.99743      0.00015968    4.03E+07     0.00015968    5.03E+07     2.2886E+05    
   4.04E+07     0.99743      0.00015922    4.04E+07     0.00015922    5.04E+07     2.2793E+05    
   4.05E+07     0.99743      0.00015896    4.05E+07     0.00015896    5.05E+07     2.2767E+05    
   4.06E+07     0.99743      0.00015849    4.06E+07     0.00015849    5.06E+07     2.2808E+05    
   4.07E+07     0.99743      0.00015799    4.07E+07     0.00015799    5.07E+07     2.2837E+05    
   4.08E+07     0.99743      0.00015764    4.08E+07     0.00015764    5.08E+07     2.2881E+05    
   4.09E+07     0.99743      0.00015714    4.09E+07     0.00015714    5.09E+07     2.2943E+05    
   4.1E+07      0.99744      0.00015692    4.1E+07      0.00015692    5.1E+07      2.2961E+05    
   4.11E+07     0.99743      0.00015665    4.11E+07     0.00015665    5.11E+07     2.2956E+05    
   4.12E+07     0.99745      0.00015671    4.12E+07     0.00015671    5.12E+07     2.301E+05     
   4.13E+07     0.99743      0.00015679    4.13E+07     0.00015679    5.13E+07     2.3035E+05    
   4.14E+07     0.99743      0.00015636    4.14E+07     0.00015636    5.14E+07     2.3088E+05    
   4.15E+07     0.99741      0.00015647    4.15E+07     0.00015647    5.15E+07     2.3033E+05    
   4.16E+07     0.99742      0.00015614    4.16E+07     0.00015614    5.16E+07     2.3079E+05    
   4.17E+07     0.99742      0.00015569    4.17E+07     0.00015569    5.17E+07     2.3143E+05    
   4.18E+07     0.99741      0.00015537    4.18E+07     0.00015537    5.18E+07     2.3079E+05    
   4.19E+07     0.99742      0.00015495    4.19E+07     0.00015495    5.19E+07     2.3025E+05    
   4.2E+07      0.99741      0.00015478    4.2E+07      0.00015478    5.2E+07      2.3048E+05    
   4.21E+07     0.9974       0.00015458    4.21E+07     0.00015458    5.21E+07     2.3055E+05    
   4.22E+07     0.99739      0.00015411    4.22E+07     0.00015411    5.22E+07     2.2988E+05    
   4.23E+07     0.99739      0.00015375    4.23E+07     0.00015375    5.23E+07     2.3007E+05    
   4.24E+07     0.99739      0.00015333    4.24E+07     0.00015333    5.24E+07     2.3072E+05    
   4.25E+07     0.99739      0.00015295    4.25E+07     0.00015295    5.25E+07     2.3127E+05    
   4.26E+07     0.99739      0.00015248    4.26E+07     0.00015248    5.26E+07     2.3153E+05    
   4.27E+07     0.99739      0.00015204    4.27E+07     0.00015204    5.27E+07     2.3215E+05    
   4.28E+07     0.9974       0.00015257    4.28E+07     0.00015257    5.28E+07     2.3226E+05    
   4.29E+07     0.99741      0.00015214    4.29E+07     0.00015214    5.29E+07     2.3288E+05    
   4.3E+07      0.99741      0.00015172    4.3E+07      0.00015172    5.3E+07      2.3257E+05    
   4.31E+07     0.99741      0.0001513     4.31E+07     0.0001513     5.31E+07     2.3321E+05    
   4.32E+07     0.99741      0.00015084    4.32E+07     0.00015084    5.32E+07     2.3325E+05    
   4.33E+07     0.9974       0.00015048    4.33E+07     0.00015048    5.33E+07     2.3388E+05    
   4.34E+07     0.9974       0.00015017    4.34E+07     0.00015017    5.34E+07     2.3451E+05    
   4.35E+07     0.99739      0.00015       4.35E+07     0.00015       5.35E+07     2.3486E+05    
   4.36E+07     0.99739      0.00014962    4.36E+07     0.00014962    5.36E+07     2.355E+05     
   4.37E+07     0.99739      0.0001492     4.37E+07     0.0001492     5.37E+07     2.3516E+05    
   4.38E+07     0.99739      0.00014876    4.38E+07     0.00014876    5.38E+07     2.3571E+05    
   4.39E+07     0.9974       0.00014856    4.39E+07     0.00014856    5.39E+07     2.3626E+05    
   4.4E+07      0.99741      0.00014842    4.4E+07      0.00014842    5.4E+07      2.3662E+05    
   4.41E+07     0.99742      0.00014823    4.41E+07     0.00014823    5.41E+07     2.3725E+05    
   4.42E+07     0.99743      0.00014813    4.42E+07     0.00014813    5.42E+07     2.3784E+05    
   4.43E+07     0.99742      0.00014777    4.43E+07     0.00014777    5.43E+07     2.3693E+05    
   4.44E+07     0.99743      0.00014766    4.44E+07     0.00014766    5.44E+07     2.3748E+05    
   4.45E+07     0.99745      0.00014784    4.45E+07     0.00014784    5.45E+07     2.3777E+05    
   4.46E+07     0.99746      0.0001485     4.46E+07     0.0001485     5.46E+07     2.3831E+05    
   4.47E+07     0.99747      0.00014842    4.47E+07     0.00014842    5.47E+07     2.3884E+05    
   4.48E+07     0.99749      0.00014892    4.48E+07     0.00014892    5.48E+07     2.3942E+05    
   4.49E+07     0.99749      0.00014861    4.49E+07     0.00014861    5.49E+07     2.4005E+05    
   4.5E+07      0.99749      0.00014834    4.5E+07      0.00014834    5.5E+07      2.4063E+05    
   4.51E+07     0.99749      0.00014794    4.51E+07     0.00014794    5.51E+07     2.403E+05     
   4.52E+07     0.9975       0.00014754    4.52E+07     0.00014754    5.52E+07     2.409E+05     
   4.53E+07     0.99751      0.00014745    4.53E+07     0.00014745    5.53E+07     2.4147E+05    
   4.54E+07     0.9975       0.00014749    4.54E+07     0.00014749    5.54E+07     2.418E+05     
   4.55E+07     0.99749      0.00014709    4.55E+07     0.00014709    5.55E+07     2.4161E+05    
   4.56E+07     0.99749      0.00014668    4.56E+07     0.00014668    5.56E+07     2.4219E+05    
   4.57E+07     0.9975       0.00014644    4.57E+07     0.00014644    5.57E+07     2.4266E+05    
   4.58E+07     0.99749      0.0001462     4.58E+07     0.0001462     5.58E+07     2.4328E+05    
   4.59E+07     0.99749      0.00014579    4.59E+07     0.00014579    5.59E+07     2.4386E+05    
   4.6E+07      0.99748      0.00014596    4.6E+07      0.00014596    5.6E+07      2.4442E+05    
   4.61E+07     0.99746      0.00014656    4.61E+07     0.00014656    5.61E+07     2.4489E+05    
   4.62E+07     0.99746      0.00014627    4.62E+07     0.00014627    5.62E+07     2.4407E+05    
   4.63E+07     0.99744      0.00014636    4.63E+07     0.00014636    5.63E+07     2.4365E+05    
   4.64E+07     0.99743      0.00014634    4.64E+07     0.00014634    5.64E+07     2.4414E+05    
   4.65E+07     0.99744      0.00014603    4.65E+07     0.00014603    5.65E+07     2.4476E+05    
   4.66E+07     0.99744      0.00014564    4.66E+07     0.00014564    5.66E+07     2.4424E+05    
   4.67E+07     0.99744      0.00014532    4.67E+07     0.00014532    5.67E+07     2.4423E+05    
   4.68E+07     0.99745      0.0001451     4.68E+07     0.0001451     5.68E+07     2.446E+05     
   4.69E+07     0.99745      0.00014471    4.69E+07     0.00014471    5.69E+07     2.4413E+05    
   4.7E+07      0.99745      0.00014433    4.7E+07      0.00014433    5.7E+07      2.4471E+05    
   4.71E+07     0.99744      0.00014426    4.71E+07     0.00014426    5.71E+07     2.4526E+05    
   4.72E+07     0.99743      0.00014388    4.72E+07     0.00014388    5.72E+07     2.4565E+05    
   4.73E+07     0.99743      0.0001435     4.73E+07     0.0001435     5.73E+07     2.4626E+05    
   4.74E+07     0.99743      0.00014312    4.74E+07     0.00014312    5.74E+07     2.4687E+05    
   4.75E+07     0.99744      0.00014297    4.75E+07     0.00014297    5.75E+07     2.4611E+05    
   4.76E+07     0.99745      0.00014264    4.76E+07     0.00014264    5.76E+07     2.4513E+05    
   4.77E+07     0.99745      0.00014232    4.77E+07     0.00014232    5.77E+07     2.4571E+05    
   4.78E+07     0.99745      0.00014194    4.78E+07     0.00014194    5.78E+07     2.4588E+05    
   4.79E+07     0.99745      0.00014158    4.79E+07     0.00014158    5.79E+07     2.4531E+05    
   4.8E+07      0.99745      0.00014121    4.8E+07      0.00014121    5.8E+07      2.449E+05     
   4.81E+07     0.99744      0.00014115    4.81E+07     0.00014115    5.81E+07     2.4534E+05    
   4.82E+07     0.99744      0.00014081    4.82E+07     0.00014081    5.82E+07     2.4542E+05    
   4.83E+07     0.99745      0.00014053    4.83E+07     0.00014053    5.83E+07     2.4593E+05    
   4.84E+07     0.99745      0.00014019    4.84E+07     0.00014019    5.84E+07     2.4575E+05    
   4.85E+07     0.99745      0.00013983    4.85E+07     0.00013983    5.85E+07     2.4408E+05    
   4.86E+07     0.99745      0.00013947    4.86E+07     0.00013947    5.86E+07     2.4315E+05    
   4.87E+07     0.99746      0.00013927    4.87E+07     0.00013927    5.87E+07     2.4129E+05    
   4.88E+07     0.99745      0.00013892    4.88E+07     0.00013892    5.88E+07     2.4146E+05    
   4.89E+07     0.99745      0.00013871    4.89E+07     0.00013871    5.89E+07     2.4191E+05    
   4.9E+07      0.99744      0.00013849    4.9E+07      0.00013849    5.9E+07      2.4243E+05    
   4.91E+07     0.99744      0.00013814    4.91E+07     0.00013814    5.91E+07     2.4301E+05    
   4.92E+07     0.99744      0.00013786    4.92E+07     0.00013786    5.92E+07     2.4217E+05    
   4.93E+07     0.99743      0.00013758    4.93E+07     0.00013758    5.93E+07     2.4259E+05    
   4.94E+07     0.99744      0.00013776    4.94E+07     0.00013776    5.94E+07     2.4283E+05    
   4.95E+07     0.99746      0.00013785    4.95E+07     0.00013785    5.95E+07     2.4284E+05    
   4.96E+07     0.99747      0.0001381     4.96E+07     0.0001381     5.96E+07     2.4303E+05    
   4.97E+07     0.99746      0.00013783    4.97E+07     0.00013783    5.97E+07     2.4351E+05    
   4.98E+07     0.99748      0.00013809    4.98E+07     0.00013809    5.98E+07     2.4293E+05    
   4.99E+07     0.99747      0.00013776    4.99E+07     0.00013776    5.99E+07     2.4345E+05    
   5E+07        0.99747      0.00013765    5E+07        0.00013765    6E+07        2.44E+05      
   5.01E+07     0.99747      0.00013737    5.01E+07     0.00013737    6.01E+07     2.445E+05     
   5.02E+07     0.99747      0.00013711    5.02E+07     0.00013711    6.02E+07     2.4498E+05    
   5.03E+07     0.99747      0.00013684    5.03E+07     0.00013684    6.03E+07     2.4551E+05    
   5.04E+07     0.99746      0.00013698    5.04E+07     0.00013698    6.04E+07     2.4565E+05    
   5.05E+07     0.99747      0.00013692    5.05E+07     0.00013692    6.05E+07     2.4617E+05    
   5.06E+07     0.99746      0.00013666    5.06E+07     0.00013666    6.06E+07     2.4663E+05    
   5.07E+07     0.99747      0.00013644    5.07E+07     0.00013644    6.07E+07     2.4719E+05    
   5.08E+07     0.99747      0.00013617    5.08E+07     0.00013617    6.08E+07     2.4766E+05    
   5.09E+07     0.99747      0.00013585    5.09E+07     0.00013585    6.09E+07     2.4592E+05    
   5.1E+07      0.99748      0.00013567    5.1E+07      0.00013567    6.1E+07      2.4632E+05    
   5.11E+07     0.99747      0.00013555    5.11E+07     0.00013555    6.11E+07     2.4617E+05    
   5.12E+07     0.99747      0.00013525    5.12E+07     0.00013525    6.12E+07     2.4673E+05    
   5.13E+07     0.99748      0.00013505    5.13E+07     0.00013505    6.13E+07     2.4714E+05    
   5.14E+07     0.99748      0.00013476    5.14E+07     0.00013476    6.14E+07     2.4737E+05    
   5.15E+07     0.99747      0.00013479    5.15E+07     0.00013479    6.15E+07     2.4769E+05    
   5.16E+07     0.99747      0.00013453    5.16E+07     0.00013453    6.16E+07     2.4809E+05    
   5.17E+07     0.99747      0.00013421    5.17E+07     0.00013421    6.17E+07     2.4839E+05    
   5.18E+07     0.99746      0.00013426    5.18E+07     0.00013426    6.18E+07     2.4845E+05    
   5.19E+07     0.99747      0.00013429    5.19E+07     0.00013429    6.19E+07     2.4898E+05    
   5.2E+07      0.99748      0.00013409    5.2E+07      0.00013409    6.2E+07      2.4952E+05    
   5.21E+07     0.99749      0.00013394    5.21E+07     0.00013394    6.21E+07     2.4991E+05    
   5.22E+07     0.9975       0.00013401    5.22E+07     0.00013401    6.22E+07     2.5041E+05    
   5.23E+07     0.99749      0.00013382    5.23E+07     0.00013382    6.23E+07     2.5069E+05    
   5.24E+07     0.99749      0.00013351    5.24E+07     0.00013351    6.24E+07     2.5121E+05    
   5.25E+07     0.99749      0.00013322    5.25E+07     0.00013322    6.25E+07     2.5103E+05    
   5.26E+07     0.9975       0.00013302    5.26E+07     0.00013302    6.26E+07     2.5144E+05    
   5.27E+07     0.9975       0.00013271    5.27E+07     0.00013271    6.27E+07     2.513E+05     
   5.28E+07     0.99749      0.00013256    5.28E+07     0.00013256    6.28E+07     2.5181E+05    
   5.29E+07     0.99749      0.00013225    5.29E+07     0.00013225    6.29E+07     2.5235E+05    
   5.3E+07      0.99748      0.00013221    5.3E+07      0.00013221    6.3E+07      2.5285E+05    
   5.31E+07     0.99748      0.00013191    5.31E+07     0.00013191    6.31E+07     2.5225E+05    
   5.32E+07     0.99747      0.00013177    5.32E+07     0.00013177    6.32E+07     2.5264E+05    
   5.33E+07     0.99748      0.00013147    5.33E+07     0.00013147    6.33E+07     2.5316E+05    
   5.34E+07     0.99747      0.00013117    5.34E+07     0.00013117    6.34E+07     2.5104E+05    
   5.35E+07     0.99747      0.00013094    5.35E+07     0.00013094    6.35E+07     2.5156E+05    
   5.36E+07     0.99747      0.00013064    5.36E+07     0.00013064    6.36E+07     2.5195E+05    
   5.37E+07     0.99746      0.00013062    5.37E+07     0.00013062    6.37E+07     2.5189E+05    
   5.38E+07     0.99746      0.00013034    5.38E+07     0.00013034    6.38E+07     2.5244E+05    
   5.39E+07     0.99747      0.00013006    5.39E+07     0.00013006    6.39E+07     2.5297E+05    
   5.4E+07      0.99747      0.00012984    5.4E+07      0.00012984    6.4E+07      2.5337E+05    
   5.41E+07     0.99747      0.00012955    5.41E+07     0.00012955    6.41E+07     2.5368E+05    
   5.42E+07     0.99747      0.00012927    5.42E+07     0.00012927    6.42E+07     2.5371E+05    
   5.43E+07     0.99748      0.0001294     5.43E+07     0.0001294     6.43E+07     2.5388E+05    
   5.44E+07     0.99748      0.00012913    5.44E+07     0.00012913    6.44E+07     2.5438E+05    
   5.45E+07     0.99749      0.00012893    5.45E+07     0.00012893    6.45E+07     2.5488E+05    
   5.46E+07     0.99749      0.00012866    5.46E+07     0.00012866    6.46E+07     2.5398E+05    
   5.47E+07     0.99749      0.0001284     5.47E+07     0.0001284     6.47E+07     2.54E+05      
   5.48E+07     0.99749      0.00012813    5.48E+07     0.00012813    6.48E+07     2.5453E+05    
   5.49E+07     0.99749      0.00012785    5.49E+07     0.00012785    6.49E+07     2.5335E+05    
   5.5E+07      0.99748      0.00012758    5.5E+07      0.00012758    6.5E+07      2.5288E+05    
   5.51E+07     0.99748      0.00012754    5.51E+07     0.00012754    6.51E+07     2.5336E+05    
   5.52E+07     0.99747      0.00012727    5.52E+07     0.00012727    6.52E+07     2.5223E+05    
   5.53E+07     0.99748      0.000127      5.53E+07     0.000127      6.53E+07     2.5234E+05    
   5.54E+07     0.99747      0.0001268     5.54E+07     0.0001268     6.54E+07     2.5201E+05    
   5.55E+07     0.99747      0.00012674    5.55E+07     0.00012674    6.55E+07     2.5239E+05    
   5.56E+07     0.99746      0.00012647    5.56E+07     0.00012647    6.56E+07     2.519E+05     
   5.57E+07     0.99747      0.00012623    5.57E+07     0.00012623    6.57E+07     2.5236E+05    
   5.58E+07     0.99747      0.00012596    5.58E+07     0.00012596    6.58E+07     2.5121E+05    
   5.59E+07     0.99746      0.00012569    5.59E+07     0.00012569    6.59E+07     2.4794E+05    
   5.6E+07      0.99746      0.00012544    5.6E+07      0.00012544    6.6E+07      2.4804E+05    
   5.61E+07     0.99747      0.0001252     5.61E+07     0.0001252     6.61E+07     2.4842E+05    
   5.62E+07     0.99746      0.0001253     5.62E+07     0.0001253     6.62E+07     2.4881E+05    
   5.63E+07     0.99746      0.0001253     5.63E+07     0.0001253     6.63E+07     2.4917E+05    
   5.64E+07     0.99747      0.00012506    5.64E+07     0.00012506    6.64E+07     2.4963E+05    
   5.65E+07     0.99747      0.00012479    5.65E+07     0.00012479    6.65E+07     2.501E+05     
   5.66E+07     0.99748      0.00012481    5.66E+07     0.00012481    6.66E+07     2.5023E+05    
   5.67E+07     0.99747      0.0001247     5.67E+07     0.0001247     6.67E+07     2.5074E+05    
   5.68E+07     0.99747      0.0001245     5.68E+07     0.0001245     6.68E+07     2.5095E+05    
   5.69E+07     0.99748      0.00012451    5.69E+07     0.00012451    6.69E+07     2.5144E+05    
   5.7E+07      0.99748      0.00012425    5.7E+07      0.00012425    6.7E+07      2.5177E+05    
   5.71E+07     0.99748      0.000124      5.71E+07     0.000124      6.71E+07     2.5086E+05    
   5.72E+07     0.99749      0.00012379    5.72E+07     0.00012379    6.72E+07     2.5137E+05    
   5.73E+07     0.99748      0.00012353    5.73E+07     0.00012353    6.73E+07     2.5098E+05    
   5.74E+07     0.99748      0.00012327    5.74E+07     0.00012327    6.74E+07     2.5109E+05    
   5.75E+07     0.99748      0.00012336    5.75E+07     0.00012336    6.75E+07     2.5123E+05    
   5.76E+07     0.99747      0.0001235     5.76E+07     0.0001235     6.76E+07     2.5166E+05    
   5.77E+07     0.99747      0.00012324    5.77E+07     0.00012324    6.77E+07     2.5215E+05    
   5.78E+07     0.99746      0.00012309    5.78E+07     0.00012309    6.78E+07     2.5259E+05    
   5.79E+07     0.99747      0.00012313    5.79E+07     0.00012313    6.79E+07     2.5303E+05    
   5.8E+07      0.99748      0.00012312    5.8E+07      0.00012312    6.8E+07      2.5268E+05    
   5.81E+07     0.99747      0.0001229     5.81E+07     0.0001229     6.81E+07     2.5315E+05    
   5.82E+07     0.99747      0.00012278    5.82E+07     0.00012278    6.82E+07     2.5252E+05    
   5.83E+07     0.99747      0.00012255    5.83E+07     0.00012255    6.83E+07     2.5284E+05    
   5.84E+07     0.99746      0.00012249    5.84E+07     0.00012249    6.84E+07     2.5323E+05    
   5.85E+07     0.99748      0.00012279    5.85E+07     0.00012279    6.85E+07     2.5347E+05    
   5.86E+07     0.99747      0.00012292    5.86E+07     0.00012292    6.86E+07     2.5358E+05    
   5.87E+07     0.99748      0.00012329    5.87E+07     0.00012329    6.87E+07     2.5372E+05    
   5.88E+07     0.99748      0.00012314    5.88E+07     0.00012314    6.88E+07     2.542E+05     
   5.89E+07     0.99748      0.00012291    5.89E+07     0.00012291    6.89E+07     2.5465E+05    
   5.9E+07      0.99748      0.00012268    5.9E+07      0.00012268    6.9E+07      2.5447E+05    
   5.91E+07     0.99748      0.00012243    5.91E+07     0.00012243    6.91E+07     2.5382E+05    
   5.92E+07     0.99749      0.00012254    5.92E+07     0.00012254    6.92E+07     2.5429E+05    
   5.93E+07     0.99749      0.00012233    5.93E+07     0.00012233    6.93E+07     2.5479E+05    
   5.94E+07     0.99749      0.00012216    5.94E+07     0.00012216    6.94E+07     2.5528E+05    
   5.95E+07     0.9975       0.00012206    5.95E+07     0.00012206    6.95E+07     2.5575E+05    
   5.96E+07     0.99749      0.00012191    5.96E+07     0.00012191    6.96E+07     2.5623E+05    
   5.97E+07     0.99749      0.00012168    5.97E+07     0.00012168    6.97E+07     2.5659E+05    
   5.98E+07     0.99748      0.00012172    5.98E+07     0.00012172    6.98E+07     2.565E+05     
   5.99E+07     0.99748      0.00012149    5.99E+07     0.00012149    6.99E+07     2.5699E+05    
   6E+07        0.99748      0.00012126    6E+07        0.00012126    7E+07        2.5747E+05    
   6.01E+07     0.99748      0.00012103    6.01E+07     0.00012103    7.01E+07     2.5795E+05    
   6.02E+07     0.99748      0.00012081    6.02E+07     0.00012081    7.02E+07     2.5836E+05    
   6.03E+07     0.99748      0.00012058    6.03E+07     0.00012058    7.03E+07     2.5877E+05    
   6.04E+07     0.99749      0.00012044    6.04E+07     0.00012044    7.04E+07     2.5902E+05    
   6.05E+07     0.99749      0.00012022    6.05E+07     0.00012022    7.05E+07     2.5928E+05    
   6.06E+07     0.99748      0.00012       6.06E+07     0.00012       7.06E+07     2.5856E+05    
   6.07E+07     0.99748      0.00011977    6.07E+07     0.00011977    7.07E+07     2.5891E+05    
   6.08E+07     0.99749      0.00011956    6.08E+07     0.00011956    7.08E+07     2.5593E+05    
   6.09E+07     0.9975       0.00011988    6.09E+07     0.00011988    7.09E+07     2.564E+05     
   6.1E+07      0.9975       0.00011968    6.1E+07      0.00011968    7.1E+07      2.5686E+05    
   6.11E+07     0.99751      0.00011962    6.11E+07     0.00011962    7.11E+07     2.5717E+05    
   6.12E+07     0.99751      0.00011939    6.12E+07     0.00011939    7.12E+07     2.5765E+05    
   6.13E+07     0.9975       0.00011919    6.13E+07     0.00011919    7.13E+07     2.5732E+05    
   6.14E+07     0.99751      0.00011904    6.14E+07     0.00011904    7.14E+07     2.5739E+05    
   6.15E+07     0.9975       0.00011886    6.15E+07     0.00011886    7.15E+07     2.5785E+05    
   6.16E+07     0.9975       0.00011867    6.16E+07     0.00011867    7.16E+07     2.583E+05     
   6.17E+07     0.9975       0.0001185     6.17E+07     0.0001185     7.17E+07     2.5859E+05    
   6.18E+07     0.9975       0.00011839    6.18E+07     0.00011839    7.18E+07     2.5877E+05    
   6.19E+07     0.9975       0.00011817    6.19E+07     0.00011817    7.19E+07     2.5878E+05    
   6.2E+07      0.9975       0.00011795    6.2E+07      0.00011795    7.2E+07      2.5891E+05    
   6.21E+07     0.9975       0.00011776    6.21E+07     0.00011776    7.21E+07     2.5789E+05    
   6.22E+07     0.9975       0.00011755    6.22E+07     0.00011755    7.22E+07     2.5822E+05    
   6.23E+07     0.9975       0.00011738    6.23E+07     0.00011738    7.23E+07     2.5778E+05    
   6.24E+07     0.9975       0.00011717    6.24E+07     0.00011717    7.24E+07     2.5817E+05    
   6.25E+07     0.99751      0.00011712    6.25E+07     0.00011712    7.25E+07     2.5786E+05    
   6.26E+07     0.99751      0.00011693    6.26E+07     0.00011693    7.26E+07     2.5719E+05    
   6.27E+07     0.99752      0.00011687    6.27E+07     0.00011687    7.27E+07     2.5746E+05    
   6.28E+07     0.99752      0.00011665    6.28E+07     0.00011665    7.28E+07     2.5774E+05    
   6.29E+07     0.99752      0.00011643    6.29E+07     0.00011643    7.29E+07     2.5751E+05    
   6.3E+07      0.99752      0.00011622    6.3E+07      0.00011622    7.3E+07      2.5775E+05    
   6.31E+07     0.99751      0.00011627    6.31E+07     0.00011627    7.31E+07     2.5787E+05    
   6.32E+07     0.99751      0.00011608    6.32E+07     0.00011608    7.32E+07     2.5505E+05    
   6.33E+07     0.99751      0.00011587    6.33E+07     0.00011587    7.33E+07     2.5549E+05    
   6.34E+07     0.99753      0.00011627    6.34E+07     0.00011627    7.34E+07     2.5435E+05    
   6.35E+07     0.99753      0.00011606    6.35E+07     0.00011606    7.35E+07     2.5459E+05    
   6.36E+07     0.99752      0.00011587    6.36E+07     0.00011587    7.36E+07     2.5496E+05    
   6.37E+07     0.99753      0.00011579    6.37E+07     0.00011579    7.37E+07     2.5502E+05    
   6.38E+07     0.99753      0.00011558    6.38E+07     0.00011558    7.38E+07     2.5538E+05    
   6.39E+07     0.99753      0.00011537    6.39E+07     0.00011537    7.39E+07     2.5582E+05    
   6.4E+07      0.99753      0.00011518    6.4E+07      0.00011518    7.4E+07      2.5621E+05    
   6.41E+07     0.99753      0.00011502    6.41E+07     0.00011502    7.41E+07     2.5621E+05    
   6.42E+07     0.99753      0.00011493    6.42E+07     0.00011493    7.42E+07     2.5521E+05    
   6.43E+07     0.99754      0.0001148     6.43E+07     0.0001148     7.43E+07     2.5527E+05    
   6.44E+07     0.99754      0.0001146     6.44E+07     0.0001146     7.44E+07     2.5553E+05    
   6.45E+07     0.99754      0.00011439    6.45E+07     0.00011439    7.45E+07     2.5557E+05    
   6.46E+07     0.99755      0.00011451    6.46E+07     0.00011451    7.46E+07     2.5558E+05    
   6.47E+07     0.99754      0.00011441    6.47E+07     0.00011441    7.47E+07     2.556E+05     
   6.48E+07     0.99754      0.0001142     6.48E+07     0.0001142     7.48E+07     2.5551E+05    
   6.49E+07     0.99755      0.00011438    6.49E+07     0.00011438    7.49E+07     2.5593E+05    
   6.5E+07      0.99756      0.0001144     6.5E+07      0.0001144     7.5E+07      2.5489E+05    
   6.51E+07     0.99756      0.0001142     6.51E+07     0.0001142     7.51E+07     2.5528E+05    
   6.52E+07     0.99757      0.00011437    6.52E+07     0.00011437    7.52E+07     2.557E+05     
   6.53E+07     0.99757      0.00011426    6.53E+07     0.00011426    7.53E+07     2.5614E+05    
   6.54E+07     0.99757      0.00011424    6.54E+07     0.00011424    7.54E+07     2.5657E+05    
   6.55E+07     0.99757      0.00011407    6.55E+07     0.00011407    7.55E+07     2.5698E+05    
   6.56E+07     0.99758      0.00011409    6.56E+07     0.00011409    7.56E+07     2.5711E+05    
   6.57E+07     0.99758      0.0001139     6.57E+07     0.0001139     7.57E+07     2.5693E+05    
   6.58E+07     0.99757      0.00011407    6.58E+07     0.00011407    7.58E+07     2.5734E+05    
   6.59E+07     0.99758      0.00011474    6.59E+07     0.00011474    7.59E+07     2.5778E+05    
   6.6E+07      0.99758      0.00011463    6.6E+07      0.00011463    7.6E+07      2.5817E+05    
   6.61E+07     0.99758      0.00011445    6.61E+07     0.00011445    7.61E+07     2.5861E+05    
   6.62E+07     0.99758      0.00011427    6.62E+07     0.00011427    7.62E+07     2.5862E+05    
   6.63E+07     0.99758      0.0001141     6.63E+07     0.0001141     7.63E+07     2.5906E+05    
   6.64E+07     0.99758      0.00011391    6.64E+07     0.00011391    7.64E+07     2.5945E+05    
   6.65E+07     0.99758      0.00011372    6.65E+07     0.00011372    7.65E+07     2.5989E+05    
   6.66E+07     0.99758      0.0001136     6.66E+07     0.0001136     7.66E+07     2.6031E+05    
   6.67E+07     0.99758      0.0001134     6.67E+07     0.0001134     7.67E+07     2.6068E+05    
   6.68E+07     0.99757      0.00011327    6.68E+07     0.00011327    7.68E+07     2.605E+05     
   6.69E+07     0.99757      0.00011308    6.69E+07     0.00011308    7.69E+07     2.6093E+05    
   6.7E+07      0.99758      0.00011292    6.7E+07      0.00011292    7.7E+07      2.6115E+05    
   6.71E+07     0.99757      0.00011304    6.71E+07     0.00011304    7.71E+07     2.6137E+05    
   6.72E+07     0.99757      0.00011284    6.72E+07     0.00011284    7.72E+07     2.618E+05     
   6.73E+07     0.99757      0.00011284    6.73E+07     0.00011284    7.73E+07     2.6052E+05    
   6.74E+07     0.99758      0.00011273    6.74E+07     0.00011273    7.74E+07     2.6086E+05    
   6.75E+07     0.99758      0.00011261    6.75E+07     0.00011261    7.75E+07     2.6064E+05    
   6.76E+07     0.99758      0.00011243    6.76E+07     0.00011243    7.76E+07     2.6084E+05    
   6.77E+07     0.99758      0.00011223    6.77E+07     0.00011223    7.77E+07     2.6059E+05    
   6.78E+07     0.99758      0.00011205    6.78E+07     0.00011205    7.78E+07     2.6077E+05    
   6.79E+07     0.99758      0.00011187    6.79E+07     0.00011187    7.79E+07     2.6113E+05    
   6.8E+07      0.99759      0.00011187    6.8E+07      0.00011187    7.8E+07      2.6134E+05    
   6.81E+07     0.99759      0.00011168    6.81E+07     0.00011168    7.81E+07     2.617E+05     
   6.82E+07     0.99759      0.00011174    6.82E+07     0.00011174    7.82E+07     2.6196E+05    
   6.83E+07     0.99759      0.00011158    6.83E+07     0.00011158    7.83E+07     2.6183E+05    
   6.84E+07     0.99759      0.00011142    6.84E+07     0.00011142    7.84E+07     2.6219E+05    
   6.85E+07     0.9976       0.00011128    6.85E+07     0.00011128    7.85E+07     2.6248E+05    
   6.86E+07     0.9976       0.00011118    6.86E+07     0.00011118    7.86E+07     2.629E+05     
   6.87E+07     0.9976       0.00011106    6.87E+07     0.00011106    7.87E+07     2.6136E+05    
   6.88E+07     0.9976       0.00011088    6.88E+07     0.00011088    7.88E+07     2.6154E+05    
   6.89E+07     0.9976       0.0001107     6.89E+07     0.0001107     7.89E+07     2.6197E+05    
   6.9E+07      0.9976       0.00011066    6.9E+07      0.00011066    7.9E+07      2.6228E+05    
   6.91E+07     0.9976       0.00011072    6.91E+07     0.00011072    7.91E+07     2.6269E+05    
   6.92E+07     0.9976       0.00011053    6.92E+07     0.00011053    7.92E+07     2.631E+05     
   6.93E+07     0.9976       0.00011035    6.93E+07     0.00011035    7.93E+07     2.6351E+05    
   6.94E+07     0.9976       0.00011016    6.94E+07     0.00011016    7.94E+07     2.6392E+05    
   6.95E+07     0.9976       0.00010998    6.95E+07     0.00010998    7.95E+07     2.6401E+05    
   6.96E+07     0.9976       0.0001098     6.96E+07     0.0001098     7.96E+07     2.6417E+05    
   6.97E+07     0.9976       0.00010964    6.97E+07     0.00010964    7.97E+07     2.6458E+05    
   6.98E+07     0.99759      0.00010958    6.98E+07     0.00010958    7.98E+07     2.6378E+05    
   6.99E+07     0.99759      0.0001094     6.99E+07     0.0001094     7.99E+07     2.6419E+05    
   7E+07        0.99759      0.00010922    7E+07        0.00010922    8E+07        2.6451E+05    
   7.01E+07     0.9976       0.00010904    7.01E+07     0.00010904    8.01E+07     2.6422E+05    
   7.02E+07     0.9976       0.00010888    7.02E+07     0.00010888    8.02E+07     2.6416E+05    
   7.03E+07     0.9976       0.00010871    7.03E+07     0.00010871    8.03E+07     2.6456E+05    
   7.04E+07     0.9976       0.00010858    7.04E+07     0.00010858    8.04E+07     2.6452E+05    
   7.05E+07     0.9976       0.00010845    7.05E+07     0.00010845    8.05E+07     2.6423E+05    
   7.06E+07     0.9976       0.00010852    7.06E+07     0.00010852    8.06E+07     2.6463E+05    
   7.07E+07     0.9976       0.00010837    7.07E+07     0.00010837    8.07E+07     2.6499E+05    
   7.08E+07     0.99759      0.00010893    7.08E+07     0.00010893    8.08E+07     2.6533E+05    
   7.09E+07     0.99759      0.00010875    7.09E+07     0.00010875    8.09E+07     2.6424E+05    
   7.1E+07      0.99759      0.00010857    7.1E+07      0.00010857    8.1E+07      2.6425E+05    
   7.11E+07     0.99759      0.00010843    7.11E+07     0.00010843    8.11E+07     2.6465E+05    
   7.12E+07     0.99759      0.00010826    7.12E+07     0.00010826    8.12E+07     2.6456E+05    
   7.13E+07     0.99758      0.00010825    7.13E+07     0.00010825    8.13E+07     2.6496E+05    
   7.14E+07     0.99759      0.00010816    7.14E+07     0.00010816    8.14E+07     2.649E+05     
   7.15E+07     0.99759      0.00010798    7.15E+07     0.00010798    8.15E+07     2.6487E+05    
   7.16E+07     0.99759      0.00010781    7.16E+07     0.00010781    8.16E+07     2.647E+05     
   7.17E+07     0.99759      0.00010767    7.17E+07     0.00010767    8.17E+07     2.6391E+05    
   7.18E+07     0.99759      0.00010756    7.18E+07     0.00010756    8.18E+07     2.633E+05     
   7.19E+07     0.99759      0.00010748    7.19E+07     0.00010748    8.19E+07     2.6367E+05    
   7.2E+07      0.9976       0.00010738    7.2E+07      0.00010738    8.2E+07      2.6295E+05    
   7.21E+07     0.99759      0.00010752    7.21E+07     0.00010752    8.21E+07     2.6314E+05    
   7.22E+07     0.99758      0.00010737    7.22E+07     0.00010737    8.22E+07     2.6319E+05    
   7.23E+07     0.99759      0.00010739    7.23E+07     0.00010739    8.23E+07     2.6269E+05    
   7.24E+07     0.99759      0.00010724    7.24E+07     0.00010724    8.24E+07     2.6293E+05    
   7.25E+07     0.9976       0.00010723    7.25E+07     0.00010723    8.25E+07     2.6315E+05    
   7.26E+07     0.9976       0.00010729    7.26E+07     0.00010729    8.26E+07     2.6341E+05    
   7.27E+07     0.99761      0.00010716    7.27E+07     0.00010716    8.27E+07     2.6382E+05    
   7.28E+07     0.99761      0.00010703    7.28E+07     0.00010703    8.28E+07     2.6405E+05    
   7.29E+07     0.9976       0.000107      7.29E+07     0.000107      8.29E+07     2.6445E+05    
   7.3E+07      0.9976       0.00010688    7.3E+07      0.00010688    8.3E+07      2.6485E+05    
   7.31E+07     0.9976       0.00010678    7.31E+07     0.00010678    8.31E+07     2.6461E+05    
   7.32E+07     0.99758      0.0001073     7.32E+07     0.0001073     8.32E+07     2.6465E+05    
   7.33E+07     0.99758      0.00010713    7.33E+07     0.00010713    8.33E+07     2.6375E+05    
   7.34E+07     0.99759      0.0001073     7.34E+07     0.0001073     8.34E+07     2.6381E+05    
   7.35E+07     0.9976       0.00010717    7.35E+07     0.00010717    8.35E+07     2.6407E+05    
   7.36E+07     0.9976       0.00010702    7.36E+07     0.00010702    8.36E+07     2.6357E+05    
   7.37E+07     0.9976       0.00010694    7.37E+07     0.00010694    8.37E+07     2.6365E+05    
   7.38E+07     0.9976       0.00010679    7.38E+07     0.00010679    8.38E+07     2.6381E+05    
   7.39E+07     0.9976       0.00010662    7.39E+07     0.00010662    8.39E+07     2.6403E+05    
   7.4E+07      0.9976       0.00010647    7.4E+07      0.00010647    8.4E+07      2.6432E+05    
   7.41E+07     0.99759      0.0001064     7.41E+07     0.0001064     8.41E+07     2.6463E+05    
   7.42E+07     0.99759      0.00010654    7.42E+07     0.00010654    8.42E+07     2.6502E+05    
   7.43E+07     0.99758      0.00010645    7.43E+07     0.00010645    8.43E+07     2.6537E+05    
   7.44E+07     0.99758      0.00010632    7.44E+07     0.00010632    8.44E+07     2.6577E+05    
   7.45E+07     0.99758      0.00010625    7.45E+07     0.00010625    8.45E+07     2.6568E+05    
   7.46E+07     0.99758      0.00010617    7.46E+07     0.00010617    8.46E+07     2.6608E+05    
   7.47E+07     0.99759      0.00010609    7.47E+07     0.00010609    8.47E+07     2.6624E+05    
   7.48E+07     0.99758      0.00010604    7.48E+07     0.00010604    8.48E+07     2.6656E+05    
   7.49E+07     0.99759      0.00010589    7.49E+07     0.00010589    8.49E+07     2.6691E+05    
   7.5E+07      0.99758      0.00010603    7.5E+07      0.00010603    8.5E+07      2.6709E+05    
   7.51E+07     0.99758      0.00010588    7.51E+07     0.00010588    8.51E+07     2.6715E+05    
   7.52E+07     0.99758      0.00010572    7.52E+07     0.00010572    8.52E+07     2.6633E+05    
   7.53E+07     0.99758      0.00010556    7.53E+07     0.00010556    8.53E+07     2.6652E+05    
   7.54E+07     0.99758      0.0001054     7.54E+07     0.0001054     8.54E+07     2.6666E+05    
   7.55E+07     0.99758      0.00010525    7.55E+07     0.00010525    8.55E+07     2.6705E+05    
   7.56E+07     0.99758      0.00010515    7.56E+07     0.00010515    8.56E+07     2.6744E+05    
   7.57E+07     0.99757      0.00010512    7.57E+07     0.00010512    8.57E+07     2.6783E+05    
   7.58E+07     0.99757      0.00010496    7.58E+07     0.00010496    8.58E+07     2.6816E+05    
   7.59E+07     0.99757      0.00010481    7.59E+07     0.00010481    8.59E+07     2.684E+05     
   7.6E+07      0.99757      0.00010466    7.6E+07      0.00010466    8.6E+07      2.6835E+05    
   7.61E+07     0.99757      0.0001045     7.61E+07     0.0001045     8.61E+07     2.6873E+05    
   7.62E+07     0.99757      0.00010443    7.62E+07     0.00010443    8.62E+07     2.6912E+05    
   7.63E+07     0.99757      0.00010427    7.63E+07     0.00010427    8.63E+07     2.6923E+05    
   7.64E+07     0.99757      0.00010412    7.64E+07     0.00010412    8.64E+07     2.6961E+05    
   7.65E+07     0.99757      0.00010396    7.65E+07     0.00010396    8.65E+07     2.7001E+05    
   7.66E+07     0.99756      0.00010381    7.66E+07     0.00010381    8.66E+07     2.703E+05     
   7.67E+07     0.99757      0.00010367    7.67E+07     0.00010367    8.67E+07     2.7064E+05    
   7.68E+07     0.99756      0.00010364    7.68E+07     0.00010364    8.68E+07     2.7086E+05    
   7.69E+07     0.99756      0.00010348    7.69E+07     0.00010348    8.69E+07     2.7125E+05    
   7.7E+07      0.99756      0.00010337    7.7E+07      0.00010337    8.7E+07      2.7152E+05    
   7.71E+07     0.99755      0.00010326    7.71E+07     0.00010326    8.71E+07     2.7181E+05    
   7.72E+07     0.99755      0.00010311    7.72E+07     0.00010311    8.72E+07     2.7192E+05    
   7.73E+07     0.99755      0.00010329    7.73E+07     0.00010329    8.73E+07     2.7231E+05    
   7.74E+07     0.99755      0.00010316    7.74E+07     0.00010316    8.74E+07     2.7251E+05    
   7.75E+07     0.99755      0.00010314    7.75E+07     0.00010314    8.75E+07     2.727E+05     
   7.76E+07     0.99756      0.00010303    7.76E+07     0.00010303    8.76E+07     2.7247E+05    
   7.77E+07     0.99756      0.00010301    7.77E+07     0.00010301    8.77E+07     2.7069E+05    
   7.78E+07     0.99756      0.00010291    7.78E+07     0.00010291    8.78E+07     2.7105E+05    
   7.79E+07     0.99756      0.00010277    7.79E+07     0.00010277    8.79E+07     2.7134E+05    
   7.8E+07      0.99756      0.00010267    7.8E+07      0.00010267    8.8E+07      2.7139E+05    
   7.81E+07     0.99756      0.00010253    7.81E+07     0.00010253    8.81E+07     2.7175E+05    
   7.82E+07     0.99756      0.00010241    7.82E+07     0.00010241    8.82E+07     2.7149E+05    
   7.83E+07     0.99756      0.00010237    7.83E+07     0.00010237    8.83E+07     2.714E+05     
   7.84E+07     0.99756      0.00010224    7.84E+07     0.00010224    8.84E+07     2.7096E+05    
   7.85E+07     0.99756      0.00010212    7.85E+07     0.00010212    8.85E+07     2.7061E+05    
   7.86E+07     0.99756      0.00010197    7.86E+07     0.00010197    8.86E+07     2.6893E+05    
   7.87E+07     0.99755      0.0001022     7.87E+07     0.0001022     8.87E+07     2.6767E+05    
   7.88E+07     0.99755      0.0001021     7.88E+07     0.0001021     8.88E+07     2.6797E+05    
   7.89E+07     0.99755      0.00010196    7.89E+07     0.00010196    8.89E+07     2.6833E+05    
   7.9E+07      0.99755      0.00010183    7.9E+07      0.00010183    8.9E+07      2.6824E+05    
   7.91E+07     0.99755      0.00010168    7.91E+07     0.00010168    8.91E+07     2.6804E+05    
   7.92E+07     0.99755      0.00010154    7.92E+07     0.00010154    8.92E+07     2.6832E+05    
   7.93E+07     0.99755      0.0001014     7.93E+07     0.0001014     8.93E+07     2.6826E+05    
   7.94E+07     0.99755      0.00010125    7.94E+07     0.00010125    8.94E+07     2.6849E+05    
   7.95E+07     0.99755      0.00010117    7.95E+07     0.00010117    8.95E+07     2.6884E+05    
   7.96E+07     0.99755      0.00010108    7.96E+07     0.00010108    8.96E+07     2.6864E+05    
   7.97E+07     0.99755      0.00010094    7.97E+07     0.00010094    8.97E+07     2.6881E+05    
   7.98E+07     0.99755      0.00010103    7.98E+07     0.00010103    8.98E+07     2.6878E+05    
   7.99E+07     0.99755      0.00010089    7.99E+07     0.00010089    8.99E+07     2.6862E+05    
   8E+07        0.99755      0.00010076    8E+07        0.00010076    9E+07        2.6885E+05    
   8.01E+07     0.99756      0.00010075    8.01E+07     0.00010075    9.01E+07     2.6786E+05    
   8.02E+07     0.99755      0.0001007     8.02E+07     0.0001007     9.02E+07     2.6819E+05    
   8.03E+07     0.99755      0.00010056    8.03E+07     0.00010056    9.03E+07     2.6625E+05    
   8.04E+07     0.99756      0.00010051    8.04E+07     0.00010051    9.04E+07     2.6658E+05    
   8.05E+07     0.99756      0.0001005     8.05E+07     0.0001005     9.05E+07     2.6597E+05    
   8.06E+07     0.99756      0.00010036    8.06E+07     0.00010036    9.06E+07     2.6594E+05    
   8.07E+07     0.99756      0.00010023    8.07E+07     0.00010023    9.07E+07     2.6619E+05    
   8.08E+07     0.99756      0.0001001     8.08E+07     0.0001001     9.08E+07     2.6645E+05    
   8.09E+07     0.99757      0.00010025    8.09E+07     0.00010025    9.09E+07     2.6608E+05    
   8.1E+07      0.99757      0.00010018    8.1E+07      0.00010018    9.1E+07      2.663E+05     
   8.11E+07     0.99757      0.00010004    8.11E+07     0.00010004    9.11E+07     2.6667E+05    
   8.12E+07     0.99756      9.9998E-05    8.12E+07     9.9998E-05    9.12E+07     2.6665E+05    
   8.13E+07     0.99756      9.9862E-05    8.13E+07     9.9862E-05    9.13E+07     2.6691E+05    
   8.14E+07     0.99757      9.9812E-05    8.14E+07     9.9812E-05    9.14E+07     2.6705E+05    
   8.15E+07     0.99756      9.9756E-05    8.15E+07     9.9756E-05    9.15E+07     2.674E+05     
   8.16E+07     0.99757      9.9726E-05    8.16E+07     9.9726E-05    9.16E+07     2.6726E+05    
   8.17E+07     0.99758      9.9814E-05    8.17E+07     9.9814E-05    9.17E+07     2.6748E+05    
   8.18E+07     0.99757      9.9869E-05    8.18E+07     9.9869E-05    9.18E+07     2.6693E+05    
   8.19E+07     0.99757      9.9738E-05    8.19E+07     9.9738E-05    9.19E+07     2.6535E+05    
   8.2E+07      0.99757      9.9813E-05    8.2E+07      9.9813E-05    9.2E+07      2.6527E+05    
   8.21E+07     0.99758      9.9716E-05    8.21E+07     9.9716E-05    9.21E+07     2.6489E+05    
   8.22E+07     0.99757      9.9646E-05    8.22E+07     9.9646E-05    9.22E+07     2.6512E+05    
   8.23E+07     0.99758      9.968E-05     8.23E+07     9.968E-05     9.23E+07     2.6542E+05    
   8.24E+07     0.99758      9.9571E-05    8.24E+07     9.9571E-05    9.24E+07     2.6577E+05    
   8.25E+07     0.99758      9.947E-05     8.25E+07     9.947E-05     9.25E+07     2.6553E+05    
   8.26E+07     0.99758      9.936E-05     8.26E+07     9.936E-05     9.26E+07     2.6588E+05    
   8.27E+07     0.99758      9.9224E-05    8.27E+07     9.9224E-05    9.27E+07     2.6558E+05    
   8.28E+07     0.99759      9.9121E-05    8.28E+07     9.9121E-05    9.28E+07     2.6593E+05    
   8.29E+07     0.99759      9.8985E-05    8.29E+07     9.8985E-05    9.29E+07     2.6541E+05    
   8.3E+07      0.99758      9.885E-05     8.3E+07      9.885E-05     9.3E+07      2.6576E+05    
   8.31E+07     0.99758      9.8837E-05    8.31E+07     9.8837E-05    9.31E+07     2.6585E+05    
   8.32E+07     0.99758      9.8769E-05    8.32E+07     9.8769E-05    9.32E+07     2.626E+05     
   8.33E+07     0.99759      9.8877E-05    8.33E+07     9.8877E-05    9.33E+07     2.6277E+05    
   8.34E+07     0.99759      9.8806E-05    8.34E+07     9.8806E-05    9.34E+07     2.6287E+05    
   8.35E+07     0.9976       9.8699E-05    8.35E+07     9.8699E-05    9.35E+07     2.6321E+05    
   8.36E+07     0.99759      9.8733E-05    8.36E+07     9.8733E-05    9.36E+07     2.6223E+05    
   8.37E+07     0.99759      9.8659E-05    8.37E+07     9.8659E-05    9.37E+07     2.6258E+05    
   8.38E+07     0.9976       9.857E-05     8.38E+07     9.857E-05     9.38E+07     2.6167E+05    
   8.39E+07     0.99759      9.847E-05     8.39E+07     9.847E-05     9.39E+07     2.6151E+05    
   8.4E+07      0.9976       9.8358E-05    8.4E+07      9.8358E-05    9.4E+07      2.6184E+05    
   8.41E+07     0.9976       9.824E-05     8.41E+07     9.824E-05     9.41E+07     2.6218E+05    
   8.42E+07     0.9976       9.8109E-05    8.42E+07     9.8109E-05    9.42E+07     2.6249E+05    
   8.43E+07     0.9976       9.7987E-05    8.43E+07     9.7987E-05    9.43E+07     2.6281E+05    
   8.44E+07     0.9976       9.7855E-05    8.44E+07     9.7855E-05    9.44E+07     2.6304E+05    
   8.45E+07     0.9976       9.7813E-05    8.45E+07     9.7813E-05    9.45E+07     2.6335E+05    
   8.46E+07     0.9976       9.7682E-05    8.46E+07     9.7682E-05    9.46E+07     2.6359E+05    
   8.47E+07     0.9976       9.7595E-05    8.47E+07     9.7595E-05    9.47E+07     2.6393E+05    
   8.48E+07     0.9976       9.7479E-05    8.48E+07     9.7479E-05    9.48E+07     2.6306E+05    
   8.49E+07     0.9976       9.7357E-05    8.49E+07     9.7357E-05    9.49E+07     2.6339E+05    
   8.5E+07      0.9976       9.7265E-05    8.5E+07      9.7265E-05    9.5E+07      2.635E+05     
   8.51E+07     0.9976       9.7197E-05    8.51E+07     9.7197E-05    9.51E+07     2.6372E+05    
   8.52E+07     0.99759      9.729E-05     8.52E+07     9.729E-05     9.52E+07     2.6339E+05    
   8.53E+07     0.99759      9.7198E-05    8.53E+07     9.7198E-05    9.53E+07     2.6374E+05    
   8.54E+07     0.99759      9.7111E-05    8.54E+07     9.7111E-05    9.54E+07     2.6279E+05    
   8.55E+07     0.99759      9.6982E-05    8.55E+07     9.6982E-05    9.55E+07     2.6307E+05    
   8.56E+07     0.99759      9.6855E-05    8.56E+07     9.6855E-05    9.56E+07     2.6338E+05    
   8.57E+07     0.99759      9.6729E-05    8.57E+07     9.6729E-05    9.57E+07     2.6369E+05    
   8.58E+07     0.9976       9.6611E-05    8.58E+07     9.6611E-05    9.58E+07     2.6399E+05    
   8.59E+07     0.9976       9.6512E-05    8.59E+07     9.6512E-05    9.59E+07     2.636E+05     
   8.6E+07      0.9976       9.6465E-05    8.6E+07      9.6465E-05    9.6E+07      2.6393E+05    
   8.61E+07     0.9976       9.634E-05     8.61E+07     9.634E-05     9.61E+07     2.6425E+05    
   8.62E+07     0.9976       9.6214E-05    8.62E+07     9.6214E-05    9.62E+07     2.6455E+05    
   8.63E+07     0.99761      9.6138E-05    8.63E+07     9.6138E-05    9.63E+07     2.6465E+05    
   8.64E+07     0.99761      9.6014E-05    8.64E+07     9.6014E-05    9.64E+07     2.6478E+05    
   8.65E+07     0.99761      9.5888E-05    8.65E+07     9.5888E-05    9.65E+07     2.6478E+05    
   8.66E+07     0.9976       9.5781E-05    8.66E+07     9.5781E-05    9.66E+07     2.6509E+05    
   8.67E+07     0.99761      9.5665E-05    8.67E+07     9.5665E-05    9.67E+07     2.6541E+05    
   8.68E+07     0.9976       9.5571E-05    8.68E+07     9.5571E-05    9.68E+07     2.6572E+05    
   8.69E+07     0.9976       9.5448E-05    8.69E+07     9.5448E-05    9.69E+07     2.6508E+05    
   8.7E+07      0.99761      9.5346E-05    8.7E+07      9.5346E-05    9.7E+07      2.6496E+05    
   8.71E+07     0.99761      9.5239E-05    8.71E+07     9.5239E-05    9.71E+07     2.6403E+05    
   8.72E+07     0.99761      9.5164E-05    8.72E+07     9.5164E-05    9.72E+07     2.6403E+05    
   8.73E+07     0.99761      9.5042E-05    8.73E+07     9.5042E-05    9.73E+07     2.6407E+05    
   8.74E+07     0.99761      9.4954E-05    8.74E+07     9.4954E-05    9.74E+07     2.6392E+05    
   8.75E+07     0.99761      9.4866E-05    8.75E+07     9.4866E-05    9.75E+07     2.6423E+05    
   8.76E+07     0.99761      9.485E-05     8.76E+07     9.485E-05     9.76E+07     2.6418E+05    
   8.77E+07     0.9976       9.5108E-05    8.77E+07     9.5108E-05    9.77E+07     2.6424E+05    
   8.78E+07     0.9976       9.499E-05     8.78E+07     9.499E-05     9.78E+07     2.6455E+05    
   8.79E+07     0.9976       9.4886E-05    8.79E+07     9.4886E-05    9.79E+07     2.6484E+05    
   8.8E+07      0.9976       9.4823E-05    8.8E+07      9.4823E-05    9.8E+07      2.6483E+05    
   8.81E+07     0.9976       9.4706E-05    8.81E+07     9.4706E-05    9.81E+07     2.6516E+05    
   8.82E+07     0.99761      9.4698E-05    8.82E+07     9.4698E-05    9.82E+07     2.6479E+05    
   8.83E+07     0.99761      9.466E-05     8.83E+07     9.466E-05     9.83E+07     2.651E+05     
   8.84E+07     0.99762      9.4683E-05    8.84E+07     9.4683E-05    9.84E+07     2.6543E+05    
   8.85E+07     0.99762      9.4692E-05    8.85E+07     9.4692E-05    9.85E+07     2.6573E+05    
   8.86E+07     0.99763      9.4932E-05    8.86E+07     9.4932E-05    9.86E+07     2.6588E+05    
   8.87E+07     0.99764      9.5102E-05    8.87E+07     9.5102E-05    9.87E+07     2.6619E+05    
   8.88E+07     0.99764      9.4994E-05    8.88E+07     9.4994E-05    9.88E+07     2.6641E+05    
   8.89E+07     0.99764      9.4877E-05    8.89E+07     9.4877E-05    9.89E+07     2.6673E+05    
   8.9E+07      0.99764      9.4839E-05    8.9E+07      9.4839E-05    9.9E+07      2.6603E+05    
   8.91E+07     0.99763      9.4822E-05    8.91E+07     9.4822E-05    9.91E+07     2.6632E+05    
   8.92E+07     0.99763      9.472E-05     8.92E+07     9.472E-05     9.92E+07     2.6663E+05    
   8.93E+07     0.99763      9.4677E-05    8.93E+07     9.4677E-05    9.93E+07     2.6683E+05    
   8.94E+07     0.99763      9.4583E-05    8.94E+07     9.4583E-05    9.94E+07     2.6709E+05    
   8.95E+07     0.99763      9.4469E-05    8.95E+07     9.4469E-05    9.95E+07     2.6733E+05    
   8.96E+07     0.99763      9.4451E-05    8.96E+07     9.4451E-05    9.96E+07     2.6751E+05    
   8.97E+07     0.99763      9.4365E-05    8.97E+07     9.4365E-05    9.97E+07     2.6776E+05    
   8.98E+07     0.99763      9.4318E-05    8.98E+07     9.4318E-05    9.98E+07     2.6802E+05    
   8.99E+07     0.99763      9.4295E-05    8.99E+07     9.4295E-05    9.99E+07     2.682E+05     
   9E+07        0.99763      9.4202E-05    9E+07        9.4202E-05    1E+08        2.6841E+05    
   9.01E+07     0.99764      9.4322E-05    9.01E+07     9.4322E-05    
   9.02E+07     0.99764      9.4211E-05    9.02E+07     9.4211E-05    
   9.03E+07     0.99765      9.45E-05      9.03E+07     9.45E-05      
   9.04E+07     0.99765      9.439E-05     9.04E+07     9.439E-05     
   9.05E+07     0.99764      9.4445E-05    9.05E+07     9.4445E-05    
   9.06E+07     0.99764      9.4399E-05    9.06E+07     9.4399E-05    
   9.07E+07     0.99765      9.4302E-05    9.07E+07     9.4302E-05    
   9.08E+07     0.99765      9.4204E-05    9.08E+07     9.4204E-05    
   9.09E+07     0.99764      9.4218E-05    9.09E+07     9.4218E-05    
   9.1E+07      0.99764      9.4126E-05    9.1E+07      9.4126E-05    
   9.11E+07     0.99764      9.401E-05     9.11E+07     9.401E-05     
   9.12E+07     0.99765      9.3962E-05    9.12E+07     9.3962E-05    
   9.13E+07     0.99765      9.3865E-05    9.13E+07     9.3865E-05    
   9.14E+07     0.99764      9.3788E-05    9.14E+07     9.3788E-05    
   9.15E+07     0.99764      9.3674E-05    9.15E+07     9.3674E-05    
   9.16E+07     0.99765      9.3648E-05    9.16E+07     9.3648E-05    
   9.17E+07     0.99765      9.3558E-05    9.17E+07     9.3558E-05    
   9.18E+07     0.99764      9.3603E-05    9.18E+07     9.3603E-05    
   9.19E+07     0.99763      9.3829E-05    9.19E+07     9.3829E-05    
   9.2E+07      0.99763      9.3793E-05    9.2E+07      9.3793E-05    
   9.21E+07     0.99762      9.3809E-05    9.21E+07     9.3809E-05    
   9.22E+07     0.99763      9.3717E-05    9.22E+07     9.3717E-05    
   9.23E+07     0.99763      9.3612E-05    9.23E+07     9.3612E-05    
   9.24E+07     0.99763      9.3501E-05    9.24E+07     9.3501E-05    
   9.25E+07     0.99763      9.3492E-05    9.25E+07     9.3492E-05    
   9.26E+07     0.99763      9.338E-05     9.26E+07     9.338E-05     
   9.27E+07     0.99763      9.3381E-05    9.27E+07     9.3381E-05    
   9.28E+07     0.99763      9.3269E-05    9.28E+07     9.3269E-05    
   9.29E+07     0.99763      9.331E-05     9.29E+07     9.331E-05     
   9.3E+07      0.99763      9.3198E-05    9.3E+07      9.3198E-05    
   9.31E+07     0.99763      9.3132E-05    9.31E+07     9.3132E-05    
   9.32E+07     0.99762      9.3657E-05    9.32E+07     9.3657E-05    
   9.33E+07     0.99762      9.3576E-05    9.33E+07     9.3576E-05    
   9.34E+07     0.99762      9.3508E-05    9.34E+07     9.3508E-05    
   9.35E+07     0.99762      9.3397E-05    9.35E+07     9.3397E-05    
   9.36E+07     0.99761      9.3521E-05    9.36E+07     9.3521E-05    
   9.37E+07     0.99761      9.3409E-05    9.37E+07     9.3409E-05    
   9.38E+07     0.99761      9.3522E-05    9.38E+07     9.3522E-05    
   9.39E+07     0.99761      9.3501E-05    9.39E+07     9.3501E-05    
   9.4E+07      0.99761      9.339E-05     9.4E+07      9.339E-05     
   9.41E+07     0.99761      9.3281E-05    9.41E+07     9.3281E-05    
   9.42E+07     0.99761      9.3176E-05    9.42E+07     9.3176E-05    
   9.43E+07     0.99761      9.3069E-05    9.43E+07     9.3069E-05    
   9.44E+07     0.99761      9.2975E-05    9.44E+07     9.2975E-05    
   9.45E+07     0.99761      9.2871E-05    9.45E+07     9.2871E-05    
   9.46E+07     0.99761      9.278E-05     9.46E+07     9.278E-05     
   9.47E+07     0.99761      9.2671E-05    9.47E+07     9.2671E-05    
   9.48E+07     0.9976       9.2775E-05    9.48E+07     9.2775E-05    
   9.49E+07     0.9976       9.2668E-05    9.49E+07     9.2668E-05    
   9.5E+07      0.9976       9.2599E-05    9.5E+07      9.2599E-05    
   9.51E+07     0.9976       9.2513E-05    9.51E+07     9.2513E-05    
   9.52E+07     0.99761      9.252E-05     9.52E+07     9.252E-05     
   9.53E+07     0.99761      9.2411E-05    9.53E+07     9.2411E-05    
   9.54E+07     0.9976       9.2529E-05    9.54E+07     9.2529E-05    
   9.55E+07     0.9976       9.2433E-05    9.55E+07     9.2433E-05    
   9.56E+07     0.9976       9.2329E-05    9.56E+07     9.2329E-05    
   9.57E+07     0.9976       9.2225E-05    9.57E+07     9.2225E-05    
   9.58E+07     0.9976       9.2125E-05    9.58E+07     9.2125E-05    
   9.59E+07     0.9976       9.2145E-05    9.59E+07     9.2145E-05    
   9.6E+07      0.9976       9.2039E-05    9.6E+07      9.2039E-05    
   9.61E+07     0.9976       9.1935E-05    9.61E+07     9.1935E-05    
   9.62E+07     0.9976       9.1834E-05    9.62E+07     9.1834E-05    
   9.63E+07     0.99761      9.177E-05     9.63E+07     9.177E-05     
   9.64E+07     0.9976       9.1699E-05    9.64E+07     9.1699E-05    
   9.65E+07     0.99761      9.165E-05     9.65E+07     9.165E-05     
   9.66E+07     0.99761      9.155E-05     9.66E+07     9.155E-05     
   9.67E+07     0.99761      9.1448E-05    9.67E+07     9.1448E-05    
   9.68E+07     0.99761      9.1348E-05    9.68E+07     9.1348E-05    
   9.69E+07     0.99761      9.141E-05     9.69E+07     9.141E-05     
   9.7E+07      0.99762      9.1382E-05    9.7E+07      9.1382E-05    
   9.71E+07     0.99761      9.1496E-05    9.71E+07     9.1496E-05    
   9.72E+07     0.99761      9.145E-05     9.72E+07     9.145E-05     
   9.73E+07     0.99762      9.1396E-05    9.73E+07     9.1396E-05    
   9.74E+07     0.99762      9.1374E-05    9.74E+07     9.1374E-05    
   9.75E+07     0.99762      9.1274E-05    9.75E+07     9.1274E-05    
   9.76E+07     0.99763      9.1236E-05    9.76E+07     9.1236E-05    
   9.77E+07     0.99762      9.1179E-05    9.77E+07     9.1179E-05    
   9.78E+07     0.99762      9.1077E-05    9.78E+07     9.1077E-05    
   9.79E+07     0.99762      9.0982E-05    9.79E+07     9.0982E-05    
   9.8E+07      0.99763      9.0937E-05    9.8E+07      9.0937E-05    
   9.81E+07     0.99763      9.0833E-05    9.81E+07     9.0833E-05    
   9.82E+07     0.99763      9.0849E-05    9.82E+07     9.0849E-05    
   9.83E+07     0.99763      9.075E-05     9.83E+07     9.075E-05     
   9.84E+07     0.99763      9.0647E-05    9.84E+07     9.0647E-05    
   9.85E+07     0.99763      9.055E-05     9.85E+07     9.055E-05     
   9.86E+07     0.99763      9.0479E-05    9.86E+07     9.0479E-05    
   9.87E+07     0.99763      9.0378E-05    9.87E+07     9.0378E-05    
   9.88E+07     0.99763      9.0296E-05    9.88E+07     9.0296E-05    
   9.89E+07     0.99763      9.0195E-05    9.89E+07     9.0195E-05    
   9.9E+07      0.99764      9.0268E-05    9.9E+07      9.0268E-05    
   9.91E+07     0.99764      9.0173E-05    9.91E+07     9.0173E-05    
   9.92E+07     0.99764      9.0074E-05    9.92E+07     9.0074E-05    
   9.93E+07     0.99764      8.9996E-05    9.93E+07     8.9996E-05    
   9.94E+07     0.99764      8.9906E-05    9.94E+07     8.9906E-05    
   9.95E+07     0.99764      8.9821E-05    9.95E+07     8.9821E-05    
   9.96E+07     0.99764      8.9745E-05    9.96E+07     8.9745E-05    
   9.97E+07     0.99764      8.9659E-05    9.97E+07     8.9659E-05    
   9.98E+07     0.99764      8.9571E-05    9.98E+07     8.9571E-05    
   9.99E+07     0.99764      8.9494E-05    9.99E+07     8.9494E-05    
   1E+08        0.99764      8.9414E-05    1E+08        8.9414E-05    
