# This file is written with the intent of being used to plot the data with 
# Gnuplot.  It contains no information regarding how the plot should be 
# formatted.
# =========================================================================
# Research/ArnoldivsPower -f Power1-w50-41.dat -t 100000 -A -c 100 -C 900 -w 50 -b 75 -r  seed = 3353523238
# filename = Power1-w50-41.dat, run = true, power = true, Arnoldi = false, storevectors = 0, raw = false, evectors = 2, evalues = 2, residual = false, arnoldimethod = implicit, tol = 2.22045e-16, verbose = 1, seed = 0, width = 50, bins = 75, acycles = 900, incycles = 100, active = 20, inactive = 0, Iterations = 10, numValues = 2, relaxed = 0, tracks = 100000, ignore_rest = false, version = false, help = false, 

#  1            2            3             4            5             6            7             8            9            
# |-            Power values           -| |-   Power eValues SD   -| |-       FOM-Power      -| |-     Power vector     -| 
#  x-coord      y-coord      error         x-coord      y-coord       x-coord      y-coord       x-coord      y-coord       
   1E+05        0.98359      0             1E+05        0             1.01E+07     0             0.33333      0.0099735     
   2E+05        0.98718      0             2E+05        0             1.02E+07     1.0572E+05    1            0.016857      
   3E+05        0.99025      0             3E+05        0             1.03E+07     1.4694E+05    1.6667       0.02342       
   4E+05        0.99071      0             4E+05        0             1.04E+07     15086         2.3333       0.029973      
   5E+05        0.98639      0             5E+05        0             1.05E+07     16017         3            0.036496      
   6E+05        0.98741      0             6E+05        0             1.06E+07     22562         3.6667       0.042971      
   7E+05        0.99002      0             7E+05        0             1.07E+07     27033         4.3333       0.049467      
   8E+05        0.99974      0             8E+05        0             1.08E+07     34407         5            0.056075      
   9E+05        0.9928       0             9E+05        0             1.09E+07     38742         5.6667       0.062247      
   1E+06        0.99372      0             1E+06        0             1.1E+07      30413         6.3333       0.068028      
   1.1E+06      0.99546      0             1.1E+06      0             1.11E+07     30160         7            0.074009      
   1.2E+06      0.9953       0             1.2E+06      0             1.12E+07     32412         7.6667       0.079522      
   1.3E+06      0.99288      0             1.3E+06      0             1.13E+07     37454         8.3333       0.085022      
   1.4E+06      0.99335      0             1.4E+06      0             1.14E+07     34907         9            0.090234      
   1.5E+06      0.99769      0             1.5E+06      0             1.15E+07     36604         9.6667       0.095689      
   1.6E+06      0.9967       0             1.6E+06      0             1.16E+07     36750         10.333       0.10051       
   1.7E+06      0.9899       0             1.7E+06      0             1.17E+07     36396         11           0.10577       
   1.8E+06      0.99164      0             1.8E+06      0             1.18E+07     39246         11.667       0.11055       
   1.9E+06      0.99638      0             1.9E+06      0             1.19E+07     43275         12.333       0.11589       
   2E+06        0.99347      0             2E+06        0             1.2E+07      47102         13           0.11992       
   2.1E+06      0.99084      0             2.1E+06      0             1.21E+07     50801         13.667       0.12415       
   2.2E+06      1.0002       0             2.2E+06      0             1.22E+07     48070         14.333       0.12796       
   2.3E+06      0.99761      0             2.3E+06      0             1.23E+07     49263         15           0.13179       
   2.4E+06      0.99823      0             2.4E+06      0             1.24E+07     52901         15.667       0.13551       
   2.5E+06      0.99429      0             2.5E+06      0             1.25E+07     54204         16.333       0.1389        
   2.6E+06      0.99589      0             2.6E+06      0             1.26E+07     56571         17           0.14172       
   2.7E+06      0.99454      0             2.7E+06      0             1.27E+07     59766         17.667       0.14459       
   2.8E+06      0.99738      0             2.8E+06      0             1.28E+07     63634         18.333       0.1475        
   2.9E+06      0.9929       0             2.9E+06      0             1.29E+07     66999         19           0.15021       
   3E+06        0.99861      0             3E+06        0             1.3E+07      71143         19.667       0.15257       
   3.1E+06      0.99215      0             3.1E+06      0             1.31E+07     74181         20.333       0.15452       
   3.2E+06      0.99676      0             3.2E+06      0             1.32E+07     76299         21           0.15667       
   3.3E+06      0.99279      0             3.3E+06      0             1.33E+07     80302         21.667       0.15814       
   3.4E+06      0.99424      0             3.4E+06      0             1.34E+07     82415         22.333       0.15902       
   3.5E+06      1.0007       0             3.5E+06      0             1.35E+07     86622         23           0.16015       
   3.6E+06      0.99653      0             3.6E+06      0             1.36E+07     90818         23.667       0.16112       
   3.7E+06      0.99759      0             3.7E+06      0             1.37E+07     95073         24.333       0.1612        
   3.8E+06      0.99321      0             3.8E+06      0             1.38E+07     98800         25           0.16095       
   3.9E+06      0.9975       0             3.9E+06      0             1.39E+07     99738         25.667       0.16068       
   4E+06        0.99724      0             4E+06        0             1.4E+07      1.0403E+05    26.333       0.16027       
   4.1E+06      0.99554      0             4.1E+06      0             1.41E+07     1.0851E+05    27           0.15902       
   4.2E+06      0.99836      0             4.2E+06      0             1.42E+07     1.1304E+05    27.667       0.15794       
   4.3E+06      0.99334      0             4.3E+06      0             1.43E+07     1.1114E+05    28.333       0.15699       
   4.4E+06      0.99659      0             4.4E+06      0             1.44E+07     1.0831E+05    29           0.15558       
   4.5E+06      0.99021      0             4.5E+06      0             1.45E+07     1.1099E+05    29.667       0.15328       
   4.6E+06      0.99548      0             4.6E+06      0             1.46E+07     1.1041E+05    30.333       0.15105       
   4.7E+06      0.99334      0             4.7E+06      0             1.47E+07     1.1447E+05    31           0.14906       
   4.8E+06      0.99177      0             4.8E+06      0             1.48E+07     1.0915E+05    31.667       0.14652       
   4.9E+06      0.9965       0             4.9E+06      0             1.49E+07     1.1256E+05    32.333       0.14388       
   5E+06        0.99666      0             5E+06        0             1.5E+07      1.1449E+05    33           0.14103       
   5.1E+06      0.99393      0             5.1E+06      0             1.51E+07     1.1804E+05    33.667       0.13818       
   5.2E+06      0.9973       0             5.2E+06      0             1.52E+07     1.1798E+05    34.333       0.13448       
   5.3E+06      0.99513      0             5.3E+06      0             1.53E+07     1.2175E+05    35           0.13144       
   5.4E+06      0.99636      0             5.4E+06      0             1.54E+07     1.2349E+05    35.667       0.12796       
   5.5E+06      0.9962       0             5.5E+06      0             1.55E+07     1.1923E+05    36.333       0.12382       
   5.6E+06      0.99589      0             5.6E+06      0             1.56E+07     1.2271E+05    37           0.11961       
   5.7E+06      0.99522      0             5.7E+06      0             1.57E+07     1.2225E+05    37.667       0.11515       
   5.8E+06      0.99657      0             5.8E+06      0             1.58E+07     1.1593E+05    38.333       0.11048       
   5.9E+06      0.99276      0             5.9E+06      0             1.59E+07     1.05E+05      39           0.10534       
   6E+06        0.99571      0             6E+06        0             1.6E+07      1.0791E+05    39.667       0.10028       
   6.1E+06      0.99477      0             6.1E+06      0             1.61E+07     1.0891E+05    40.333       0.095248      
   6.2E+06      0.99384      0             6.2E+06      0             1.62E+07     1.113E+05     41           0.090062      
   6.3E+06      0.99197      0             6.3E+06      0             1.63E+07     1.1315E+05    41.667       0.084491      
   6.4E+06      0.99568      0             6.4E+06      0             1.64E+07     1.1412E+05    42.333       0.078854      
   6.5E+06      0.99606      0             6.5E+06      0             1.65E+07     1.1475E+05    43           0.073329      
   6.6E+06      0.99684      0             6.6E+06      0             1.66E+07     1.176E+05     43.667       0.067379      
   6.7E+06      0.99747      0             6.7E+06      0             1.67E+07     1.2014E+05    44.333       0.061593      
   6.8E+06      0.99944      0             6.8E+06      0             1.68E+07     1.1959E+05    45           0.055323      
   6.9E+06      0.99358      0             6.9E+06      0             1.69E+07     1.1876E+05    45.667       0.04927       
   7E+06        0.99804      0             7E+06        0             1.7E+07      1.2093E+05    46.333       0.042748      
   7.1E+06      0.9982       0             7.1E+06      0             1.71E+07     1.2364E+05    47           0.036667      
   7.2E+06      0.99801      0             7.2E+06      0             1.72E+07     1.1732E+05    47.667       0.030268      
   7.3E+06      0.99429      0             7.3E+06      0             1.73E+07     1.1821E+05    48.333       0.023449      
   7.4E+06      0.99512      0             7.4E+06      0             1.74E+07     1.198E+05     49           0.016759      
   7.5E+06      1.0016       0             7.5E+06      0             1.75E+07     1.1944E+05    49.667       0.0098538     
   7.6E+06      0.99182      0             7.6E+06      0             1.76E+07     1.1949E+05    
   7.7E+06      0.99847      0             7.7E+06      0             1.77E+07     1.1562E+05    
   7.8E+06      1.0026       0             7.8E+06      0             1.78E+07     1.1737E+05    
   7.9E+06      0.99601      0             7.9E+06      0             1.79E+07     1.1575E+05    
   8E+06        1.0009       0             8E+06        0             1.8E+07      1.1793E+05    
   8.1E+06      0.99501      0             8.1E+06      0             1.81E+07     1.2011E+05    
   8.2E+06      0.99863      0             8.2E+06      0             1.82E+07     1.2225E+05    
   8.3E+06      0.9935       0             8.3E+06      0             1.83E+07     1.206E+05     
   8.4E+06      0.99845      0             8.4E+06      0             1.84E+07     1.2253E+05    
   8.5E+06      0.99591      0             8.5E+06      0             1.85E+07     1.2469E+05    
   8.6E+06      0.99832      0             8.6E+06      0             1.86E+07     1.2444E+05    
   8.7E+06      0.99738      0             8.7E+06      0             1.87E+07     1.2557E+05    
   8.8E+06      0.99629      0             8.8E+06      0             1.88E+07     1.2708E+05    
   8.9E+06      0.99465      0             8.9E+06      0             1.89E+07     1.2773E+05    
   9E+06        0.99291      0             9E+06        0             1.9E+07      1.262E+05     
   9.1E+06      0.99599      0             9.1E+06      0             1.91E+07     1.2157E+05    
   9.2E+06      0.99527      0             9.2E+06      0             1.92E+07     1.2075E+05    
   9.3E+06      0.99854      0             9.3E+06      0             1.93E+07     1.2273E+05    
   9.4E+06      0.99645      0             9.4E+06      0             1.94E+07     1.245E+05     
   9.5E+06      1.0014       0             9.5E+06      0             1.95E+07     1.2649E+05    
   9.6E+06      0.99246      0             9.6E+06      0             1.96E+07     1.2761E+05    
   9.7E+06      0.9986       0             9.7E+06      0             1.97E+07     1.2874E+05    
   9.8E+06      0.99983      0             9.8E+06      0             1.98E+07     1.2961E+05    
   9.9E+06      0.9932       0             9.9E+06      0             1.99E+07     1.3159E+05    
   1E+07        0.99556      0             1E+07        0             2E+07        1.3153E+05    
   1.01E+07     0.9959       NAN           1.01E+07     NAN           2.01E+07     1.3334E+05    
   1.02E+07     0.99654      0.00045421    1.02E+07     0.00045421    2.02E+07     1.353E+05     
   1.03E+07     0.99625      0.00038329    1.03E+07     0.00038329    2.03E+07     1.3723E+05    
   1.04E+07     0.99492      0.0011903     1.04E+07     0.0011903     2.04E+07     1.3801E+05    
   1.05E+07     0.99564      0.0011495     1.05E+07     0.0011495     2.05E+07     1.3675E+05    
   1.06E+07     0.99552      0.00096387    1.06E+07     0.00096387    2.06E+07     1.375E+05     
   1.07E+07     0.99584      0.00087627    1.07E+07     0.00087627    2.07E+07     1.3771E+05    
   1.08E+07     0.99594      0.00077307    1.08E+07     0.00077307    2.08E+07     1.396E+05     
   1.09E+07     0.9957       0.00072516    1.09E+07     0.00072516    2.09E+07     1.4134E+05    
   1.1E+07      0.99621      0.00081469    1.1E+07      0.00081469    2.1E+07      1.4149E+05    
   1.11E+07     0.99657      0.00081432    1.11E+07     0.00081432    2.11E+07     1.433E+05     
   1.12E+07     0.99681      0.00078198    1.12E+07     0.00078198    2.12E+07     1.4383E+05    
   1.13E+07     0.99687      0.00072417    1.13E+07     0.00072417    2.13E+07     1.4555E+05    
   1.14E+07     0.99653      0.0007468     1.14E+07     0.0007468     2.14E+07     1.4705E+05    
   1.15E+07     0.99674      0.00072608    1.15E+07     0.00072608    2.15E+07     1.4882E+05    
   1.16E+07     0.99699      0.00072139    1.16E+07     0.00072139    2.16E+07     1.5019E+05    
   1.17E+07     0.99724      0.00072176    1.17E+07     0.00072176    2.17E+07     1.475E+05     
   1.18E+07     0.99736      0.00069208    1.18E+07     0.00069208    2.18E+07     1.4931E+05    
   1.19E+07     0.99739      0.00065629    1.19E+07     0.00065629    2.19E+07     1.5096E+05    
   1.2E+07      0.99734      0.00062613    1.2E+07      0.00062613    2.2E+07      1.5186E+05    
   1.21E+07     0.99726      0.00060039    1.21E+07     0.00060039    2.21E+07     1.5338E+05    
   1.22E+07     0.99749      0.00061465    1.22E+07     0.00061465    2.22E+07     1.5521E+05    
   1.23E+07     0.99735      0.00060467    1.23E+07     0.00060467    2.23E+07     1.5701E+05    
   1.24E+07     0.9973       0.00058106    1.24E+07     0.00058106    2.24E+07     1.5838E+05    
   1.25E+07     0.99743      0.00057172    1.25E+07     0.00057172    2.25E+07     1.5831E+05    
   1.26E+07     0.99734      0.0005574     1.26E+07     0.0005574     2.26E+07     1.6007E+05    
   1.27E+07     0.99728      0.00054015    1.27E+07     0.00054015    2.27E+07     1.6185E+05    
   1.28E+07     0.9973       0.00052142    1.28E+07     0.00052142    2.28E+07     1.5776E+05    
   1.29E+07     0.99735      0.00050614    1.29E+07     0.00050614    2.29E+07     1.5856E+05    
   1.3E+07      0.99735      0.00048928    1.3E+07      0.00048928    2.3E+07      1.6032E+05    
   1.31E+07     0.99741      0.00047731    1.31E+07     0.00047731    2.31E+07     1.6176E+05    
   1.32E+07     0.99733      0.00046884    1.32E+07     0.00046884    2.32E+07     1.6053E+05    
   1.33E+07     0.99731      0.00045523    1.33E+07     0.00045523    2.33E+07     1.6024E+05    
   1.34E+07     0.99738      0.00044766    1.34E+07     0.00044766    2.34E+07     1.6053E+05    
   1.35E+07     0.99737      0.00043502    1.35E+07     0.00043502    2.35E+07     1.5743E+05    
   1.36E+07     0.99735      0.00042329    1.36E+07     0.00042329    2.36E+07     1.5779E+05    
   1.37E+07     0.99734      0.00041217    1.37E+07     0.00041217    2.37E+07     1.5908E+05    
   1.38E+07     0.9973       0.00040283    1.38E+07     0.00040283    2.38E+07     1.5999E+05    
   1.39E+07     0.99738      0.00039948    1.39E+07     0.00039948    2.39E+07     1.5959E+05    
   1.4E+07      0.99739      0.00038976    1.4E+07      0.00038976    2.4E+07      1.6117E+05    
   1.41E+07     0.99739      0.00038025    1.41E+07     0.00038025    2.41E+07     1.6271E+05    
   1.42E+07     0.99739      0.00037121    1.42E+07     0.00037121    2.42E+07     1.6429E+05    
   1.43E+07     0.99748      0.00037303    1.43E+07     0.00037303    2.43E+07     1.6564E+05    
   1.44E+07     0.99758      0.00037656    1.44E+07     0.00037656    2.44E+07     1.671E+05     
   1.45E+07     0.99762      0.00037069    1.45E+07     0.00037069    2.45E+07     1.6871E+05    
   1.46E+07     0.9977       0.00037034    1.46E+07     0.00037034    2.46E+07     1.6757E+05    
   1.47E+07     0.99769      0.00036247    1.47E+07     0.00036247    2.47E+07     1.6746E+05    
   1.48E+07     0.99759      0.00036993    1.48E+07     0.00036993    2.48E+07     1.6862E+05    
   1.49E+07     0.99761      0.00036306    1.49E+07     0.00036306    2.49E+07     1.6946E+05    
   1.5E+07      0.99757      0.00035878    1.5E+07      0.00035878    2.5E+07      1.709E+05     
   1.51E+07     0.99758      0.00035213    1.51E+07     0.00035213    2.51E+07     1.7249E+05    
   1.52E+07     0.99752      0.00035105    1.52E+07     0.00035105    2.52E+07     1.714E+05     
   1.53E+07     0.99752      0.00034444    1.53E+07     0.00034444    2.53E+07     1.7212E+05    
   1.54E+07     0.99748      0.00034089    1.54E+07     0.00034089    2.54E+07     1.7336E+05    
   1.55E+07     0.99756      0.00034578    1.55E+07     0.00034578    2.55E+07     1.7493E+05    
   1.56E+07     0.99757      0.00033975    1.56E+07     0.00033975    2.56E+07     1.7648E+05    
   1.57E+07     0.99751      0.00033929    1.57E+07     0.00033929    2.57E+07     1.7519E+05    
   1.58E+07     0.99761      0.00034732    1.58E+07     0.00034732    2.58E+07     1.7322E+05    
   1.59E+07     0.99774      0.00036375    1.59E+07     0.00036375    2.59E+07     1.7424E+05    
   1.6E+07      0.99774      0.00035769    1.6E+07      0.00035769    2.6E+07      1.7565E+05    
   1.61E+07     0.99779      0.00035494    1.61E+07     0.00035494    2.61E+07     1.7499E+05    
   1.62E+07     0.99776      0.00035001    1.62E+07     0.00035001    2.62E+07     1.7628E+05    
   1.63E+07     0.9978       0.00034608    1.63E+07     0.00034608    2.63E+07     1.7747E+05    
   1.64E+07     0.99784      0.00034349    1.64E+07     0.00034349    2.64E+07     1.7807E+05    
   1.65E+07     0.99789      0.00034149    1.65E+07     0.00034149    2.65E+07     1.792E+05     
   1.66E+07     0.99789      0.00033632    1.66E+07     0.00033632    2.66E+07     1.806E+05     
   1.67E+07     0.99787      0.00033174    1.67E+07     0.00033174    2.67E+07     1.8201E+05    
   1.68E+07     0.99781      0.00033147    1.68E+07     0.00033147    2.68E+07     1.8297E+05    
   1.69E+07     0.99776      0.00033164    1.69E+07     0.00033164    2.69E+07     1.8349E+05    
   1.7E+07      0.99773      0.00032768    1.7E+07      0.00032768    2.7E+07      1.8428E+05    
   1.71E+07     0.99773      0.00032312    1.71E+07     0.00032312    2.71E+07     1.8158E+05    
   1.72E+07     0.99764      0.00033072    1.72E+07     0.00033072    2.72E+07     1.8301E+05    
   1.73E+07     0.99768      0.00032851    1.73E+07     0.00032851    2.73E+07     1.8428E+05    
   1.74E+07     0.99765      0.00032537    1.74E+07     0.00032537    2.74E+07     1.8317E+05    
   1.75E+07     0.9977       0.0003249     1.75E+07     0.0003249     2.75E+07     1.8435E+05    
   1.76E+07     0.99775      0.00032388    1.76E+07     0.00032388    2.76E+07     1.8578E+05    
   1.77E+07     0.99767      0.0003283     1.77E+07     0.0003283     2.77E+07     1.862E+05     
   1.78E+07     0.99765      0.0003249     1.78E+07     0.0003249     2.78E+07     1.8621E+05    
   1.79E+07     0.99759      0.00032624    1.79E+07     0.00032624    2.79E+07     1.8656E+05    
   1.8E+07      0.99758      0.00032229    1.8E+07      0.00032229    2.8E+07      1.8797E+05    
   1.81E+07     0.99757      0.00031842    1.81E+07     0.00031842    2.81E+07     1.8916E+05    
   1.82E+07     0.99756      0.00031473    1.82E+07     0.00031473    2.82E+07     1.9057E+05    
   1.83E+07     0.9975       0.00031599    1.83E+07     0.00031599    2.83E+07     1.9099E+05    
   1.84E+07     0.99749      0.00031262    1.84E+07     0.00031262    2.84E+07     1.9069E+05    
   1.85E+07     0.99749      0.00030903    1.85E+07     0.00030903    2.85E+07     1.9152E+05    
   1.86E+07     0.99745      0.00030847    1.86E+07     0.00030847    2.86E+07     1.9215E+05    
   1.87E+07     0.99742      0.00030626    1.87E+07     0.00030626    2.87E+07     1.9152E+05    
   1.88E+07     0.99744      0.0003036     1.88E+07     0.0003036     2.88E+07     1.9254E+05    
   1.89E+07     0.99741      0.00030201    1.89E+07     0.00030201    2.89E+07     1.9212E+05    
   1.9E+07      0.99736      0.00030301    1.9E+07      0.00030301    2.9E+07      1.9228E+05    
   1.91E+07     0.99729      0.0003079     1.91E+07     0.0003079     2.91E+07     1.9352E+05    
   1.92E+07     0.99734      0.00030812    1.92E+07     0.00030812    2.92E+07     1.933E+05     
   1.93E+07     0.99734      0.00030482    1.93E+07     0.00030482    2.93E+07     1.9441E+05    
   1.94E+07     0.99733      0.00030184    1.94E+07     0.00030184    2.94E+07     1.9562E+05    
   1.95E+07     0.99733      0.00029867    1.95E+07     0.00029867    2.95E+07     1.9334E+05    
   1.96E+07     0.99735      0.00029658    1.96E+07     0.00029658    2.96E+07     1.9447E+05    
   1.97E+07     0.99733      0.00029451    1.97E+07     0.00029451    2.97E+07     1.9473E+05    
   1.98E+07     0.9973       0.00029274    1.98E+07     0.00029274    2.98E+07     1.9394E+05    
   1.99E+07     0.9973       0.00028979    1.99E+07     0.00028979    2.99E+07     1.9447E+05    
   2E+07        0.99726      0.00028912    2E+07        0.00028912    3E+07        1.9575E+05    
   2.01E+07     0.99725      0.00028642    2.01E+07     0.00028642    3.01E+07     1.9697E+05    
   2.02E+07     0.99725      0.00028362    2.02E+07     0.00028362    3.02E+07     1.9787E+05    
   2.03E+07     0.99726      0.00028089    2.03E+07     0.00028089    3.03E+07     1.9807E+05    
   2.04E+07     0.99728      0.00027939    2.04E+07     0.00027939    3.04E+07     1.9782E+05    
   2.05E+07     0.99733      0.00027997    2.05E+07     0.00027997    3.05E+07     1.9875E+05    
   2.06E+07     0.9973       0.00027852    2.06E+07     0.00027852    3.06E+07     1.9986E+05    
   2.07E+07     0.99727      0.0002776     2.07E+07     0.0002776     3.07E+07     2.0103E+05    
   2.08E+07     0.99727      0.00027504    2.08E+07     0.00027504    3.08E+07     2.0132E+05    
   2.09E+07     0.99726      0.00027267    2.09E+07     0.00027267    3.09E+07     2.0252E+05    
   2.1E+07      0.99723      0.00027187    2.1E+07      0.00027187    3.1E+07      2.0345E+05    
   2.11E+07     0.99723      0.00026944    2.11E+07     0.00026944    3.11E+07     2.0287E+05    
   2.12E+07     0.99721      0.00026829    2.12E+07     0.00026829    3.12E+07     2.0413E+05    
   2.13E+07     0.9972       0.00026607    2.13E+07     0.00026607    3.13E+07     2.0524E+05    
   2.14E+07     0.99719      0.00026407    2.14E+07     0.00026407    3.14E+07     2.0402E+05    
   2.15E+07     0.99719      0.00026186    2.15E+07     0.00026186    3.15E+07     2.0522E+05    
   2.16E+07     0.99721      0.00026005    2.16E+07     0.00026005    3.16E+07     2.0613E+05    
   2.17E+07     0.99725      0.0002618     2.17E+07     0.0002618     3.17E+07     2.0738E+05    
   2.18E+07     0.99726      0.0002596     2.18E+07     0.0002596     3.18E+07     2.0861E+05    
   2.19E+07     0.99727      0.00025758    2.19E+07     0.00025758    3.19E+07     2.095E+05     
   2.2E+07      0.99729      0.00025621    2.2E+07      0.00025621    3.2E+07      2.0895E+05    
   2.21E+07     0.9973       0.00025435    2.21E+07     0.00025435    3.21E+07     2.0998E+05    
   2.22E+07     0.9973       0.00025227    2.22E+07     0.00025227    3.22E+07     2.1103E+05    
   2.23E+07     0.99729      0.00025025    2.23E+07     0.00025025    3.23E+07     2.1224E+05    
   2.24E+07     0.99728      0.00024859    2.24E+07     0.00024859    3.24E+07     2.1178E+05    
   2.25E+07     0.99731      0.00024808    2.25E+07     0.00024808    3.25E+07     2.1263E+05    
   2.26E+07     0.9973       0.00024616    2.26E+07     0.00024616    3.26E+07     2.1304E+05    
   2.27E+07     0.9973       0.00024425    2.27E+07     0.00024425    3.27E+07     2.1297E+05    
   2.28E+07     0.99725      0.00024683    2.28E+07     0.00024683    3.28E+07     2.1347E+05    
   2.29E+07     0.99727      0.00024566    2.29E+07     0.00024566    3.29E+07     2.1446E+05    
   2.3E+07      0.99727      0.00024377    2.3E+07      0.00024377    3.3E+07      2.1567E+05    
   2.31E+07     0.99728      0.00024215    2.31E+07     0.00024215    3.31E+07     2.1675E+05    
   2.32E+07     0.99725      0.00024254    2.32E+07     0.00024254    3.32E+07     2.175E+05     
   2.33E+07     0.99722      0.00024223    2.33E+07     0.00024223    3.33E+07     2.1849E+05    
   2.34E+07     0.9972       0.00024149    2.34E+07     0.00024149    3.34E+07     2.1964E+05    
   2.35E+07     0.99724      0.00024332    2.35E+07     0.00024332    3.35E+07     2.2049E+05    
   2.36E+07     0.99726      0.00024252    2.36E+07     0.00024252    3.36E+07     2.216E+05     
   2.37E+07     0.99727      0.00024102    2.37E+07     0.00024102    3.37E+07     2.2214E+05    
   2.38E+07     0.99729      0.00023982    2.38E+07     0.00023982    3.38E+07     2.2128E+05    
   2.39E+07     0.99732      0.0002396     2.39E+07     0.0002396     3.39E+07     2.2088E+05    
   2.4E+07      0.99732      0.00023792    2.4E+07      0.00023792    3.4E+07      2.217E+05     
   2.41E+07     0.99732      0.00023628    2.41E+07     0.00023628    3.41E+07     2.2202E+05    
   2.42E+07     0.99732      0.00023465    2.42E+07     0.00023465    3.42E+07     2.2319E+05    
   2.43E+07     0.99731      0.0002332     2.43E+07     0.0002332     3.43E+07     2.2393E+05    
   2.44E+07     0.9973       0.0002317     2.44E+07     0.0002317     3.44E+07     2.2077E+05    
   2.45E+07     0.9973       0.0002301     2.45E+07     0.0002301     3.45E+07     2.2183E+05    
   2.46E+07     0.99733      0.00023041    2.46E+07     0.00023041    3.46E+07     2.2166E+05    
   2.47E+07     0.99731      0.00023001    2.47E+07     0.00023001    3.47E+07     2.2156E+05    
   2.48E+07     0.9973       0.00022874    2.48E+07     0.00022874    3.48E+07     2.2241E+05    
   2.49E+07     0.99728      0.00022771    2.49E+07     0.00022771    3.49E+07     2.2163E+05    
   2.5E+07      0.99728      0.00022628    2.5E+07      0.00022628    3.5E+07      2.2242E+05    
   2.51E+07     0.99728      0.00022478    2.51E+07     0.00022478    3.51E+07     2.2188E+05    
   2.52E+07     0.99725      0.00022504    2.52E+07     0.00022504    3.52E+07     2.2301E+05    
   2.53E+07     0.99723      0.00022411    2.53E+07     0.00022411    3.53E+07     2.2401E+05    
   2.54E+07     0.99724      0.00022284    2.54E+07     0.00022284    3.54E+07     2.2349E+05    
   2.55E+07     0.99724      0.0002214     2.55E+07     0.0002214     3.55E+07     2.2462E+05    
   2.56E+07     0.99724      0.00021999    2.56E+07     0.00021999    3.56E+07     2.2573E+05    
   2.57E+07     0.99727      0.00022037    2.57E+07     0.00022037    3.57E+07     2.2636E+05    
   2.58E+07     0.99724      0.00022117    2.58E+07     0.00022117    3.58E+07     2.2738E+05    
   2.59E+07     0.99725      0.00022008    2.59E+07     0.00022008    3.59E+07     2.2833E+05    
   2.6E+07      0.99726      0.00021877    2.6E+07      0.00021877    3.6E+07      2.2914E+05    
   2.61E+07     0.99723      0.00021876    2.61E+07     0.00021876    3.61E+07     2.302E+05     
   2.62E+07     0.99723      0.00021754    2.62E+07     0.00021754    3.62E+07     2.3059E+05    
   2.63E+07     0.99724      0.00021637    2.63E+07     0.00021637    3.63E+07     2.2972E+05    
   2.64E+07     0.99722      0.0002156     2.64E+07     0.0002156     3.64E+07     2.3075E+05    
   2.65E+07     0.99723      0.0002145     2.65E+07     0.0002145     3.65E+07     2.3144E+05    
   2.66E+07     0.99722      0.00021327    2.66E+07     0.00021327    3.66E+07     2.3255E+05    
   2.67E+07     0.99722      0.00021202    2.67E+07     0.00021202    3.67E+07     2.3351E+05    
   2.68E+07     0.99721      0.00021107    2.68E+07     0.00021107    3.68E+07     2.3356E+05    
   2.69E+07     0.99723      0.00021037    2.69E+07     0.00021037    3.69E+07     2.3013E+05    
   2.7E+07      0.99721      0.00020952    2.7E+07      0.00020952    3.7E+07      2.3025E+05    
   2.71E+07     0.99718      0.00021067    2.71E+07     0.00021067    3.71E+07     2.3036E+05    
   2.72E+07     0.99718      0.00020945    2.72E+07     0.00020945    3.72E+07     2.3111E+05    
   2.73E+07     0.99718      0.00020834    2.73E+07     0.00020834    3.73E+07     2.3178E+05    
   2.74E+07     0.99715      0.00020859    2.74E+07     0.00020859    3.74E+07     2.3089E+05    
   2.75E+07     0.99714      0.00020753    2.75E+07     0.00020753    3.75E+07     2.3193E+05    
   2.76E+07     0.99714      0.00020635    2.76E+07     0.00020635    3.76E+07     2.3289E+05    
   2.77E+07     0.99716      0.00020575    2.77E+07     0.00020575    3.77E+07     2.3392E+05    
   2.78E+07     0.99718      0.00020537    2.78E+07     0.00020537    3.78E+07     2.3386E+05    
   2.79E+07     0.99716      0.0002048     2.79E+07     0.0002048     3.79E+07     2.3479E+05    
   2.8E+07      0.99716      0.00020366    2.8E+07      0.00020366    3.8E+07      2.3584E+05    
   2.81E+07     0.99717      0.00020265    2.81E+07     0.00020265    3.81E+07     2.3661E+05    
   2.82E+07     0.99717      0.00020154    2.82E+07     0.00020154    3.82E+07     2.365E+05     
   2.83E+07     0.99718      0.00020096    2.83E+07     0.00020096    3.83E+07     2.3745E+05    
   2.84E+07     0.9972       0.00020075    2.84E+07     0.00020075    3.84E+07     2.3836E+05    
   2.85E+07     0.99721      0.00019996    2.85E+07     0.00019996    3.85E+07     2.3886E+05    
   2.86E+07     0.9972       0.00019928    2.86E+07     0.00019928    3.86E+07     2.3855E+05    
   2.87E+07     0.99722      0.00019925    2.87E+07     0.00019925    3.87E+07     2.3832E+05    
   2.88E+07     0.99723      0.00019836    2.88E+07     0.00019836    3.88E+07     2.3914E+05    
   2.89E+07     0.99721      0.00019823    2.89E+07     0.00019823    3.89E+07     2.4016E+05    
   2.9E+07      0.99723      0.00019781    2.9E+07      0.00019781    3.9E+07      2.3806E+05    
   2.91E+07     0.99722      0.00019683    2.91E+07     0.00019683    3.91E+07     2.387E+05     
   2.92E+07     0.9972       0.0001966     2.92E+07     0.0001966     3.92E+07     2.391E+05     
   2.93E+07     0.9972       0.00019569    2.93E+07     0.00019569    3.93E+07     2.3931E+05    
   2.94E+07     0.99719      0.00019475    2.94E+07     0.00019475    3.94E+07     2.4031E+05    
   2.95E+07     0.99722      0.00019555    2.95E+07     0.00019555    3.95E+07     2.406E+05     
   2.96E+07     0.99721      0.00019465    2.96E+07     0.00019465    3.96E+07     2.4161E+05    
   2.97E+07     0.9972       0.00019418    2.97E+07     0.00019418    3.97E+07     2.423E+05     
   2.98E+07     0.99718      0.00019425    2.98E+07     0.00019425    3.98E+07     2.4332E+05    
   2.99E+07     0.99717      0.00019365    2.99E+07     0.00019365    3.99E+07     2.4405E+05    
   3E+07        0.99717      0.00019269    3E+07        0.00019269    4E+07        2.448E+05     
   3.01E+07     0.99717      0.00019174    3.01E+07     0.00019174    4.01E+07     2.4494E+05    
   3.02E+07     0.99718      0.00019098    3.02E+07     0.00019098    4.02E+07     2.4595E+05    
   3.03E+07     0.99719      0.00019057    3.03E+07     0.00019057    4.03E+07     2.4696E+05    
   3.04E+07     0.99721      0.00019037    3.04E+07     0.00019037    4.04E+07     2.4796E+05    
   3.05E+07     0.9972       0.0001896     3.05E+07     0.0001896     4.05E+07     2.4887E+05    
   3.06E+07     0.99719      0.00018876    3.06E+07     0.00018876    4.06E+07     2.4989E+05    
   3.07E+07     0.9972       0.0001879     3.07E+07     0.0001879     4.07E+07     2.4956E+05    
   3.08E+07     0.99721      0.00018746    3.08E+07     0.00018746    4.08E+07     2.4857E+05    
   3.09E+07     0.99722      0.0001866     3.09E+07     0.0001866     4.09E+07     2.4947E+05    
   3.1E+07      0.99721      0.00018586    3.1E+07      0.00018586    4.1E+07      2.5023E+05    
   3.11E+07     0.99723      0.00018582    3.11E+07     0.00018582    4.11E+07     2.5073E+05    
   3.12E+07     0.99723      0.00018495    3.12E+07     0.00018495    4.12E+07     2.5172E+05    
   3.13E+07     0.99722      0.00018415    3.13E+07     0.00018415    4.13E+07     2.523E+05     
   3.14E+07     0.9972       0.00018439    3.14E+07     0.00018439    4.14E+07     2.5269E+05    
   3.15E+07     0.9972       0.00018356    3.15E+07     0.00018356    4.15E+07     2.5369E+05    
   3.16E+07     0.99719      0.00018286    3.16E+07     0.00018286    4.16E+07     2.5396E+05    
   3.17E+07     0.99719      0.00018202    3.17E+07     0.00018202    4.17E+07     2.5428E+05    
   3.18E+07     0.99719      0.00018118    3.18E+07     0.00018118    4.18E+07     2.5435E+05    
   3.19E+07     0.9972       0.00018051    3.19E+07     0.00018051    4.19E+07     2.5531E+05    
   3.2E+07      0.99722      0.00018046    3.2E+07      0.00018046    4.2E+07      2.5323E+05    
   3.21E+07     0.99721      0.00017974    3.21E+07     0.00017974    4.21E+07     2.5381E+05    
   3.22E+07     0.99721      0.00017901    3.22E+07     0.00017901    4.22E+07     2.4811E+05    
   3.23E+07     0.99721      0.00017821    3.23E+07     0.00017821    4.23E+07     2.4902E+05    
   3.24E+07     0.9972       0.00017813    3.24E+07     0.00017813    4.24E+07     2.4942E+05    
   3.25E+07     0.99721      0.00017749    3.25E+07     0.00017749    4.25E+07     2.5023E+05    
   3.26E+07     0.99722      0.00017705    3.26E+07     0.00017705    4.26E+07     2.5117E+05    
   3.27E+07     0.99723      0.0001768     3.27E+07     0.0001768     4.27E+07     2.5212E+05    
   3.28E+07     0.99724      0.00017632    3.28E+07     0.00017632    4.28E+07     2.5296E+05    
   3.29E+07     0.99723      0.00017564    3.29E+07     0.00017564    4.29E+07     2.5374E+05    
   3.3E+07      0.99723      0.00017488    3.3E+07      0.00017488    4.3E+07      2.5456E+05    
   3.31E+07     0.99723      0.00017417    3.31E+07     0.00017417    4.31E+07     2.5354E+05    
   3.32E+07     0.99722      0.00017361    3.32E+07     0.00017361    4.32E+07     2.5326E+05    
   3.33E+07     0.99722      0.00017295    3.33E+07     0.00017295    4.33E+07     2.5419E+05    
   3.34E+07     0.99721      0.00017224    3.34E+07     0.00017224    4.34E+07     2.5506E+05    
   3.35E+07     0.99722      0.00017164    3.35E+07     0.00017164    4.35E+07     2.5098E+05    
   3.36E+07     0.99722      0.00017095    3.36E+07     0.00017095    4.36E+07     2.4965E+05    
   3.37E+07     0.99721      0.00017049    3.37E+07     0.00017049    4.37E+07     2.4936E+05    
   3.38E+07     0.99722      0.00017057    3.38E+07     0.00017057    4.38E+07     2.4808E+05    
   3.39E+07     0.99724      0.00017046    3.39E+07     0.00017046    4.39E+07     2.4897E+05    
   3.4E+07      0.99723      0.00016989    3.4E+07      0.00016989    4.4E+07      2.4985E+05    
   3.41E+07     0.99724      0.00016952    3.41E+07     0.00016952    4.41E+07     2.4495E+05    
   3.42E+07     0.99724      0.00016882    3.42E+07     0.00016882    4.42E+07     2.4445E+05    
   3.43E+07     0.99725      0.0001683     3.43E+07     0.0001683     4.43E+07     2.4528E+05    
   3.44E+07     0.99728      0.00016923    3.44E+07     0.00016923    4.44E+07     2.461E+05     
   3.45E+07     0.99727      0.00016858    3.45E+07     0.00016858    4.45E+07     2.4648E+05    
   3.46E+07     0.99726      0.0001684     3.46E+07     0.0001684     4.46E+07     2.472E+05     
   3.47E+07     0.99727      0.00016819    3.47E+07     0.00016819    4.47E+07     2.4806E+05    
   3.48E+07     0.99727      0.00016762    3.48E+07     0.00016762    4.48E+07     2.4879E+05    
   3.49E+07     0.99728      0.00016767    3.49E+07     0.00016767    4.49E+07     2.4706E+05    
   3.5E+07      0.99729      0.00016713    3.5E+07      0.00016713    4.5E+07      2.4733E+05    
   3.51E+07     0.99727      0.0001671     3.51E+07     0.0001671     4.51E+07     2.4802E+05    
   3.52E+07     0.99727      0.00016643    3.52E+07     0.00016643    4.52E+07     2.468E+05     
   3.53E+07     0.99727      0.00016582    3.53E+07     0.00016582    4.53E+07     2.4587E+05    
   3.54E+07     0.99726      0.00016577    3.54E+07     0.00016577    4.54E+07     2.4418E+05    
   3.55E+07     0.99726      0.00016513    3.55E+07     0.00016513    4.55E+07     2.4497E+05    
   3.56E+07     0.99726      0.00016448    3.56E+07     0.00016448    4.56E+07     2.4473E+05    
   3.57E+07     0.99725      0.00016402    3.57E+07     0.00016402    4.57E+07     2.4554E+05    
   3.58E+07     0.99725      0.00016342    3.58E+07     0.00016342    4.58E+07     2.4588E+05    
   3.59E+07     0.99725      0.00016285    3.59E+07     0.00016285    4.59E+07     2.4652E+05    
   3.6E+07      0.99724      0.00016233    3.6E+07      0.00016233    4.6E+07      2.4733E+05    
   3.61E+07     0.99724      0.00016173    3.61E+07     0.00016173    4.61E+07     2.4765E+05    
   3.62E+07     0.99724      0.00016137    3.62E+07     0.00016137    4.62E+07     2.4531E+05    
   3.63E+07     0.99722      0.00016145    3.63E+07     0.00016145    4.63E+07     2.4486E+05    
   3.64E+07     0.99722      0.00016087    3.64E+07     0.00016087    4.64E+07     2.4536E+05    
   3.65E+07     0.99722      0.0001604     3.65E+07     0.0001604     4.65E+07     2.4604E+05    
   3.66E+07     0.99722      0.0001598     3.66E+07     0.0001598     4.66E+07     2.4545E+05    
   3.67E+07     0.99723      0.00015925    3.67E+07     0.00015925    4.67E+07     2.4626E+05    
   3.68E+07     0.99724      0.00015901    3.68E+07     0.00015901    4.68E+07     2.4667E+05    
   3.69E+07     0.99722      0.00015998    3.69E+07     0.00015998    4.69E+07     2.4644E+05    
   3.7E+07      0.99721      0.00015971    3.7E+07      0.00015971    4.7E+07      2.4682E+05    
   3.71E+07     0.9972       0.00015946    3.71E+07     0.00015946    4.71E+07     2.4763E+05    
   3.72E+07     0.99719      0.00015898    3.72E+07     0.00015898    4.72E+07     2.4808E+05    
   3.73E+07     0.9972       0.00015854    3.73E+07     0.00015854    4.73E+07     2.4874E+05    
   3.74E+07     0.99721      0.00015862    3.74E+07     0.00015862    4.74E+07     2.4908E+05    
   3.75E+07     0.99721      0.00015805    3.75E+07     0.00015805    4.75E+07     2.4988E+05    
   3.76E+07     0.99721      0.00015752    3.76E+07     0.00015752    4.76E+07     2.501E+05     
   3.77E+07     0.99721      0.00015696    3.77E+07     0.00015696    4.77E+07     2.5032E+05    
   3.78E+07     0.9972       0.00015676    3.78E+07     0.00015676    4.78E+07     2.5016E+05    
   3.79E+07     0.99721      0.00015624    3.79E+07     0.00015624    4.79E+07     2.5096E+05    
   3.8E+07      0.99721      0.00015569    3.8E+07      0.00015569    4.8E+07      2.5173E+05    
   3.81E+07     0.99721      0.00015523    3.81E+07     0.00015523    4.81E+07     2.5245E+05    
   3.82E+07     0.9972       0.00015506    3.82E+07     0.00015506    4.82E+07     2.5289E+05    
   3.83E+07     0.9972       0.00015454    3.83E+07     0.00015454    4.83E+07     2.5347E+05    
   3.84E+07     0.99721      0.00015404    3.84E+07     0.00015404    4.84E+07     2.5426E+05    
   3.85E+07     0.99721      0.00015368    3.85E+07     0.00015368    4.85E+07     2.549E+05     
   3.86E+07     0.99723      0.00015358    3.86E+07     0.00015358    4.86E+07     2.5536E+05    
   3.87E+07     0.99724      0.00015345    3.87E+07     0.00015345    4.87E+07     2.5524E+05    
   3.88E+07     0.99724      0.00015298    3.88E+07     0.00015298    4.88E+07     2.5339E+05    
   3.89E+07     0.99724      0.00015246    3.89E+07     0.00015246    4.89E+07     2.5339E+05    
   3.9E+07      0.99723      0.00015294    3.9E+07      0.00015294    4.9E+07      2.5385E+05    
   3.91E+07     0.99723      0.00015251    3.91E+07     0.00015251    4.91E+07     2.5449E+05    
   3.92E+07     0.99724      0.00015219    3.92E+07     0.00015219    4.92E+07     2.5477E+05    
   3.93E+07     0.99723      0.00015193    3.93E+07     0.00015193    4.93E+07     2.5543E+05    
   3.94E+07     0.99723      0.00015142    3.94E+07     0.00015142    4.94E+07     2.5543E+05    
   3.95E+07     0.99722      0.00015113    3.95E+07     0.00015113    4.95E+07     2.5602E+05    
   3.96E+07     0.99722      0.00015062    3.96E+07     0.00015062    4.96E+07     2.5671E+05    
   3.97E+07     0.99721      0.00015021    3.97E+07     0.00015021    4.97E+07     2.5676E+05    
   3.98E+07     0.99721      0.00014971    3.98E+07     0.00014971    4.98E+07     2.5684E+05    
   3.99E+07     0.99722      0.00014929    3.99E+07     0.00014929    4.99E+07     2.5741E+05    
   4E+07        0.99721      0.00014887    4E+07        0.00014887    5E+07        2.5732E+05    
   4.01E+07     0.99722      0.00014864    4.01E+07     0.00014864    5.01E+07     2.5648E+05    
   4.02E+07     0.99722      0.00014815    4.02E+07     0.00014815    5.02E+07     2.568E+05     
   4.03E+07     0.99722      0.00014767    4.03E+07     0.00014767    5.03E+07     2.5719E+05    
   4.04E+07     0.99722      0.00014718    4.04E+07     0.00014718    5.04E+07     2.5793E+05    
   4.05E+07     0.99722      0.00014673    4.05E+07     0.00014673    5.05E+07     2.5863E+05    
   4.06E+07     0.99722      0.00014625    4.06E+07     0.00014625    5.06E+07     2.5932E+05    
   4.07E+07     0.99723      0.00014616    4.07E+07     0.00014616    5.07E+07     2.5998E+05    
   4.08E+07     0.99722      0.00014627    4.08E+07     0.00014627    5.08E+07     2.5943E+05    
   4.09E+07     0.99722      0.00014583    4.09E+07     0.00014583    5.09E+07     2.5765E+05    
   4.1E+07      0.99722      0.00014543    4.1E+07      0.00014543    5.1E+07      2.5834E+05    
   4.11E+07     0.99722      0.0001451     4.11E+07     0.0001451     5.11E+07     2.5871E+05    
   4.12E+07     0.99723      0.00014464    4.12E+07     0.00014464    5.12E+07     2.5906E+05    
   4.13E+07     0.99722      0.00014429    4.13E+07     0.00014429    5.13E+07     2.5897E+05    
   4.14E+07     0.99721      0.00014401    4.14E+07     0.00014401    5.14E+07     2.5942E+05    
   4.15E+07     0.99721      0.00014355    4.15E+07     0.00014355    5.15E+07     2.6009E+05    
   4.16E+07     0.99722      0.0001433     4.16E+07     0.0001433     5.16E+07     2.6017E+05    
   4.17E+07     0.99721      0.00014303    4.17E+07     0.00014303    5.17E+07     2.6087E+05    
   4.18E+07     0.99722      0.00014284    4.18E+07     0.00014284    5.18E+07     2.6126E+05    
   4.19E+07     0.99722      0.0001424     4.19E+07     0.0001424     5.19E+07     2.619E+05     
   4.2E+07      0.99724      0.00014281    4.2E+07      0.00014281    5.2E+07      2.6257E+05    
   4.21E+07     0.99724      0.00014247    4.21E+07     0.00014247    5.21E+07     2.6305E+05    
   4.22E+07     0.99726      0.00014393    4.22E+07     0.00014393    5.22E+07     2.6228E+05    
   4.23E+07     0.99727      0.00014349    4.23E+07     0.00014349    5.23E+07     2.6293E+05    
   4.24E+07     0.99726      0.00014321    4.24E+07     0.00014321    5.24E+07     2.6148E+05    
   4.25E+07     0.99726      0.00014281    4.25E+07     0.00014281    5.25E+07     2.5842E+05    
   4.26E+07     0.99726      0.00014237    4.26E+07     0.00014237    5.26E+07     2.5622E+05    
   4.27E+07     0.99726      0.00014194    4.27E+07     0.00014194    5.27E+07     2.5693E+05    
   4.28E+07     0.99726      0.00014154    4.28E+07     0.00014154    5.28E+07     2.5751E+05    
   4.29E+07     0.99726      0.00014115    4.29E+07     0.00014115    5.29E+07     2.5762E+05    
   4.3E+07      0.99726      0.00014075    4.3E+07      0.00014075    5.3E+07      2.5803E+05    
   4.31E+07     0.99727      0.00014087    4.31E+07     0.00014087    5.31E+07     2.5753E+05    
   4.32E+07     0.99728      0.00014078    4.32E+07     0.00014078    5.32E+07     2.5821E+05    
   4.33E+07     0.99728      0.00014037    4.33E+07     0.00014037    5.33E+07     2.5806E+05    
   4.34E+07     0.99728      0.00013995    4.34E+07     0.00013995    5.34E+07     2.5877E+05    
   4.35E+07     0.9973       0.00014092    4.35E+07     0.00014092    5.35E+07     2.5917E+05    
   4.36E+07     0.99729      0.00014114    4.36E+07     0.00014114    5.36E+07     2.5956E+05    
   4.37E+07     0.99728      0.00014106    4.37E+07     0.00014106    5.37E+07     2.5976E+05    
   4.38E+07     0.99727      0.00014125    4.38E+07     0.00014125    5.38E+07     2.6039E+05    
   4.39E+07     0.99727      0.00014083    4.39E+07     0.00014083    5.39E+07     2.6004E+05    
   4.4E+07      0.99727      0.00014043    4.4E+07      0.00014043    5.4E+07      2.6072E+05    
   4.41E+07     0.99729      0.00014166    4.41E+07     0.00014166    5.41E+07     2.5958E+05    
   4.42E+07     0.99728      0.00014165    4.42E+07     0.00014165    5.42E+07     2.6003E+05    
   4.43E+07     0.99728      0.00014124    4.43E+07     0.00014124    5.43E+07     2.5991E+05    
   4.44E+07     0.99728      0.00014085    4.44E+07     0.00014085    5.44E+07     2.5987E+05    
   4.45E+07     0.99729      0.00014058    4.45E+07     0.00014058    5.45E+07     2.6024E+05    
   4.46E+07     0.99729      0.00014021    4.46E+07     0.00014021    5.46E+07     2.5959E+05    
   4.47E+07     0.99729      0.00013981    4.47E+07     0.00013981    5.47E+07     2.5982E+05    
   4.48E+07     0.99728      0.00013945    4.48E+07     0.00013945    5.48E+07     2.6025E+05    
   4.49E+07     0.9973       0.00013978    4.49E+07     0.00013978    5.49E+07     2.5981E+05    
   4.5E+07      0.99729      0.00013955    4.5E+07      0.00013955    5.5E+07      2.6046E+05    
   4.51E+07     0.99729      0.00013919    4.51E+07     0.00013919    5.51E+07     2.6104E+05    
   4.52E+07     0.9973       0.00013938    4.52E+07     0.00013938    5.52E+07     2.6172E+05    
   4.53E+07     0.99731      0.00013949    4.53E+07     0.00013949    5.53E+07     2.6187E+05    
   4.54E+07     0.99733      0.00013982    4.54E+07     0.00013982    5.54E+07     2.6153E+05    
   4.55E+07     0.99733      0.00013943    4.55E+07     0.00013943    5.55E+07     2.6207E+05    
   4.56E+07     0.99732      0.00013935    4.56E+07     0.00013935    5.56E+07     2.6027E+05    
   4.57E+07     0.99732      0.00013897    4.57E+07     0.00013897    5.57E+07     2.6067E+05    
   4.58E+07     0.99731      0.00013872    4.58E+07     0.00013872    5.58E+07     2.5986E+05    
   4.59E+07     0.99731      0.00013839    4.59E+07     0.00013839    5.59E+07     2.5992E+05    
   4.6E+07      0.99731      0.000138      4.6E+07      0.000138      5.6E+07      2.6016E+05    
   4.61E+07     0.99731      0.00013776    4.61E+07     0.00013776    5.61E+07     2.5995E+05    
   4.62E+07     0.99733      0.00013827    4.62E+07     0.00013827    5.62E+07     2.6045E+05    
   4.63E+07     0.99734      0.00013824    4.63E+07     0.00013824    5.63E+07     2.6109E+05    
   4.64E+07     0.99735      0.00013795    4.64E+07     0.00013795    5.64E+07     2.6112E+05    
   4.65E+07     0.99735      0.00013761    4.65E+07     0.00013761    5.65E+07     2.6172E+05    
   4.66E+07     0.99736      0.00013763    4.66E+07     0.00013763    5.66E+07     2.6224E+05    
   4.67E+07     0.99736      0.00013725    4.67E+07     0.00013725    5.67E+07     2.6231E+05    
   4.68E+07     0.99736      0.00013699    4.68E+07     0.00013699    5.68E+07     2.6244E+05    
   4.69E+07     0.99737      0.0001369     4.69E+07     0.0001369     5.69E+07     2.6309E+05    
   4.7E+07      0.99738      0.00013665    4.7E+07      0.00013665    5.7E+07      2.6369E+05    
   4.71E+07     0.99738      0.00013628    4.71E+07     0.00013628    5.71E+07     2.6418E+05    
   4.72E+07     0.99737      0.00013601    4.72E+07     0.00013601    5.72E+07     2.6193E+05    
   4.73E+07     0.99738      0.00013568    4.73E+07     0.00013568    5.73E+07     2.6255E+05    
   4.74E+07     0.99737      0.00013545    4.74E+07     0.00013545    5.74E+07     2.6319E+05    
   4.75E+07     0.99737      0.00013509    4.75E+07     0.00013509    5.75E+07     2.638E+05     
   4.76E+07     0.99736      0.00013489    4.76E+07     0.00013489    5.76E+07     2.6335E+05    
   4.77E+07     0.99737      0.00013468    4.77E+07     0.00013468    5.77E+07     2.6393E+05    
   4.78E+07     0.99736      0.00013458    4.78E+07     0.00013458    5.78E+07     2.6282E+05    
   4.79E+07     0.99736      0.00013423    4.79E+07     0.00013423    5.79E+07     2.5916E+05    
   4.8E+07      0.99736      0.00013388    4.8E+07      0.00013388    5.8E+07      2.5858E+05    
   4.81E+07     0.99736      0.00013353    4.81E+07     0.00013353    5.81E+07     2.5921E+05    
   4.82E+07     0.99737      0.00013328    4.82E+07     0.00013328    5.82E+07     2.5967E+05    
   4.83E+07     0.99736      0.00013299    4.83E+07     0.00013299    5.83E+07     2.6019E+05    
   4.84E+07     0.99737      0.00013264    4.84E+07     0.00013264    5.84E+07     2.608E+05     
   4.85E+07     0.99736      0.00013233    4.85E+07     0.00013233    5.85E+07     2.6119E+05    
   4.86E+07     0.99737      0.00013208    4.86E+07     0.00013208    5.86E+07     2.6182E+05    
   4.87E+07     0.99737      0.00013197    4.87E+07     0.00013197    5.87E+07     2.6211E+05    
   4.88E+07     0.99739      0.00013232    4.88E+07     0.00013232    5.88E+07     2.6213E+05    
   4.89E+07     0.9974       0.00013218    4.89E+07     0.00013218    5.89E+07     2.6222E+05    
   4.9E+07      0.9974       0.00013192    4.9E+07      0.00013192    5.9E+07      2.6118E+05    
   4.91E+07     0.9974       0.00013162    4.91E+07     0.00013162    5.91E+07     2.6089E+05    
   4.92E+07     0.9974       0.00013142    4.92E+07     0.00013142    5.92E+07     2.612E+05     
   4.93E+07     0.9974       0.00013111    4.93E+07     0.00013111    5.93E+07     2.6141E+05    
   4.94E+07     0.99741      0.00013098    4.94E+07     0.00013098    5.94E+07     2.61E+05      
   4.95E+07     0.99741      0.00013069    4.95E+07     0.00013069    5.95E+07     2.6118E+05    
   4.96E+07     0.99741      0.00013038    4.96E+07     0.00013038    5.96E+07     2.6161E+05    
   4.97E+07     0.99742      0.00013024    4.97E+07     0.00013024    5.97E+07     2.6168E+05    
   4.98E+07     0.99742      0.00013008    4.98E+07     0.00013008    5.98E+07     2.6226E+05    
   4.99E+07     0.99743      0.00012981    4.99E+07     0.00012981    5.99E+07     2.6284E+05    
   5E+07        0.99743      0.0001297     5E+07        0.0001297     6E+07        2.6345E+05    
   5.01E+07     0.99742      0.00012978    5.01E+07     0.00012978    6.01E+07     2.6387E+05    
   5.02E+07     0.99743      0.00012957    5.02E+07     0.00012957    6.02E+07     2.6448E+05    
   5.03E+07     0.99742      0.00012934    5.03E+07     0.00012934    6.03E+07     2.6494E+05    
   5.04E+07     0.99742      0.00012903    5.04E+07     0.00012903    6.04E+07     2.6555E+05    
   5.05E+07     0.99742      0.00012872    5.05E+07     0.00012872    6.05E+07     2.6457E+05    
   5.06E+07     0.99742      0.00012842    5.06E+07     0.00012842    6.06E+07     2.6515E+05    
   5.07E+07     0.99742      0.00012813    5.07E+07     0.00012813    6.07E+07     2.6574E+05    
   5.08E+07     0.99741      0.00012814    5.08E+07     0.00012814    6.08E+07     2.6623E+05    
   5.09E+07     0.9974       0.00012846    5.09E+07     0.00012846    6.09E+07     2.6672E+05    
   5.1E+07      0.9974       0.00012816    5.1E+07      0.00012816    6.1E+07      2.6727E+05    
   5.11E+07     0.99741      0.00012794    5.11E+07     0.00012794    6.11E+07     2.6788E+05    
   5.12E+07     0.9974       0.00012773    5.12E+07     0.00012773    6.12E+07     2.674E+05     
   5.13E+07     0.99741      0.00012762    5.13E+07     0.00012762    6.13E+07     2.6731E+05    
   5.14E+07     0.99741      0.00012739    5.14E+07     0.00012739    6.14E+07     2.6776E+05    
   5.15E+07     0.9974       0.0001271     5.15E+07     0.0001271     6.15E+07     2.6837E+05    
   5.16E+07     0.99741      0.00012695    5.16E+07     0.00012695    6.16E+07     2.6721E+05    
   5.17E+07     0.99741      0.00012666    5.17E+07     0.00012666    6.17E+07     2.677E+05     
   5.18E+07     0.9974       0.00012644    5.18E+07     0.00012644    6.18E+07     2.6791E+05    
   5.19E+07     0.9974       0.00012617    5.19E+07     0.00012617    6.19E+07     2.681E+05     
   5.2E+07      0.9974       0.00012588    5.2E+07      0.00012588    6.2E+07      2.6717E+05    
   5.21E+07     0.9974       0.00012564    5.21E+07     0.00012564    6.21E+07     2.6678E+05    
   5.22E+07     0.99741      0.00012571    5.22E+07     0.00012571    6.22E+07     2.6666E+05    
   5.23E+07     0.99741      0.00012543    5.23E+07     0.00012543    6.23E+07     2.6562E+05    
   5.24E+07     0.9974       0.00012565    5.24E+07     0.00012565    6.24E+07     2.6596E+05    
   5.25E+07     0.99739      0.00012627    5.25E+07     0.00012627    6.25E+07     2.6565E+05    
   5.26E+07     0.99737      0.00012669    5.26E+07     0.00012669    6.26E+07     2.654E+05     
   5.27E+07     0.99737      0.0001264     5.27E+07     0.0001264     6.27E+07     2.6566E+05    
   5.28E+07     0.99737      0.00012613    5.28E+07     0.00012613    6.28E+07     2.6608E+05    
   5.29E+07     0.99736      0.00012598    5.29E+07     0.00012598    6.29E+07     2.6641E+05    
   5.3E+07      0.99737      0.00012576    5.3E+07      0.00012576    6.3E+07      2.6685E+05    
   5.31E+07     0.99736      0.00012577    5.31E+07     0.00012577    6.31E+07     2.6503E+05    
   5.32E+07     0.99736      0.00012548    5.32E+07     0.00012548    6.32E+07     2.6552E+05    
   5.33E+07     0.99737      0.00012539    5.33E+07     0.00012539    6.33E+07     2.6567E+05    
   5.34E+07     0.99736      0.00012511    5.34E+07     0.00012511    6.34E+07     2.6621E+05    
   5.35E+07     0.99737      0.00012489    5.35E+07     0.00012489    6.35E+07     2.6677E+05    
   5.36E+07     0.99736      0.00012468    5.36E+07     0.00012468    6.36E+07     2.6629E+05    
   5.37E+07     0.99736      0.00012451    5.37E+07     0.00012451    6.37E+07     2.6614E+05    
   5.38E+07     0.99736      0.00012425    5.38E+07     0.00012425    6.38E+07     2.6647E+05    
   5.39E+07     0.99735      0.00012422    5.39E+07     0.00012422    6.39E+07     2.6697E+05    
   5.4E+07      0.99735      0.00012394    5.4E+07      0.00012394    6.4E+07      2.6751E+05    
   5.41E+07     0.99736      0.00012409    5.41E+07     0.00012409    6.41E+07     2.6746E+05    
   5.42E+07     0.99736      0.00012387    5.42E+07     0.00012387    6.42E+07     2.6641E+05    
   5.43E+07     0.99736      0.00012379    5.43E+07     0.00012379    6.43E+07     2.6697E+05    
   5.44E+07     0.99736      0.00012368    5.44E+07     0.00012368    6.44E+07     2.6719E+05    
   5.45E+07     0.99737      0.00012348    5.45E+07     0.00012348    6.45E+07     2.6763E+05    
   5.46E+07     0.99736      0.00012351    5.46E+07     0.00012351    6.46E+07     2.6818E+05    
   5.47E+07     0.99736      0.00012335    5.47E+07     0.00012335    6.47E+07     2.6741E+05    
   5.48E+07     0.99737      0.00012313    5.48E+07     0.00012313    6.48E+07     2.6637E+05    
   5.49E+07     0.99736      0.00012312    5.49E+07     0.00012312    6.49E+07     2.6606E+05    
   5.5E+07      0.99736      0.00012286    5.5E+07      0.00012286    6.5E+07      2.6652E+05    
   5.51E+07     0.99736      0.00012261    5.51E+07     0.00012261    6.51E+07     2.6592E+05    
   5.52E+07     0.99736      0.00012234    5.52E+07     0.00012234    6.52E+07     2.6537E+05    
   5.53E+07     0.99737      0.00012219    5.53E+07     0.00012219    6.53E+07     2.6588E+05    
   5.54E+07     0.99738      0.00012216    5.54E+07     0.00012216    6.54E+07     2.6496E+05    
   5.55E+07     0.99737      0.00012192    5.55E+07     0.00012192    6.55E+07     2.6408E+05    
   5.56E+07     0.99738      0.00012223    5.56E+07     0.00012223    6.56E+07     2.6462E+05    
   5.57E+07     0.99738      0.00012203    5.57E+07     0.00012203    6.57E+07     2.6465E+05    
   5.58E+07     0.99737      0.0001221     5.58E+07     0.0001221     6.58E+07     2.6483E+05    
   5.59E+07     0.99738      0.00012198    5.59E+07     0.00012198    6.59E+07     2.6503E+05    
   5.6E+07      0.99738      0.00012182    5.6E+07      0.00012182    6.6E+07      2.6557E+05    
   5.61E+07     0.99737      0.00012176    5.61E+07     0.00012176    6.61E+07     2.6599E+05    
   5.62E+07     0.99737      0.00012153    5.62E+07     0.00012153    6.62E+07     2.6625E+05    
   5.63E+07     0.99737      0.00012127    5.63E+07     0.00012127    6.63E+07     2.6423E+05    
   5.64E+07     0.99736      0.00012116    5.64E+07     0.00012116    6.64E+07     2.6477E+05    
   5.65E+07     0.99737      0.00012091    5.65E+07     0.00012091    6.65E+07     2.6526E+05    
   5.66E+07     0.99736      0.00012068    5.66E+07     0.00012068    6.66E+07     2.6575E+05    
   5.67E+07     0.99737      0.00012056    5.67E+07     0.00012056    6.67E+07     2.6628E+05    
   5.68E+07     0.99737      0.00012042    5.68E+07     0.00012042    6.68E+07     2.6682E+05    
   5.69E+07     0.99737      0.00012017    5.69E+07     0.00012017    6.69E+07     2.6724E+05    
   5.7E+07      0.99738      0.00011992    5.7E+07      0.00011992    6.7E+07      2.6701E+05    
   5.71E+07     0.99738      0.00011969    5.71E+07     0.00011969    6.71E+07     2.6751E+05    
   5.72E+07     0.99737      0.0001201     5.72E+07     0.0001201     6.72E+07     2.6802E+05    
   5.73E+07     0.99736      0.00011985    5.73E+07     0.00011985    6.73E+07     2.6854E+05    
   5.74E+07     0.99736      0.0001196     5.74E+07     0.0001196     6.74E+07     2.6885E+05    
   5.75E+07     0.99736      0.00011936    5.75E+07     0.00011936    6.75E+07     2.6913E+05    
   5.76E+07     0.99735      0.00011936    5.76E+07     0.00011936    6.76E+07     2.685E+05     
   5.77E+07     0.99735      0.00011912    5.77E+07     0.00011912    6.77E+07     2.6893E+05    
   5.78E+07     0.99736      0.00011927    5.78E+07     0.00011927    6.78E+07     2.6697E+05    
   5.79E+07     0.99738      0.00012       5.79E+07     0.00012       6.79E+07     2.6737E+05    
   5.8E+07      0.99737      0.00012003    5.8E+07      0.00012003    6.8E+07      2.6779E+05    
   5.81E+07     0.99737      0.00011978    5.81E+07     0.00011978    6.81E+07     2.6758E+05    
   5.82E+07     0.99737      0.00011957    5.82E+07     0.00011957    6.82E+07     2.6769E+05    
   5.83E+07     0.99737      0.00011935    5.83E+07     0.00011935    6.83E+07     2.681E+05     
   5.84E+07     0.99737      0.0001191     5.84E+07     0.0001191     6.84E+07     2.6749E+05    
   5.85E+07     0.99737      0.00011891    5.85E+07     0.00011891    6.85E+07     2.6799E+05    
   5.86E+07     0.99737      0.00011867    5.86E+07     0.00011867    6.86E+07     2.6803E+05    
   5.87E+07     0.99738      0.0001185     5.87E+07     0.0001185     6.87E+07     2.6835E+05    
   5.88E+07     0.99738      0.00011839    5.88E+07     0.00011839    6.88E+07     2.6877E+05    
   5.89E+07     0.99738      0.00011827    5.89E+07     0.00011827    6.89E+07     2.6903E+05    
   5.9E+07      0.99739      0.00011841    5.9E+07      0.00011841    6.9E+07      2.691E+05     
   5.91E+07     0.99739      0.00011837    5.91E+07     0.00011837    6.91E+07     2.6943E+05    
   5.92E+07     0.9974       0.0001182     5.92E+07     0.0001182     6.92E+07     2.6995E+05    
   5.93E+07     0.9974       0.00011805    5.93E+07     0.00011805    6.93E+07     2.7041E+05    
   5.94E+07     0.99741      0.00011804    5.94E+07     0.00011804    6.94E+07     2.7083E+05    
   5.95E+07     0.99742      0.00011791    5.95E+07     0.00011791    6.95E+07     2.6996E+05    
   5.96E+07     0.99741      0.00011771    5.96E+07     0.00011771    6.96E+07     2.7046E+05    
   5.97E+07     0.99741      0.00011759    5.97E+07     0.00011759    6.97E+07     2.7013E+05    
   5.98E+07     0.99741      0.00011736    5.98E+07     0.00011736    6.98E+07     2.6632E+05    
   5.99E+07     0.99741      0.00011713    5.99E+07     0.00011713    6.99E+07     2.6487E+05    
   6E+07        0.99741      0.0001169     6E+07        0.0001169     7E+07        2.647E+05     
   6.01E+07     0.99741      0.00011671    6.01E+07     0.00011671    7.01E+07     2.6458E+05    
   6.02E+07     0.99741      0.00011648    6.02E+07     0.00011648    7.02E+07     2.647E+05     
   6.03E+07     0.9974       0.00011628    6.03E+07     0.00011628    7.03E+07     2.6494E+05    
   6.04E+07     0.9974       0.00011605    6.04E+07     0.00011605    7.04E+07     2.6485E+05    
   6.05E+07     0.99741      0.00011617    6.05E+07     0.00011617    7.05E+07     2.6398E+05    
   6.06E+07     0.99741      0.00011594    6.06E+07     0.00011594    7.06E+07     2.6412E+05    
   6.07E+07     0.99741      0.00011572    6.07E+07     0.00011572    7.07E+07     2.6425E+05    
   6.08E+07     0.99742      0.00011552    6.08E+07     0.00011552    7.08E+07     2.6469E+05    
   6.09E+07     0.99742      0.00011531    6.09E+07     0.00011531    7.09E+07     2.6398E+05    
   6.1E+07      0.99742      0.0001151     6.1E+07      0.0001151     7.1E+07      2.6287E+05    
   6.11E+07     0.99742      0.00011487    6.11E+07     0.00011487    7.11E+07     2.6333E+05    
   6.12E+07     0.99743      0.00011488    6.12E+07     0.00011488    7.12E+07     2.6346E+05    
   6.13E+07     0.99743      0.00011481    6.13E+07     0.00011481    7.13E+07     2.6166E+05    
   6.14E+07     0.99743      0.00011461    6.14E+07     0.00011461    7.14E+07     2.6204E+05    
   6.15E+07     0.99743      0.00011439    6.15E+07     0.00011439    7.15E+07     2.6203E+05    
   6.16E+07     0.99742      0.00011455    6.16E+07     0.00011455    7.16E+07     2.6053E+05    
   6.17E+07     0.99742      0.00011435    6.17E+07     0.00011435    7.17E+07     2.6096E+05    
   6.18E+07     0.99742      0.0001142     6.18E+07     0.0001142     7.18E+07     2.6129E+05    
   6.19E+07     0.99741      0.00011407    6.19E+07     0.00011407    7.19E+07     2.6177E+05    
   6.2E+07      0.99742      0.00011418    6.2E+07      0.00011418    7.2E+07      2.6152E+05    
   6.21E+07     0.99743      0.00011417    6.21E+07     0.00011417    7.21E+07     2.6199E+05    
   6.22E+07     0.99742      0.0001141     6.22E+07     0.0001141     7.22E+07     2.6108E+05    
   6.23E+07     0.99743      0.00011423    6.23E+07     0.00011423    7.23E+07     2.6146E+05    
   6.24E+07     0.99744      0.00011406    6.24E+07     0.00011406    7.24E+07     2.6189E+05    
   6.25E+07     0.99744      0.00011404    6.25E+07     0.00011404    7.25E+07     2.6235E+05    
   6.26E+07     0.99744      0.000114      6.26E+07     0.000114      7.26E+07     2.6276E+05    
   6.27E+07     0.99743      0.00011385    6.27E+07     0.00011385    7.27E+07     2.6266E+05    
   6.28E+07     0.99743      0.00011367    6.28E+07     0.00011367    7.28E+07     2.6308E+05    
   6.29E+07     0.99743      0.00011351    6.29E+07     0.00011351    7.29E+07     2.6286E+05    
   6.3E+07      0.99742      0.00011333    6.3E+07      0.00011333    7.3E+07      2.6324E+05    
   6.31E+07     0.99741      0.00011362    6.31E+07     0.00011362    7.31E+07     2.6353E+05    
   6.32E+07     0.99742      0.00011343    6.32E+07     0.00011343    7.32E+07     2.6027E+05    
   6.33E+07     0.99741      0.00011331    6.33E+07     0.00011331    7.33E+07     2.6072E+05    
   6.34E+07     0.99741      0.0001131     6.34E+07     0.0001131     7.34E+07     2.6083E+05    
   6.35E+07     0.99741      0.00011289    6.35E+07     0.00011289    7.35E+07     2.6126E+05    
   6.36E+07     0.99742      0.0001129     6.36E+07     0.0001129     7.36E+07     2.613E+05     
   6.37E+07     0.99742      0.00011285    6.37E+07     0.00011285    7.37E+07     2.6118E+05    
   6.38E+07     0.99743      0.00011269    6.38E+07     0.00011269    7.38E+07     2.603E+05     
   6.39E+07     0.99742      0.00011249    6.39E+07     0.00011249    7.39E+07     2.6001E+05    
   6.4E+07      0.99742      0.00011229    6.4E+07      0.00011229    7.4E+07      2.5977E+05    
   6.41E+07     0.99742      0.00011222    6.41E+07     0.00011222    7.41E+07     2.6017E+05    
   6.42E+07     0.99741      0.00011235    6.42E+07     0.00011235    7.42E+07     2.6062E+05    
   6.43E+07     0.99741      0.00011214    6.43E+07     0.00011214    7.43E+07     2.608E+05     
   6.44E+07     0.9974       0.00011201    6.44E+07     0.00011201    7.44E+07     2.5964E+05    
   6.45E+07     0.99741      0.00011183    6.45E+07     0.00011183    7.45E+07     2.5968E+05    
   6.46E+07     0.99741      0.00011163    6.46E+07     0.00011163    7.46E+07     2.6006E+05    
   6.47E+07     0.9974       0.0001117     6.47E+07     0.0001117     7.47E+07     2.6048E+05    
   6.48E+07     0.99741      0.00011183    6.48E+07     0.00011183    7.48E+07     2.609E+05     
   6.49E+07     0.99741      0.00011181    6.49E+07     0.00011181    7.49E+07     2.6124E+05    
   6.5E+07      0.99742      0.00011163    6.5E+07      0.00011163    7.5E+07      2.6162E+05    
   6.51E+07     0.99741      0.00011167    6.51E+07     0.00011167    7.51E+07     2.6199E+05    
   6.52E+07     0.99742      0.00011169    6.52E+07     0.00011169    7.52E+07     2.6242E+05    
   6.53E+07     0.99742      0.0001115     6.53E+07     0.0001115     7.53E+07     2.627E+05     
   6.54E+07     0.99741      0.00011161    6.54E+07     0.00011161    7.54E+07     2.6197E+05    
   6.55E+07     0.99742      0.00011171    6.55E+07     0.00011171    7.55E+07     2.6137E+05    
   6.56E+07     0.99742      0.00011151    6.56E+07     0.00011151    7.56E+07     2.6178E+05    
   6.57E+07     0.99742      0.00011141    6.57E+07     0.00011141    7.57E+07     2.6223E+05    
   6.58E+07     0.99742      0.00011129    6.58E+07     0.00011129    7.58E+07     2.6264E+05    
   6.59E+07     0.99742      0.00011117    6.59E+07     0.00011117    7.59E+07     2.6184E+05    
   6.6E+07      0.99742      0.00011097    6.6E+07      0.00011097    7.6E+07      2.6224E+05    
   6.61E+07     0.99742      0.00011079    6.61E+07     0.00011079    7.61E+07     2.6264E+05    
   6.62E+07     0.99743      0.00011065    6.62E+07     0.00011065    7.62E+07     2.6305E+05    
   6.63E+07     0.99744      0.00011099    6.63E+07     0.00011099    7.63E+07     2.6281E+05    
   6.64E+07     0.99744      0.00011079    6.64E+07     0.00011079    7.64E+07     2.6326E+05    
   6.65E+07     0.99744      0.0001106     6.65E+07     0.0001106     7.65E+07     2.6282E+05    
   6.66E+07     0.99744      0.00011042    6.66E+07     0.00011042    7.66E+07     2.6244E+05    
   6.67E+07     0.99744      0.00011022    6.67E+07     0.00011022    7.67E+07     2.6288E+05    
   6.68E+07     0.99744      0.00011003    6.68E+07     0.00011003    7.68E+07     2.6253E+05    
   6.69E+07     0.99744      0.00010986    6.69E+07     0.00010986    7.69E+07     2.6277E+05    
   6.7E+07      0.99744      0.00010982    6.7E+07      0.00010982    7.7E+07      2.6313E+05    
   6.71E+07     0.99745      0.00010964    6.71E+07     0.00010964    7.71E+07     2.6357E+05    
   6.72E+07     0.99745      0.00010945    6.72E+07     0.00010945    7.72E+07     2.6399E+05    
   6.73E+07     0.99745      0.00010927    6.73E+07     0.00010927    7.73E+07     2.6443E+05    
   6.74E+07     0.99745      0.00010912    6.74E+07     0.00010912    7.74E+07     2.6487E+05    
   6.75E+07     0.99745      0.00010898    6.75E+07     0.00010898    7.75E+07     2.6402E+05    
   6.76E+07     0.99745      0.00010903    6.76E+07     0.00010903    7.76E+07     2.6414E+05    
   6.77E+07     0.99744      0.00010886    6.77E+07     0.00010886    7.77E+07     2.6406E+05    
   6.78E+07     0.99745      0.00010918    6.78E+07     0.00010918    7.78E+07     2.645E+05     
   6.79E+07     0.99746      0.00010902    6.79E+07     0.00010902    7.79E+07     2.6487E+05    
   6.8E+07      0.99745      0.00010885    6.8E+07      0.00010885    7.8E+07      2.6436E+05    
   6.81E+07     0.99746      0.00010881    6.81E+07     0.00010881    7.81E+07     2.6479E+05    
   6.82E+07     0.99746      0.00010871    6.82E+07     0.00010871    7.82E+07     2.6499E+05    
   6.83E+07     0.99746      0.00010855    6.83E+07     0.00010855    7.83E+07     2.6476E+05    
   6.84E+07     0.99745      0.00010859    6.84E+07     0.00010859    7.84E+07     2.6519E+05    
   6.85E+07     0.99745      0.00010841    6.85E+07     0.00010841    7.85E+07     2.6441E+05    
   6.86E+07     0.99745      0.00010832    6.86E+07     0.00010832    7.86E+07     2.6485E+05    
   6.87E+07     0.99746      0.00010818    6.87E+07     0.00010818    7.87E+07     2.6525E+05    
   6.88E+07     0.99746      0.00010801    6.88E+07     0.00010801    7.88E+07     2.6517E+05    
   6.89E+07     0.99745      0.00010788    6.89E+07     0.00010788    7.89E+07     2.6394E+05    
   6.9E+07      0.99746      0.00010779    6.9E+07      0.00010779    7.9E+07      2.6437E+05    
   6.91E+07     0.99746      0.00010765    6.91E+07     0.00010765    7.91E+07     2.6439E+05    
   6.92E+07     0.99746      0.00010746    6.92E+07     0.00010746    7.92E+07     2.6459E+05    
   6.93E+07     0.99746      0.0001073     6.93E+07     0.0001073     7.93E+07     2.6492E+05    
   6.94E+07     0.99746      0.00010713    6.94E+07     0.00010713    7.94E+07     2.6513E+05    
   6.95E+07     0.99746      0.00010723    6.95E+07     0.00010723    7.95E+07     2.6556E+05    
   6.96E+07     0.99746      0.00010705    6.96E+07     0.00010705    7.96E+07     2.6343E+05    
   6.97E+07     0.99747      0.00010704    6.97E+07     0.00010704    7.97E+07     2.6314E+05    
   6.98E+07     0.99748      0.00010773    6.98E+07     0.00010773    7.98E+07     2.6347E+05    
   6.99E+07     0.99749      0.00010794    6.99E+07     0.00010794    7.99E+07     2.6344E+05    
   7E+07        0.9975       0.0001079     7E+07        0.0001079     8E+07        2.6344E+05    
   7.01E+07     0.9975       0.00010785    7.01E+07     0.00010785    8.01E+07     2.6362E+05    
   7.02E+07     0.99751      0.00010775    7.02E+07     0.00010775    8.02E+07     2.6295E+05    
   7.03E+07     0.9975       0.00010762    7.03E+07     0.00010762    8.03E+07     2.6322E+05    
   7.04E+07     0.99751      0.00010756    7.04E+07     0.00010756    8.04E+07     2.6362E+05    
   7.05E+07     0.99752      0.00010766    7.05E+07     0.00010766    8.05E+07     2.6389E+05    
   7.06E+07     0.99752      0.00010755    7.06E+07     0.00010755    8.06E+07     2.6381E+05    
   7.07E+07     0.99753      0.00010745    7.07E+07     0.00010745    8.07E+07     2.6234E+05    
   7.08E+07     0.99753      0.00010728    7.08E+07     0.00010728    8.08E+07     2.6031E+05    
   7.09E+07     0.99753      0.00010735    7.09E+07     0.00010735    8.09E+07     2.6035E+05    
   7.1E+07      0.99754      0.0001075     7.1E+07      0.0001075     8.1E+07      2.6071E+05    
   7.11E+07     0.99754      0.00010733    7.11E+07     0.00010733    8.11E+07     2.6089E+05    
   7.12E+07     0.99754      0.00010722    7.12E+07     0.00010722    8.12E+07     2.5953E+05    
   7.13E+07     0.99753      0.00010752    7.13E+07     0.00010752    8.13E+07     2.5985E+05    
   7.14E+07     0.99753      0.00010736    7.14E+07     0.00010736    8.14E+07     2.5941E+05    
   7.15E+07     0.99754      0.00010729    7.15E+07     0.00010729    8.15E+07     2.5981E+05    
   7.16E+07     0.99753      0.00010752    7.16E+07     0.00010752    8.16E+07     2.6018E+05    
   7.17E+07     0.99753      0.00010736    7.17E+07     0.00010736    8.17E+07     2.6049E+05    
   7.18E+07     0.99753      0.00010722    7.18E+07     0.00010722    8.18E+07     2.6045E+05    
   7.19E+07     0.99753      0.00010704    7.19E+07     0.00010704    8.19E+07     2.6083E+05    
   7.2E+07      0.99753      0.00010702    7.2E+07      0.00010702    8.2E+07      2.6123E+05    
   7.21E+07     0.99753      0.00010685    7.21E+07     0.00010685    8.21E+07     2.6141E+05    
   7.22E+07     0.99754      0.00010696    7.22E+07     0.00010696    8.22E+07     2.618E+05     
   7.23E+07     0.99754      0.00010681    7.23E+07     0.00010681    8.23E+07     2.6216E+05    
   7.24E+07     0.99754      0.00010665    7.24E+07     0.00010665    8.24E+07     2.6194E+05    
   7.25E+07     0.99754      0.00010648    7.25E+07     0.00010648    8.25E+07     2.6232E+05    
   7.26E+07     0.99754      0.00010632    7.26E+07     0.00010632    8.26E+07     2.6257E+05    
   7.27E+07     0.99754      0.00010627    7.27E+07     0.00010627    8.27E+07     2.6219E+05    
   7.28E+07     0.99754      0.00010611    7.28E+07     0.00010611    8.28E+07     2.6248E+05    
   7.29E+07     0.99753      0.00010608    7.29E+07     0.00010608    8.29E+07     2.6288E+05    
   7.3E+07      0.99753      0.00010593    7.3E+07      0.00010593    8.3E+07      2.63E+05      
   7.31E+07     0.99754      0.0001058     7.31E+07     0.0001058     8.31E+07     2.6218E+05    
   7.32E+07     0.99755      0.00010639    7.32E+07     0.00010639    8.32E+07     2.6256E+05    
   7.33E+07     0.99755      0.00010622    7.33E+07     0.00010622    8.33E+07     2.6283E+05    
   7.34E+07     0.99755      0.00010612    7.34E+07     0.00010612    8.34E+07     2.6312E+05    
   7.35E+07     0.99755      0.00010597    7.35E+07     0.00010597    8.35E+07     2.6349E+05    
   7.36E+07     0.99755      0.00010589    7.36E+07     0.00010589    8.36E+07     2.6278E+05    
   7.37E+07     0.99755      0.00010584    7.37E+07     0.00010584    8.37E+07     2.6297E+05    
   7.38E+07     0.99755      0.00010594    7.38E+07     0.00010594    8.38E+07     2.6203E+05    
   7.39E+07     0.99755      0.00010593    7.39E+07     0.00010593    8.39E+07     2.6241E+05    
   7.4E+07      0.99755      0.00010591    7.4E+07      0.00010591    8.4E+07      2.6182E+05    
   7.41E+07     0.99755      0.00010576    7.41E+07     0.00010576    8.41E+07     2.6202E+05    
   7.42E+07     0.99755      0.00010559    7.42E+07     0.00010559    8.42E+07     2.6211E+05    
   7.43E+07     0.99754      0.00010549    7.43E+07     0.00010549    8.43E+07     2.6229E+05    
   7.44E+07     0.99754      0.00010565    7.44E+07     0.00010565    8.44E+07     2.6263E+05    
   7.45E+07     0.99754      0.00010557    7.45E+07     0.00010557    8.45E+07     2.6301E+05    
   7.46E+07     0.99754      0.00010542    7.46E+07     0.00010542    8.46E+07     2.6331E+05    
   7.47E+07     0.99754      0.00010526    7.47E+07     0.00010526    8.47E+07     2.6368E+05    
   7.48E+07     0.99754      0.00010511    7.48E+07     0.00010511    8.48E+07     2.6096E+05    
   7.49E+07     0.99754      0.00010497    7.49E+07     0.00010497    8.49E+07     2.6121E+05    
   7.5E+07      0.99754      0.00010483    7.5E+07      0.00010483    8.5E+07      2.6113E+05    
   7.51E+07     0.99754      0.00010468    7.51E+07     0.00010468    8.51E+07     2.6151E+05    
   7.52E+07     0.99754      0.00010452    7.52E+07     0.00010452    8.52E+07     2.6142E+05    
   7.53E+07     0.99754      0.0001044     7.53E+07     0.0001044     8.53E+07     2.6165E+05    
   7.54E+07     0.99755      0.00010447    7.54E+07     0.00010447    8.54E+07     2.6204E+05    
   7.55E+07     0.99754      0.00010452    7.55E+07     0.00010452    8.55E+07     2.6241E+05    
   7.56E+07     0.99754      0.00010437    7.56E+07     0.00010437    8.56E+07     2.6274E+05    
   7.57E+07     0.99754      0.00010421    7.57E+07     0.00010421    8.57E+07     2.6292E+05    
   7.58E+07     0.99754      0.00010406    7.58E+07     0.00010406    8.58E+07     2.6324E+05    
   7.59E+07     0.99754      0.00010415    7.59E+07     0.00010415    8.59E+07     2.6356E+05    
   7.6E+07      0.99753      0.000104      7.6E+07      0.000104      8.6E+07      2.5772E+05    
   7.61E+07     0.99753      0.00010386    7.61E+07     0.00010386    8.61E+07     2.581E+05     
   7.62E+07     0.99753      0.00010371    7.62E+07     0.00010371    8.62E+07     2.5845E+05    
   7.63E+07     0.99753      0.00010368    7.63E+07     0.00010368    8.63E+07     2.5839E+05    
   7.64E+07     0.99753      0.00010353    7.64E+07     0.00010353    8.64E+07     2.5836E+05    
   7.65E+07     0.99753      0.00010354    7.65E+07     0.00010354    8.65E+07     2.5787E+05    
   7.66E+07     0.99753      0.00010355    7.66E+07     0.00010355    8.66E+07     2.581E+05     
   7.67E+07     0.99753      0.0001034     7.67E+07     0.0001034     8.67E+07     2.5679E+05    
   7.68E+07     0.99753      0.0001034     7.68E+07     0.0001034     8.68E+07     2.5704E+05    
   7.69E+07     0.99753      0.00010329    7.69E+07     0.00010329    8.69E+07     2.5707E+05    
   7.7E+07      0.99753      0.00010315    7.7E+07      0.00010315    8.7E+07      2.5593E+05    
   7.71E+07     0.99753      0.00010299    7.71E+07     0.00010299    8.71E+07     2.563E+05     
   7.72E+07     0.99753      0.00010284    7.72E+07     0.00010284    8.72E+07     2.5649E+05    
   7.73E+07     0.99753      0.00010269    7.73E+07     0.00010269    8.73E+07     2.5686E+05    
   7.74E+07     0.99753      0.00010254    7.74E+07     0.00010254    8.74E+07     2.5512E+05    
   7.75E+07     0.99752      0.00010264    7.75E+07     0.00010264    8.75E+07     2.5522E+05    
   7.76E+07     0.99752      0.00010255    7.76E+07     0.00010255    8.76E+07     2.5464E+05    
   7.77E+07     0.99753      0.0001025     7.77E+07     0.0001025     8.77E+07     2.5373E+05    
   7.78E+07     0.99753      0.00010235    7.78E+07     0.00010235    8.78E+07     2.5388E+05    
   7.79E+07     0.99753      0.00010221    7.79E+07     0.00010221    8.79E+07     2.5417E+05    
   7.8E+07      0.99753      0.00010224    7.8E+07      0.00010224    8.8E+07      2.5402E+05    
   7.81E+07     0.99753      0.00010209    7.81E+07     0.00010209    8.81E+07     2.5384E+05    
   7.82E+07     0.99753      0.00010199    7.82E+07     0.00010199    8.82E+07     2.5348E+05    
   7.83E+07     0.99753      0.00010197    7.83E+07     0.00010197    8.83E+07     2.5379E+05    
   7.84E+07     0.99754      0.00010182    7.84E+07     0.00010182    8.84E+07     2.5409E+05    
   7.85E+07     0.99753      0.0001019     7.85E+07     0.0001019     8.85E+07     2.5414E+05    
   7.86E+07     0.99753      0.00010175    7.86E+07     0.00010175    8.86E+07     2.5322E+05    
   7.87E+07     0.99753      0.00010161    7.87E+07     0.00010161    8.87E+07     2.535E+05     
   7.88E+07     0.99752      0.00010156    7.88E+07     0.00010156    8.88E+07     2.538E+05     
   7.89E+07     0.99752      0.00010174    7.89E+07     0.00010174    8.89E+07     2.5415E+05    
   7.9E+07      0.99752      0.00010159    7.9E+07      0.00010159    8.9E+07      2.545E+05     
   7.91E+07     0.99752      0.00010152    7.91E+07     0.00010152    8.91E+07     2.5453E+05    
   7.92E+07     0.99752      0.00010142    7.92E+07     0.00010142    8.92E+07     2.5457E+05    
   7.93E+07     0.99753      0.00010129    7.93E+07     0.00010129    8.93E+07     2.5479E+05    
   7.94E+07     0.99752      0.00010118    7.94E+07     0.00010118    8.94E+07     2.5513E+05    
   7.95E+07     0.99752      0.00010104    7.95E+07     0.00010104    8.95E+07     2.5532E+05    
   7.96E+07     0.99753      0.00010138    7.96E+07     0.00010138    8.96E+07     2.5557E+05    
   7.97E+07     0.99754      0.00010137    7.97E+07     0.00010137    8.97E+07     2.5523E+05    
   7.98E+07     0.99754      0.00010124    7.98E+07     0.00010124    8.98E+07     2.5516E+05    
   7.99E+07     0.99754      0.00010118    7.99E+07     0.00010118    8.99E+07     2.5483E+05    
   8E+07        0.99754      0.00010112    8E+07        0.00010112    9E+07        2.5514E+05    
   8.01E+07     0.99755      0.00010102    8.01E+07     0.00010102    9.01E+07     2.5549E+05    
   8.02E+07     0.99755      0.00010109    8.02E+07     0.00010109    9.02E+07     2.5572E+05    
   8.03E+07     0.99756      0.00010097    8.03E+07     0.00010097    9.03E+07     2.5564E+05    
   8.04E+07     0.99756      0.00010083    8.04E+07     0.00010083    9.04E+07     2.5594E+05    
   8.05E+07     0.99756      0.00010072    8.05E+07     0.00010072    9.05E+07     2.5628E+05    
   8.06E+07     0.99756      0.00010067    8.06E+07     0.00010067    9.06E+07     2.5654E+05    
   8.07E+07     0.99756      0.00010089    8.07E+07     0.00010089    9.07E+07     2.5677E+05    
   8.08E+07     0.99755      0.00010122    8.08E+07     0.00010122    9.08E+07     2.5676E+05    
   8.09E+07     0.99755      0.00010115    8.09E+07     0.00010115    9.09E+07     2.5679E+05    
   8.1E+07      0.99755      0.00010102    8.1E+07      0.00010102    9.1E+07      2.5684E+05    
   8.11E+07     0.99755      0.00010092    8.11E+07     0.00010092    9.11E+07     2.5718E+05    
   8.12E+07     0.99755      0.00010112    8.12E+07     0.00010112    9.12E+07     2.5749E+05    
   8.13E+07     0.99755      0.000101      8.13E+07     0.000101      9.13E+07     2.5675E+05    
   8.14E+07     0.99754      0.00010102    8.14E+07     0.00010102    9.14E+07     2.5677E+05    
   8.15E+07     0.99754      0.00010088    8.15E+07     0.00010088    9.15E+07     2.5709E+05    
   8.16E+07     0.99754      0.00010074    8.16E+07     0.00010074    9.16E+07     2.5706E+05    
   8.17E+07     0.99754      0.00010062    8.17E+07     0.00010062    9.17E+07     2.565E+05     
   8.18E+07     0.99755      0.00010057    8.18E+07     0.00010057    9.18E+07     2.5632E+05    
   8.19E+07     0.99754      0.00010043    8.19E+07     0.00010043    9.19E+07     2.5666E+05    
   8.2E+07      0.99755      0.00010029    8.2E+07      0.00010029    9.2E+07      2.5693E+05    
   8.21E+07     0.99754      0.0001002     8.21E+07     0.0001002     9.21E+07     2.5656E+05    
   8.22E+07     0.99754      0.00010006    8.22E+07     0.00010006    9.22E+07     2.5689E+05    
   8.23E+07     0.99754      9.9932E-05    8.23E+07     9.9932E-05    9.23E+07     2.5695E+05    
   8.24E+07     0.99755      9.9914E-05    8.24E+07     9.9914E-05    9.24E+07     2.5641E+05    
   8.25E+07     0.99755      9.9781E-05    8.25E+07     9.9781E-05    9.25E+07     2.5608E+05    
   8.26E+07     0.99755      9.9673E-05    8.26E+07     9.9673E-05    9.26E+07     2.5632E+05    
   8.27E+07     0.99756      9.9686E-05    8.27E+07     9.9686E-05    9.27E+07     2.566E+05     
   8.28E+07     0.99756      9.957E-05     8.28E+07     9.957E-05     9.28E+07     2.563E+05     
   8.29E+07     0.99756      9.9434E-05    8.29E+07     9.9434E-05    9.29E+07     2.5661E+05    
   8.3E+07      0.99755      9.9351E-05    8.3E+07      9.9351E-05    9.3E+07      2.5678E+05    
   8.31E+07     0.99756      9.9447E-05    8.31E+07     9.9447E-05    9.31E+07     2.5681E+05    
   8.32E+07     0.99756      9.9313E-05    8.32E+07     9.9313E-05    9.32E+07     2.5715E+05    
   8.33E+07     0.99756      9.9203E-05    8.33E+07     9.9203E-05    9.33E+07     2.5748E+05    
   8.34E+07     0.99756      9.9089E-05    8.34E+07     9.9089E-05    9.34E+07     2.5756E+05    
   8.35E+07     0.99756      9.8961E-05    8.35E+07     9.8961E-05    9.35E+07     2.5757E+05    
   8.36E+07     0.99755      9.9033E-05    8.36E+07     9.9033E-05    9.36E+07     2.579E+05     
   8.37E+07     0.99755      9.8938E-05    8.37E+07     9.8938E-05    9.37E+07     2.5795E+05    
   8.38E+07     0.99754      9.9055E-05    8.38E+07     9.9055E-05    9.38E+07     2.5786E+05    
   8.39E+07     0.99754      9.8925E-05    8.39E+07     9.8925E-05    9.39E+07     2.5805E+05    
   8.4E+07      0.99754      9.8976E-05    8.4E+07      9.8976E-05    9.4E+07      2.5819E+05    
   8.41E+07     0.99754      9.8878E-05    8.41E+07     9.8878E-05    9.41E+07     2.5827E+05    
   8.42E+07     0.99754      9.8802E-05    8.42E+07     9.8802E-05    9.42E+07     2.585E+05     
   8.43E+07     0.99754      9.8709E-05    8.43E+07     9.8709E-05    9.43E+07     2.5882E+05    
   8.44E+07     0.99754      9.8588E-05    8.44E+07     9.8588E-05    9.44E+07     2.5905E+05    
   8.45E+07     0.99754      9.8456E-05    8.45E+07     9.8456E-05    9.45E+07     2.5933E+05    
   8.46E+07     0.99754      9.8341E-05    8.46E+07     9.8341E-05    9.46E+07     2.5966E+05    
   8.47E+07     0.99754      9.8215E-05    8.47E+07     9.8215E-05    9.47E+07     2.5979E+05    
   8.48E+07     0.99755      9.8668E-05    8.48E+07     9.8668E-05    9.48E+07     2.6012E+05    
   8.49E+07     0.99755      9.8559E-05    8.49E+07     9.8559E-05    9.49E+07     2.6043E+05    
   8.5E+07      0.99754      9.8517E-05    8.5E+07      9.8517E-05    9.5E+07      2.6073E+05    
   8.51E+07     0.99754      9.8387E-05    8.51E+07     9.8387E-05    9.51E+07     2.607E+05     
   8.52E+07     0.99754      9.8347E-05    8.52E+07     9.8347E-05    9.52E+07     2.6047E+05    
   8.53E+07     0.99754      9.8245E-05    8.53E+07     9.8245E-05    9.53E+07     2.6038E+05    
   8.54E+07     0.99754      9.8114E-05    8.54E+07     9.8114E-05    9.54E+07     2.6071E+05    
   8.55E+07     0.99754      9.7988E-05    8.55E+07     9.7988E-05    9.55E+07     2.6095E+05    
   8.56E+07     0.99754      9.7869E-05    8.56E+07     9.7869E-05    9.56E+07     2.6001E+05    
   8.57E+07     0.99754      9.7778E-05    8.57E+07     9.7778E-05    9.57E+07     2.5991E+05    
   8.58E+07     0.99754      9.766E-05     8.58E+07     9.766E-05     9.58E+07     2.6018E+05    
   8.59E+07     0.99754      9.7545E-05    8.59E+07     9.7545E-05    9.59E+07     2.5932E+05    
   8.6E+07      0.99755      9.8587E-05    8.6E+07      9.8587E-05    9.6E+07      2.5958E+05    
   8.61E+07     0.99755      9.8457E-05    8.61E+07     9.8457E-05    9.61E+07     2.5988E+05    
   8.62E+07     0.99755      9.8331E-05    8.62E+07     9.8331E-05    9.62E+07     2.6017E+05    
   8.63E+07     0.99756      9.8285E-05    8.63E+07     9.8285E-05    9.63E+07     2.6043E+05    
   8.64E+07     0.99755      9.8235E-05    8.64E+07     9.8235E-05    9.64E+07     2.6071E+05    
   8.65E+07     0.99756      9.8271E-05    8.65E+07     9.8271E-05    9.65E+07     2.6101E+05    
   8.66E+07     0.99756      9.8169E-05    8.66E+07     9.8169E-05    9.66E+07     2.613E+05     
   8.67E+07     0.99755      9.8363E-05    8.67E+07     9.8363E-05    9.67E+07     2.6117E+05    
   8.68E+07     0.99755      9.8259E-05    8.68E+07     9.8259E-05    9.68E+07     2.6104E+05    
   8.69E+07     0.99755      9.8197E-05    8.69E+07     9.8197E-05    9.69E+07     2.6078E+05    
   8.7E+07      0.99754      9.8358E-05    8.7E+07      9.8358E-05    9.7E+07      2.603E+05     
   8.71E+07     0.99754      9.8231E-05    8.71E+07     9.8231E-05    9.71E+07     2.6048E+05    
   8.72E+07     0.99754      9.8138E-05    8.72E+07     9.8138E-05    9.72E+07     2.6077E+05    
   8.73E+07     0.99754      9.8011E-05    8.73E+07     9.8011E-05    9.73E+07     2.597E+05     
   8.74E+07     0.99755      9.8288E-05    8.74E+07     9.8288E-05    9.74E+07     2.6002E+05    
   8.75E+07     0.99755      9.8212E-05    8.75E+07     9.8212E-05    9.75E+07     2.6027E+05    
   8.76E+07     0.99756      9.8267E-05    8.76E+07     9.8267E-05    9.76E+07     2.6049E+05    
   8.77E+07     0.99755      9.8388E-05    8.77E+07     9.8388E-05    9.77E+07     2.6079E+05    
   8.78E+07     0.99755      9.8301E-05    8.78E+07     9.8301E-05    9.78E+07     2.6E+05       
   8.79E+07     0.99756      9.8188E-05    8.79E+07     9.8188E-05    9.79E+07     2.5989E+05    
   8.8E+07      0.99755      9.8161E-05    8.8E+07      9.8161E-05    9.8E+07      2.5964E+05    
   8.81E+07     0.99756      9.8141E-05    8.81E+07     9.8141E-05    9.81E+07     2.598E+05     
   8.82E+07     0.99756      9.8154E-05    8.82E+07     9.8154E-05    9.82E+07     2.5973E+05    
   8.83E+07     0.99756      9.8037E-05    8.83E+07     9.8037E-05    9.83E+07     2.5984E+05    
   8.84E+07     0.99756      9.7923E-05    8.84E+07     9.7923E-05    9.84E+07     2.6007E+05    
   8.85E+07     0.99755      9.786E-05     8.85E+07     9.786E-05     9.85E+07     2.6035E+05    
   8.86E+07     0.99755      9.7982E-05    8.86E+07     9.7982E-05    9.86E+07     2.6064E+05    
   8.87E+07     0.99755      9.7874E-05    8.87E+07     9.7874E-05    9.87E+07     2.6096E+05    
   8.88E+07     0.99754      9.7754E-05    8.88E+07     9.7754E-05    9.88E+07     2.5908E+05    
   8.89E+07     0.99754      9.7632E-05    8.89E+07     9.7632E-05    9.89E+07     2.5937E+05    
   8.9E+07      0.99754      9.7509E-05    8.9E+07      9.7509E-05    9.9E+07      2.5958E+05    
   8.91E+07     0.99755      9.7449E-05    8.91E+07     9.7449E-05    9.91E+07     2.5987E+05    
   8.92E+07     0.99754      9.7385E-05    8.92E+07     9.7385E-05    9.92E+07     2.6017E+05    
   8.93E+07     0.99754      9.729E-05     8.93E+07     9.729E-05     9.93E+07     2.6024E+05    
   8.94E+07     0.99754      9.717E-05     8.94E+07     9.717E-05     9.94E+07     2.6044E+05    
   8.95E+07     0.99754      9.7079E-05    8.95E+07     9.7079E-05    9.95E+07     2.6076E+05    
   8.96E+07     0.99754      9.6977E-05    8.96E+07     9.6977E-05    9.96E+07     2.6089E+05    
   8.97E+07     0.99755      9.6987E-05    8.97E+07     9.6987E-05    9.97E+07     2.612E+05     
   8.98E+07     0.99754      9.6947E-05    8.98E+07     9.6947E-05    9.98E+07     2.6146E+05    
   8.99E+07     0.99754      9.6956E-05    8.99E+07     9.6956E-05    9.99E+07     2.617E+05     
   9E+07        0.99754      9.6843E-05    9E+07        9.6843E-05    1E+08        2.6202E+05    
   9.01E+07     0.99754      9.6722E-05    9.01E+07     9.6722E-05    
   9.02E+07     0.99754      9.6625E-05    9.02E+07     9.6625E-05    
   9.03E+07     0.99753      9.6587E-05    9.03E+07     9.6587E-05    
   9.04E+07     0.99754      9.6476E-05    9.04E+07     9.6476E-05    
   9.05E+07     0.99754      9.6357E-05    9.05E+07     9.6357E-05    
   9.06E+07     0.99754      9.6254E-05    9.06E+07     9.6254E-05    
   9.07E+07     0.99754      9.6159E-05    9.07E+07     9.6159E-05    
   9.08E+07     0.99754      9.6108E-05    9.08E+07     9.6108E-05    
   9.09E+07     0.99753      9.6049E-05    9.09E+07     9.6049E-05    
   9.1E+07      0.99753      9.5987E-05    9.1E+07      9.5987E-05    
   9.11E+07     0.99753      9.587E-05     9.11E+07     9.587E-05     
   9.12E+07     0.99753      9.5761E-05    9.12E+07     9.5761E-05    
   9.13E+07     0.99752      9.5843E-05    9.13E+07     9.5843E-05    
   9.14E+07     0.99753      9.5787E-05    9.14E+07     9.5787E-05    
   9.15E+07     0.99753      9.5676E-05    9.15E+07     9.5676E-05    
   9.16E+07     0.99752      9.5629E-05    9.16E+07     9.5629E-05    
   9.17E+07     0.99753      9.5681E-05    9.17E+07     9.5681E-05    
   9.18E+07     0.99753      9.5663E-05    9.18E+07     9.5663E-05    
   9.19E+07     0.99753      9.5547E-05    9.19E+07     9.5547E-05    
   9.2E+07      0.99753      9.5445E-05    9.2E+07      9.5445E-05    
   9.21E+07     0.99754      9.5462E-05    9.21E+07     9.5462E-05    
   9.22E+07     0.99754      9.5347E-05    9.22E+07     9.5347E-05    
   9.23E+07     0.99753      9.5284E-05    9.23E+07     9.5284E-05    
   9.24E+07     0.99753      9.5333E-05    9.24E+07     9.5333E-05    
   9.25E+07     0.99753      9.5343E-05    9.25E+07     9.5343E-05    
   9.26E+07     0.99753      9.5246E-05    9.26E+07     9.5246E-05    
   9.27E+07     0.99753      9.5142E-05    9.27E+07     9.5142E-05    
   9.28E+07     0.99752      9.5147E-05    9.28E+07     9.5147E-05    
   9.29E+07     0.99753      9.5037E-05    9.29E+07     9.5037E-05    
   9.3E+07      0.99752      9.4951E-05    9.3E+07      9.4951E-05    
   9.31E+07     0.99753      9.4896E-05    9.31E+07     9.4896E-05    
   9.32E+07     0.99753      9.4782E-05    9.32E+07     9.4782E-05    
   9.33E+07     0.99753      9.467E-05     9.33E+07     9.467E-05     
   9.34E+07     0.99753      9.4605E-05    9.34E+07     9.4605E-05    
   9.35E+07     0.99753      9.455E-05     9.35E+07     9.455E-05     
   9.36E+07     0.99753      9.4439E-05    9.36E+07     9.4439E-05    
   9.37E+07     0.99752      9.438E-05     9.37E+07     9.438E-05     
   9.38E+07     0.99752      9.4346E-05    9.38E+07     9.4346E-05    
   9.39E+07     0.99752      9.426E-05     9.39E+07     9.426E-05     
   9.4E+07      0.99752      9.4185E-05    9.4E+07      9.4185E-05    
   9.41E+07     0.99753      9.412E-05     9.41E+07     9.412E-05     
   9.42E+07     0.99753      9.4028E-05    9.42E+07     9.4028E-05    
   9.43E+07     0.99753      9.3918E-05    9.43E+07     9.3918E-05    
   9.44E+07     0.99753      9.3826E-05    9.44E+07     9.3826E-05    
   9.45E+07     0.99753      9.3726E-05    9.45E+07     9.3726E-05    
   9.46E+07     0.99753      9.3617E-05    9.46E+07     9.3617E-05    
   9.47E+07     0.99753      9.3545E-05    9.47E+07     9.3545E-05    
   9.48E+07     0.99753      9.3435E-05    9.48E+07     9.3435E-05    
   9.49E+07     0.99753      9.3329E-05    9.49E+07     9.3329E-05    
   9.5E+07      0.99753      9.3227E-05    9.5E+07      9.3227E-05    
   9.51E+07     0.99753      9.3184E-05    9.51E+07     9.3184E-05    
   9.52E+07     0.99753      9.3175E-05    9.52E+07     9.3175E-05    
   9.53E+07     0.99752      9.3142E-05    9.53E+07     9.3142E-05    
   9.54E+07     0.99752      9.3035E-05    9.54E+07     9.3035E-05    
   9.55E+07     0.99752      9.2943E-05    9.55E+07     9.2943E-05    
   9.56E+07     0.99753      9.3062E-05    9.56E+07     9.3062E-05    
   9.57E+07     0.99753      9.3031E-05    9.57E+07     9.3031E-05    
   9.58E+07     0.99753      9.2934E-05    9.58E+07     9.2934E-05    
   9.59E+07     0.99753      9.3041E-05    9.59E+07     9.3041E-05    
   9.6E+07      0.99752      9.2944E-05    9.6E+07      9.2944E-05    
   9.61E+07     0.99752      9.2841E-05    9.61E+07     9.2841E-05    
   9.62E+07     0.99752      9.2742E-05    9.62E+07     9.2742E-05    
   9.63E+07     0.99752      9.2647E-05    9.63E+07     9.2647E-05    
   9.64E+07     0.99752      9.2549E-05    9.64E+07     9.2549E-05    
   9.65E+07     0.99752      9.2447E-05    9.65E+07     9.2447E-05    
   9.66E+07     0.99752      9.2348E-05    9.66E+07     9.2348E-05    
   9.67E+07     0.99752      9.2323E-05    9.67E+07     9.2323E-05    
   9.68E+07     0.99752      9.2299E-05    9.68E+07     9.2299E-05    
   9.69E+07     0.99752      9.2295E-05    9.69E+07     9.2295E-05    
   9.7E+07      0.99752      9.2334E-05    9.7E+07      9.2334E-05    
   9.71E+07     0.99752      9.2254E-05    9.71E+07     9.2254E-05    
   9.72E+07     0.99752      9.2155E-05    9.72E+07     9.2155E-05    
   9.73E+07     0.99751      9.2296E-05    9.73E+07     9.2296E-05    
   9.74E+07     0.99751      9.2192E-05    9.74E+07     9.2192E-05    
   9.75E+07     0.99751      9.2101E-05    9.75E+07     9.2101E-05    
   9.76E+07     0.99751      9.2014E-05    9.76E+07     9.2014E-05    
   9.77E+07     0.99751      9.1914E-05    9.77E+07     9.1914E-05    
   9.78E+07     0.9975       9.2001E-05    9.78E+07     9.2001E-05    
   9.79E+07     0.9975       9.1973E-05    9.79E+07     9.1973E-05    
   9.8E+07      0.9975       9.1971E-05    9.8E+07      9.1971E-05    
   9.81E+07     0.9975       9.1896E-05    9.81E+07     9.1896E-05    
   9.82E+07     0.9975       9.1859E-05    9.82E+07     9.1859E-05    
   9.83E+07     0.9975       9.1793E-05    9.83E+07     9.1793E-05    
   9.84E+07     0.9975       9.1707E-05    9.84E+07     9.1707E-05    
   9.85E+07     0.9975       9.1611E-05    9.85E+07     9.1611E-05    
   9.86E+07     0.9975       9.1512E-05    9.86E+07     9.1512E-05    
   9.87E+07     0.9975       9.141E-05     9.87E+07     9.141E-05     
   9.88E+07     0.99751      9.1694E-05    9.88E+07     9.1694E-05    
   9.89E+07     0.99751      9.1595E-05    9.89E+07     9.1595E-05    
   9.9E+07      0.99751      9.1511E-05    9.9E+07      9.1511E-05    
   9.91E+07     0.99751      9.1414E-05    9.91E+07     9.1414E-05    
   9.92E+07     0.99751      9.1316E-05    9.92E+07     9.1316E-05    
   9.93E+07     0.99751      9.1258E-05    9.93E+07     9.1258E-05    
   9.94E+07     0.99752      9.1177E-05    9.94E+07     9.1177E-05    
   9.95E+07     0.99752      9.1075E-05    9.95E+07     9.1075E-05    
   9.96E+07     0.99752      9.1005E-05    9.96E+07     9.1005E-05    
   9.97E+07     0.99752      9.0907E-05    9.97E+07     9.0907E-05    
   9.98E+07     0.99752      9.0817E-05    9.98E+07     9.0817E-05    
   9.99E+07     0.99752      9.0728E-05    9.99E+07     9.0728E-05    
   1E+08        0.99752      9.0627E-05    1E+08        9.0627E-05    
