# This file is written with the intent of being used to plot the data with 
# Gnuplot.  It contains no information regarding how the plot should be 
# formatted.
# =========================================================================
# Research/ArnoldivsPower -f Power1-w50-71.dat -t 100000 -A -c 100 -C 900 -w 50 -b 75 -r  seed = 2115729149
# filename = Power1-w50-71.dat, run = true, power = true, Arnoldi = false, storevectors = 0, raw = false, evectors = 2, evalues = 2, residual = false, arnoldimethod = implicit, tol = 2.22045e-16, verbose = 1, seed = 0, width = 50, bins = 75, acycles = 900, incycles = 100, active = 20, inactive = 0, Iterations = 10, numValues = 2, relaxed = 0, tracks = 100000, ignore_rest = false, version = false, help = false, 

#  1            2            3             4            5             6            7             8            9            
# |-            Power values           -| |-   Power eValues SD   -| |-       FOM-Power      -| |-     Power vector     -| 
#  x-coord      y-coord      error         x-coord      y-coord       x-coord      y-coord       x-coord      y-coord       
   1E+05        0.98374      0             1E+05        0             1.01E+07     0             0.33333      0.0095572     
   2E+05        0.98507      0             2E+05        0             1.02E+07     1.5523E+05    1            0.01651       
   3E+05        0.99621      0             3E+05        0             1.03E+07     13666         1.6667       0.023023      
   4E+05        0.99117      0             4E+05        0             1.04E+07     23855         2.3333       0.029332      
   5E+05        0.99073      0             5E+05        0             1.05E+07     36553         3            0.035945      
   6E+05        0.9946       0             6E+05        0             1.06E+07     48561         3.6667       0.042027      
   7E+05        0.98951      0             7E+05        0             1.07E+07     57988         4.3333       0.048381      
   8E+05        0.98995      0             8E+05        0             1.08E+07     62000         5            0.05493       
   9E+05        0.99394      0             9E+05        0             1.09E+07     72383         5.6667       0.061435      
   1E+06        0.99468      0             1E+06        0             1.1E+07      50321         6.3333       0.067504      
   1.1E+06      0.99349      0             1.1E+06      0             1.11E+07     56949         7            0.073143      
   1.2E+06      0.99578      0             1.2E+06      0             1.12E+07     61478         7.6667       0.079037      
   1.3E+06      0.99317      0             1.3E+06      0             1.13E+07     55757         8.3333       0.084962      
   1.4E+06      0.99541      0             1.4E+06      0             1.14E+07     50372         9            0.090668      
   1.5E+06      0.99659      0             1.5E+06      0             1.15E+07     57300         9.6667       0.09578       
   1.6E+06      0.99606      0             1.6E+06      0             1.16E+07     60126         10.333       0.10081       
   1.7E+06      0.99601      0             1.7E+06      0             1.17E+07     56913         11           0.1065        
   1.8E+06      0.99596      0             1.8E+06      0             1.18E+07     60726         11.667       0.11169       
   1.9E+06      0.99232      0             1.9E+06      0             1.19E+07     59664         12.333       0.11669       
   2E+06        0.99756      0             2E+06        0             1.2E+07      65041         13           0.12104       
   2.1E+06      0.99611      0             2.1E+06      0             1.21E+07     67605         13.667       0.1249        
   2.2E+06      0.99009      0             2.2E+06      0             1.22E+07     73539         14.333       0.12879       
   2.3E+06      1.0014       0             2.3E+06      0             1.23E+07     77886         15           0.13335       
   2.4E+06      0.99339      0             2.4E+06      0             1.24E+07     76509         15.667       0.13706       
   2.5E+06      0.99391      0             2.5E+06      0             1.25E+07     79044         16.333       0.14059       
   2.6E+06      0.99556      0             2.6E+06      0             1.26E+07     83339         17           0.14413       
   2.7E+06      0.99636      0             2.7E+06      0             1.27E+07     89107         17.667       0.14742       
   2.8E+06      0.99244      0             2.8E+06      0             1.28E+07     94296         18.333       0.15005       
   2.9E+06      0.99455      0             2.9E+06      0             1.29E+07     99679         19           0.15256       
   3E+06        0.99882      0             3E+06        0             1.3E+07      1.0229E+05    19.667       0.15394       
   3.1E+06      0.99854      0             3.1E+06      0             1.31E+07     1.0792E+05    20.333       0.15612       
   3.2E+06      0.99662      0             3.2E+06      0             1.32E+07     1.1356E+05    21           0.15777       
   3.3E+06      0.99416      0             3.3E+06      0             1.33E+07     1.1912E+05    21.667       0.15882       
   3.4E+06      1.0036       0             3.4E+06      0             1.34E+07     1.2535E+05    22.333       0.16008       
   3.5E+06      0.99571      0             3.5E+06      0             1.35E+07     1.2967E+05    23           0.16111       
   3.6E+06      0.99623      0             3.6E+06      0             1.36E+07     1.3266E+05    23.667       0.16128       
   3.7E+06      0.99497      0             3.7E+06      0             1.37E+07     1.3787E+05    24.333       0.1616        
   3.8E+06      1.0007       0             3.8E+06      0             1.38E+07     1.4418E+05    25           0.16152       
   3.9E+06      0.99398      0             3.9E+06      0             1.39E+07     1.5068E+05    25.667       0.16064       
   4E+06        0.99821      0             4E+06        0             1.4E+07      1.5096E+05    26.333       0.15987       
   4.1E+06      0.99498      0             4.1E+06      0             1.41E+07     1.5074E+05    27           0.15883       
   4.2E+06      0.99955      0             4.2E+06      0             1.42E+07     1.3303E+05    27.667       0.1578        
   4.3E+06      0.99457      0             4.3E+06      0             1.43E+07     1.3727E+05    28.333       0.15599       
   4.4E+06      0.99602      0             4.4E+06      0             1.44E+07     1.394E+05     29           0.15459       
   4.5E+06      0.99705      0             4.5E+06      0             1.45E+07     1.4317E+05    29.667       0.15291       
   4.6E+06      0.99687      0             4.6E+06      0             1.46E+07     1.4422E+05    30.333       0.15127       
   4.7E+06      0.9934       0             4.7E+06      0             1.47E+07     1.4722E+05    31           0.1488        
   4.8E+06      0.99561      0             4.8E+06      0             1.48E+07     1.501E+05     31.667       0.14649       
   4.9E+06      0.99462      0             4.9E+06      0             1.49E+07     1.416E+05     32.333       0.14394       
   5E+06        0.99837      0             5E+06        0             1.5E+07      1.4482E+05    33           0.1406        
   5.1E+06      0.99762      0             5.1E+06      0             1.51E+07     1.4839E+05    33.667       0.13752       
   5.2E+06      0.99728      0             5.2E+06      0             1.52E+07     1.3966E+05    34.333       0.1339        
   5.3E+06      0.99691      0             5.3E+06      0             1.53E+07     1.3677E+05    35           0.12998       
   5.4E+06      0.9999       0             5.4E+06      0             1.54E+07     1.4098E+05    35.667       0.12608       
   5.5E+06      0.99638      0             5.5E+06      0             1.55E+07     1.4439E+05    36.333       0.12217       
   5.6E+06      0.99426      0             5.6E+06      0             1.56E+07     1.4106E+05    37           0.11718       
   5.7E+06      0.99924      0             5.7E+06      0             1.57E+07     1.4313E+05    37.667       0.113         
   5.8E+06      0.99103      0             5.8E+06      0             1.58E+07     1.4509E+05    38.333       0.10868       
   5.9E+06      0.9994       0             5.9E+06      0             1.59E+07     1.4747E+05    39           0.10368       
   6E+06        0.99071      0             6E+06        0             1.6E+07      1.4356E+05    39.667       0.098766      
   6.1E+06      0.99588      0             6.1E+06      0             1.61E+07     1.4208E+05    40.333       0.094054      
   6.2E+06      0.99545      0             6.2E+06      0             1.62E+07     1.4377E+05    41           0.088534      
   6.3E+06      0.99596      0             6.3E+06      0             1.63E+07     1.4746E+05    41.667       0.082933      
   6.4E+06      0.99403      0             6.4E+06      0             1.64E+07     1.4975E+05    42.333       0.077703      
   6.5E+06      0.9987       0             6.5E+06      0             1.65E+07     1.5013E+05    43           0.071718      
   6.6E+06      0.99543      0             6.6E+06      0             1.66E+07     1.5359E+05    43.667       0.065431      
   6.7E+06      0.99441      0             6.7E+06      0             1.67E+07     1.5709E+05    44.333       0.059679      
   6.8E+06      0.99906      0             6.8E+06      0             1.68E+07     1.5863E+05    45           0.053563      
   6.9E+06      0.99773      0             6.9E+06      0             1.69E+07     1.6169E+05    45.667       0.047354      
   7E+06        0.9982       0             7E+06        0             1.7E+07      1.6534E+05    46.333       0.041259      
   7.1E+06      1.0001       0             7.1E+06      0             1.71E+07     1.644E+05     47           0.03474       
   7.2E+06      0.9977       0             7.2E+06      0             1.72E+07     1.6517E+05    47.667       0.028823      
   7.3E+06      0.99468      0             7.3E+06      0             1.73E+07     1.6746E+05    48.333       0.022393      
   7.4E+06      0.99313      0             7.4E+06      0             1.74E+07     1.704E+05     49           0.016092      
   7.5E+06      0.99104      0             7.5E+06      0             1.75E+07     1.7369E+05    49.667       0.009554      
   7.6E+06      1.0013       0             7.6E+06      0             1.76E+07     1.7681E+05    
   7.7E+06      0.99385      0             7.7E+06      0             1.77E+07     1.6495E+05    
   7.8E+06      0.99672      0             7.8E+06      0             1.78E+07     1.5914E+05    
   7.9E+06      0.99563      0             7.9E+06      0             1.79E+07     1.6101E+05    
   8E+06        0.99414      0             8E+06        0             1.8E+07      1.6217E+05    
   8.1E+06      0.99659      0             8.1E+06      0             1.81E+07     1.6447E+05    
   8.2E+06      0.99851      0             8.2E+06      0             1.82E+07     1.6749E+05    
   8.3E+06      0.99737      0             8.3E+06      0             1.83E+07     1.6278E+05    
   8.4E+06      0.99754      0             8.4E+06      0             1.84E+07     1.6572E+05    
   8.5E+06      0.99939      0             8.5E+06      0             1.85E+07     1.6244E+05    
   8.6E+06      0.99492      0             8.6E+06      0             1.86E+07     1.6023E+05    
   8.7E+06      0.99456      0             8.7E+06      0             1.87E+07     1.6255E+05    
   8.8E+06      0.99391      0             8.8E+06      0             1.88E+07     1.6471E+05    
   8.9E+06      0.99547      0             8.9E+06      0             1.89E+07     1.655E+05     
   9E+06        0.99877      0             9E+06        0             1.9E+07      1.6832E+05    
   9.1E+06      0.99743      0             9.1E+06      0             1.91E+07     1.6925E+05    
   9.2E+06      0.99942      0             9.2E+06      0             1.92E+07     1.7014E+05    
   9.3E+06      0.99607      0             9.3E+06      0             1.93E+07     1.6614E+05    
   9.4E+06      0.99912      0             9.4E+06      0             1.94E+07     1.6309E+05    
   9.5E+06      1.0009       0             9.5E+06      0             1.95E+07     1.6557E+05    
   9.6E+06      0.99853      0             9.6E+06      0             1.96E+07     1.6818E+05    
   9.7E+06      0.99742      0             9.7E+06      0             1.97E+07     1.6662E+05    
   9.8E+06      0.99565      0             9.8E+06      0             1.98E+07     1.6455E+05    
   9.9E+06      0.9977       0             9.9E+06      0             1.99E+07     1.5581E+05    
   1E+07        0.9936       0             1E+07        0             2E+07        1.5519E+05    
   1.01E+07     0.99933      5.0471E-09    1.01E+07     5.0471E-09    2.01E+07     1.5718E+05    
   1.02E+07     0.99986      0.00037451    1.02E+07     0.00037451    2.02E+07     1.5804E+05    
   1.03E+07     0.99835      0.0012559     1.03E+07     0.0012559     2.03E+07     1.6029E+05    
   1.04E+07     0.99845      0.00094587    1.04E+07     0.00094587    2.04E+07     1.6186E+05    
   1.05E+07     0.99837      0.00076024    1.05E+07     0.00076024    2.05E+07     1.6387E+05    
   1.06E+07     0.99855      0.00065642    1.06E+07     0.00065642    2.06E+07     1.6617E+05    
   1.07E+07     0.99834      0.00059782    1.07E+07     0.00059782    2.07E+07     1.6534E+05    
   1.08E+07     0.99859      0.00057543    1.08E+07     0.00057543    2.08E+07     1.6751E+05    
   1.09E+07     0.99845      0.00053004    1.09E+07     0.00053004    2.09E+07     1.6978E+05    
   1.1E+07      0.99801      0.00063268    1.1E+07      0.00063268    2.1E+07      1.7022E+05    
   1.11E+07     0.99786      0.00059199    1.11E+07     0.00059199    2.11E+07     1.7168E+05    
   1.12E+07     0.99803      0.00056717    1.12E+07     0.00056717    2.12E+07     1.7311E+05    
   1.13E+07     0.99774      0.00059287    1.13E+07     0.00059287    2.13E+07     1.7532E+05    
   1.14E+07     0.99745      0.00062088    1.14E+07     0.00062088    2.14E+07     1.7335E+05    
   1.15E+07     0.99744      0.00057956    1.15E+07     0.00057956    2.15E+07     1.7556E+05    
   1.16E+07     0.99759      0.0005633     1.16E+07     0.0005633     2.16E+07     1.7631E+05    
   1.17E+07     0.99736      0.00057647    1.17E+07     0.00057647    2.17E+07     1.7688E+05    
   1.18E+07     0.99724      0.00055563    1.18E+07     0.00055563    2.18E+07     1.7771E+05    
   1.19E+07     0.99743      0.00055816    1.19E+07     0.00055816    2.19E+07     1.7978E+05    
   1.2E+07      0.99748      0.00053231    1.2E+07      0.00053231    2.2E+07      1.8187E+05    
   1.21E+07     0.99736      0.00051992    1.21E+07     0.00051992    2.21E+07     1.8384E+05    
   1.22E+07     0.99735      0.00049641    1.22E+07     0.00049641    2.22E+07     1.8438E+05    
   1.23E+07     0.99742      0.00048031    1.23E+07     0.00048031    2.23E+07     1.8653E+05    
   1.24E+07     0.99728      0.00048263    1.24E+07     0.00048263    2.24E+07     1.867E+05     
   1.25E+07     0.99737      0.00047289    1.25E+07     0.00047289    2.25E+07     1.8064E+05    
   1.26E+07     0.99731      0.00045869    1.26E+07     0.00045869    2.26E+07     1.825E+05     
   1.27E+07     0.99731      0.0004417     1.27E+07     0.0004417     2.27E+07     1.8455E+05    
   1.28E+07     0.99735      0.00042767    1.28E+07     0.00042767    2.28E+07     1.8659E+05    
   1.29E+07     0.99732      0.00041433    1.29E+07     0.00041433    2.29E+07     1.885E+05     
   1.3E+07      0.99724      0.00040741    1.3E+07      0.00040741    2.3E+07      1.8855E+05    
   1.31E+07     0.99722      0.00039498    1.31E+07     0.00039498    2.31E+07     1.9028E+05    
   1.32E+07     0.99719      0.00038357    1.32E+07     0.00038357    2.32E+07     1.9066E+05    
   1.33E+07     0.99716      0.00037306    1.33E+07     0.00037306    2.33E+07     1.91E+05      
   1.34E+07     0.99715      0.00036229    1.34E+07     0.00036229    2.34E+07     1.9279E+05    
   1.35E+07     0.99719      0.00035481    1.35E+07     0.00035481    2.35E+07     1.9343E+05    
   1.36E+07     0.99714      0.00034946    1.36E+07     0.00034946    2.36E+07     1.9402E+05    
   1.37E+07     0.99717      0.00034151    1.37E+07     0.00034151    2.37E+07     1.9596E+05    
   1.38E+07     0.99716      0.00033272    1.38E+07     0.00033272    2.38E+07     1.9694E+05    
   1.39E+07     0.99715      0.00032427    1.39E+07     0.00032427    2.39E+07     1.9894E+05    
   1.4E+07      0.99722      0.00032275    1.4E+07      0.00032275    2.4E+07      1.9875E+05    
   1.41E+07     0.99715      0.0003218     1.41E+07     0.0003218     2.41E+07     1.9483E+05    
   1.42E+07     0.99728      0.00034132    1.42E+07     0.00034132    2.42E+07     1.8676E+05    
   1.43E+07     0.99725      0.0003348     1.43E+07     0.0003348     2.43E+07     1.85E+05      
   1.44E+07     0.9972       0.00033096    1.44E+07     0.00033096    2.44E+07     1.8574E+05    
   1.45E+07     0.99717      0.00032541    1.45E+07     0.00032541    2.45E+07     1.8508E+05    
   1.46E+07     0.99722      0.00032309    1.46E+07     0.00032309    2.46E+07     1.8646E+05    
   1.47E+07     0.99718      0.00031867    1.47E+07     0.00031867    2.47E+07     1.8808E+05    
   1.48E+07     0.99714      0.00031447    1.48E+07     0.00031447    2.48E+07     1.8972E+05    
   1.49E+07     0.99724      0.00032266    1.49E+07     0.00032266    2.49E+07     1.9146E+05    
   1.5E+07      0.99728      0.00031797    1.5E+07      0.00031797    2.5E+07      1.8749E+05    
   1.51E+07     0.99725      0.00031306    1.51E+07     0.00031306    2.51E+07     1.8583E+05    
   1.52E+07     0.99734      0.00032159    1.52E+07     0.00032159    2.52E+07     1.8729E+05    
   1.53E+07     0.99742      0.00032388    1.53E+07     0.00032388    2.53E+07     1.8873E+05    
   1.54E+07     0.99741      0.00031795    1.54E+07     0.00031795    2.54E+07     1.897E+05     
   1.55E+07     0.99738      0.00031314    1.55E+07     0.00031314    2.55E+07     1.9131E+05    
   1.56E+07     0.99746      0.00031577    1.56E+07     0.00031577    2.56E+07     1.9294E+05    
   1.57E+07     0.99742      0.00031243    1.57E+07     0.00031243    2.57E+07     1.9079E+05    
   1.58E+07     0.99746      0.0003093     1.58E+07     0.0003093     2.58E+07     1.923E+05     
   1.59E+07     0.99742      0.00030581    1.59E+07     0.00030581    2.59E+07     1.9384E+05    
   1.6E+07      0.99735      0.00030895    1.6E+07      0.00030895    2.6E+07      1.9278E+05    
   1.61E+07     0.99741      0.00030956    1.61E+07     0.00030956    2.61E+07     1.9321E+05    
   1.62E+07     0.99745      0.00030677    1.62E+07     0.00030677    2.62E+07     1.9412E+05    
   1.63E+07     0.99746      0.00030196    1.63E+07     0.00030196    2.63E+07     1.9531E+05    
   1.64E+07     0.99743      0.00029871    1.64E+07     0.00029871    2.64E+07     1.9659E+05    
   1.65E+07     0.99747      0.00029738    1.65E+07     0.00029738    2.65E+07     1.962E+05     
   1.66E+07     0.99748      0.0002931     1.66E+07     0.0002931     2.66E+07     1.9493E+05    
   1.67E+07     0.99749      0.00028893    1.67E+07     0.00028893    2.67E+07     1.9651E+05    
   1.68E+07     0.99746      0.00028666    1.68E+07     0.00028666    2.68E+07     1.9798E+05    
   1.69E+07     0.99748      0.00028307    1.69E+07     0.00028307    2.69E+07     1.9872E+05    
   1.7E+07      0.99747      0.00027907    1.7E+07      0.00027907    2.7E+07      2.0006E+05    
   1.71E+07     0.99752      0.00027903    1.71E+07     0.00027903    2.71E+07     2.0002E+05    
   1.72E+07     0.99748      0.00027756    1.72E+07     0.00027756    2.72E+07     1.9954E+05    
   1.73E+07     0.99746      0.00027484    1.73E+07     0.00027484    2.73E+07     1.9862E+05    
   1.74E+07     0.99744      0.00027157    1.74E+07     0.00027157    2.74E+07     1.9847E+05    
   1.75E+07     0.99743      0.0002682     1.75E+07     0.0002682     2.75E+07     1.9856E+05    
   1.76E+07     0.99742      0.00026506    1.76E+07     0.00026506    2.76E+07     2E+05         
   1.77E+07     0.99733      0.00027363    1.77E+07     0.00027363    2.77E+07     1.9989E+05    
   1.78E+07     0.9974       0.00027776    1.78E+07     0.00027776    2.78E+07     2.0117E+05    
   1.79E+07     0.99737      0.00027535    1.79E+07     0.00027535    2.79E+07     1.9772E+05    
   1.8E+07      0.99734      0.00027359    1.8E+07      0.00027359    2.8E+07      1.9827E+05    
   1.81E+07     0.99732      0.00027091    1.81E+07     0.00027091    2.81E+07     1.9932E+05    
   1.82E+07     0.99733      0.0002677     1.82E+07     0.0002677     2.82E+07     2.003E+05     
   1.83E+07     0.99727      0.00027079    1.83E+07     0.00027079    2.83E+07     2.0153E+05    
   1.84E+07     0.99727      0.00026764    1.84E+07     0.00026764    2.84E+07     2.0267E+05    
   1.85E+07     0.99721      0.00026959    1.85E+07     0.00026959    2.85E+07     2.03E+05      
   1.86E+07     0.99726      0.0002707     1.86E+07     0.0002707     2.86E+07     2.0282E+05    
   1.87E+07     0.99728      0.00026802    1.87E+07     0.00026802    2.87E+07     2.0342E+05    
   1.88E+07     0.99729      0.00026553    1.88E+07     0.00026553    2.88E+07     2.0473E+05    
   1.89E+07     0.99732      0.00026419    1.89E+07     0.00026419    2.89E+07     2.0589E+05    
   1.9E+07      0.99732      0.00026127    1.9E+07      0.00026127    2.9E+07      2.0679E+05    
   1.91E+07     0.99735      0.00025983    1.91E+07     0.00025983    2.91E+07     2.0825E+05    
   1.92E+07     0.99738      0.00025847    1.92E+07     0.00025847    2.92E+07     2.0583E+05    
   1.93E+07     0.99743      0.00026088    1.93E+07     0.00026088    2.93E+07     2.0724E+05    
   1.94E+07     0.99748      0.00026262    1.94E+07     0.00026262    2.94E+07     2.0776E+05    
   1.95E+07     0.99749      0.00025995    1.95E+07     0.00025995    2.95E+07     2.0742E+05    
   1.96E+07     0.99748      0.00025726    1.96E+07     0.00025726    2.96E+07     2.0858E+05    
   1.97E+07     0.99744      0.00025779    1.97E+07     0.00025779    2.97E+07     2.083E+05     
   1.98E+07     0.9974       0.00025874    1.98E+07     0.00025874    2.98E+07     2.0646E+05    
   1.99E+07     0.99733      0.00026521    1.99E+07     0.00026521    2.99E+07     2.078E+05     
   2E+07        0.99737      0.00026506    2E+07        0.00026506    3E+07        2.0772E+05    
   2.01E+07     0.99735      0.00026271    2.01E+07     0.00026271    3.01E+07     2.08E+05      
   2.02E+07     0.99733      0.00026134    2.02E+07     0.00026134    3.02E+07     2.0913E+05    
   2.03E+07     0.99732      0.00025885    2.03E+07     0.00025885    3.03E+07     2.0995E+05    
   2.04E+07     0.99734      0.00025693    2.04E+07     0.00025693    3.04E+07     2.0801E+05    
   2.05E+07     0.99735      0.00025472    2.05E+07     0.00025472    3.05E+07     2.082E+05     
   2.06E+07     0.99735      0.00025233    2.06E+07     0.00025233    3.06E+07     2.0555E+05    
   2.07E+07     0.99738      0.00025234    2.07E+07     0.00025234    3.07E+07     2.0572E+05    
   2.08E+07     0.99739      0.00025008    2.08E+07     0.00025008    3.08E+07     2.0317E+05    
   2.09E+07     0.99739      0.00024779    2.09E+07     0.00024779    3.09E+07     2.0401E+05    
   2.1E+07      0.99741      0.00024687    2.1E+07      0.00024687    3.1E+07      2.0406E+05    
   2.11E+07     0.99743      0.00024523    2.11E+07     0.00024523    3.11E+07     2.0526E+05    
   2.12E+07     0.99745      0.00024361    2.12E+07     0.00024361    3.12E+07     2.0651E+05    
   2.13E+07     0.99745      0.0002415     2.13E+07     0.0002415     3.13E+07     2.0776E+05    
   2.14E+07     0.99749      0.0002423     2.14E+07     0.0002423     3.14E+07     2.0904E+05    
   2.15E+07     0.99749      0.0002402     2.15E+07     0.0002402     3.15E+07     2.0842E+05    
   2.16E+07     0.99747      0.00023909    2.16E+07     0.00023909    3.16E+07     2.0968E+05    
   2.17E+07     0.99744      0.00023816    2.17E+07     0.00023816    3.17E+07     2.1094E+05    
   2.18E+07     0.99746      0.00023705    2.18E+07     0.00023705    3.18E+07     2.0981E+05    
   2.19E+07     0.99747      0.00023513    2.19E+07     0.00023513    3.19E+07     2.1E+05       
   2.2E+07      0.99748      0.00023324    2.2E+07      0.00023324    3.2E+07      2.1001E+05    
   2.21E+07     0.99748      0.00023142    2.21E+07     0.00023142    3.21E+07     2.1121E+05    
   2.22E+07     0.9975       0.00023055    2.22E+07     0.00023055    3.22E+07     2.1164E+05    
   2.23E+07     0.99751      0.0002287     2.23E+07     0.0002287     3.23E+07     2.1282E+05    
   2.24E+07     0.99753      0.00022808    2.24E+07     0.00022808    3.24E+07     2.1354E+05    
   2.25E+07     0.99748      0.00023133    2.25E+07     0.00023133    3.25E+07     2.1432E+05    
   2.26E+07     0.99749      0.00022964    2.26E+07     0.00022964    3.26E+07     2.1468E+05    
   2.27E+07     0.99749      0.00022785    2.27E+07     0.00022785    3.27E+07     2.1588E+05    
   2.28E+07     0.99748      0.0002261     2.28E+07     0.0002261     3.28E+07     2.1659E+05    
   2.29E+07     0.99748      0.00022444    2.29E+07     0.00022444    3.29E+07     2.1714E+05    
   2.3E+07      0.99745      0.00022391    2.3E+07      0.00022391    3.3E+07      2.1706E+05    
   2.31E+07     0.99744      0.00022241    2.31E+07     0.00022241    3.31E+07     2.1789E+05    
   2.32E+07     0.99747      0.0002217     2.32E+07     0.0002217     3.32E+07     2.1899E+05    
   2.33E+07     0.99749      0.00022102    2.33E+07     0.00022102    3.33E+07     2.2E+05       
   2.34E+07     0.99748      0.0002195     2.34E+07     0.0002195     3.34E+07     2.2013E+05    
   2.35E+07     0.99746      0.00021867    2.35E+07     0.00021867    3.35E+07     2.2073E+05    
   2.36E+07     0.99744      0.00021787    2.36E+07     0.00021787    3.36E+07     2.1937E+05    
   2.37E+07     0.99745      0.00021632    2.37E+07     0.00021632    3.37E+07     2.1776E+05    
   2.38E+07     0.99743      0.00021531    2.38E+07     0.00021531    3.38E+07     2.185E+05     
   2.39E+07     0.99743      0.00021377    2.39E+07     0.00021377    3.39E+07     2.1921E+05    
   2.4E+07      0.99741      0.00021343    2.4E+07      0.00021343    3.4E+07      2.1819E+05    
   2.41E+07     0.99744      0.00021511    2.41E+07     0.00021511    3.41E+07     2.1936E+05    
   2.42E+07     0.99739      0.00021924    2.42E+07     0.00021924    3.42E+07     2.2041E+05    
   2.43E+07     0.99742      0.00021982    2.43E+07     0.00021982    3.43E+07     2.2156E+05    
   2.44E+07     0.99741      0.00021892    2.44E+07     0.00021892    3.44E+07     2.2184E+05    
   2.45E+07     0.99743      0.00021886    2.45E+07     0.00021886    3.45E+07     2.2162E+05    
   2.46E+07     0.99742      0.0002176     2.46E+07     0.0002176     3.46E+07     2.176E+05     
   2.47E+07     0.99743      0.00021621    2.47E+07     0.00021621    3.47E+07     2.1808E+05    
   2.48E+07     0.99743      0.00021484    2.48E+07     0.00021484    3.48E+07     2.1763E+05    
   2.49E+07     0.99744      0.00021343    2.49E+07     0.00021343    3.49E+07     2.1731E+05    
   2.5E+07      0.99748      0.00021524    2.5E+07      0.00021524    3.5E+07      2.1591E+05    
   2.51E+07     0.99745      0.00021575    2.51E+07     0.00021575    3.51E+07     2.1602E+05    
   2.52E+07     0.99745      0.00021448    2.52E+07     0.00021448    3.52E+07     2.1712E+05    
   2.53E+07     0.99746      0.00021323    2.53E+07     0.00021323    3.53E+07     2.149E+05     
   2.54E+07     0.99748      0.00021226    2.54E+07     0.00021226    3.54E+07     2.1563E+05    
   2.55E+07     0.99747      0.00021094    2.55E+07     0.00021094    3.55E+07     2.1593E+05    
   2.56E+07     0.99748      0.00020963    2.56E+07     0.00020963    3.56E+07     2.1683E+05    
   2.57E+07     0.99745      0.00021039    2.57E+07     0.00021039    3.57E+07     2.1789E+05    
   2.58E+07     0.99745      0.00020916    2.58E+07     0.00020916    3.58E+07     2.1636E+05    
   2.59E+07     0.99745      0.0002079     2.59E+07     0.0002079     3.59E+07     2.1741E+05    
   2.6E+07      0.99742      0.00020807    2.6E+07      0.00020807    3.6E+07      2.1665E+05    
   2.61E+07     0.99741      0.00020743    2.61E+07     0.00020743    3.61E+07     2.1682E+05    
   2.62E+07     0.99742      0.00020655    2.62E+07     0.00020655    3.62E+07     2.1786E+05    
   2.63E+07     0.99741      0.00020547    2.63E+07     0.00020547    3.63E+07     2.1884E+05    
   2.64E+07     0.99742      0.00020441    2.64E+07     0.00020441    3.64E+07     2.186E+05     
   2.65E+07     0.9974       0.00020422    2.65E+07     0.00020422    3.65E+07     2.1963E+05    
   2.66E+07     0.99742      0.0002045     2.66E+07     0.0002045     3.66E+07     2.202E+05     
   2.67E+07     0.99743      0.00020329    2.67E+07     0.00020329    3.67E+07     2.2069E+05    
   2.68E+07     0.99743      0.00020214    2.68E+07     0.00020214    3.68E+07     2.2117E+05    
   2.69E+07     0.99744      0.00020138    2.69E+07     0.00020138    3.69E+07     2.1949E+05    
   2.7E+07      0.99745      0.00020033    2.7E+07      0.00020033    3.7E+07      2.2045E+05    
   2.71E+07     0.99743      0.00019998    2.71E+07     0.00019998    3.71E+07     2.2128E+05    
   2.72E+07     0.99741      0.00019984    2.72E+07     0.00019984    3.72E+07     2.2219E+05    
   2.73E+07     0.99744      0.00019993    2.73E+07     0.00019993    3.73E+07     2.2292E+05    
   2.74E+07     0.99742      0.00019964    2.74E+07     0.00019964    3.74E+07     2.2393E+05    
   2.75E+07     0.9974       0.00019923    2.75E+07     0.00019923    3.75E+07     2.2489E+05    
   2.76E+07     0.9974       0.00019813    2.76E+07     0.00019813    3.76E+07     2.2579E+05    
   2.77E+07     0.99738      0.00019783    2.77E+07     0.00019783    3.77E+07     2.2666E+05    
   2.78E+07     0.99737      0.00019684    2.78E+07     0.00019684    3.78E+07     2.2663E+05    
   2.79E+07     0.99734      0.00019819    2.79E+07     0.00019819    3.79E+07     2.2759E+05    
   2.8E+07      0.99735      0.00019756    2.8E+07      0.00019756    3.8E+07      2.2843E+05    
   2.81E+07     0.99736      0.00019668    2.81E+07     0.00019668    3.81E+07     2.2944E+05    
   2.82E+07     0.99737      0.00019584    2.82E+07     0.00019584    3.82E+07     2.3042E+05    
   2.83E+07     0.99738      0.0001949     2.83E+07     0.0001949     3.83E+07     2.2934E+05    
   2.84E+07     0.99739      0.00019401    2.84E+07     0.00019401    3.84E+07     2.2979E+05    
   2.85E+07     0.9974       0.00019349    2.85E+07     0.00019349    3.85E+07     2.3078E+05    
   2.86E+07     0.99738      0.00019324    2.86E+07     0.00019324    3.86E+07     2.3174E+05    
   2.87E+07     0.9974       0.00019262    2.87E+07     0.00019262    3.87E+07     2.3038E+05    
   2.88E+07     0.9974       0.00019166    2.88E+07     0.00019166    3.88E+07     2.3139E+05    
   2.89E+07     0.99739      0.00019078    2.89E+07     0.00019078    3.89E+07     2.301E+05     
   2.9E+07      0.9974       0.00019004    2.9E+07      0.00019004    3.9E+07      2.3073E+05    
   2.91E+07     0.9974       0.00018904    2.91E+07     0.00018904    3.91E+07     2.2969E+05    
   2.92E+07     0.99743      0.00018982    2.92E+07     0.00018982    3.92E+07     2.2898E+05    
   2.93E+07     0.99743      0.00018884    2.93E+07     0.00018884    3.93E+07     2.2817E+05    
   2.94E+07     0.99742      0.00018828    2.94E+07     0.00018828    3.94E+07     2.2914E+05    
   2.95E+07     0.99743      0.00018811    2.95E+07     0.00018811    3.95E+07     2.2952E+05    
   2.96E+07     0.99744      0.00018727    2.96E+07     0.00018727    3.96E+07     2.2996E+05    
   2.97E+07     0.99742      0.00018708    2.97E+07     0.00018708    3.97E+07     2.3087E+05    
   2.98E+07     0.9974       0.00018758    2.98E+07     0.00018758    3.98E+07     2.3184E+05    
   2.99E+07     0.9974       0.00018666    2.99E+07     0.00018666    3.99E+07     2.3259E+05    
   3E+07        0.99742      0.00018639    3E+07        0.00018639    4E+07        2.3344E+05    
   3.01E+07     0.99743      0.00018595    3.01E+07     0.00018595    4.01E+07     2.343E+05     
   3.02E+07     0.99743      0.00018513    3.02E+07     0.00018513    4.02E+07     2.3488E+05    
   3.03E+07     0.99742      0.00018446    3.03E+07     0.00018446    4.03E+07     2.3463E+05    
   3.04E+07     0.99739      0.00018501    3.04E+07     0.00018501    4.04E+07     2.3539E+05    
   3.05E+07     0.99738      0.00018462    3.05E+07     0.00018462    4.05E+07     2.3562E+05    
   3.06E+07     0.99741      0.00018548    3.06E+07     0.00018548    4.06E+07     2.3553E+05    
   3.07E+07     0.99739      0.0001851     3.07E+07     0.0001851     4.07E+07     2.3507E+05    
   3.08E+07     0.99742      0.00018595    3.08E+07     0.00018595    4.08E+07     2.3562E+05    
   3.09E+07     0.99743      0.00018527    3.09E+07     0.00018527    4.09E+07     2.3646E+05    
   3.1E+07      0.99741      0.00018492    3.1E+07      0.00018492    4.1E+07      2.3624E+05    
   3.11E+07     0.99742      0.00018409    3.11E+07     0.00018409    4.11E+07     2.3494E+05    
   3.12E+07     0.99741      0.00018323    3.12E+07     0.00018323    4.12E+07     2.3428E+05    
   3.13E+07     0.99742      0.00018239    3.13E+07     0.00018239    4.13E+07     2.349E+05     
   3.14E+07     0.99742      0.00018154    3.14E+07     0.00018154    4.14E+07     2.3581E+05    
   3.15E+07     0.99743      0.00018151    3.15E+07     0.00018151    4.15E+07     2.3501E+05    
   3.16E+07     0.99744      0.00018067    3.16E+07     0.00018067    4.16E+07     2.3593E+05    
   3.17E+07     0.99743      0.00017984    3.17E+07     0.00017984    4.17E+07     2.3647E+05    
   3.18E+07     0.99745      0.00018005    3.18E+07     0.00018005    4.18E+07     2.374E+05     
   3.19E+07     0.99744      0.00017967    3.19E+07     0.00017967    4.19E+07     2.3802E+05    
   3.2E+07      0.99745      0.00017938    3.2E+07      0.00017938    4.2E+07      2.3698E+05    
   3.21E+07     0.99746      0.00017859    3.21E+07     0.00017859    4.21E+07     2.3723E+05    
   3.22E+07     0.99745      0.00017813    3.22E+07     0.00017813    4.22E+07     2.3787E+05    
   3.23E+07     0.99744      0.00017735    3.23E+07     0.00017735    4.23E+07     2.3769E+05    
   3.24E+07     0.99743      0.00017678    3.24E+07     0.00017678    4.24E+07     2.3778E+05    
   3.25E+07     0.99743      0.00017618    3.25E+07     0.00017618    4.25E+07     2.3854E+05    
   3.26E+07     0.99742      0.00017577    3.26E+07     0.00017577    4.26E+07     2.3813E+05    
   3.27E+07     0.99741      0.000175      3.27E+07     0.000175      4.27E+07     2.3772E+05    
   3.28E+07     0.99742      0.00017445    3.28E+07     0.00017445    4.28E+07     2.3861E+05    
   3.29E+07     0.99743      0.00017396    3.29E+07     0.00017396    4.29E+07     2.3848E+05    
   3.3E+07      0.99745      0.00017373    3.3E+07      0.00017373    4.3E+07      2.3883E+05    
   3.31E+07     0.99744      0.00017313    3.31E+07     0.00017313    4.31E+07     2.3971E+05    
   3.32E+07     0.99744      0.00017243    3.32E+07     0.00017243    4.32E+07     2.3648E+05    
   3.33E+07     0.99745      0.00017177    3.33E+07     0.00017177    4.33E+07     2.3669E+05    
   3.34E+07     0.99746      0.00017146    3.34E+07     0.00017146    4.34E+07     2.3713E+05    
   3.35E+07     0.99747      0.00017097    3.35E+07     0.00017097    4.35E+07     2.38E+05      
   3.36E+07     0.99749      0.00017123    3.36E+07     0.00017123    4.36E+07     2.3887E+05    
   3.37E+07     0.99747      0.00017161    3.37E+07     0.00017161    4.37E+07     2.3973E+05    
   3.38E+07     0.99748      0.00017106    3.38E+07     0.00017106    4.38E+07     2.3915E+05    
   3.39E+07     0.99748      0.00017053    3.39E+07     0.00017053    4.39E+07     2.3839E+05    
   3.4E+07      0.9975       0.00017067    3.4E+07      0.00017067    4.4E+07      2.3864E+05    
   3.41E+07     0.9975       0.00016996    3.41E+07     0.00016996    4.41E+07     2.3883E+05    
   3.42E+07     0.9975       0.00016931    3.42E+07     0.00016931    4.42E+07     2.3954E+05    
   3.43E+07     0.9975       0.00016862    3.43E+07     0.00016862    4.43E+07     2.3804E+05    
   3.44E+07     0.99749      0.00016827    3.44E+07     0.00016827    4.44E+07     2.3889E+05    
   3.45E+07     0.99748      0.0001681     3.45E+07     0.0001681     4.45E+07     2.3941E+05    
   3.46E+07     0.9975       0.0001694     3.46E+07     0.0001694     4.46E+07     2.4021E+05    
   3.47E+07     0.99751      0.00016897    3.47E+07     0.00016897    4.47E+07     2.4021E+05    
   3.48E+07     0.9975       0.0001689     3.48E+07     0.0001689     4.48E+07     2.4067E+05    
   3.49E+07     0.99749      0.00016877    3.49E+07     0.00016877    4.49E+07     2.4092E+05    
   3.5E+07      0.9975       0.00016907    3.5E+07      0.00016907    4.5E+07      2.4167E+05    
   3.51E+07     0.99752      0.00016879    3.51E+07     0.00016879    4.51E+07     2.4225E+05    
   3.52E+07     0.99752      0.00016812    3.52E+07     0.00016812    4.52E+07     2.4139E+05    
   3.53E+07     0.99749      0.00016872    3.53E+07     0.00016872    4.53E+07     2.4223E+05    
   3.54E+07     0.99749      0.00016819    3.54E+07     0.00016819    4.54E+07     2.4174E+05    
   3.55E+07     0.99748      0.00016784    3.55E+07     0.00016784    4.55E+07     2.4251E+05    
   3.56E+07     0.99748      0.00016725    3.56E+07     0.00016725    4.56E+07     2.431E+05     
   3.57E+07     0.99748      0.0001666     3.57E+07     0.0001666     4.57E+07     2.4272E+05    
   3.58E+07     0.99747      0.00016695    3.58E+07     0.00016695    4.58E+07     2.4348E+05    
   3.59E+07     0.99747      0.00016632    3.59E+07     0.00016632    4.59E+07     2.3827E+05    
   3.6E+07      0.99745      0.00016638    3.6E+07      0.00016638    4.6E+07      2.3894E+05    
   3.61E+07     0.99746      0.00016608    3.61E+07     0.00016608    4.61E+07     2.3837E+05    
   3.62E+07     0.99746      0.00016545    3.62E+07     0.00016545    4.62E+07     2.3901E+05    
   3.63E+07     0.99747      0.00016485    3.63E+07     0.00016485    4.63E+07     2.3908E+05    
   3.64E+07     0.99745      0.00016471    3.64E+07     0.00016471    4.64E+07     2.3935E+05    
   3.65E+07     0.99746      0.0001641     3.65E+07     0.0001641     4.65E+07     2.3916E+05    
   3.66E+07     0.99746      0.00016365    3.66E+07     0.00016365    4.66E+07     2.3974E+05    
   3.67E+07     0.99747      0.00016325    3.67E+07     0.00016325    4.67E+07     2.4027E+05    
   3.68E+07     0.99748      0.00016285    3.68E+07     0.00016285    4.68E+07     2.41E+05      
   3.69E+07     0.9975       0.00016325    3.69E+07     0.00016325    4.69E+07     2.4097E+05    
   3.7E+07      0.9975       0.00016266    3.7E+07      0.00016266    4.7E+07      2.4177E+05    
   3.71E+07     0.9975       0.00016214    3.71E+07     0.00016214    4.71E+07     2.3997E+05    
   3.72E+07     0.99749      0.00016159    3.72E+07     0.00016159    4.72E+07     2.4074E+05    
   3.73E+07     0.99749      0.00016111    3.73E+07     0.00016111    4.73E+07     2.4151E+05    
   3.74E+07     0.99748      0.00016052    3.74E+07     0.00016052    4.74E+07     2.4229E+05    
   3.75E+07     0.99749      0.00015997    3.75E+07     0.00015997    4.75E+07     2.4303E+05    
   3.76E+07     0.99748      0.00015943    3.76E+07     0.00015943    4.76E+07     2.4305E+05    
   3.77E+07     0.99748      0.00015892    3.77E+07     0.00015892    4.77E+07     2.4244E+05    
   3.78E+07     0.99749      0.00015872    3.78E+07     0.00015872    4.78E+07     2.4322E+05    
   3.79E+07     0.99749      0.00015816    3.79E+07     0.00015816    4.79E+07     2.4227E+05    
   3.8E+07      0.99749      0.00015767    3.8E+07      0.00015767    4.8E+07      2.4134E+05    
   3.81E+07     0.99749      0.00015711    3.81E+07     0.00015711    4.81E+07     2.4146E+05    
   3.82E+07     0.99749      0.00015657    3.82E+07     0.00015657    4.82E+07     2.4223E+05    
   3.83E+07     0.9975       0.00015673    3.83E+07     0.00015673    4.83E+07     2.4159E+05    
   3.84E+07     0.99751      0.00015637    3.84E+07     0.00015637    4.84E+07     2.4115E+05    
   3.85E+07     0.99751      0.00015583    3.85E+07     0.00015583    4.85E+07     2.4167E+05    
   3.86E+07     0.99751      0.0001553     3.86E+07     0.0001553     4.86E+07     2.4167E+05    
   3.87E+07     0.9975       0.00015555    3.87E+07     0.00015555    4.87E+07     2.4206E+05    
   3.88E+07     0.9975       0.00015501    3.88E+07     0.00015501    4.88E+07     2.4205E+05    
   3.89E+07     0.99751      0.00015525    3.89E+07     0.00015525    4.89E+07     2.4187E+05    
   3.9E+07      0.99752      0.00015484    3.9E+07      0.00015484    4.9E+07      2.4243E+05    
   3.91E+07     0.99753      0.00015498    3.91E+07     0.00015498    4.91E+07     2.4124E+05    
   3.92E+07     0.99755      0.00015502    3.92E+07     0.00015502    4.92E+07     2.3871E+05    
   3.93E+07     0.99756      0.0001551     3.93E+07     0.0001551     4.93E+07     2.3934E+05    
   3.94E+07     0.99756      0.00015457    3.94E+07     0.00015457    4.94E+07     2.4005E+05    
   3.95E+07     0.99757      0.00015425    3.95E+07     0.00015425    4.95E+07     2.4064E+05    
   3.96E+07     0.99757      0.0001539     3.96E+07     0.0001539     4.96E+07     2.4085E+05    
   3.97E+07     0.99757      0.0001534     3.97E+07     0.0001534     4.97E+07     2.4137E+05    
   3.98E+07     0.99757      0.00015289    3.98E+07     0.00015289    4.98E+07     2.4205E+05    
   3.99E+07     0.99757      0.00015245    3.99E+07     0.00015245    4.99E+07     2.419E+05     
   4E+07        0.99757      0.00015196    4E+07        0.00015196    5E+07        2.4235E+05    
   4.01E+07     0.99757      0.0001515     4.01E+07     0.0001515     5.01E+07     2.3964E+05    
   4.02E+07     0.99757      0.00015112    4.02E+07     0.00015112    5.02E+07     2.3989E+05    
   4.03E+07     0.99756      0.00015101    4.03E+07     0.00015101    5.03E+07     2.4042E+05    
   4.04E+07     0.99757      0.00015058    4.04E+07     0.00015058    5.04E+07     2.4111E+05    
   4.05E+07     0.99757      0.00015032    4.05E+07     0.00015032    5.05E+07     2.3987E+05    
   4.06E+07     0.99756      0.00015016    4.06E+07     0.00015016    5.06E+07     2.3881E+05    
   4.07E+07     0.99755      0.00015012    4.07E+07     0.00015012    5.07E+07     2.3944E+05    
   4.08E+07     0.99756      0.00014976    4.08E+07     0.00014976    5.08E+07     2.3947E+05    
   4.09E+07     0.99756      0.00014931    4.09E+07     0.00014931    5.09E+07     2.4013E+05    
   4.1E+07      0.99757      0.00014919    4.1E+07      0.00014919    5.1E+07      2.4082E+05    
   4.11E+07     0.99758      0.00014942    4.11E+07     0.00014942    5.11E+07     2.4141E+05    
   4.12E+07     0.99759      0.00014945    4.12E+07     0.00014945    5.12E+07     2.42E+05      
   4.13E+07     0.99759      0.00014907    4.13E+07     0.00014907    5.13E+07     2.4269E+05    
   4.14E+07     0.99759      0.0001486     4.14E+07     0.0001486     5.14E+07     2.4338E+05    
   4.15E+07     0.9976       0.00014867    4.15E+07     0.00014867    5.15E+07     2.4377E+05    
   4.16E+07     0.9976       0.0001482     4.16E+07     0.0001482     5.16E+07     2.4385E+05    
   4.17E+07     0.99759      0.00014785    4.17E+07     0.00014785    5.17E+07     2.4444E+05    
   4.18E+07     0.99759      0.00014739    4.18E+07     0.00014739    5.18E+07     2.4481E+05    
   4.19E+07     0.99759      0.00014702    4.19E+07     0.00014702    5.19E+07     2.4508E+05    
   4.2E+07      0.99757      0.00014716    4.2E+07      0.00014716    5.2E+07      2.4569E+05    
   4.21E+07     0.99757      0.00014691    4.21E+07     0.00014691    5.21E+07     2.4614E+05    
   4.22E+07     0.99756      0.00014653    4.22E+07     0.00014653    5.22E+07     2.4606E+05    
   4.23E+07     0.99757      0.00014642    4.23E+07     0.00014642    5.23E+07     2.4468E+05    
   4.24E+07     0.99756      0.00014622    4.24E+07     0.00014622    5.24E+07     2.4525E+05    
   4.25E+07     0.99756      0.00014581    4.25E+07     0.00014581    5.25E+07     2.458E+05     
   4.26E+07     0.99755      0.00014576    4.26E+07     0.00014576    5.26E+07     2.4434E+05    
   4.27E+07     0.99756      0.00014571    4.27E+07     0.00014571    5.27E+07     2.4495E+05    
   4.28E+07     0.99756      0.00014527    4.28E+07     0.00014527    5.28E+07     2.4546E+05    
   4.29E+07     0.99757      0.00014514    4.29E+07     0.00014514    5.29E+07     2.4613E+05    
   4.3E+07      0.99757      0.00014486    4.3E+07      0.00014486    5.3E+07      2.465E+05     
   4.31E+07     0.99757      0.00014442    4.31E+07     0.00014442    5.31E+07     2.4681E+05    
   4.32E+07     0.99756      0.00014524    4.32E+07     0.00014524    5.32E+07     2.4739E+05    
   4.33E+07     0.99755      0.00014501    4.33E+07     0.00014501    5.33E+07     2.4807E+05    
   4.34E+07     0.99754      0.0001447     4.34E+07     0.0001447     5.34E+07     2.4789E+05    
   4.35E+07     0.99754      0.00014427    4.35E+07     0.00014427    5.35E+07     2.4603E+05    
   4.36E+07     0.99754      0.00014384    4.36E+07     0.00014384    5.36E+07     2.4666E+05    
   4.37E+07     0.99754      0.00014342    4.37E+07     0.00014342    5.37E+07     2.4616E+05    
   4.38E+07     0.99755      0.00014343    4.38E+07     0.00014343    5.38E+07     2.468E+05     
   4.39E+07     0.99757      0.00014349    4.39E+07     0.00014349    5.39E+07     2.4517E+05    
   4.4E+07      0.99757      0.00014325    4.4E+07      0.00014325    5.4E+07      2.4303E+05    
   4.41E+07     0.99758      0.00014303    4.41E+07     0.00014303    5.41E+07     2.4316E+05    
   4.42E+07     0.99758      0.00014266    4.42E+07     0.00014266    5.42E+07     2.4372E+05    
   4.43E+07     0.99757      0.00014293    4.43E+07     0.00014293    5.43E+07     2.4438E+05    
   4.44E+07     0.99757      0.00014251    4.44E+07     0.00014251    5.44E+07     2.4494E+05    
   4.45E+07     0.99756      0.0001422     4.45E+07     0.0001422     5.45E+07     2.4326E+05    
   4.46E+07     0.99757      0.0001418     4.46E+07     0.0001418     5.46E+07     2.4362E+05    
   4.47E+07     0.99756      0.00014164    4.47E+07     0.00014164    5.47E+07     2.4228E+05    
   4.48E+07     0.99756      0.00014134    4.48E+07     0.00014134    5.48E+07     2.4266E+05    
   4.49E+07     0.99756      0.00014111    4.49E+07     0.00014111    5.49E+07     2.4316E+05    
   4.5E+07      0.99756      0.00014074    4.5E+07      0.00014074    5.5E+07      2.4227E+05    
   4.51E+07     0.99756      0.0001404     4.51E+07     0.0001404     5.51E+07     2.4286E+05    
   4.52E+07     0.99757      0.0001405     4.52E+07     0.0001405     5.52E+07     2.4349E+05    
   4.53E+07     0.99757      0.0001401     4.53E+07     0.0001401     5.53E+07     2.4406E+05    
   4.54E+07     0.99756      0.00014009    4.54E+07     0.00014009    5.54E+07     2.4396E+05    
   4.55E+07     0.99756      0.00013971    4.55E+07     0.00013971    5.55E+07     2.4395E+05    
   4.56E+07     0.99756      0.00013939    4.56E+07     0.00013939    5.56E+07     2.4377E+05    
   4.57E+07     0.99755      0.00013934    4.57E+07     0.00013934    5.57E+07     2.4427E+05    
   4.58E+07     0.99755      0.00013897    4.58E+07     0.00013897    5.58E+07     2.446E+05     
   4.59E+07     0.99753      0.00014033    4.59E+07     0.00014033    5.59E+07     2.452E+05     
   4.6E+07      0.99753      0.00013997    4.6E+07      0.00013997    5.6E+07      2.4576E+05    
   4.61E+07     0.99752      0.00013999    4.61E+07     0.00013999    5.61E+07     2.4585E+05    
   4.62E+07     0.99752      0.00013965    4.62E+07     0.00013965    5.62E+07     2.4643E+05    
   4.63E+07     0.99751      0.00013948    4.63E+07     0.00013948    5.63E+07     2.4421E+05    
   4.64E+07     0.9975       0.00013925    4.64E+07     0.00013925    5.64E+07     2.4463E+05    
   4.65E+07     0.99751      0.00013915    4.65E+07     0.00013915    5.65E+07     2.4389E+05    
   4.66E+07     0.99751      0.00013883    4.66E+07     0.00013883    5.66E+07     2.419E+05     
   4.67E+07     0.99751      0.00013853    4.67E+07     0.00013853    5.67E+07     2.4238E+05    
   4.68E+07     0.99751      0.00013817    4.68E+07     0.00013817    5.68E+07     2.4289E+05    
   4.69E+07     0.99752      0.00013803    4.69E+07     0.00013803    5.69E+07     2.4293E+05    
   4.7E+07      0.99752      0.00013765    4.7E+07      0.00013765    5.7E+07      2.4349E+05    
   4.71E+07     0.99751      0.00013802    4.71E+07     0.00013802    5.71E+07     2.439E+05     
   4.72E+07     0.99751      0.00013765    4.72E+07     0.00013765    5.72E+07     2.4423E+05    
   4.73E+07     0.9975       0.00013729    4.73E+07     0.00013729    5.73E+07     2.4361E+05    
   4.74E+07     0.99751      0.00013692    4.74E+07     0.00013692    5.74E+07     2.4418E+05    
   4.75E+07     0.99751      0.00013657    4.75E+07     0.00013657    5.75E+07     2.4285E+05    
   4.76E+07     0.99751      0.00013642    4.76E+07     0.00013642    5.76E+07     2.4327E+05    
   4.77E+07     0.9975       0.00013644    4.77E+07     0.00013644    5.77E+07     2.4359E+05    
   4.78E+07     0.9975       0.00013608    4.78E+07     0.00013608    5.78E+07     2.4375E+05    
   4.79E+07     0.99752      0.0001362     4.79E+07     0.0001362     5.79E+07     2.4416E+05    
   4.8E+07      0.99753      0.00013632    4.8E+07      0.00013632    5.8E+07      2.4469E+05    
   4.81E+07     0.99752      0.00013614    4.81E+07     0.00013614    5.81E+07     2.4525E+05    
   4.82E+07     0.99752      0.00013579    4.82E+07     0.00013579    5.82E+07     2.4518E+05    
   4.83E+07     0.99753      0.00013583    4.83E+07     0.00013583    5.83E+07     2.4569E+05    
   4.84E+07     0.99752      0.00013581    4.84E+07     0.00013581    5.84E+07     2.4619E+05    
   4.85E+07     0.99752      0.00013552    4.85E+07     0.00013552    5.85E+07     2.4645E+05    
   4.86E+07     0.99752      0.00013538    4.86E+07     0.00013538    5.86E+07     2.4692E+05    
   4.87E+07     0.99753      0.00013513    4.87E+07     0.00013513    5.87E+07     2.4741E+05    
   4.88E+07     0.99754      0.00013499    4.88E+07     0.00013499    5.88E+07     2.4718E+05    
   4.89E+07     0.99753      0.0001349     4.89E+07     0.0001349     5.89E+07     2.4776E+05    
   4.9E+07      0.99753      0.0001346     4.9E+07      0.0001346     5.9E+07      2.4619E+05    
   4.91E+07     0.99751      0.0001348     4.91E+07     0.0001348     5.91E+07     2.4672E+05    
   4.92E+07     0.99753      0.00013537    4.92E+07     0.00013537    5.92E+07     2.4728E+05    
   4.93E+07     0.99753      0.00013506    4.93E+07     0.00013506    5.93E+07     2.4781E+05    
   4.94E+07     0.99753      0.00013471    4.94E+07     0.00013471    5.94E+07     2.4802E+05    
   4.95E+07     0.99753      0.00013441    4.95E+07     0.00013441    5.95E+07     2.4782E+05    
   4.96E+07     0.99753      0.00013422    4.96E+07     0.00013422    5.96E+07     2.4833E+05    
   4.97E+07     0.99753      0.00013394    4.97E+07     0.00013394    5.97E+07     2.4891E+05    
   4.98E+07     0.99753      0.00013361    4.98E+07     0.00013361    5.98E+07     2.4931E+05    
   4.99E+07     0.99754      0.00013352    4.99E+07     0.00013352    5.99E+07     2.4918E+05    
   5E+07        0.99754      0.00013326    5E+07        0.00013326    6E+07        2.4949E+05    
   5.01E+07     0.99753      0.00013388    5.01E+07     0.00013388    6.01E+07     2.4954E+05    
   5.02E+07     0.99753      0.00013368    5.02E+07     0.00013368    6.02E+07     2.4856E+05    
   5.03E+07     0.99753      0.00013339    5.03E+07     0.00013339    6.03E+07     2.4822E+05    
   5.04E+07     0.99753      0.00013307    5.04E+07     0.00013307    6.04E+07     2.4866E+05    
   5.05E+07     0.99752      0.00013328    5.05E+07     0.00013328    6.05E+07     2.4909E+05    
   5.06E+07     0.99751      0.00013344    5.06E+07     0.00013344    6.06E+07     2.4963E+05    
   5.07E+07     0.9975       0.00013314    5.07E+07     0.00013314    6.07E+07     2.4929E+05    
   5.08E+07     0.99751      0.000133      5.08E+07     0.000133      6.08E+07     2.4741E+05    
   5.09E+07     0.99751      0.00013268    5.09E+07     0.00013268    6.09E+07     2.468E+05     
   5.1E+07      0.99751      0.00013236    5.1E+07      0.00013236    6.1E+07      2.4736E+05    
   5.11E+07     0.99751      0.00013207    5.11E+07     0.00013207    6.11E+07     2.4792E+05    
   5.12E+07     0.99751      0.00013177    5.12E+07     0.00013177    6.12E+07     2.4849E+05    
   5.13E+07     0.99751      0.00013146    5.13E+07     0.00013146    6.13E+07     2.4661E+05    
   5.14E+07     0.99751      0.00013114    5.14E+07     0.00013114    6.14E+07     2.4649E+05    
   5.15E+07     0.99751      0.00013091    5.15E+07     0.00013091    6.15E+07     2.4702E+05    
   5.16E+07     0.9975       0.00013076    5.16E+07     0.00013076    6.16E+07     2.4755E+05    
   5.17E+07     0.99751      0.00013048    5.17E+07     0.00013048    6.17E+07     2.472E+05     
   5.18E+07     0.99751      0.00013025    5.18E+07     0.00013025    6.18E+07     2.4761E+05    
   5.19E+07     0.9975       0.00013005    5.19E+07     0.00013005    6.19E+07     2.4656E+05    
   5.2E+07      0.9975       0.00012977    5.2E+07      0.00012977    6.2E+07      2.471E+05     
   5.21E+07     0.9975       0.00012952    5.21E+07     0.00012952    6.21E+07     2.463E+05     
   5.22E+07     0.99751      0.00012942    5.22E+07     0.00012942    6.22E+07     2.4623E+05    
   5.23E+07     0.99752      0.00012966    5.23E+07     0.00012966    6.23E+07     2.4631E+05    
   5.24E+07     0.99752      0.00012938    5.24E+07     0.00012938    6.24E+07     2.4681E+05    
   5.25E+07     0.99752      0.00012911    5.25E+07     0.00012911    6.25E+07     2.4714E+05    
   5.26E+07     0.99751      0.00012938    5.26E+07     0.00012938    6.26E+07     2.4745E+05    
   5.27E+07     0.99751      0.00012909    5.27E+07     0.00012909    6.27E+07     2.4797E+05    
   5.28E+07     0.99751      0.00012883    5.28E+07     0.00012883    6.28E+07     2.4847E+05    
   5.29E+07     0.99751      0.00012853    5.29E+07     0.00012853    6.29E+07     2.4826E+05    
   5.3E+07      0.99751      0.00012832    5.3E+07      0.00012832    6.3E+07      2.474E+05     
   5.31E+07     0.99751      0.00012812    5.31E+07     0.00012812    6.31E+07     2.4794E+05    
   5.32E+07     0.99751      0.00012783    5.32E+07     0.00012783    6.32E+07     2.4843E+05    
   5.33E+07     0.99751      0.00012753    5.33E+07     0.00012753    6.33E+07     2.4896E+05    
   5.34E+07     0.99752      0.00012746    5.34E+07     0.00012746    6.34E+07     2.4899E+05    
   5.35E+07     0.99753      0.00012782    5.35E+07     0.00012782    6.35E+07     2.4866E+05    
   5.36E+07     0.99753      0.00012754    5.36E+07     0.00012754    6.36E+07     2.4919E+05    
   5.37E+07     0.99752      0.00012755    5.37E+07     0.00012755    6.37E+07     2.495E+05     
   5.38E+07     0.99752      0.00012726    5.38E+07     0.00012726    6.38E+07     2.4876E+05    
   5.39E+07     0.99751      0.00012757    5.39E+07     0.00012757    6.39E+07     2.4896E+05    
   5.4E+07      0.99749      0.00012801    5.4E+07      0.00012801    6.4E+07      2.4949E+05    
   5.41E+07     0.99749      0.00012785    5.41E+07     0.00012785    6.41E+07     2.4833E+05    
   5.42E+07     0.99749      0.00012759    5.42E+07     0.00012759    6.42E+07     2.4808E+05    
   5.43E+07     0.99749      0.0001273     5.43E+07     0.0001273     6.43E+07     2.4622E+05    
   5.44E+07     0.99749      0.00012704    5.44E+07     0.00012704    6.44E+07     2.4514E+05    
   5.45E+07     0.9975       0.00012736    5.45E+07     0.00012736    6.45E+07     2.4566E+05    
   5.46E+07     0.9975       0.00012715    5.46E+07     0.00012715    6.46E+07     2.4605E+05    
   5.47E+07     0.99748      0.00012738    5.47E+07     0.00012738    6.47E+07     2.4651E+05    
   5.48E+07     0.99749      0.00012716    5.48E+07     0.00012716    6.48E+07     2.4697E+05    
   5.49E+07     0.99749      0.00012691    5.49E+07     0.00012691    6.49E+07     2.4744E+05    
   5.5E+07      0.99748      0.00012703    5.5E+07      0.00012703    6.5E+07      2.4775E+05    
   5.51E+07     0.99748      0.00012676    5.51E+07     0.00012676    6.51E+07     2.4811E+05    
   5.52E+07     0.99748      0.00012648    5.52E+07     0.00012648    6.52E+07     2.4676E+05    
   5.53E+07     0.99747      0.00012622    5.53E+07     0.00012622    6.53E+07     2.4694E+05    
   5.54E+07     0.99747      0.00012613    5.54E+07     0.00012613    6.54E+07     2.4743E+05    
   5.55E+07     0.99747      0.00012602    5.55E+07     0.00012602    6.55E+07     2.4765E+05    
   5.56E+07     0.99748      0.00012595    5.56E+07     0.00012595    6.56E+07     2.4806E+05    
   5.57E+07     0.99748      0.00012571    5.57E+07     0.00012571    6.57E+07     2.4857E+05    
   5.58E+07     0.99749      0.00012551    5.58E+07     0.00012551    6.58E+07     2.4869E+05    
   5.59E+07     0.99749      0.00012524    5.59E+07     0.00012524    6.59E+07     2.4914E+05    
   5.6E+07      0.99749      0.00012499    5.6E+07      0.00012499    6.6E+07      2.4962E+05    
   5.61E+07     0.99749      0.00012486    5.61E+07     0.00012486    6.61E+07     2.4947E+05    
   5.62E+07     0.99748      0.00012459    5.62E+07     0.00012459    6.62E+07     2.4986E+05    
   5.63E+07     0.9975       0.00012505    5.63E+07     0.00012505    6.63E+07     2.5036E+05    
   5.64E+07     0.9975       0.00012483    5.64E+07     0.00012483    6.64E+07     2.5085E+05    
   5.65E+07     0.99749      0.00012491    5.65E+07     0.00012491    6.65E+07     2.5103E+05    
   5.66E+07     0.99748      0.00012531    5.66E+07     0.00012531    6.66E+07     2.5141E+05    
   5.67E+07     0.99748      0.00012507    5.67E+07     0.00012507    6.67E+07     2.5189E+05    
   5.68E+07     0.99748      0.00012483    5.68E+07     0.00012483    6.68E+07     2.5201E+05    
   5.69E+07     0.99748      0.00012471    5.69E+07     0.00012471    6.69E+07     2.5243E+05    
   5.7E+07      0.99748      0.00012446    5.7E+07      0.00012446    6.7E+07      2.5262E+05    
   5.71E+07     0.99747      0.00012424    5.71E+07     0.00012424    6.71E+07     2.5275E+05    
   5.72E+07     0.99748      0.00012405    5.72E+07     0.00012405    6.72E+07     2.5325E+05    
   5.73E+07     0.99747      0.0001241     5.73E+07     0.0001241     6.73E+07     2.5374E+05    
   5.74E+07     0.99747      0.00012384    5.74E+07     0.00012384    6.74E+07     2.5417E+05    
   5.75E+07     0.99746      0.00012406    5.75E+07     0.00012406    6.75E+07     2.5456E+05    
   5.76E+07     0.99746      0.00012385    5.76E+07     0.00012385    6.76E+07     2.5494E+05    
   5.77E+07     0.99746      0.00012366    5.77E+07     0.00012366    6.77E+07     2.5543E+05    
   5.78E+07     0.99745      0.00012351    5.78E+07     0.00012351    6.78E+07     2.5579E+05    
   5.79E+07     0.99746      0.0001233     5.79E+07     0.0001233     6.79E+07     2.5585E+05    
   5.8E+07      0.99746      0.00012306    5.8E+07      0.00012306    6.8E+07      2.5599E+05    
   5.81E+07     0.99746      0.00012281    5.81E+07     0.00012281    6.81E+07     2.5526E+05    
   5.82E+07     0.99746      0.00012272    5.82E+07     0.00012272    6.82E+07     2.5548E+05    
   5.83E+07     0.99747      0.00012249    5.83E+07     0.00012249    6.83E+07     2.5576E+05    
   5.84E+07     0.99746      0.00012226    5.84E+07     0.00012226    6.84E+07     2.5441E+05    
   5.85E+07     0.99747      0.00012209    5.85E+07     0.00012209    6.85E+07     2.5452E+05    
   5.86E+07     0.99747      0.00012187    5.86E+07     0.00012187    6.86E+07     2.5497E+05    
   5.87E+07     0.99746      0.00012165    5.87E+07     0.00012165    6.87E+07     2.5536E+05    
   5.88E+07     0.99747      0.00012159    5.88E+07     0.00012159    6.88E+07     2.5578E+05    
   5.89E+07     0.99747      0.00012135    5.89E+07     0.00012135    6.89E+07     2.5492E+05    
   5.9E+07      0.99746      0.00012163    5.9E+07      0.00012163    6.9E+07      2.5498E+05    
   5.91E+07     0.99746      0.0001214     5.91E+07     0.0001214     6.91E+07     2.5501E+05    
   5.92E+07     0.99746      0.00012116    5.92E+07     0.00012116    6.92E+07     2.5549E+05    
   5.93E+07     0.99746      0.00012092    5.93E+07     0.00012092    6.93E+07     2.5597E+05    
   5.94E+07     0.99746      0.00012077    5.94E+07     0.00012077    6.94E+07     2.5621E+05    
   5.95E+07     0.99747      0.00012072    5.95E+07     0.00012072    6.95E+07     2.5634E+05    
   5.96E+07     0.99747      0.00012049    5.96E+07     0.00012049    6.96E+07     2.5652E+05    
   5.97E+07     0.99747      0.00012025    5.97E+07     0.00012025    6.97E+07     2.5687E+05    
   5.98E+07     0.99747      0.00012005    5.98E+07     0.00012005    6.98E+07     2.5704E+05    
   5.99E+07     0.99748      0.00011998    5.99E+07     0.00011998    6.99E+07     2.5751E+05    
   6E+07        0.99747      0.00011981    6E+07        0.00011981    7E+07        2.5587E+05    
   6.01E+07     0.99747      0.0001197     6.01E+07     0.0001197     7.01E+07     2.5535E+05    
   6.02E+07     0.99748      0.00011983    6.02E+07     0.00011983    7.02E+07     2.5575E+05    
   6.03E+07     0.99748      0.00011981    6.03E+07     0.00011981    7.03E+07     2.5585E+05    
   6.04E+07     0.99749      0.00011961    6.04E+07     0.00011961    7.04E+07     2.5579E+05    
   6.05E+07     0.99748      0.0001194     6.05E+07     0.0001194     7.05E+07     2.558E+05     
   6.06E+07     0.99749      0.00011918    6.06E+07     0.00011918    7.06E+07     2.5622E+05    
   6.07E+07     0.99748      0.00011916    6.07E+07     0.00011916    7.07E+07     2.5662E+05    
   6.08E+07     0.99747      0.00011951    6.08E+07     0.00011951    7.08E+07     2.5703E+05    
   6.09E+07     0.99746      0.00011956    6.09E+07     0.00011956    7.09E+07     2.5662E+05    
   6.1E+07      0.99746      0.00011933    6.1E+07      0.00011933    7.1E+07      2.5656E+05    
   6.11E+07     0.99746      0.00011909    6.11E+07     0.00011909    7.11E+07     2.5681E+05    
   6.12E+07     0.99746      0.00011886    6.12E+07     0.00011886    7.12E+07     2.5601E+05    
   6.13E+07     0.99747      0.00011921    6.13E+07     0.00011921    7.13E+07     2.5646E+05    
   6.14E+07     0.99748      0.00011914    6.14E+07     0.00011914    7.14E+07     2.5692E+05    
   6.15E+07     0.99748      0.00011892    6.15E+07     0.00011892    7.15E+07     2.5728E+05    
   6.16E+07     0.99748      0.0001187     6.16E+07     0.0001187     7.16E+07     2.572E+05     
   6.17E+07     0.99747      0.00011868    6.17E+07     0.00011868    7.17E+07     2.573E+05     
   6.18E+07     0.99747      0.00011849    6.18E+07     0.00011849    7.18E+07     2.5778E+05    
   6.19E+07     0.99746      0.00011864    6.19E+07     0.00011864    7.19E+07     2.5819E+05    
   6.2E+07      0.99746      0.00011842    6.2E+07      0.00011842    7.2E+07      2.5649E+05    
   6.21E+07     0.99747      0.00011851    6.21E+07     0.00011851    7.21E+07     2.5689E+05    
   6.22E+07     0.99746      0.00011842    6.22E+07     0.00011842    7.22E+07     2.5732E+05    
   6.23E+07     0.99746      0.00011831    6.23E+07     0.00011831    7.23E+07     2.5747E+05    
   6.24E+07     0.99746      0.0001181     6.24E+07     0.0001181     7.24E+07     2.5792E+05    
   6.25E+07     0.99745      0.00011792    6.25E+07     0.00011792    7.25E+07     2.5821E+05    
   6.26E+07     0.99745      0.00011775    6.26E+07     0.00011775    7.26E+07     2.5818E+05    
   6.27E+07     0.99745      0.00011753    6.27E+07     0.00011753    7.27E+07     2.5848E+05    
   6.28E+07     0.99745      0.00011732    6.28E+07     0.00011732    7.28E+07     2.5843E+05    
   6.29E+07     0.99745      0.00011728    6.29E+07     0.00011728    7.29E+07     2.5861E+05    
   6.3E+07      0.99745      0.00011739    6.3E+07      0.00011739    7.3E+07      2.589E+05     
   6.31E+07     0.99745      0.00011717    6.31E+07     0.00011717    7.31E+07     2.5921E+05    
   6.32E+07     0.99745      0.00011696    6.32E+07     0.00011696    7.32E+07     2.5919E+05    
   6.33E+07     0.99745      0.00011674    6.33E+07     0.00011674    7.33E+07     2.5964E+05    
   6.34E+07     0.99744      0.00011664    6.34E+07     0.00011664    7.34E+07     2.5924E+05    
   6.35E+07     0.99744      0.00011663    6.35E+07     0.00011663    7.35E+07     2.5773E+05    
   6.36E+07     0.99744      0.00011641    6.36E+07     0.00011641    7.36E+07     2.5765E+05    
   6.37E+07     0.99744      0.00011625    6.37E+07     0.00011625    7.37E+07     2.5807E+05    
   6.38E+07     0.99745      0.00011633    6.38E+07     0.00011633    7.38E+07     2.5844E+05    
   6.39E+07     0.99745      0.00011619    6.39E+07     0.00011619    7.39E+07     2.5824E+05    
   6.4E+07      0.99745      0.00011597    6.4E+07      0.00011597    7.4E+07      2.5716E+05    
   6.41E+07     0.99744      0.00011615    6.41E+07     0.00011615    7.41E+07     2.5756E+05    
   6.42E+07     0.99744      0.00011612    6.42E+07     0.00011612    7.42E+07     2.5802E+05    
   6.43E+07     0.99745      0.00011647    6.43E+07     0.00011647    7.43E+07     2.5662E+05    
   6.44E+07     0.99744      0.00011663    6.44E+07     0.00011663    7.44E+07     2.5682E+05    
   6.45E+07     0.99744      0.00011642    6.45E+07     0.00011642    7.45E+07     2.5726E+05    
   6.46E+07     0.99743      0.00011623    6.46E+07     0.00011623    7.46E+07     2.577E+05     
   6.47E+07     0.99744      0.00011602    6.47E+07     0.00011602    7.47E+07     2.5803E+05    
   6.48E+07     0.99744      0.00011583    6.48E+07     0.00011583    7.48E+07     2.5832E+05    
   6.49E+07     0.99744      0.00011563    6.49E+07     0.00011563    7.49E+07     2.5448E+05    
   6.5E+07      0.99744      0.00011547    6.5E+07      0.00011547    7.5E+07      2.5384E+05    
   6.51E+07     0.99744      0.0001153     6.51E+07     0.0001153     7.51E+07     2.542E+05     
   6.52E+07     0.99745      0.00011552    6.52E+07     0.00011552    7.52E+07     2.538E+05     
   6.53E+07     0.99745      0.00011539    6.53E+07     0.00011539    7.53E+07     2.5409E+05    
   6.54E+07     0.99745      0.00011519    6.54E+07     0.00011519    7.54E+07     2.5449E+05    
   6.55E+07     0.99745      0.00011505    6.55E+07     0.00011505    7.55E+07     2.5488E+05    
   6.56E+07     0.99745      0.00011486    6.56E+07     0.00011486    7.56E+07     2.5493E+05    
   6.57E+07     0.99745      0.00011466    6.57E+07     0.00011466    7.57E+07     2.5534E+05    
   6.58E+07     0.99745      0.00011454    6.58E+07     0.00011454    7.58E+07     2.547E+05     
   6.59E+07     0.99745      0.00011435    6.59E+07     0.00011435    7.59E+07     2.5437E+05    
   6.6E+07      0.99745      0.00011415    6.6E+07      0.00011415    7.6E+07      2.5349E+05    
   6.61E+07     0.99746      0.0001141     6.61E+07     0.0001141     7.61E+07     2.5392E+05    
   6.62E+07     0.99745      0.00011393    6.62E+07     0.00011393    7.62E+07     2.5363E+05    
   6.63E+07     0.99745      0.00011373    6.63E+07     0.00011373    7.63E+07     2.5363E+05    
   6.64E+07     0.99745      0.00011353    6.64E+07     0.00011353    7.64E+07     2.5202E+05    
   6.65E+07     0.99745      0.0001134     6.65E+07     0.0001134     7.65E+07     2.5228E+05    
   6.66E+07     0.99745      0.00011323    6.66E+07     0.00011323    7.66E+07     2.5185E+05    
   6.67E+07     0.99745      0.00011304    6.67E+07     0.00011304    7.67E+07     2.519E+05     
   6.68E+07     0.99746      0.00011293    6.68E+07     0.00011293    7.68E+07     2.513E+05     
   6.69E+07     0.99745      0.00011274    6.69E+07     0.00011274    7.69E+07     2.5172E+05    
   6.7E+07      0.99745      0.00011262    6.7E+07      0.00011262    7.7E+07      2.5206E+05    
   6.71E+07     0.99745      0.0001125     6.71E+07     0.0001125     7.71E+07     2.5243E+05    
   6.72E+07     0.99745      0.00011231    6.72E+07     0.00011231    7.72E+07     2.5286E+05    
   6.73E+07     0.99745      0.00011212    6.73E+07     0.00011212    7.73E+07     2.5328E+05    
   6.74E+07     0.99746      0.00011194    6.74E+07     0.00011194    7.74E+07     2.5371E+05    
   6.75E+07     0.99746      0.00011177    6.75E+07     0.00011177    7.75E+07     2.537E+05     
   6.76E+07     0.99746      0.0001116     6.76E+07     0.0001116     7.76E+07     2.532E+05     
   6.77E+07     0.99746      0.00011141    6.77E+07     0.00011141    7.77E+07     2.5362E+05    
   6.78E+07     0.99746      0.00011125    6.78E+07     0.00011125    7.78E+07     2.54E+05      
   6.79E+07     0.99746      0.00011116    6.79E+07     0.00011116    7.79E+07     2.5413E+05    
   6.8E+07      0.99747      0.00011105    6.8E+07      0.00011105    7.8E+07      2.5454E+05    
   6.81E+07     0.99747      0.00011112    6.81E+07     0.00011112    7.81E+07     2.5489E+05    
   6.82E+07     0.99748      0.00011099    6.82E+07     0.00011099    7.82E+07     2.5422E+05    
   6.83E+07     0.99748      0.00011085    6.83E+07     0.00011085    7.83E+07     2.531E+05     
   6.84E+07     0.99748      0.00011106    6.84E+07     0.00011106    7.84E+07     2.5241E+05    
   6.85E+07     0.99748      0.00011096    6.85E+07     0.00011096    7.85E+07     2.5278E+05    
   6.86E+07     0.99748      0.00011078    6.86E+07     0.00011078    7.86E+07     2.5251E+05    
   6.87E+07     0.99748      0.00011061    6.87E+07     0.00011061    7.87E+07     2.5292E+05    
   6.88E+07     0.99748      0.00011044    6.88E+07     0.00011044    7.88E+07     2.5329E+05    
   6.89E+07     0.99749      0.00011055    6.89E+07     0.00011055    7.89E+07     2.5302E+05    
   6.9E+07      0.99748      0.00011045    6.9E+07      0.00011045    7.9E+07      2.5253E+05    
   6.91E+07     0.99748      0.00011036    6.91E+07     0.00011036    7.91E+07     2.5295E+05    
   6.92E+07     0.99748      0.00011018    6.92E+07     0.00011018    7.92E+07     2.5295E+05    
   6.93E+07     0.99748      0.00011       6.93E+07     0.00011       7.93E+07     2.5324E+05    
   6.94E+07     0.99747      0.00010986    6.94E+07     0.00010986    7.94E+07     2.536E+05     
   6.95E+07     0.99748      0.00010976    6.95E+07     0.00010976    7.95E+07     2.5401E+05    
   6.96E+07     0.99748      0.00010964    6.96E+07     0.00010964    7.96E+07     2.5436E+05    
   6.97E+07     0.99748      0.00010949    6.97E+07     0.00010949    7.97E+07     2.5455E+05    
   6.98E+07     0.99749      0.00010937    6.98E+07     0.00010937    7.98E+07     2.538E+05     
   6.99E+07     0.99749      0.0001092     6.99E+07     0.0001092     7.99E+07     2.5305E+05    
   7E+07        0.99748      0.00010946    7E+07        0.00010946    8E+07        2.5345E+05    
   7.01E+07     0.99747      0.0001095     7.01E+07     0.0001095     8.01E+07     2.5374E+05    
   7.02E+07     0.99747      0.00010934    7.02E+07     0.00010934    8.02E+07     2.5401E+05    
   7.03E+07     0.99747      0.00010924    7.03E+07     0.00010924    8.03E+07     2.5439E+05    
   7.04E+07     0.99747      0.00010917    7.04E+07     0.00010917    8.04E+07     2.5462E+05    
   7.05E+07     0.99747      0.00010909    7.05E+07     0.00010909    8.05E+07     2.5501E+05    
   7.06E+07     0.99747      0.00010892    7.06E+07     0.00010892    8.06E+07     2.5506E+05    
   7.07E+07     0.99747      0.00010876    7.07E+07     0.00010876    8.07E+07     2.5539E+05    
   7.08E+07     0.99746      0.0001086     7.08E+07     0.0001086     8.08E+07     2.5573E+05    
   7.09E+07     0.99747      0.00010861    7.09E+07     0.00010861    8.09E+07     2.5613E+05    
   7.1E+07      0.99747      0.00010854    7.1E+07      0.00010854    8.1E+07      2.5654E+05    
   7.11E+07     0.99746      0.0001084     7.11E+07     0.0001084     8.11E+07     2.5616E+05    
   7.12E+07     0.99747      0.0001085     7.12E+07     0.0001085     8.12E+07     2.5655E+05    
   7.13E+07     0.99747      0.00010833    7.13E+07     0.00010833    8.13E+07     2.5669E+05    
   7.14E+07     0.99747      0.00010815    7.14E+07     0.00010815    8.14E+07     2.5631E+05    
   7.15E+07     0.99747      0.000108      7.15E+07     0.000108      8.15E+07     2.5591E+05    
   7.16E+07     0.99747      0.00010794    7.16E+07     0.00010794    8.16E+07     2.5623E+05    
   7.17E+07     0.99747      0.00010785    7.17E+07     0.00010785    8.17E+07     2.5622E+05    
   7.18E+07     0.99747      0.00010767    7.18E+07     0.00010767    8.18E+07     2.5634E+05    
   7.19E+07     0.99746      0.00010751    7.19E+07     0.00010751    8.19E+07     2.5551E+05    
   7.2E+07      0.99745      0.00010779    7.2E+07      0.00010779    8.2E+07      2.5579E+05    
   7.21E+07     0.99745      0.00010763    7.21E+07     0.00010763    8.21E+07     2.5547E+05    
   7.22E+07     0.99745      0.00010747    7.22E+07     0.00010747    8.22E+07     2.5473E+05    
   7.23E+07     0.99745      0.00010736    7.23E+07     0.00010736    8.23E+07     2.5375E+05    
   7.24E+07     0.99745      0.00010719    7.24E+07     0.00010719    8.24E+07     2.5245E+05    
   7.25E+07     0.99745      0.00010706    7.25E+07     0.00010706    8.25E+07     2.5283E+05    
   7.26E+07     0.99746      0.00010699    7.26E+07     0.00010699    8.26E+07     2.5315E+05    
   7.27E+07     0.99745      0.00010686    7.27E+07     0.00010686    8.27E+07     2.5339E+05    
   7.28E+07     0.99745      0.00010679    7.28E+07     0.00010679    8.28E+07     2.5373E+05    
   7.29E+07     0.99745      0.00010668    7.29E+07     0.00010668    8.29E+07     2.5381E+05    
   7.3E+07      0.99746      0.00010655    7.3E+07      0.00010655    8.3E+07      2.5411E+05    
   7.31E+07     0.99745      0.00010641    7.31E+07     0.00010641    8.31E+07     2.544E+05     
   7.32E+07     0.99745      0.00010634    7.32E+07     0.00010634    8.32E+07     2.5471E+05    
   7.33E+07     0.99745      0.00010618    7.33E+07     0.00010618    8.33E+07     2.5507E+05    
   7.34E+07     0.99744      0.00010619    7.34E+07     0.00010619    8.34E+07     2.5543E+05    
   7.35E+07     0.99743      0.00010642    7.35E+07     0.00010642    8.35E+07     2.5575E+05    
   7.36E+07     0.99744      0.00010637    7.36E+07     0.00010637    8.36E+07     2.5614E+05    
   7.37E+07     0.99744      0.00010621    7.37E+07     0.00010621    8.37E+07     2.5648E+05    
   7.38E+07     0.99744      0.00010606    7.38E+07     0.00010606    8.38E+07     2.5598E+05    
   7.39E+07     0.99745      0.00010603    7.39E+07     0.00010603    8.39E+07     2.5626E+05    
   7.4E+07      0.99744      0.00010618    7.4E+07      0.00010618    8.4E+07      2.5664E+05    
   7.41E+07     0.99744      0.00010602    7.41E+07     0.00010602    8.41E+07     2.5651E+05    
   7.42E+07     0.99744      0.00010586    7.42E+07     0.00010586    8.42E+07     2.5639E+05    
   7.43E+07     0.99745      0.00010608    7.43E+07     0.00010608    8.43E+07     2.5616E+05    
   7.44E+07     0.99745      0.00010597    7.44E+07     0.00010597    8.44E+07     2.5634E+05    
   7.45E+07     0.99745      0.0001058     7.45E+07     0.0001058     8.45E+07     2.567E+05     
   7.46E+07     0.99745      0.00010564    7.46E+07     0.00010564    8.46E+07     2.5676E+05    
   7.47E+07     0.99745      0.0001055     7.47E+07     0.0001055     8.47E+07     2.5713E+05    
   7.48E+07     0.99745      0.00010537    7.48E+07     0.00010537    8.48E+07     2.5746E+05    
   7.49E+07     0.99743      0.00010609    7.49E+07     0.00010609    8.49E+07     2.5404E+05    
   7.5E+07      0.99744      0.00010616    7.5E+07      0.00010616    8.5E+07      2.539E+05     
   7.51E+07     0.99744      0.00010601    7.51E+07     0.00010601    8.51E+07     2.5424E+05    
   7.52E+07     0.99745      0.00010602    7.52E+07     0.00010602    8.52E+07     2.5427E+05    
   7.53E+07     0.99745      0.00010589    7.53E+07     0.00010589    8.53E+07     2.5465E+05    
   7.54E+07     0.99745      0.00010573    7.54E+07     0.00010573    8.54E+07     2.55E+05      
   7.55E+07     0.99745      0.00010559    7.55E+07     0.00010559    8.55E+07     2.5504E+05    
   7.56E+07     0.99744      0.0001055     7.56E+07     0.0001055     8.56E+07     2.552E+05     
   7.57E+07     0.99744      0.00010535    7.57E+07     0.00010535    8.57E+07     2.5512E+05    
   7.58E+07     0.99745      0.00010541    7.58E+07     0.00010541    8.58E+07     2.5544E+05    
   7.59E+07     0.99744      0.00010541    7.59E+07     0.00010541    8.59E+07     2.5582E+05    
   7.6E+07      0.99744      0.00010552    7.6E+07      0.00010552    8.6E+07      2.5611E+05    
   7.61E+07     0.99744      0.00010536    7.61E+07     0.00010536    8.61E+07     2.5647E+05    
   7.62E+07     0.99744      0.00010535    7.62E+07     0.00010535    8.62E+07     2.562E+05     
   7.63E+07     0.99745      0.00010528    7.63E+07     0.00010528    8.63E+07     2.5656E+05    
   7.64E+07     0.99744      0.00010555    7.64E+07     0.00010555    8.64E+07     2.5666E+05    
   7.65E+07     0.99743      0.00010543    7.65E+07     0.00010543    8.65E+07     2.57E+05      
   7.66E+07     0.99744      0.00010545    7.66E+07     0.00010545    8.66E+07     2.5728E+05    
   7.67E+07     0.99744      0.00010537    7.67E+07     0.00010537    8.67E+07     2.5661E+05    
   7.68E+07     0.99745      0.00010543    7.68E+07     0.00010543    8.68E+07     2.5655E+05    
   7.69E+07     0.99745      0.00010527    7.69E+07     0.00010527    8.69E+07     2.567E+05     
   7.7E+07      0.99745      0.00010513    7.7E+07      0.00010513    8.7E+07      2.5702E+05    
   7.71E+07     0.99745      0.00010498    7.71E+07     0.00010498    8.71E+07     2.5738E+05    
   7.72E+07     0.99745      0.00010483    7.72E+07     0.00010483    8.72E+07     2.5694E+05    
   7.73E+07     0.99745      0.00010467    7.73E+07     0.00010467    8.73E+07     2.5628E+05    
   7.74E+07     0.99745      0.00010452    7.74E+07     0.00010452    8.74E+07     2.566E+05     
   7.75E+07     0.99746      0.00010445    7.75E+07     0.00010445    8.75E+07     2.5697E+05    
   7.76E+07     0.99745      0.00010448    7.76E+07     0.00010448    8.76E+07     2.5717E+05    
   7.77E+07     0.99745      0.00010433    7.77E+07     0.00010433    8.77E+07     2.5649E+05    
   7.78E+07     0.99745      0.00010419    7.78E+07     0.00010419    8.78E+07     2.5665E+05    
   7.79E+07     0.99745      0.00010409    7.79E+07     0.00010409    8.79E+07     2.57E+05      
   7.8E+07      0.99745      0.00010394    7.8E+07      0.00010394    8.8E+07      2.5711E+05    
   7.81E+07     0.99745      0.0001038     7.81E+07     0.0001038     8.81E+07     2.5689E+05    
   7.82E+07     0.99745      0.00010387    7.82E+07     0.00010387    8.82E+07     2.5725E+05    
   7.83E+07     0.99745      0.00010404    7.83E+07     0.00010404    8.83E+07     2.5759E+05    
   7.84E+07     0.99746      0.00010411    7.84E+07     0.00010411    8.84E+07     2.5787E+05    
   7.85E+07     0.99746      0.00010397    7.85E+07     0.00010397    8.85E+07     2.5814E+05    
   7.86E+07     0.99747      0.00010396    7.86E+07     0.00010396    8.86E+07     2.584E+05     
   7.87E+07     0.99747      0.00010381    7.87E+07     0.00010381    8.87E+07     2.5876E+05    
   7.88E+07     0.99747      0.00010366    7.88E+07     0.00010366    8.88E+07     2.5911E+05    
   7.89E+07     0.99746      0.00010365    7.89E+07     0.00010365    8.89E+07     2.5919E+05    
   7.9E+07      0.99747      0.00010369    7.9E+07      0.00010369    8.9E+07      2.5953E+05    
   7.91E+07     0.99747      0.00010354    7.91E+07     0.00010354    8.91E+07     2.5955E+05    
   7.92E+07     0.99747      0.00010347    7.92E+07     0.00010347    8.92E+07     2.5989E+05    
   7.93E+07     0.99747      0.00010334    7.93E+07     0.00010334    8.93E+07     2.5978E+05    
   7.94E+07     0.99747      0.00010321    7.94E+07     0.00010321    8.94E+07     2.599E+05     
   7.95E+07     0.99747      0.00010306    7.95E+07     0.00010306    8.95E+07     2.5756E+05    
   7.96E+07     0.99747      0.00010292    7.96E+07     0.00010292    8.96E+07     2.5789E+05    
   7.97E+07     0.99747      0.00010282    7.97E+07     0.00010282    8.97E+07     2.5748E+05    
   7.98E+07     0.99748      0.00010291    7.98E+07     0.00010291    8.98E+07     2.5736E+05    
   7.99E+07     0.99749      0.00010299    7.99E+07     0.00010299    8.99E+07     2.5764E+05    
   8E+07        0.99749      0.00010285    8E+07        0.00010285    9E+07        2.5777E+05    
   8.01E+07     0.99748      0.00010272    8.01E+07     0.00010272    9.01E+07     2.5615E+05    
   8.02E+07     0.99749      0.0001026     8.02E+07     0.0001026     9.02E+07     2.5642E+05    
   8.03E+07     0.99749      0.00010246    8.03E+07     0.00010246    9.03E+07     2.5631E+05    
   8.04E+07     0.99749      0.00010235    8.04E+07     0.00010235    9.04E+07     2.5637E+05    
   8.05E+07     0.99749      0.00010221    8.05E+07     0.00010221    9.05E+07     2.5649E+05    
   8.06E+07     0.9975       0.00010213    8.06E+07     0.00010213    9.06E+07     2.5609E+05    
   8.07E+07     0.9975       0.000102      8.07E+07     0.000102      9.07E+07     2.5621E+05    
   8.08E+07     0.9975       0.00010187    8.08E+07     0.00010187    9.08E+07     2.5647E+05    
   8.09E+07     0.9975       0.00010173    8.09E+07     0.00010173    9.09E+07     2.5676E+05    
   8.1E+07      0.9975       0.00010159    8.1E+07      0.00010159    9.1E+07      2.571E+05     
   8.11E+07     0.99749      0.0001016     8.11E+07     0.0001016     9.11E+07     2.5744E+05    
   8.12E+07     0.99749      0.00010146    8.12E+07     0.00010146    9.12E+07     2.5715E+05    
   8.13E+07     0.99749      0.00010137    8.13E+07     0.00010137    9.13E+07     2.5655E+05    
   8.14E+07     0.99749      0.00010138    8.14E+07     0.00010138    9.14E+07     2.5663E+05    
   8.15E+07     0.9975       0.0001014     8.15E+07     0.0001014     9.15E+07     2.5677E+05    
   8.16E+07     0.9975       0.00010127    8.16E+07     0.00010127    9.16E+07     2.5674E+05    
   8.17E+07     0.99749      0.00010121    8.17E+07     0.00010121    9.17E+07     2.5655E+05    
   8.18E+07     0.9975       0.00010113    8.18E+07     0.00010113    9.18E+07     2.5689E+05    
   8.19E+07     0.99749      0.00010123    8.19E+07     0.00010123    9.19E+07     2.5649E+05    
   8.2E+07      0.99749      0.00010111    8.2E+07      0.00010111    9.2E+07      2.5621E+05    
   8.21E+07     0.99748      0.00010111    8.21E+07     0.00010111    9.21E+07     2.5566E+05    
   8.22E+07     0.99749      0.0001012     8.22E+07     0.0001012     9.22E+07     2.56E+05      
   8.23E+07     0.99748      0.00010133    8.23E+07     0.00010133    9.23E+07     2.5512E+05    
   8.24E+07     0.99747      0.00010153    8.24E+07     0.00010153    9.24E+07     2.5547E+05    
   8.25E+07     0.99747      0.00010139    8.25E+07     0.00010139    9.25E+07     2.5515E+05    
   8.26E+07     0.99747      0.00010126    8.26E+07     0.00010126    9.26E+07     2.5545E+05    
   8.27E+07     0.99747      0.00010115    8.27E+07     0.00010115    9.27E+07     2.555E+05     
   8.28E+07     0.99747      0.00010103    8.28E+07     0.00010103    9.28E+07     2.5564E+05    
   8.29E+07     0.99747      0.00010095    8.29E+07     0.00010095    9.29E+07     2.5578E+05    
   8.3E+07      0.99748      0.00010083    8.3E+07      0.00010083    9.3E+07      2.5612E+05    
   8.31E+07     0.99748      0.00010071    8.31E+07     0.00010071    9.31E+07     2.5626E+05    
   8.32E+07     0.99748      0.00010059    8.32E+07     0.00010059    9.32E+07     2.5579E+05    
   8.33E+07     0.99748      0.00010046    8.33E+07     0.00010046    9.33E+07     2.541E+05     
   8.34E+07     0.99748      0.00010033    8.34E+07     0.00010033    9.34E+07     2.5444E+05    
   8.35E+07     0.99748      0.0001002     8.35E+07     0.0001002     9.35E+07     2.5462E+05    
   8.36E+07     0.99748      0.00010007    8.36E+07     0.00010007    9.36E+07     2.5484E+05    
   8.37E+07     0.99748      9.994E-05     8.37E+07     9.994E-05     9.37E+07     2.5448E+05    
   8.38E+07     0.99749      9.9978E-05    8.38E+07     9.9978E-05    9.38E+07     2.5451E+05    
   8.39E+07     0.99749      9.9864E-05    8.39E+07     9.9864E-05    9.39E+07     2.5407E+05    
   8.4E+07      0.99749      9.973E-05     8.4E+07      9.973E-05     9.4E+07      2.5428E+05    
   8.41E+07     0.99749      9.9696E-05    8.41E+07     9.9696E-05    9.41E+07     2.5417E+05    
   8.42E+07     0.9975       9.966E-05     8.42E+07     9.966E-05     9.42E+07     2.543E+05     
   8.43E+07     0.9975       9.9645E-05    8.43E+07     9.9645E-05    9.43E+07     2.5464E+05    
   8.44E+07     0.9975       9.9548E-05    8.44E+07     9.9548E-05    9.44E+07     2.5477E+05    
   8.45E+07     0.9975       9.9419E-05    8.45E+07     9.9419E-05    9.45E+07     2.5507E+05    
   8.46E+07     0.99751      9.935E-05     8.46E+07     9.935E-05     9.46E+07     2.5506E+05    
   8.47E+07     0.99751      9.922E-05     8.47E+07     9.922E-05     9.47E+07     2.5539E+05    
   8.48E+07     0.99751      9.9096E-05    8.48E+07     9.9096E-05    9.48E+07     2.5523E+05    
   8.49E+07     0.99752      9.9701E-05    8.49E+07     9.9701E-05    9.49E+07     2.545E+05     
   8.5E+07      0.99752      9.967E-05     8.5E+07      9.967E-05     9.5E+07      2.544E+05     
   8.51E+07     0.99752      9.9545E-05    8.51E+07     9.9545E-05    9.51E+07     2.5459E+05    
   8.52E+07     0.99752      9.948E-05     8.52E+07     9.948E-05     9.52E+07     2.5246E+05    
   8.53E+07     0.99752      9.9348E-05    8.53E+07     9.9348E-05    9.53E+07     2.5264E+05    
   8.54E+07     0.99752      9.9222E-05    8.54E+07     9.9222E-05    9.54E+07     2.5283E+05    
   8.55E+07     0.99752      9.9156E-05    8.55E+07     9.9156E-05    9.55E+07     2.5307E+05    
   8.56E+07     0.99751      9.9066E-05    8.56E+07     9.9066E-05    9.56E+07     2.5321E+05    
   8.57E+07     0.99751      9.9022E-05    8.57E+07     9.9022E-05    9.57E+07     2.5353E+05    
   8.58E+07     0.99751      9.8904E-05    8.58E+07     9.8904E-05    9.58E+07     2.5381E+05    
   8.59E+07     0.99751      9.8774E-05    8.59E+07     9.8774E-05    9.59E+07     2.5411E+05    
   8.6E+07      0.99751      9.866E-05     8.6E+07      9.866E-05     9.6E+07      2.5438E+05    
   8.61E+07     0.99751      9.8531E-05    8.61E+07     9.8531E-05    9.61E+07     2.5469E+05    
   8.62E+07     0.99751      9.8526E-05    8.62E+07     9.8526E-05    9.62E+07     2.5472E+05    
   8.63E+07     0.99751      9.84E-05      8.63E+07     9.84E-05      9.63E+07     2.546E+05     
   8.64E+07     0.99751      9.8324E-05    8.64E+07     9.8324E-05    9.64E+07     2.548E+05     
   8.65E+07     0.99751      9.82E-05      8.65E+07     9.82E-05      9.65E+07     2.5497E+05    
   8.66E+07     0.99751      9.8091E-05    8.66E+07     9.8091E-05    9.66E+07     2.55E+05      
   8.67E+07     0.99752      9.8163E-05    8.67E+07     9.8163E-05    9.67E+07     2.5526E+05    
   8.68E+07     0.99751      9.8117E-05    8.68E+07     9.8117E-05    9.68E+07     2.5546E+05    
   8.69E+07     0.99751      9.803E-05     8.69E+07     9.803E-05     9.69E+07     2.5577E+05    
   8.7E+07      0.99751      9.7913E-05    8.7E+07      9.7913E-05    9.7E+07      2.5606E+05    
   8.71E+07     0.99751      9.7789E-05    8.71E+07     9.7789E-05    9.71E+07     2.5607E+05    
   8.72E+07     0.99751      9.7816E-05    8.72E+07     9.7816E-05    9.72E+07     2.5638E+05    
   8.73E+07     0.9975       9.7886E-05    8.73E+07     9.7886E-05    9.73E+07     2.5644E+05    
   8.74E+07     0.9975       9.7769E-05    8.74E+07     9.7769E-05    9.74E+07     2.5676E+05    
   8.75E+07     0.9975       9.7643E-05    8.75E+07     9.7643E-05    9.75E+07     2.5644E+05    
   8.76E+07     0.9975       9.7548E-05    8.76E+07     9.7548E-05    9.76E+07     2.5651E+05    
   8.77E+07     0.99749      9.7622E-05    8.77E+07     9.7622E-05    9.77E+07     2.5681E+05    
   8.78E+07     0.99749      9.7534E-05    8.78E+07     9.7534E-05    9.78E+07     2.571E+05     
   8.79E+07     0.99749      9.7412E-05    8.79E+07     9.7412E-05    9.79E+07     2.5736E+05    
   8.8E+07      0.99749      9.7336E-05    8.8E+07      9.7336E-05    9.8E+07      2.575E+05     
   8.81E+07     0.99749      9.7323E-05    8.81E+07     9.7323E-05    9.81E+07     2.5754E+05    
   8.82E+07     0.99749      9.7198E-05    8.82E+07     9.7198E-05    9.82E+07     2.5778E+05    
   8.83E+07     0.99749      9.7079E-05    8.83E+07     9.7079E-05    9.83E+07     2.5804E+05    
   8.84E+07     0.99749      9.6971E-05    8.84E+07     9.6971E-05    9.84E+07     2.582E+05     
   8.85E+07     0.99749      9.6867E-05    8.85E+07     9.6867E-05    9.85E+07     2.584E+05     
   8.86E+07     0.99749      9.6761E-05    8.86E+07     9.6761E-05    9.86E+07     2.5796E+05    
   8.87E+07     0.99749      9.6638E-05    8.87E+07     9.6638E-05    9.87E+07     2.5821E+05    
   8.88E+07     0.99749      9.6519E-05    8.88E+07     9.6519E-05    9.88E+07     2.5844E+05    
   8.89E+07     0.99749      9.645E-05     8.89E+07     9.645E-05     9.89E+07     2.5875E+05    
   8.9E+07      0.99749      9.6328E-05    8.9E+07      9.6328E-05    9.9E+07      2.5895E+05    
   8.91E+07     0.9975       9.627E-05     8.91E+07     9.627E-05     9.91E+07     2.5916E+05    
   8.92E+07     0.9975       9.6154E-05    8.92E+07     9.6154E-05    9.92E+07     2.5946E+05    
   8.93E+07     0.99749      9.6119E-05    8.93E+07     9.6119E-05    9.93E+07     2.5977E+05    
   8.94E+07     0.99749      9.6044E-05    8.94E+07     9.6044E-05    9.94E+07     2.5992E+05    
   8.95E+07     0.99748      9.6425E-05    8.95E+07     9.6425E-05    9.95E+07     2.6022E+05    
   8.96E+07     0.99748      9.631E-05     8.96E+07     9.631E-05     9.96E+07     2.6051E+05    
   8.97E+07     0.99748      9.6333E-05    8.97E+07     9.6333E-05    9.97E+07     2.6034E+05    
   8.98E+07     0.99747      9.6301E-05    8.98E+07     9.6301E-05    9.98E+07     2.6044E+05    
   8.99E+07     0.99747      9.6194E-05    8.99E+07     9.6194E-05    9.99E+07     2.6076E+05    
   9E+07        0.99748      9.6116E-05    9E+07        9.6116E-05    1E+08        2.6056E+05    
   9.01E+07     0.99748      9.6367E-05    9.01E+07     9.6367E-05    
   9.02E+07     0.99748      9.6262E-05    9.02E+07     9.6262E-05    
   9.03E+07     0.99749      9.6227E-05    9.03E+07     9.6227E-05    
   9.04E+07     0.99748      9.6164E-05    9.04E+07     9.6164E-05    
   9.05E+07     0.99748      9.6088E-05    9.05E+07     9.6088E-05    
   9.06E+07     0.99748      9.6112E-05    9.06E+07     9.6112E-05    
   9.07E+07     0.99747      9.6035E-05    9.07E+07     9.6035E-05    
   9.08E+07     0.99747      9.5933E-05    9.08E+07     9.5933E-05    
   9.09E+07     0.99747      9.5826E-05    9.09E+07     9.5826E-05    
   9.1E+07      0.99747      9.571E-05     9.1E+07      9.571E-05     
   9.11E+07     0.99747      9.5595E-05    9.11E+07     9.5595E-05    
   9.12E+07     0.99746      9.5595E-05    9.12E+07     9.5595E-05    
   9.13E+07     0.99746      9.5654E-05    9.13E+07     9.5654E-05    
   9.14E+07     0.99745      9.5588E-05    9.14E+07     9.5588E-05    
   9.15E+07     0.99745      9.551E-05     9.15E+07     9.551E-05     
   9.16E+07     0.99746      9.5461E-05    9.16E+07     9.5461E-05    
   9.17E+07     0.99746      9.5445E-05    9.17E+07     9.5445E-05    
   9.18E+07     0.99746      9.5329E-05    9.18E+07     9.5329E-05    
   9.19E+07     0.99747      9.5351E-05    9.19E+07     9.5351E-05    
   9.2E+07      0.99747      9.5351E-05    9.2E+07      9.5351E-05    
   9.21E+07     0.99748      9.5401E-05    9.21E+07     9.5401E-05    
   9.22E+07     0.99748      9.5286E-05    9.22E+07     9.5286E-05    
   9.23E+07     0.99747      9.5399E-05    9.23E+07     9.5399E-05    
   9.24E+07     0.99747      9.5283E-05    9.24E+07     9.5283E-05    
   9.25E+07     0.99746      9.529E-05     9.25E+07     9.529E-05     
   9.26E+07     0.99746      9.5181E-05    9.26E+07     9.5181E-05    
   9.27E+07     0.99746      9.5122E-05    9.27E+07     9.5122E-05    
   9.28E+07     0.99746      9.5044E-05    9.28E+07     9.5044E-05    
   9.29E+07     0.99746      9.4965E-05    9.29E+07     9.4965E-05    
   9.3E+07      0.99746      9.4851E-05    9.3E+07      9.4851E-05    
   9.31E+07     0.99746      9.4775E-05    9.31E+07     9.4775E-05    
   9.32E+07     0.99747      9.4811E-05    9.32E+07     9.4811E-05    
   9.33E+07     0.99746      9.5072E-05    9.33E+07     9.5072E-05    
   9.34E+07     0.99746      9.4959E-05    9.34E+07     9.4959E-05    
   9.35E+07     0.99746      9.4875E-05    9.35E+07     9.4875E-05    
   9.36E+07     0.99746      9.4783E-05    9.36E+07     9.4783E-05    
   9.37E+07     0.99746      9.4798E-05    9.37E+07     9.4798E-05    
   9.38E+07     0.99746      9.4742E-05    9.38E+07     9.4742E-05    
   9.39E+07     0.99747      9.4773E-05    9.39E+07     9.4773E-05    
   9.4E+07      0.99746      9.4684E-05    9.4E+07      9.4684E-05    
   9.41E+07     0.99747      9.4655E-05    9.41E+07     9.4655E-05    
   9.42E+07     0.99747      9.4579E-05    9.42E+07     9.4579E-05    
   9.43E+07     0.99747      9.4467E-05    9.43E+07     9.4467E-05    
   9.44E+07     0.99747      9.4393E-05    9.44E+07     9.4393E-05    
   9.45E+07     0.99747      9.4288E-05    9.45E+07     9.4288E-05    
   9.46E+07     0.99747      9.4237E-05    9.46E+07     9.4237E-05    
   9.47E+07     0.99747      9.4126E-05    9.47E+07     9.4126E-05    
   9.48E+07     0.99747      9.4106E-05    9.48E+07     9.4106E-05    
   9.49E+07     0.99746      9.4192E-05    9.49E+07     9.4192E-05    
   9.5E+07      0.99746      9.4159E-05    9.5E+07      9.4159E-05    
   9.51E+07     0.99746      9.4075E-05    9.51E+07     9.4075E-05    
   9.52E+07     0.99747      9.4421E-05    9.52E+07     9.4421E-05    
   9.53E+07     0.99747      9.4338E-05    9.53E+07     9.4338E-05    
   9.54E+07     0.99747      9.4254E-05    9.54E+07     9.4254E-05    
   9.55E+07     0.99747      9.4159E-05    9.55E+07     9.4159E-05    
   9.56E+07     0.99747      9.4083E-05    9.56E+07     9.4083E-05    
   9.57E+07     0.99747      9.3975E-05    9.57E+07     9.3975E-05    
   9.58E+07     0.99747      9.3874E-05    9.58E+07     9.3874E-05    
   9.59E+07     0.99747      9.3768E-05    9.59E+07     9.3768E-05    
   9.6E+07      0.99747      9.367E-05     9.6E+07      9.367E-05     
   9.61E+07     0.99747      9.3565E-05    9.61E+07     9.3565E-05    
   9.62E+07     0.99747      9.3511E-05    9.62E+07     9.3511E-05    
   9.63E+07     0.99747      9.3484E-05    9.63E+07     9.3484E-05    
   9.64E+07     0.99747      9.3399E-05    9.64E+07     9.3399E-05    
   9.65E+07     0.99747      9.3319E-05    9.65E+07     9.3319E-05    
   9.66E+07     0.99748      9.3265E-05    9.66E+07     9.3265E-05    
   9.67E+07     0.99748      9.3167E-05    9.67E+07     9.3167E-05    
   9.68E+07     0.99748      9.3083E-05    9.68E+07     9.3083E-05    
   9.69E+07     0.99747      9.2978E-05    9.69E+07     9.2978E-05    
   9.7E+07      0.99748      9.2878E-05    9.7E+07      9.2878E-05    
   9.71E+07     0.99747      9.2828E-05    9.71E+07     9.2828E-05    
   9.72E+07     0.99747      9.2724E-05    9.72E+07     9.2724E-05    
   9.73E+07     0.99747      9.2665E-05    9.73E+07     9.2665E-05    
   9.74E+07     0.99747      9.256E-05     9.74E+07     9.256E-05     
   9.75E+07     0.99747      9.257E-05     9.75E+07     9.257E-05     
   9.76E+07     0.99747      9.2509E-05    9.76E+07     9.2509E-05    
   9.77E+07     0.99747      9.2407E-05    9.77E+07     9.2407E-05    
   9.78E+07     0.99747      9.2309E-05    9.78E+07     9.2309E-05    
   9.79E+07     0.99746      9.2215E-05    9.79E+07     9.2215E-05    
   9.8E+07      0.99746      9.2138E-05    9.8E+07      9.2138E-05    
   9.81E+07     0.99746      9.2083E-05    9.81E+07     9.2083E-05    
   9.82E+07     0.99746      9.1993E-05    9.82E+07     9.1993E-05    
   9.83E+07     0.99746      9.1901E-05    9.83E+07     9.1901E-05    
   9.84E+07     0.99746      9.1825E-05    9.84E+07     9.1825E-05    
   9.85E+07     0.99746      9.1743E-05    9.85E+07     9.1743E-05    
   9.86E+07     0.99745      9.1775E-05    9.86E+07     9.1775E-05    
   9.87E+07     0.99746      9.1684E-05    9.87E+07     9.1684E-05    
   9.88E+07     0.99746      9.1597E-05    9.88E+07     9.1597E-05    
   9.89E+07     0.99746      9.1495E-05    9.89E+07     9.1495E-05    
   9.9E+07      0.99746      9.1413E-05    9.9E+07      9.1413E-05    
   9.91E+07     0.99746      9.1331E-05    9.91E+07     9.1331E-05    
   9.92E+07     0.99746      9.1232E-05    9.92E+07     9.1232E-05    
   9.93E+07     0.99746      9.1131E-05    9.93E+07     9.1131E-05    
   9.94E+07     0.99746      9.1058E-05    9.94E+07     9.1058E-05    
   9.95E+07     0.99745      9.096E-05     9.95E+07     9.096E-05     
   9.96E+07     0.99745      9.0863E-05    9.96E+07     9.0863E-05    
   9.97E+07     0.99746      9.0846E-05    9.97E+07     9.0846E-05    
   9.98E+07     0.99746      9.0784E-05    9.98E+07     9.0784E-05    
   9.99E+07     0.99746      9.0683E-05    9.99E+07     9.0683E-05    
   1E+08        0.99746      9.0673E-05    1E+08        9.0673E-05    
