# This file is written with the intent of being used to plot the data with 
# Gnuplot.  It contains no information regarding how the plot should be 
# formatted.
# =========================================================================
# Research/ArnoldivsPower -f Power1-w50-31.dat -t 100000 -A -c 100 -C 900 -w 50 -b 75 -r  seed = 3434451635
# filename = Power1-w50-31.dat, run = true, power = true, Arnoldi = false, storevectors = 0, raw = false, evectors = 2, evalues = 2, residual = false, arnoldimethod = implicit, tol = 2.22045e-16, verbose = 1, seed = 0, width = 50, bins = 75, acycles = 900, incycles = 100, active = 20, inactive = 0, Iterations = 10, numValues = 2, relaxed = 0, tracks = 100000, ignore_rest = false, version = false, help = false, 

#  1            2            3             4            5             6            7             8            9            
# |-            Power values           -| |-   Power eValues SD   -| |-       FOM-Power      -| |-     Power vector     -| 
#  x-coord      y-coord      error         x-coord      y-coord       x-coord      y-coord       x-coord      y-coord       
   1E+05        0.97908      0             1E+05        0             1.01E+07     0             0.33333      0.0091625     
   2E+05        0.98524      0             2E+05        0             1.02E+07     21747         1            0.015537      
   3E+05        0.99017      0             3E+05        0             1.03E+07     12187         1.6667       0.021637      
   4E+05        0.98809      0             4E+05        0             1.04E+07     20620         2.3333       0.027551      
   5E+05        0.99214      0             5E+05        0             1.05E+07     30779         3            0.033733      
   6E+05        0.99496      0             6E+05        0             1.06E+07     16520         3.6667       0.039529      
   7E+05        0.99299      0             7E+05        0             1.07E+07     22222         4.3333       0.045848      
   8E+05        0.98829      0             8E+05        0             1.08E+07     27317         5            0.051617      
   9E+05        0.99528      0             9E+05        0             1.09E+07     30395         5.6667       0.057438      
   1E+06        0.9933       0             1E+06        0             1.1E+07      36671         6.3333       0.063154      
   1.1E+06      0.99449      0             1.1E+06      0             1.11E+07     42081         7            0.068801      
   1.2E+06      0.99723      0             1.2E+06      0             1.12E+07     37881         7.6667       0.074963      
   1.3E+06      0.99727      0             1.3E+06      0             1.13E+07     40529         8.3333       0.08047       
   1.4E+06      0.99143      0             1.4E+06      0             1.14E+07     46086         9            0.085973      
   1.5E+06      0.99024      0             1.5E+06      0             1.15E+07     52145         9.6667       0.091147      
   1.6E+06      0.99359      0             1.6E+06      0             1.16E+07     55553         10.333       0.096821      
   1.7E+06      0.98888      0             1.7E+06      0             1.17E+07     57472         11           0.10193       
   1.8E+06      0.99626      0             1.8E+06      0             1.18E+07     63656         11.667       0.1067        
   1.9E+06      0.99249      0             1.9E+06      0             1.19E+07     66489         12.333       0.11149       
   2E+06        0.99871      0             2E+06        0             1.2E+07      71709         13           0.11606       
   2.1E+06      0.99269      0             2.1E+06      0             1.21E+07     77529         13.667       0.12044       
   2.2E+06      0.99154      0             2.2E+06      0             1.22E+07     84072         14.333       0.12468       
   2.3E+06      0.99431      0             2.3E+06      0             1.23E+07     91124         15           0.12856       
   2.4E+06      0.99373      0             2.4E+06      0             1.24E+07     90381         15.667       0.13214       
   2.5E+06      0.99392      0             2.5E+06      0             1.25E+07     91524         16.333       0.13627       
   2.6E+06      0.99585      0             2.6E+06      0             1.26E+07     86705         17           0.13981       
   2.7E+06      0.99581      0             2.7E+06      0             1.27E+07     91283         17.667       0.14303       
   2.8E+06      0.99697      0             2.8E+06      0             1.28E+07     81930         18.333       0.14569       
   2.9E+06      0.99166      0             2.9E+06      0             1.29E+07     87150         19           0.14864       
   3E+06        0.99153      0             3E+06        0             1.3E+07      92536         19.667       0.1512        
   3.1E+06      0.99699      0             3.1E+06      0             1.31E+07     92467         20.333       0.15409       
   3.2E+06      0.99767      0             3.2E+06      0             1.32E+07     97568         21           0.15633       
   3.3E+06      0.99517      0             3.3E+06      0             1.33E+07     1.0291E+05    21.667       0.15795       
   3.4E+06      0.99373      0             3.4E+06      0             1.34E+07     1.081E+05     22.333       0.15912       
   3.5E+06      0.99814      0             3.5E+06      0             1.35E+07     94419         23           0.16041       
   3.6E+06      1            0             3.6E+06      0             1.36E+07     90236         23.667       0.16133       
   3.7E+06      0.99231      0             3.7E+06      0             1.37E+07     94567         24.333       0.16179       
   3.8E+06      0.99602      0             3.8E+06      0             1.38E+07     98240         25           0.16171       
   3.9E+06      0.99616      0             3.9E+06      0             1.39E+07     1.0135E+05    25.667       0.16159       
   4E+06        1.0009       0             4E+06        0             1.4E+07      1.036E+05     26.333       0.16108       
   4.1E+06      0.99916      0             4.1E+06      0             1.41E+07     1.0766E+05    27           0.15999       
   4.2E+06      0.99999      0             4.2E+06      0             1.42E+07     1.1205E+05    27.667       0.15951       
   4.3E+06      0.99923      0             4.3E+06      0             1.43E+07     1.1052E+05    28.333       0.15848       
   4.4E+06      0.99539      0             4.4E+06      0             1.44E+07     1.0491E+05    29           0.15719       
   4.5E+06      1            0             4.5E+06      0             1.45E+07     95446         29.667       0.15607       
   4.6E+06      0.99912      0             4.6E+06      0             1.46E+07     97876         30.333       0.15396       
   4.7E+06      0.997        0             4.7E+06      0             1.47E+07     1.0141E+05    31           0.15207       
   4.8E+06      0.99473      0             4.8E+06      0             1.48E+07     1.0324E+05    31.667       0.14965       
   4.9E+06      1.0021       0             4.9E+06      0             1.49E+07     1.0682E+05    32.333       0.14699       
   5E+06        0.99414      0             5E+06        0             1.5E+07      1.0918E+05    33           0.14434       
   5.1E+06      0.99684      0             5.1E+06      0             1.51E+07     1.1254E+05    33.667       0.14131       
   5.2E+06      0.99861      0             5.2E+06      0             1.52E+07     1.1563E+05    34.333       0.13781       
   5.3E+06      1.0001       0             5.3E+06      0             1.53E+07     1.1931E+05    35           0.13422       
   5.4E+06      0.99727      0             5.4E+06      0             1.54E+07     1.1828E+05    35.667       0.13073       
   5.5E+06      0.9981       0             5.5E+06      0             1.55E+07     1.2017E+05    36.333       0.12667       
   5.6E+06      1.0041       0             5.6E+06      0             1.56E+07     1.1394E+05    37           0.12234       
   5.7E+06      0.99717      0             5.7E+06      0             1.57E+07     1.1688E+05    37.667       0.11761       
   5.8E+06      0.99864      0             5.8E+06      0             1.58E+07     1.2021E+05    38.333       0.1131        
   5.9E+06      0.99696      0             5.9E+06      0             1.59E+07     1.2355E+05    39           0.10827       
   6E+06        0.99824      0             6E+06        0             1.6E+07      1.1363E+05    39.667       0.10306       
   6.1E+06      0.9953       0             6.1E+06      0             1.61E+07     1.1157E+05    40.333       0.097787      
   6.2E+06      0.99525      0             6.2E+06      0             1.62E+07     1.1326E+05    41           0.092585      
   6.3E+06      1.0012       0             6.3E+06      0             1.63E+07     1.1573E+05    41.667       0.086899      
   6.4E+06      0.9942       0             6.4E+06      0             1.64E+07     1.1649E+05    42.333       0.081162      
   6.5E+06      0.99873      0             6.5E+06      0             1.65E+07     1.1935E+05    43           0.074931      
   6.6E+06      0.99994      0             6.6E+06      0             1.66E+07     1.2192E+05    43.667       0.068873      
   6.7E+06      0.991        0             6.7E+06      0             1.67E+07     1.2483E+05    44.333       0.062792      
   6.8E+06      0.99835      0             6.8E+06      0             1.68E+07     1.2556E+05    45           0.05653       
   6.9E+06      0.99902      0             6.9E+06      0             1.69E+07     1.2848E+05    45.667       0.050328      
   7E+06        0.99753      0             7E+06        0             1.7E+07      1.2282E+05    46.333       0.043713      
   7.1E+06      0.99679      0             7.1E+06      0             1.71E+07     1.1463E+05    47           0.037002      
   7.2E+06      0.99295      0             7.2E+06      0             1.72E+07     1.1666E+05    47.667       0.030246      
   7.3E+06      0.99289      0             7.3E+06      0             1.73E+07     1.1395E+05    48.333       0.0237        
   7.4E+06      0.99498      0             7.4E+06      0             1.74E+07     1.1639E+05    49           0.016937      
   7.5E+06      1.0004       0             7.5E+06      0             1.75E+07     1.1837E+05    49.667       0.0099517     
   7.6E+06      0.9934       0             7.6E+06      0             1.76E+07     1.203E+05     
   7.7E+06      0.99936      0             7.7E+06      0             1.77E+07     1.1928E+05    
   7.8E+06      0.99688      0             7.8E+06      0             1.78E+07     1.1974E+05    
   7.9E+06      0.99339      0             7.9E+06      0             1.79E+07     1.2213E+05    
   8E+06        0.99522      0             8E+06        0             1.8E+07      1.2448E+05    
   8.1E+06      0.9921       0             8.1E+06      0             1.81E+07     1.2482E+05    
   8.2E+06      1.0001       0             8.2E+06      0             1.82E+07     1.2638E+05    
   8.3E+06      1.0031       0             8.3E+06      0             1.83E+07     1.2707E+05    
   8.4E+06      0.99446      0             8.4E+06      0             1.84E+07     1.2553E+05    
   8.5E+06      0.99982      0             8.5E+06      0             1.85E+07     1.2091E+05    
   8.6E+06      1.0019       0             8.6E+06      0             1.86E+07     1.2021E+05    
   8.7E+06      0.99707      0             8.7E+06      0             1.87E+07     1.2033E+05    
   8.8E+06      0.99392      0             8.8E+06      0             1.88E+07     1.2043E+05    
   8.9E+06      0.99479      0             8.9E+06      0             1.89E+07     1.2132E+05    
   9E+06        0.99913      0             9E+06        0             1.9E+07      1.2142E+05    
   9.1E+06      0.99896      0             9.1E+06      0             1.91E+07     1.225E+05     
   9.2E+06      0.99901      0             9.2E+06      0             1.92E+07     1.2407E+05    
   9.3E+06      0.99788      0             9.3E+06      0             1.93E+07     1.2407E+05    
   9.4E+06      0.99862      0             9.4E+06      0             1.94E+07     1.255E+05     
   9.5E+06      0.99582      0             9.5E+06      0             1.95E+07     1.2384E+05    
   9.6E+06      0.9955       0             9.6E+06      0             1.96E+07     1.2579E+05    
   9.7E+06      0.99919      0             9.7E+06      0             1.97E+07     1.2697E+05    
   9.8E+06      0.99267      0             9.8E+06      0             1.98E+07     1.286E+05     
   9.9E+06      1.0006       0             9.9E+06      0             1.99E+07     1.2906E+05    
   1E+07        0.9957       0             1E+07        0             2E+07        1.3097E+05    
   1.01E+07     0.99876      2.4977E-09    1.01E+07     2.4977E-09    2.01E+07     1.3288E+05    
   1.02E+07     0.99734      0.0010028     1.02E+07     0.0010028     2.02E+07     1.347E+05     
   1.03E+07     0.99593      0.0013329     1.03E+07     0.0013329     2.03E+07     1.365E+05     
   1.04E+07     0.9957       0.0010196     1.04E+07     0.0010196     2.04E+07     1.3844E+05    
   1.05E+07     0.99587      0.00082997    1.05E+07     0.00082997    2.05E+07     1.3977E+05    
   1.06E+07     0.99489      0.0011275     1.06E+07     0.0011275     2.06E+07     1.4105E+05    
   1.07E+07     0.99494      0.00096744    1.07E+07     0.00096744    2.07E+07     1.4175E+05    
   1.08E+07     0.99473      0.00086845    1.08E+07     0.00086845    2.08E+07     1.4282E+05    
   1.09E+07     0.99503      0.00081933    1.09E+07     0.00081933    2.09E+07     1.4405E+05    
   1.1E+07      0.99512      0.00074247    1.1E+07      0.00074247    2.1E+07      1.4472E+05    
   1.11E+07     0.99497      0.00068992    1.11E+07     0.00068992    2.11E+07     1.4583E+05    
   1.12E+07     0.99533      0.00072384    1.12E+07     0.00072384    2.12E+07     1.4764E+05    
   1.13E+07     0.99554      0.00069661    1.13E+07     0.00069661    2.13E+07     1.4869E+05    
   1.14E+07     0.99561      0.00065032    1.14E+07     0.00065032    2.14E+07     1.5037E+05    
   1.15E+07     0.99566      0.00060866    1.15E+07     0.00060866    2.15E+07     1.5066E+05    
   1.16E+07     0.9958       0.0005871     1.16E+07     0.0005871     2.16E+07     1.5252E+05    
   1.17E+07     0.99596      0.0005747     1.17E+07     0.0005747     2.17E+07     1.5385E+05    
   1.18E+07     0.99599      0.00054364    1.18E+07     0.00054364    2.18E+07     1.5374E+05    
   1.19E+07     0.99587      0.00052965    1.19E+07     0.00052965    2.19E+07     1.556E+05     
   1.2E+07      0.99594      0.00050784    1.2E+07      0.00050784    2.2E+07      1.5717E+05    
   1.21E+07     0.99599      0.00048636    1.21E+07     0.00048636    2.21E+07     1.5851E+05    
   1.22E+07     0.99602      0.00046504    1.22E+07     0.00046504    2.22E+07     1.5949E+05    
   1.23E+07     0.99601      0.00044483    1.23E+07     0.00044483    2.23E+07     1.6124E+05    
   1.24E+07     0.99614      0.00044482    1.24E+07     0.00044482    2.24E+07     1.6104E+05    
   1.25E+07     0.99603      0.00044023    1.25E+07     0.00044023    2.25E+07     1.5943E+05    
   1.26E+07     0.99619      0.00045046    1.26E+07     0.00045046    2.26E+07     1.6121E+05    
   1.27E+07     0.99625      0.00043722    1.27E+07     0.00043722    2.27E+07     1.6201E+05    
   1.28E+07     0.99643      0.00045967    1.28E+07     0.00045967    2.28E+07     1.638E+05     
   1.29E+07     0.99642      0.00044395    1.29E+07     0.00044395    2.29E+07     1.6551E+05    
   1.3E+07      0.99642      0.00042915    1.3E+07      0.00042915    2.3E+07      1.6734E+05    
   1.31E+07     0.99653      0.00042759    1.31E+07     0.00042759    2.31E+07     1.6736E+05    
   1.32E+07     0.99654      0.00041466    1.32E+07     0.00041466    2.32E+07     1.6885E+05    
   1.33E+07     0.99653      0.00040222    1.33E+07     0.00040222    2.33E+07     1.7061E+05    
   1.34E+07     0.99651      0.00039094    1.34E+07     0.00039094    2.34E+07     1.6854E+05    
   1.35E+07     0.99634      0.00041667    1.35E+07     0.00041667    2.35E+07     1.6996E+05    
   1.36E+07     0.99621      0.0004246     1.36E+07     0.0004246     2.36E+07     1.7061E+05    
   1.37E+07     0.9962       0.00041321    1.37E+07     0.00041321    2.37E+07     1.7175E+05    
   1.38E+07     0.99624      0.00040391    1.38E+07     0.00040391    2.38E+07     1.7346E+05    
   1.39E+07     0.99628      0.00039616    1.39E+07     0.00039616    2.39E+07     1.709E+05     
   1.4E+07      0.99634      0.00039039    1.4E+07      0.00039039    2.4E+07      1.6799E+05    
   1.41E+07     0.99632      0.00038156    1.41E+07     0.00038156    2.41E+07     1.6825E+05    
   1.42E+07     0.99633      0.00037267    1.42E+07     0.00037267    2.42E+07     1.6979E+05    
   1.43E+07     0.99624      0.00037391    1.43E+07     0.00037391    2.43E+07     1.7137E+05    
   1.44E+07     0.99613      0.00038237    1.44E+07     0.00038237    2.44E+07     1.7306E+05    
   1.45E+07     0.99627      0.00039946    1.45E+07     0.00039946    2.45E+07     1.7455E+05    
   1.46E+07     0.99632      0.00039308    1.46E+07     0.00039308    2.46E+07     1.7177E+05    
   1.47E+07     0.99631      0.00038484    1.47E+07     0.00038484    2.47E+07     1.7267E+05    
   1.48E+07     0.99626      0.00038001    1.48E+07     0.00038001    2.48E+07     1.7293E+05    
   1.49E+07     0.99625      0.0003723     1.49E+07     0.0003723     2.49E+07     1.7424E+05    
   1.5E+07      0.99629      0.000367      1.5E+07      0.000367      2.5E+07      1.7548E+05    
   1.51E+07     0.99627      0.00036027    1.51E+07     0.00036027    2.51E+07     1.7708E+05    
   1.52E+07     0.9963       0.00035418    1.52E+07     0.00035418    2.52E+07     1.775E+05     
   1.53E+07     0.99629      0.0003475     1.53E+07     0.0003475     2.53E+07     1.7759E+05    
   1.54E+07     0.99636      0.00034786    1.54E+07     0.00034786    2.54E+07     1.7866E+05    
   1.55E+07     0.99632      0.00034397    1.55E+07     0.00034397    2.55E+07     1.7968E+05    
   1.56E+07     0.99642      0.0003521     1.56E+07     0.0003521     2.56E+07     1.806E+05     
   1.57E+07     0.99644      0.00034646    1.57E+07     0.00034646    2.57E+07     1.7958E+05    
   1.58E+07     0.99645      0.00034053    1.58E+07     0.00034053    2.58E+07     1.806E+05     
   1.59E+07     0.99644      0.00033482    1.59E+07     0.00033482    2.59E+07     1.8189E+05    
   1.6E+07      0.99656      0.00034802    1.6E+07      0.00034802    2.6E+07      1.7916E+05    
   1.61E+07     0.99663      0.00035006    1.61E+07     0.00035006    2.61E+07     1.7731E+05    
   1.62E+07     0.99667      0.00034633    1.62E+07     0.00034633    2.62E+07     1.7686E+05    
   1.63E+07     0.99664      0.00034155    1.63E+07     0.00034155    2.63E+07     1.7432E+05    
   1.64E+07     0.9966       0.00033937    1.64E+07     0.00033937    2.64E+07     1.7473E+05    
   1.65E+07     0.9966       0.00033421    1.65E+07     0.00033421    2.65E+07     1.7617E+05    
   1.66E+07     0.99662      0.00032966    1.66E+07     0.00032966    2.66E+07     1.7751E+05    
   1.67E+07     0.99662      0.0003248     1.67E+07     0.0003248     2.67E+07     1.7805E+05    
   1.68E+07     0.99666      0.00032287    1.68E+07     0.00032287    2.68E+07     1.7941E+05    
   1.69E+07     0.99666      0.00031819    1.69E+07     0.00031819    2.69E+07     1.8085E+05    
   1.7E+07      0.99674      0.00032446    1.7E+07      0.00032446    2.7E+07      1.8176E+05    
   1.71E+07     0.99684      0.00033485    1.71E+07     0.00033485    2.71E+07     1.8309E+05    
   1.72E+07     0.99682      0.00033094    1.72E+07     0.00033094    2.72E+07     1.8449E+05    
   1.73E+07     0.99689      0.00033386    1.73E+07     0.00033386    2.73E+07     1.8407E+05    
   1.74E+07     0.99689      0.00032935    1.74E+07     0.00032935    2.74E+07     1.8552E+05    
   1.75E+07     0.99687      0.00032563    1.75E+07     0.00032563    2.75E+07     1.8684E+05    
   1.76E+07     0.99685      0.00032207    1.76E+07     0.00032207    2.76E+07     1.8761E+05    
   1.77E+07     0.99679      0.00032251    1.77E+07     0.00032251    2.77E+07     1.8874E+05    
   1.78E+07     0.99675      0.00032095    1.78E+07     0.00032095    2.78E+07     1.8877E+05    
   1.79E+07     0.99676      0.0003169     1.79E+07     0.0003169     2.79E+07     1.8917E+05    
   1.8E+07      0.99675      0.000313      1.8E+07      0.000313      2.8E+07      1.9054E+05    
   1.81E+07     0.99679      0.00031171    1.81E+07     0.00031171    2.81E+07     1.9194E+05    
   1.82E+07     0.99676      0.00030888    1.82E+07     0.00030888    2.82E+07     1.9217E+05    
   1.83E+07     0.99673      0.00030718    1.83E+07     0.00030718    2.83E+07     1.9355E+05    
   1.84E+07     0.99667      0.0003082     1.84E+07     0.0003082     2.84E+07     1.9497E+05    
   1.85E+07     0.99675      0.00031317    1.85E+07     0.00031317    2.85E+07     1.9584E+05    
   1.86E+07     0.9968       0.00031322    1.86E+07     0.00031322    2.86E+07     1.956E+05     
   1.87E+07     0.99684      0.00031218    1.87E+07     0.00031218    2.87E+07     1.966E+05     
   1.88E+07     0.9968       0.0003112     1.88E+07     0.0003112     2.88E+07     1.9797E+05    
   1.89E+07     0.99683      0.00030923    1.89E+07     0.00030923    2.89E+07     1.9934E+05    
   1.9E+07      0.99687      0.00030827    1.9E+07      0.00030827    2.9E+07      1.9981E+05    
   1.91E+07     0.99684      0.00030607    1.91E+07     0.00030607    2.91E+07     2.0092E+05    
   1.92E+07     0.99682      0.00030332    1.92E+07     0.00030332    2.92E+07     2.0072E+05    
   1.93E+07     0.99686      0.00030252    1.93E+07     0.00030252    2.93E+07     2.0032E+05    
   1.94E+07     0.99688      0.0003        1.94E+07     0.0003        2.94E+07     1.9962E+05    
   1.95E+07     0.99693      0.00030113    1.95E+07     0.00030113    2.95E+07     1.9931E+05    
   1.96E+07     0.99693      0.00029801    1.96E+07     0.00029801    2.96E+07     2.0067E+05    
   1.97E+07     0.99696      0.00029586    1.97E+07     0.00029586    2.97E+07     2.0194E+05    
   1.98E+07     0.99694      0.00029322    1.98E+07     0.00029322    2.98E+07     2.0278E+05    
   1.99E+07     0.99697      0.00029193    1.99E+07     0.00029193    2.99E+07     2.0413E+05    
   2E+07        0.99698      0.00028906    2E+07        0.00028906    3E+07        2.0305E+05    
   2.01E+07     0.99697      0.00028624    2.01E+07     0.00028624    3.01E+07     2.0228E+05    
   2.02E+07     0.99698      0.00028359    2.02E+07     0.00028359    3.02E+07     2.0349E+05    
   2.03E+07     0.99697      0.00028101    2.03E+07     0.00028101    3.03E+07     2.0482E+05    
   2.04E+07     0.99697      0.00027831    2.04E+07     0.00027831    3.04E+07     2.0615E+05    
   2.05E+07     0.99699      0.0002763     2.05E+07     0.0002763     3.05E+07     2.0694E+05    
   2.06E+07     0.99697      0.00027437    2.06E+07     0.00027437    3.06E+07     2.0766E+05    
   2.07E+07     0.99695      0.00027301    2.07E+07     0.00027301    3.07E+07     2.0587E+05    
   2.08E+07     0.99697      0.00027131    2.08E+07     0.00027131    3.08E+07     2.0587E+05    
   2.09E+07     0.99695      0.00026949    2.09E+07     0.00026949    3.09E+07     2.0614E+05    
   2.1E+07      0.99698      0.00026822    2.1E+07      0.00026822    3.1E+07      2.0739E+05    
   2.11E+07     0.99696      0.00026655    2.11E+07     0.00026655    3.11E+07     2.0862E+05    
   2.12E+07     0.99695      0.00026427    2.12E+07     0.00026427    3.12E+07     2.0801E+05    
   2.13E+07     0.99693      0.0002627     2.13E+07     0.0002627     3.13E+07     2.0826E+05    
   2.14E+07     0.99694      0.00026062    2.14E+07     0.00026062    3.14E+07     2.0917E+05    
   2.15E+07     0.99691      0.00025975    2.15E+07     0.00025975    3.15E+07     2.1042E+05    
   2.16E+07     0.99692      0.00025755    2.16E+07     0.00025755    3.16E+07     2.1152E+05    
   2.17E+07     0.9969       0.00025583    2.17E+07     0.00025583    3.17E+07     2.0933E+05    
   2.18E+07     0.99687      0.00025533    2.18E+07     0.00025533    3.18E+07     2.1011E+05    
   2.19E+07     0.99687      0.00025321    2.19E+07     0.00025321    3.19E+07     2.1119E+05    
   2.2E+07      0.99686      0.00025136    2.2E+07      0.00025136    3.2E+07      2.1226E+05    
   2.21E+07     0.99685      0.00024971    2.21E+07     0.00024971    3.21E+07     2.1072E+05    
   2.22E+07     0.99687      0.00024837    2.22E+07     0.00024837    3.22E+07     2.1192E+05    
   2.23E+07     0.99687      0.00024646    2.23E+07     0.00024646    3.23E+07     2.1308E+05    
   2.24E+07     0.9969       0.00024605    2.24E+07     0.00024605    3.24E+07     2.1296E+05    
   2.25E+07     0.99694      0.00024672    2.25E+07     0.00024672    3.25E+07     2.1401E+05    
   2.26E+07     0.99693      0.0002448     2.26E+07     0.0002448     3.26E+07     2.1524E+05    
   2.27E+07     0.99691      0.00024365    2.27E+07     0.00024365    3.27E+07     2.1512E+05    
   2.28E+07     0.99692      0.00024178    2.28E+07     0.00024178    3.28E+07     2.1621E+05    
   2.29E+07     0.99692      0.00023998    2.29E+07     0.00023998    3.29E+07     2.1723E+05    
   2.3E+07      0.99693      0.00023813    2.3E+07      0.00023813    3.3E+07      2.1835E+05    
   2.31E+07     0.99695      0.0002376     2.31E+07     0.0002376     3.31E+07     2.1938E+05    
   2.32E+07     0.99696      0.00023604    2.32E+07     0.00023604    3.32E+07     2.2043E+05    
   2.33E+07     0.99697      0.0002343     2.33E+07     0.0002343     3.33E+07     2.2093E+05    
   2.34E+07     0.997        0.0002352     2.34E+07     0.0002352     3.34E+07     2.2162E+05    
   2.35E+07     0.99699      0.00023372    2.35E+07     0.00023372    3.35E+07     2.2278E+05    
   2.36E+07     0.99697      0.00023278    2.36E+07     0.00023278    3.36E+07     2.2389E+05    
   2.37E+07     0.99699      0.00023151    2.37E+07     0.00023151    3.37E+07     2.2512E+05    
   2.38E+07     0.99699      0.00022984    2.38E+07     0.00022984    3.38E+07     2.2607E+05    
   2.39E+07     0.99702      0.00023106    2.39E+07     0.00023106    3.39E+07     2.2673E+05    
   2.4E+07      0.99706      0.00023256    2.4E+07      0.00023256    3.4E+07      2.2792E+05    
   2.41E+07     0.99704      0.00023189    2.41E+07     0.00023189    3.41E+07     2.2891E+05    
   2.42E+07     0.99705      0.00023033    2.42E+07     0.00023033    3.42E+07     2.2848E+05    
   2.43E+07     0.99704      0.00022879    2.43E+07     0.00022879    3.43E+07     2.2716E+05    
   2.44E+07     0.99704      0.0002272     2.44E+07     0.0002272     3.44E+07     2.2833E+05    
   2.45E+07     0.99703      0.00022576    2.45E+07     0.00022576    3.45E+07     2.2712E+05    
   2.46E+07     0.997        0.0002271     2.46E+07     0.0002271     3.46E+07     2.2805E+05    
   2.47E+07     0.99701      0.00022604    2.47E+07     0.00022604    3.47E+07     2.2797E+05    
   2.48E+07     0.99703      0.00022541    2.48E+07     0.00022541    3.48E+07     2.2884E+05    
   2.49E+07     0.99702      0.00022411    2.49E+07     0.00022411    3.49E+07     2.2994E+05    
   2.5E+07      0.99701      0.00022286    2.5E+07      0.00022286    3.5E+07      2.3083E+05    
   2.51E+07     0.99701      0.00022139    2.51E+07     0.00022139    3.51E+07     2.2854E+05    
   2.52E+07     0.99699      0.00022069    2.52E+07     0.00022069    3.52E+07     2.2952E+05    
   2.53E+07     0.99701      0.00022019    2.53E+07     0.00022019    3.53E+07     2.2781E+05    
   2.54E+07     0.997        0.00021909    2.54E+07     0.00021909    3.54E+07     2.2871E+05    
   2.55E+07     0.99701      0.00021802    2.55E+07     0.00021802    3.55E+07     2.2957E+05    
   2.56E+07     0.99702      0.00021703    2.56E+07     0.00021703    3.56E+07     2.305E+05     
   2.57E+07     0.99705      0.00021722    2.57E+07     0.00021722    3.57E+07     2.3101E+05    
   2.58E+07     0.99706      0.00021618    2.58E+07     0.00021618    3.58E+07     2.3143E+05    
   2.59E+07     0.99706      0.00021498    2.59E+07     0.00021498    3.59E+07     2.3258E+05    
   2.6E+07      0.99709      0.00021619    2.6E+07      0.00021619    3.6E+07      2.3281E+05    
   2.61E+07     0.99706      0.00021689    2.61E+07     0.00021689    3.61E+07     2.3323E+05    
   2.62E+07     0.99708      0.00021675    2.62E+07     0.00021675    3.62E+07     2.3343E+05    
   2.63E+07     0.99711      0.0002179     2.63E+07     0.0002179     3.63E+07     2.3336E+05    
   2.64E+07     0.9971       0.00021723    2.64E+07     0.00021723    3.64E+07     2.3425E+05    
   2.65E+07     0.9971       0.00021592    2.65E+07     0.00021592    3.65E+07     2.3535E+05    
   2.66E+07     0.99709      0.0002147     2.66E+07     0.0002147     3.66E+07     2.3596E+05    
   2.67E+07     0.99711      0.00021396    2.67E+07     0.00021396    3.67E+07     2.353E+05     
   2.68E+07     0.99711      0.00021274    2.68E+07     0.00021274    3.68E+07     2.3238E+05    
   2.69E+07     0.99711      0.00021149    2.69E+07     0.00021149    3.69E+07     2.3158E+05    
   2.7E+07      0.99712      0.00021056    2.7E+07      0.00021056    3.7E+07      2.3266E+05    
   2.71E+07     0.99712      0.00020941    2.71E+07     0.00020941    3.71E+07     2.3344E+05    
   2.72E+07     0.99711      0.00020821    2.72E+07     0.00020821    3.72E+07     2.3444E+05    
   2.73E+07     0.99709      0.00020806    2.73E+07     0.00020806    3.73E+07     2.3466E+05    
   2.74E+07     0.99709      0.00020687    2.74E+07     0.00020687    3.74E+07     2.3573E+05    
   2.75E+07     0.99709      0.00020576    2.75E+07     0.00020576    3.75E+07     2.3623E+05    
   2.76E+07     0.9971       0.00020495    2.76E+07     0.00020495    3.76E+07     2.3714E+05    
   2.77E+07     0.99709      0.00020396    2.77E+07     0.00020396    3.77E+07     2.3647E+05    
   2.78E+07     0.99711      0.00020357    2.78E+07     0.00020357    3.78E+07     2.3746E+05    
   2.79E+07     0.99709      0.00020299    2.79E+07     0.00020299    3.79E+07     2.3709E+05    
   2.8E+07      0.99709      0.0002019     2.8E+07      0.0002019     3.8E+07      2.38E+05      
   2.81E+07     0.99709      0.00020078    2.81E+07     0.00020078    3.81E+07     2.3765E+05    
   2.82E+07     0.99711      0.0002003     2.82E+07     0.0002003     3.82E+07     2.3864E+05    
   2.83E+07     0.9971       0.00019923    2.83E+07     0.00019923    3.83E+07     2.3852E+05    
   2.84E+07     0.9971       0.00019815    2.84E+07     0.00019815    3.84E+07     2.3958E+05    
   2.85E+07     0.99709      0.00019732    2.85E+07     0.00019732    3.85E+07     2.3998E+05    
   2.86E+07     0.99711      0.00019709    2.86E+07     0.00019709    3.86E+07     2.4099E+05    
   2.87E+07     0.9971       0.00019625    2.87E+07     0.00019625    3.87E+07     2.4048E+05    
   2.88E+07     0.9971       0.00019522    2.88E+07     0.00019522    3.88E+07     2.4112E+05    
   2.89E+07     0.99711      0.0001942     2.89E+07     0.0001942     3.89E+07     2.4181E+05    
   2.9E+07      0.99709      0.00019363    2.9E+07      0.00019363    3.9E+07      2.4232E+05    
   2.91E+07     0.99708      0.00019276    2.91E+07     0.00019276    3.91E+07     2.4329E+05    
   2.92E+07     0.9971       0.00019252    2.92E+07     0.00019252    3.92E+07     2.4307E+05    
   2.93E+07     0.99712      0.00019237    2.93E+07     0.00019237    3.93E+07     2.4289E+05    
   2.94E+07     0.99714      0.00019238    2.94E+07     0.00019238    3.94E+07     2.439E+05     
   2.95E+07     0.99716      0.0001922     2.95E+07     0.0001922     3.95E+07     2.4277E+05    
   2.96E+07     0.99716      0.00019122    2.96E+07     0.00019122    3.96E+07     2.4272E+05    
   2.97E+07     0.99715      0.00019029    2.97E+07     0.00019029    3.97E+07     2.4098E+05    
   2.98E+07     0.99714      0.00018957    2.98E+07     0.00018957    3.98E+07     2.4197E+05    
   2.99E+07     0.99714      0.00018862    2.99E+07     0.00018862    3.99E+07     2.4142E+05    
   3E+07        0.99712      0.00018881    3E+07        0.00018881    4E+07        2.4066E+05    
   3.01E+07     0.9971       0.00018884    3.01E+07     0.00018884    4.01E+07     2.4157E+05    
   3.02E+07     0.99711      0.00018796    3.02E+07     0.00018796    4.02E+07     2.4241E+05    
   3.03E+07     0.99711      0.00018703    3.03E+07     0.00018703    4.03E+07     2.4312E+05    
   3.04E+07     0.99711      0.00018612    3.04E+07     0.00018612    4.04E+07     2.4411E+05    
   3.05E+07     0.9971       0.00018546    3.05E+07     0.00018546    4.05E+07     2.4456E+05    
   3.06E+07     0.99709      0.00018483    3.06E+07     0.00018483    4.06E+07     2.4539E+05    
   3.07E+07     0.99711      0.00018533    3.07E+07     0.00018533    4.07E+07     2.4638E+05    
   3.08E+07     0.9971       0.00018502    3.08E+07     0.00018502    4.08E+07     2.4724E+05    
   3.09E+07     0.99711      0.0001846     3.09E+07     0.0001846     4.09E+07     2.4397E+05    
   3.1E+07      0.99711      0.00018374    3.1E+07      0.00018374    4.1E+07      2.4343E+05    
   3.11E+07     0.99712      0.00018289    3.11E+07     0.00018289    4.11E+07     2.4418E+05    
   3.12E+07     0.9971       0.00018287    3.12E+07     0.00018287    4.12E+07     2.4435E+05    
   3.13E+07     0.99711      0.00018246    3.13E+07     0.00018246    4.13E+07     2.4407E+05    
   3.14E+07     0.9971       0.00018177    3.14E+07     0.00018177    4.14E+07     2.4229E+05    
   3.15E+07     0.9971       0.00018093    3.15E+07     0.00018093    4.15E+07     2.4261E+05    
   3.16E+07     0.99711      0.00018017    3.16E+07     0.00018017    4.16E+07     2.4341E+05    
   3.17E+07     0.99713      0.00018082    3.17E+07     0.00018082    4.17E+07     2.439E+05     
   3.18E+07     0.99714      0.0001802     3.18E+07     0.0001802     4.18E+07     2.39E+05      
   3.19E+07     0.99715      0.00017945    3.19E+07     0.00017945    4.19E+07     2.3931E+05    
   3.2E+07      0.99715      0.00017871    3.2E+07      0.00017871    4.2E+07      2.4007E+05    
   3.21E+07     0.99717      0.00017908    3.21E+07     0.00017908    4.21E+07     2.4047E+05    
   3.22E+07     0.99717      0.00017829    3.22E+07     0.00017829    4.22E+07     2.4136E+05    
   3.23E+07     0.99717      0.00017752    3.23E+07     0.00017752    4.23E+07     2.4213E+05    
   3.24E+07     0.99718      0.0001773     3.24E+07     0.0001773     4.24E+07     2.4283E+05    
   3.25E+07     0.99719      0.00017659    3.25E+07     0.00017659    4.25E+07     2.4366E+05    
   3.26E+07     0.99719      0.00017581    3.26E+07     0.00017581    4.26E+07     2.4297E+05    
   3.27E+07     0.9972       0.00017559    3.27E+07     0.00017559    4.27E+07     2.4327E+05    
   3.28E+07     0.99719      0.00017487    3.28E+07     0.00017487    4.28E+07     2.4415E+05    
   3.29E+07     0.9972       0.00017419    3.29E+07     0.00017419    4.29E+07     2.4497E+05    
   3.3E+07      0.9972       0.00017348    3.3E+07      0.00017348    4.3E+07      2.4503E+05    
   3.31E+07     0.99721      0.0001728     3.31E+07     0.0001728     4.31E+07     2.451E+05     
   3.32E+07     0.99721      0.00017212    3.32E+07     0.00017212    4.32E+07     2.4597E+05    
   3.33E+07     0.99722      0.00017166    3.33E+07     0.00017166    4.33E+07     2.4485E+05    
   3.34E+07     0.99723      0.00017113    3.34E+07     0.00017113    4.34E+07     2.448E+05     
   3.35E+07     0.99724      0.00017043    3.35E+07     0.00017043    4.35E+07     2.4543E+05    
   3.36E+07     0.99723      0.00016975    3.36E+07     0.00016975    4.36E+07     2.4601E+05    
   3.37E+07     0.99723      0.00016903    3.37E+07     0.00016903    4.37E+07     2.46E+05      
   3.38E+07     0.99723      0.00016842    3.38E+07     0.00016842    4.38E+07     2.3851E+05    
   3.39E+07     0.99722      0.00016793    3.39E+07     0.00016793    4.39E+07     2.3935E+05    
   3.4E+07      0.99722      0.00016724    3.4E+07      0.00016724    4.4E+07      2.4022E+05    
   3.41E+07     0.99722      0.00016662    3.41E+07     0.00016662    4.41E+07     2.406E+05     
   3.42E+07     0.99724      0.00016654    3.42E+07     0.00016654    4.42E+07     2.4125E+05    
   3.43E+07     0.99726      0.00016678    3.43E+07     0.00016678    4.43E+07     2.4116E+05    
   3.44E+07     0.99725      0.0001661     3.44E+07     0.0001661     4.44E+07     2.4202E+05    
   3.45E+07     0.99724      0.0001663     3.45E+07     0.0001663     4.45E+07     2.4287E+05    
   3.46E+07     0.99723      0.00016572    3.46E+07     0.00016572    4.46E+07     2.431E+05     
   3.47E+07     0.99722      0.00016551    3.47E+07     0.00016551    4.47E+07     2.4324E+05    
   3.48E+07     0.99722      0.00016494    3.48E+07     0.00016494    4.48E+07     2.4167E+05    
   3.49E+07     0.99723      0.0001643     3.49E+07     0.0001643     4.49E+07     2.4137E+05    
   3.5E+07      0.99723      0.00016374    3.5E+07      0.00016374    4.5E+07      2.4216E+05    
   3.51E+07     0.99725      0.00016432    3.51E+07     0.00016432    4.51E+07     2.4266E+05    
   3.52E+07     0.99725      0.00016374    3.52E+07     0.00016374    4.52E+07     2.4185E+05    
   3.53E+07     0.99727      0.00016411    3.53E+07     0.00016411    4.53E+07     2.4191E+05    
   3.54E+07     0.99726      0.00016356    3.54E+07     0.00016356    4.54E+07     2.4253E+05    
   3.55E+07     0.99727      0.00016302    3.55E+07     0.00016302    4.55E+07     2.4275E+05    
   3.56E+07     0.99726      0.00016246    3.56E+07     0.00016246    4.56E+07     2.4357E+05    
   3.57E+07     0.99725      0.00016205    3.57E+07     0.00016205    4.57E+07     2.4367E+05    
   3.58E+07     0.99726      0.00016167    3.58E+07     0.00016167    4.58E+07     2.4449E+05    
   3.59E+07     0.99726      0.00016105    3.59E+07     0.00016105    4.59E+07     2.4531E+05    
   3.6E+07      0.99725      0.00016074    3.6E+07      0.00016074    4.6E+07      2.4612E+05    
   3.61E+07     0.99726      0.00016037    3.61E+07     0.00016037    4.61E+07     2.4333E+05    
   3.62E+07     0.99727      0.00016008    3.62E+07     0.00016008    4.62E+07     2.4385E+05    
   3.63E+07     0.99726      0.00015988    3.63E+07     0.00015988    4.63E+07     2.409E+05     
   3.64E+07     0.99726      0.00015935    3.64E+07     0.00015935    4.64E+07     2.4115E+05    
   3.65E+07     0.99726      0.00015876    3.65E+07     0.00015876    4.65E+07     2.4196E+05    
   3.66E+07     0.99726      0.00015833    3.66E+07     0.00015833    4.66E+07     2.4217E+05    
   3.67E+07     0.99727      0.00015834    3.67E+07     0.00015834    4.67E+07     2.4286E+05    
   3.68E+07     0.99729      0.00015911    3.68E+07     0.00015911    4.68E+07     2.432E+05     
   3.69E+07     0.9973       0.00015917    3.69E+07     0.00015917    4.69E+07     2.4269E+05    
   3.7E+07      0.9973       0.00015858    3.7E+07      0.00015858    4.7E+07      2.4277E+05    
   3.71E+07     0.9973       0.0001581     3.71E+07     0.0001581     4.71E+07     2.4313E+05    
   3.72E+07     0.9973       0.00015755    3.72E+07     0.00015755    4.72E+07     2.4355E+05    
   3.73E+07     0.99731      0.00015726    3.73E+07     0.00015726    4.73E+07     2.4432E+05    
   3.74E+07     0.99731      0.00015669    3.74E+07     0.00015669    4.74E+07     2.4463E+05    
   3.75E+07     0.99732      0.0001563     3.75E+07     0.0001563     4.75E+07     2.4542E+05    
   3.76E+07     0.99732      0.00015579    3.76E+07     0.00015579    4.76E+07     2.431E+05     
   3.77E+07     0.99734      0.0001558     3.77E+07     0.0001558     4.77E+07     2.4378E+05    
   3.78E+07     0.99733      0.00015527    3.78E+07     0.00015527    4.78E+07     2.4454E+05    
   3.79E+07     0.99735      0.00015518    3.79E+07     0.00015518    4.79E+07     2.453E+05     
   3.8E+07      0.99734      0.00015468    3.8E+07      0.00015468    4.8E+07      2.455E+05     
   3.81E+07     0.99735      0.00015459    3.81E+07     0.00015459    4.81E+07     2.4514E+05    
   3.82E+07     0.99736      0.00015406    3.82E+07     0.00015406    4.82E+07     2.4369E+05    
   3.83E+07     0.99735      0.00015389    3.83E+07     0.00015389    4.83E+07     2.4388E+05    
   3.84E+07     0.99735      0.00015335    3.84E+07     0.00015335    4.84E+07     2.3978E+05    
   3.85E+07     0.99735      0.00015302    3.85E+07     0.00015302    4.85E+07     2.3911E+05    
   3.86E+07     0.99735      0.0001525     3.86E+07     0.0001525     4.86E+07     2.3964E+05    
   3.87E+07     0.99736      0.00015246    3.87E+07     0.00015246    4.87E+07     2.401E+05     
   3.88E+07     0.99737      0.00015206    3.88E+07     0.00015206    4.88E+07     2.4061E+05    
   3.89E+07     0.99736      0.00015165    3.89E+07     0.00015165    4.89E+07     2.4135E+05    
   3.9E+07      0.99736      0.00015129    3.9E+07      0.00015129    4.9E+07      2.4138E+05    
   3.91E+07     0.99735      0.0001508     3.91E+07     0.0001508     4.91E+07     2.4196E+05    
   3.92E+07     0.99734      0.00015067    3.92E+07     0.00015067    4.92E+07     2.4153E+05    
   3.93E+07     0.99735      0.00015053    3.93E+07     0.00015053    4.93E+07     2.4157E+05    
   3.94E+07     0.99735      0.00015003    3.94E+07     0.00015003    4.94E+07     2.4224E+05    
   3.95E+07     0.99734      0.00015019    3.95E+07     0.00015019    4.95E+07     2.4297E+05    
   3.96E+07     0.99735      0.00015       3.96E+07     0.00015       4.96E+07     2.4359E+05    
   3.97E+07     0.99736      0.00015035    3.97E+07     0.00015035    4.97E+07     2.44E+05      
   3.98E+07     0.99737      0.00014986    3.98E+07     0.00014986    4.98E+07     2.429E+05     
   3.99E+07     0.99738      0.00014984    3.99E+07     0.00014984    4.99E+07     2.435E+05     
   4E+07        0.99739      0.00014988    4E+07        0.00014988    5E+07        2.4224E+05    
   4.01E+07     0.99739      0.00014941    4.01E+07     0.00014941    5.01E+07     2.4246E+05    
   4.02E+07     0.99739      0.00014896    4.02E+07     0.00014896    5.02E+07     2.4208E+05    
   4.03E+07     0.9974       0.00014856    4.03E+07     0.00014856    5.03E+07     2.425E+05     
   4.04E+07     0.9974       0.00014808    4.04E+07     0.00014808    5.04E+07     2.4314E+05    
   4.05E+07     0.99739      0.00014775    4.05E+07     0.00014775    5.05E+07     2.4384E+05    
   4.06E+07     0.99739      0.00014732    4.06E+07     0.00014732    5.06E+07     2.4454E+05    
   4.07E+07     0.99739      0.00014684    4.07E+07     0.00014684    5.07E+07     2.4426E+05    
   4.08E+07     0.99739      0.00014641    4.08E+07     0.00014641    5.08E+07     2.4151E+05    
   4.09E+07     0.99737      0.0001472     4.09E+07     0.0001472     5.09E+07     2.4217E+05    
   4.1E+07      0.99736      0.00014718    4.1E+07      0.00014718    5.1E+07      2.4253E+05    
   4.11E+07     0.99736      0.00014678    4.11E+07     0.00014678    5.11E+07     2.432E+05     
   4.12E+07     0.99736      0.00014655    4.12E+07     0.00014655    5.12E+07     2.4298E+05    
   4.13E+07     0.99737      0.00014644    4.13E+07     0.00014644    5.13E+07     2.4347E+05    
   4.14E+07     0.99736      0.0001468     4.14E+07     0.0001468     5.14E+07     2.4416E+05    
   4.15E+07     0.99735      0.00014653    4.15E+07     0.00014653    5.15E+07     2.4451E+05    
   4.16E+07     0.99735      0.00014611    4.16E+07     0.00014611    5.16E+07     2.4046E+05    
   4.17E+07     0.99736      0.00014578    4.17E+07     0.00014578    5.17E+07     2.4099E+05    
   4.18E+07     0.99738      0.00014709    4.18E+07     0.00014709    5.18E+07     2.4162E+05    
   4.19E+07     0.99739      0.00014682    4.19E+07     0.00014682    5.19E+07     2.4172E+05    
   4.2E+07      0.99739      0.00014641    4.2E+07      0.00014641    5.2E+07      2.4175E+05    
   4.21E+07     0.99739      0.00014612    4.21E+07     0.00014612    5.21E+07     2.4242E+05    
   4.22E+07     0.99739      0.00014566    4.22E+07     0.00014566    5.22E+07     2.4236E+05    
   4.23E+07     0.99739      0.00014526    4.23E+07     0.00014526    5.23E+07     2.4296E+05    
   4.24E+07     0.99738      0.00014488    4.24E+07     0.00014488    5.24E+07     2.4323E+05    
   4.25E+07     0.99739      0.00014446    4.25E+07     0.00014446    5.25E+07     2.4323E+05    
   4.26E+07     0.99738      0.00014449    4.26E+07     0.00014449    5.26E+07     2.4377E+05    
   4.27E+07     0.99737      0.00014423    4.27E+07     0.00014423    5.27E+07     2.4421E+05    
   4.28E+07     0.99737      0.0001438     4.28E+07     0.0001438     5.28E+07     2.4119E+05    
   4.29E+07     0.99737      0.00014339    4.29E+07     0.00014339    5.29E+07     2.4147E+05    
   4.3E+07      0.99738      0.0001432     4.3E+07      0.0001432     5.3E+07      2.4181E+05    
   4.31E+07     0.99739      0.00014301    4.31E+07     0.00014301    5.31E+07     2.4214E+05    
   4.32E+07     0.99739      0.00014259    4.32E+07     0.00014259    5.32E+07     2.423E+05     
   4.33E+07     0.99738      0.00014275    4.33E+07     0.00014275    5.33E+07     2.4281E+05    
   4.34E+07     0.99737      0.0001426     4.34E+07     0.0001426     5.34E+07     2.4282E+05    
   4.35E+07     0.99737      0.00014225    4.35E+07     0.00014225    5.35E+07     2.4319E+05    
   4.36E+07     0.99737      0.00014192    4.36E+07     0.00014192    5.36E+07     2.4296E+05    
   4.37E+07     0.99736      0.00014176    4.37E+07     0.00014176    5.37E+07     2.4343E+05    
   4.38E+07     0.99734      0.00014381    4.38E+07     0.00014381    5.38E+07     2.4171E+05    
   4.39E+07     0.99733      0.00014338    4.39E+07     0.00014338    5.39E+07     2.4232E+05    
   4.4E+07      0.99734      0.00014296    4.4E+07      0.00014296    5.4E+07      2.4279E+05    
   4.41E+07     0.99733      0.00014269    4.41E+07     0.00014269    5.41E+07     2.4334E+05    
   4.42E+07     0.99732      0.00014233    4.42E+07     0.00014233    5.42E+07     2.4391E+05    
   4.43E+07     0.99732      0.00014219    4.43E+07     0.00014219    5.43E+07     2.4441E+05    
   4.44E+07     0.99732      0.00014178    4.44E+07     0.00014178    5.44E+07     2.4504E+05    
   4.45E+07     0.99732      0.00014137    4.45E+07     0.00014137    5.45E+07     2.4537E+05    
   4.46E+07     0.99731      0.00014114    4.46E+07     0.00014114    5.46E+07     2.4554E+05    
   4.47E+07     0.9973       0.00014094    4.47E+07     0.00014094    5.47E+07     2.4608E+05    
   4.48E+07     0.99731      0.00014124    4.48E+07     0.00014124    5.48E+07     2.4621E+05    
   4.49E+07     0.99732      0.00014117    4.49E+07     0.00014117    5.49E+07     2.4667E+05    
   4.5E+07      0.99732      0.00014078    4.5E+07      0.00014078    5.5E+07      2.4679E+05    
   4.51E+07     0.99733      0.00014048    4.51E+07     0.00014048    5.51E+07     2.4684E+05    
   4.52E+07     0.99732      0.00014056    4.52E+07     0.00014056    5.52E+07     2.4737E+05    
   4.53E+07     0.99731      0.00014038    4.53E+07     0.00014038    5.53E+07     2.4801E+05    
   4.54E+07     0.99731      0.00014005    4.54E+07     0.00014005    5.54E+07     2.4776E+05    
   4.55E+07     0.99731      0.00013983    4.55E+07     0.00013983    5.55E+07     2.476E+05     
   4.56E+07     0.99731      0.00013944    4.56E+07     0.00013944    5.56E+07     2.4817E+05    
   4.57E+07     0.9973       0.00013926    4.57E+07     0.00013926    5.57E+07     2.4876E+05    
   4.58E+07     0.9973       0.00013887    4.58E+07     0.00013887    5.58E+07     2.4931E+05    
   4.59E+07     0.9973       0.00013849    4.59E+07     0.00013849    5.59E+07     2.4995E+05    
   4.6E+07      0.9973       0.0001381     4.6E+07      0.0001381     5.6E+07      2.504E+05     
   4.61E+07     0.99732      0.00013874    4.61E+07     0.00013874    5.61E+07     2.51E+05      
   4.62E+07     0.99732      0.00013844    4.62E+07     0.00013844    5.62E+07     2.5058E+05    
   4.63E+07     0.99734      0.00013914    4.63E+07     0.00013914    5.63E+07     2.5104E+05    
   4.64E+07     0.99734      0.0001389     4.64E+07     0.0001389     5.64E+07     2.5094E+05    
   4.65E+07     0.99734      0.00013852    4.65E+07     0.00013852    5.65E+07     2.5131E+05    
   4.66E+07     0.99735      0.00013831    4.66E+07     0.00013831    5.66E+07     2.5115E+05    
   4.67E+07     0.99735      0.00013796    4.67E+07     0.00013796    5.67E+07     2.5171E+05    
   4.68E+07     0.99734      0.00013772    4.68E+07     0.00013772    5.68E+07     2.5223E+05    
   4.69E+07     0.99735      0.00013771    4.69E+07     0.00013771    5.69E+07     2.5093E+05    
   4.7E+07      0.99734      0.00013754    4.7E+07      0.00013754    5.7E+07      2.5107E+05    
   4.71E+07     0.99734      0.00013729    4.71E+07     0.00013729    5.71E+07     2.464E+05     
   4.72E+07     0.99734      0.00013702    4.72E+07     0.00013702    5.72E+07     2.4635E+05    
   4.73E+07     0.99734      0.00013666    4.73E+07     0.00013666    5.73E+07     2.4692E+05    
   4.74E+07     0.99734      0.00013643    4.74E+07     0.00013643    5.74E+07     2.4516E+05    
   4.75E+07     0.99734      0.00013607    4.75E+07     0.00013607    5.75E+07     2.4574E+05    
   4.76E+07     0.99732      0.00013657    4.76E+07     0.00013657    5.76E+07     2.4602E+05    
   4.77E+07     0.99732      0.00013623    4.77E+07     0.00013623    5.77E+07     2.4583E+05    
   4.78E+07     0.99732      0.00013588    4.78E+07     0.00013588    5.78E+07     2.4642E+05    
   4.79E+07     0.99732      0.00013552    4.79E+07     0.00013552    5.79E+07     2.4694E+05    
   4.8E+07      0.99732      0.00013533    4.8E+07      0.00013533    5.8E+07      2.4717E+05    
   4.81E+07     0.99731      0.00013528    4.81E+07     0.00013528    5.81E+07     2.4333E+05    
   4.82E+07     0.99729      0.00013554    4.82E+07     0.00013554    5.82E+07     2.4333E+05    
   4.83E+07     0.9973       0.00013535    4.83E+07     0.00013535    5.83E+07     2.4392E+05    
   4.84E+07     0.99732      0.00013636    4.84E+07     0.00013636    5.84E+07     2.4022E+05    
   4.85E+07     0.99731      0.00013641    4.85E+07     0.00013641    5.85E+07     2.403E+05     
   4.86E+07     0.99731      0.00013611    4.86E+07     0.00013611    5.86E+07     2.4044E+05    
   4.87E+07     0.99731      0.00013584    4.87E+07     0.00013584    5.87E+07     2.4099E+05    
   4.88E+07     0.99731      0.00013556    4.88E+07     0.00013556    5.88E+07     2.4137E+05    
   4.89E+07     0.99731      0.00013521    4.89E+07     0.00013521    5.89E+07     2.4192E+05    
   4.9E+07      0.99732      0.00013506    4.9E+07      0.00013506    5.9E+07      2.413E+05     
   4.91E+07     0.99732      0.00013476    4.91E+07     0.00013476    5.91E+07     2.4169E+05    
   4.92E+07     0.99731      0.00013475    4.92E+07     0.00013475    5.92E+07     2.4225E+05    
   4.93E+07     0.99731      0.0001346     4.93E+07     0.0001346     5.93E+07     2.4167E+05    
   4.94E+07     0.99731      0.00013427    4.94E+07     0.00013427    5.94E+07     2.4215E+05    
   4.95E+07     0.99731      0.00013393    4.95E+07     0.00013393    5.95E+07     2.4269E+05    
   4.96E+07     0.99732      0.00013363    4.96E+07     0.00013363    5.96E+07     2.4216E+05    
   4.97E+07     0.99732      0.00013338    4.97E+07     0.00013338    5.97E+07     2.4269E+05    
   4.98E+07     0.99731      0.00013355    4.98E+07     0.00013355    5.98E+07     2.4313E+05    
   4.99E+07     0.99731      0.00013325    4.99E+07     0.00013325    5.99E+07     2.4368E+05    
   5E+07        0.9973       0.00013346    5E+07        0.00013346    6E+07        2.4222E+05    
   5.01E+07     0.99729      0.00013327    5.01E+07     0.00013327    6.01E+07     2.4262E+05    
   5.02E+07     0.9973       0.00013324    5.02E+07     0.00013324    6.02E+07     2.4317E+05    
   5.03E+07     0.9973       0.00013298    5.03E+07     0.00013298    6.03E+07     2.4306E+05    
   5.04E+07     0.9973       0.00013268    5.04E+07     0.00013268    6.04E+07     2.4241E+05    
   5.05E+07     0.9973       0.00013236    5.05E+07     0.00013236    6.05E+07     2.3748E+05    
   5.06E+07     0.9973       0.00013204    5.06E+07     0.00013204    6.06E+07     2.3769E+05    
   5.07E+07     0.99729      0.00013197    5.07E+07     0.00013197    6.07E+07     2.3822E+05    
   5.08E+07     0.99731      0.00013259    5.08E+07     0.00013259    6.08E+07     2.3877E+05    
   5.09E+07     0.99731      0.00013228    5.09E+07     0.00013228    6.09E+07     2.3912E+05    
   5.1E+07      0.9973       0.00013205    5.1E+07      0.00013205    6.1E+07      2.3858E+05    
   5.11E+07     0.9973       0.00013173    5.11E+07     0.00013173    6.11E+07     2.3911E+05    
   5.12E+07     0.99731      0.00013166    5.12E+07     0.00013166    6.12E+07     2.3928E+05    
   5.13E+07     0.99731      0.0001314     5.13E+07     0.0001314     6.13E+07     2.3932E+05    
   5.14E+07     0.99731      0.00013109    5.14E+07     0.00013109    6.14E+07     2.3985E+05    
   5.15E+07     0.99731      0.00013087    5.15E+07     0.00013087    6.15E+07     2.402E+05     
   5.16E+07     0.99729      0.00013183    5.16E+07     0.00013183    6.16E+07     2.3996E+05    
   5.17E+07     0.9973       0.00013156    5.17E+07     0.00013156    6.17E+07     2.4002E+05    
   5.18E+07     0.9973       0.00013126    5.18E+07     0.00013126    6.18E+07     2.3982E+05    
   5.19E+07     0.99731      0.00013111    5.19E+07     0.00013111    6.19E+07     2.3922E+05    
   5.2E+07      0.9973       0.00013097    5.2E+07      0.00013097    6.2E+07      2.396E+05     
   5.21E+07     0.9973       0.00013067    5.21E+07     0.00013067    6.21E+07     2.4005E+05    
   5.22E+07     0.99729      0.00013056    5.22E+07     0.00013056    6.22E+07     2.3981E+05    
   5.23E+07     0.99729      0.00013027    5.23E+07     0.00013027    6.23E+07     2.4031E+05    
   5.24E+07     0.99728      0.00013007    5.24E+07     0.00013007    6.24E+07     2.4084E+05    
   5.25E+07     0.99728      0.00012995    5.25E+07     0.00012995    6.25E+07     2.4134E+05    
   5.26E+07     0.99728      0.00012968    5.26E+07     0.00012968    6.26E+07     2.4162E+05    
   5.27E+07     0.99728      0.00012944    5.27E+07     0.00012944    6.27E+07     2.4207E+05    
   5.28E+07     0.99729      0.00013012    5.28E+07     0.00013012    6.28E+07     2.4241E+05    
   5.29E+07     0.99729      0.00012992    5.29E+07     0.00012992    6.29E+07     2.4253E+05    
   5.3E+07      0.99729      0.0001297     5.3E+07      0.0001297     6.3E+07      2.4289E+05    
   5.31E+07     0.99729      0.00012949    5.31E+07     0.00012949    6.31E+07     2.4341E+05    
   5.32E+07     0.99729      0.00012933    5.32E+07     0.00012933    6.32E+07     2.4394E+05    
   5.33E+07     0.9973       0.00012907    5.33E+07     0.00012907    6.33E+07     2.4344E+05    
   5.34E+07     0.99729      0.00012895    5.34E+07     0.00012895    6.34E+07     2.4348E+05    
   5.35E+07     0.99729      0.00012873    5.35E+07     0.00012873    6.35E+07     2.4384E+05    
   5.36E+07     0.99728      0.00012867    5.36E+07     0.00012867    6.36E+07     2.4282E+05    
   5.37E+07     0.99728      0.00012842    5.37E+07     0.00012842    6.37E+07     2.4332E+05    
   5.38E+07     0.99729      0.00012876    5.38E+07     0.00012876    6.38E+07     2.4384E+05    
   5.39E+07     0.99729      0.00012847    5.39E+07     0.00012847    6.39E+07     2.4411E+05    
   5.4E+07      0.99729      0.00012823    5.4E+07      0.00012823    6.4E+07      2.445E+05     
   5.41E+07     0.99729      0.00012796    5.41E+07     0.00012796    6.41E+07     2.4502E+05    
   5.42E+07     0.99729      0.0001277     5.42E+07     0.0001277     6.42E+07     2.4545E+05    
   5.43E+07     0.99729      0.00012745    5.43E+07     0.00012745    6.43E+07     2.4596E+05    
   5.44E+07     0.99729      0.00012717    5.44E+07     0.00012717    6.44E+07     2.4634E+05    
   5.45E+07     0.9973       0.00012696    5.45E+07     0.00012696    6.45E+07     2.451E+05     
   5.46E+07     0.99729      0.0001268     5.46E+07     0.0001268     6.46E+07     2.4495E+05    
   5.47E+07     0.99729      0.00012654    5.47E+07     0.00012654    6.47E+07     2.4533E+05    
   5.48E+07     0.99729      0.0001264     5.48E+07     0.0001264     6.48E+07     2.4534E+05    
   5.49E+07     0.99729      0.00012616    5.49E+07     0.00012616    6.49E+07     2.4444E+05    
   5.5E+07      0.99728      0.00012602    5.5E+07      0.00012602    6.5E+07      2.4486E+05    
   5.51E+07     0.99728      0.00012589    5.51E+07     0.00012589    6.51E+07     2.4379E+05    
   5.52E+07     0.99727      0.00012564    5.52E+07     0.00012564    6.52E+07     2.433E+05     
   5.53E+07     0.99727      0.00012536    5.53E+07     0.00012536    6.53E+07     2.4163E+05    
   5.54E+07     0.99728      0.0001253     5.54E+07     0.0001253     6.54E+07     2.4004E+05    
   5.55E+07     0.99729      0.00012523    5.55E+07     0.00012523    6.55E+07     2.4018E+05    
   5.56E+07     0.99729      0.00012497    5.56E+07     0.00012497    6.56E+07     2.4056E+05    
   5.57E+07     0.99729      0.00012471    5.57E+07     0.00012471    6.57E+07     2.4098E+05    
   5.58E+07     0.99729      0.00012445    5.58E+07     0.00012445    6.58E+07     2.4135E+05    
   5.59E+07     0.99729      0.00012418    5.59E+07     0.00012418    6.59E+07     2.4135E+05    
   5.6E+07      0.99729      0.00012396    5.6E+07      0.00012396    6.6E+07      2.4114E+05    
   5.61E+07     0.99729      0.0001237     5.61E+07     0.0001237     6.61E+07     2.4104E+05    
   5.62E+07     0.9973       0.0001237     5.62E+07     0.0001237     6.62E+07     2.3918E+05    
   5.63E+07     0.99729      0.00012347    5.63E+07     0.00012347    6.63E+07     2.3742E+05    
   5.64E+07     0.9973       0.00012339    5.64E+07     0.00012339    6.64E+07     2.3789E+05    
   5.65E+07     0.9973       0.00012319    5.65E+07     0.00012319    6.65E+07     2.3823E+05    
   5.66E+07     0.99731      0.00012312    5.66E+07     0.00012312    6.66E+07     2.3864E+05    
   5.67E+07     0.99731      0.00012287    5.67E+07     0.00012287    6.67E+07     2.3895E+05    
   5.68E+07     0.99732      0.00012263    5.68E+07     0.00012263    6.68E+07     2.3915E+05    
   5.69E+07     0.99731      0.00012284    5.69E+07     0.00012284    6.69E+07     2.3946E+05    
   5.7E+07      0.9973       0.0001227     5.7E+07      0.0001227     6.7E+07      2.3994E+05    
   5.71E+07     0.99732      0.00012374    5.71E+07     0.00012374    6.71E+07     2.4041E+05    
   5.72E+07     0.99731      0.00012365    5.72E+07     0.00012365    6.72E+07     2.4089E+05    
   5.73E+07     0.99731      0.0001234     5.73E+07     0.0001234     6.73E+07     2.4107E+05    
   5.74E+07     0.99733      0.00012373    5.74E+07     0.00012373    6.74E+07     2.4098E+05    
   5.75E+07     0.99732      0.00012348    5.75E+07     0.00012348    6.75E+07     2.4141E+05    
   5.76E+07     0.99732      0.0001233     5.76E+07     0.0001233     6.76E+07     2.4189E+05    
   5.77E+07     0.99731      0.00012324    5.77E+07     0.00012324    6.77E+07     2.4237E+05    
   5.78E+07     0.99731      0.00012298    5.78E+07     0.00012298    6.78E+07     2.4247E+05    
   5.79E+07     0.99731      0.00012275    5.79E+07     0.00012275    6.79E+07     2.4294E+05    
   5.8E+07      0.99732      0.00012258    5.8E+07      0.00012258    6.8E+07      2.4338E+05    
   5.81E+07     0.99734      0.00012344    5.81E+07     0.00012344    6.81E+07     2.437E+05     
   5.82E+07     0.99734      0.00012333    5.82E+07     0.00012333    6.82E+07     2.4412E+05    
   5.83E+07     0.99734      0.00012308    5.83E+07     0.00012308    6.83E+07     2.44E+05      
   5.84E+07     0.99732      0.00012391    5.84E+07     0.00012391    6.84E+07     2.4364E+05    
   5.85E+07     0.99733      0.00012379    5.85E+07     0.00012379    6.85E+07     2.4287E+05    
   5.86E+07     0.99732      0.00012364    5.86E+07     0.00012364    6.86E+07     2.4328E+05    
   5.87E+07     0.99732      0.0001234     5.87E+07     0.0001234     6.87E+07     2.4376E+05    
   5.88E+07     0.99732      0.00012319    5.88E+07     0.00012319    6.88E+07     2.4391E+05    
   5.89E+07     0.99732      0.00012295    5.89E+07     0.00012295    6.89E+07     2.4362E+05    
   5.9E+07      0.99733      0.000123      5.9E+07      0.000123      6.9E+07      2.4393E+05    
   5.91E+07     0.99733      0.0001228     5.91E+07     0.0001228     6.91E+07     2.4416E+05    
   5.92E+07     0.99733      0.00012255    5.92E+07     0.00012255    6.92E+07     2.4102E+05    
   5.93E+07     0.99732      0.00012259    5.93E+07     0.00012259    6.93E+07     2.4038E+05    
   5.94E+07     0.99732      0.00012237    5.94E+07     0.00012237    6.94E+07     2.406E+05     
   5.95E+07     0.99732      0.00012213    5.95E+07     0.00012213    6.95E+07     2.4034E+05    
   5.96E+07     0.99731      0.00012216    5.96E+07     0.00012216    6.96E+07     2.4036E+05    
   5.97E+07     0.99731      0.00012192    5.97E+07     0.00012192    6.97E+07     2.3955E+05    
   5.98E+07     0.99731      0.00012171    5.98E+07     0.00012171    6.98E+07     2.3955E+05    
   5.99E+07     0.99731      0.00012147    5.99E+07     0.00012147    6.99E+07     2.3999E+05    
   6E+07        0.99732      0.00012173    6E+07        0.00012173    7E+07        2.4012E+05    
   6.01E+07     0.99732      0.00012153    6.01E+07     0.00012153    7.01E+07     2.3977E+05    
   6.02E+07     0.99732      0.00012129    6.02E+07     0.00012129    7.02E+07     2.4012E+05    
   6.03E+07     0.99733      0.00012121    6.03E+07     0.00012121    7.03E+07     2.4045E+05    
   6.04E+07     0.99732      0.00012128    6.04E+07     0.00012128    7.04E+07     2.409E+05     
   6.05E+07     0.9973       0.00012242    6.05E+07     0.00012242    7.05E+07     2.4103E+05    
   6.06E+07     0.9973       0.00012227    6.06E+07     0.00012227    7.06E+07     2.4137E+05    
   6.07E+07     0.9973       0.00012203    6.07E+07     0.00012203    7.07E+07     2.4167E+05    
   6.08E+07     0.9973       0.00012179    6.08E+07     0.00012179    7.08E+07     2.4211E+05    
   6.09E+07     0.9973       0.0001216     6.09E+07     0.0001216     7.09E+07     2.419E+05     
   6.1E+07      0.99729      0.00012163    6.1E+07      0.00012163    7.1E+07      2.4235E+05    
   6.11E+07     0.99729      0.0001214     6.11E+07     0.0001214     7.11E+07     2.4188E+05    
   6.12E+07     0.99728      0.00012126    6.12E+07     0.00012126    7.12E+07     2.4017E+05    
   6.13E+07     0.99728      0.00012115    6.13E+07     0.00012115    7.13E+07     2.405E+05     
   6.14E+07     0.99728      0.00012091    6.14E+07     0.00012091    7.14E+07     2.4078E+05    
   6.15E+07     0.99727      0.00012073    6.15E+07     0.00012073    7.15E+07     2.4121E+05    
   6.16E+07     0.99728      0.00012069    6.16E+07     0.00012069    7.16E+07     2.4045E+05    
   6.17E+07     0.99728      0.00012058    6.17E+07     0.00012058    7.17E+07     2.4089E+05    
   6.18E+07     0.99728      0.00012053    6.18E+07     0.00012053    7.18E+07     2.4128E+05    
   6.19E+07     0.99729      0.00012058    6.19E+07     0.00012058    7.19E+07     2.4172E+05    
   6.2E+07      0.99729      0.00012039    6.2E+07      0.00012039    7.2E+07      2.4128E+05    
   6.21E+07     0.9973       0.00012018    6.21E+07     0.00012018    7.21E+07     2.4166E+05    
   6.22E+07     0.9973       0.00012014    6.22E+07     0.00012014    7.22E+07     2.4167E+05    
   6.23E+07     0.9973       0.00011991    6.23E+07     0.00011991    7.23E+07     2.4186E+05    
   6.24E+07     0.9973       0.00011969    6.24E+07     0.00011969    7.24E+07     2.4192E+05    
   6.25E+07     0.9973       0.00011947    6.25E+07     0.00011947    7.25E+07     2.4235E+05    
   6.26E+07     0.99731      0.0001193     6.26E+07     0.0001193     7.26E+07     2.4266E+05    
   6.27E+07     0.99731      0.0001191     6.27E+07     0.0001191     7.27E+07     2.4298E+05    
   6.28E+07     0.9973       0.00011892    6.28E+07     0.00011892    7.28E+07     2.4341E+05    
   6.29E+07     0.9973       0.00011879    6.29E+07     0.00011879    7.29E+07     2.4331E+05    
   6.3E+07      0.99729      0.00011861    6.3E+07      0.00011861    7.3E+07      2.4257E+05    
   6.31E+07     0.9973       0.00011839    6.31E+07     0.00011839    7.31E+07     2.4276E+05    
   6.32E+07     0.9973       0.00011817    6.32E+07     0.00011817    7.32E+07     2.4313E+05    
   6.33E+07     0.9973       0.00011819    6.33E+07     0.00011819    7.33E+07     2.4338E+05    
   6.34E+07     0.9973       0.00011809    6.34E+07     0.00011809    7.34E+07     2.4378E+05    
   6.35E+07     0.9973       0.00011791    6.35E+07     0.00011791    7.35E+07     2.4215E+05    
   6.36E+07     0.99729      0.00011806    6.36E+07     0.00011806    7.36E+07     2.4251E+05    
   6.37E+07     0.99729      0.00011785    6.37E+07     0.00011785    7.37E+07     2.4254E+05    
   6.38E+07     0.99729      0.00011763    6.38E+07     0.00011763    7.38E+07     2.4243E+05    
   6.39E+07     0.9973       0.00011747    6.39E+07     0.00011747    7.39E+07     2.4282E+05    
   6.4E+07      0.9973       0.00011729    6.4E+07      0.00011729    7.4E+07      2.4267E+05    
   6.41E+07     0.9973       0.00011707    6.41E+07     0.00011707    7.41E+07     2.4305E+05    
   6.42E+07     0.9973       0.00011688    6.42E+07     0.00011688    7.42E+07     2.4251E+05    
   6.43E+07     0.9973       0.00011666    6.43E+07     0.00011666    7.43E+07     2.4208E+05    
   6.44E+07     0.9973       0.00011647    6.44E+07     0.00011647    7.44E+07     2.4211E+05    
   6.45E+07     0.99731      0.00011667    6.45E+07     0.00011667    7.45E+07     2.4253E+05    
   6.46E+07     0.99731      0.00011662    6.46E+07     0.00011662    7.46E+07     2.4267E+05    
   6.47E+07     0.99731      0.00011644    6.47E+07     0.00011644    7.47E+07     2.4307E+05    
   6.48E+07     0.9973       0.00011634    6.48E+07     0.00011634    7.48E+07     2.433E+05     
   6.49E+07     0.99731      0.00011647    6.49E+07     0.00011647    7.49E+07     2.4345E+05    
   6.5E+07      0.99731      0.00011628    6.5E+07      0.00011628    7.5E+07      2.4371E+05    
   6.51E+07     0.9973       0.00011645    6.51E+07     0.00011645    7.51E+07     2.4408E+05    
   6.52E+07     0.99731      0.00011647    6.52E+07     0.00011647    7.52E+07     2.4391E+05    
   6.53E+07     0.9973       0.00011678    6.53E+07     0.00011678    7.53E+07     2.4156E+05    
   6.54E+07     0.99729      0.00011708    6.54E+07     0.00011708    7.54E+07     2.4181E+05    
   6.55E+07     0.99729      0.00011696    6.55E+07     0.00011696    7.55E+07     2.4215E+05    
   6.56E+07     0.99729      0.00011677    6.56E+07     0.00011677    7.56E+07     2.4257E+05    
   6.57E+07     0.99729      0.00011658    6.57E+07     0.00011658    7.57E+07     2.4273E+05    
   6.58E+07     0.99729      0.0001164     6.58E+07     0.0001164     7.58E+07     2.4266E+05    
   6.59E+07     0.99729      0.00011631    6.59E+07     0.00011631    7.59E+07     2.4292E+05    
   6.6E+07      0.99728      0.00011628    6.6E+07      0.00011628    7.6E+07      2.4219E+05    
   6.61E+07     0.99729      0.00011621    6.61E+07     0.00011621    7.61E+07     2.4222E+05    
   6.62E+07     0.9973       0.00011657    6.62E+07     0.00011657    7.62E+07     2.4261E+05    
   6.63E+07     0.99729      0.00011692    6.63E+07     0.00011692    7.63E+07     2.4301E+05    
   6.64E+07     0.99729      0.00011671    6.64E+07     0.00011671    7.64E+07     2.4341E+05    
   6.65E+07     0.99728      0.00011654    6.65E+07     0.00011654    7.65E+07     2.4375E+05    
   6.66E+07     0.99728      0.00011635    6.66E+07     0.00011635    7.66E+07     2.4396E+05    
   6.67E+07     0.99728      0.00011619    6.67E+07     0.00011619    7.67E+07     2.4436E+05    
   6.68E+07     0.99729      0.00011606    6.68E+07     0.00011606    7.68E+07     2.438E+05     
   6.69E+07     0.99729      0.00011589    6.69E+07     0.00011589    7.69E+07     2.4417E+05    
   6.7E+07      0.99729      0.00011569    6.7E+07      0.00011569    7.7E+07      2.4454E+05    
   6.71E+07     0.99728      0.00011549    6.71E+07     0.00011549    7.71E+07     2.4384E+05    
   6.72E+07     0.99728      0.00011529    6.72E+07     0.00011529    7.72E+07     2.4422E+05    
   6.73E+07     0.99729      0.00011516    6.73E+07     0.00011516    7.73E+07     2.4378E+05    
   6.74E+07     0.99729      0.00011509    6.74E+07     0.00011509    7.74E+07     2.4419E+05    
   6.75E+07     0.99729      0.00011491    6.75E+07     0.00011491    7.75E+07     2.4457E+05    
   6.76E+07     0.99729      0.00011471    6.76E+07     0.00011471    7.76E+07     2.448E+05     
   6.77E+07     0.99729      0.00011451    6.77E+07     0.00011451    7.77E+07     2.449E+05     
   6.78E+07     0.9973       0.0001144     6.78E+07     0.0001144     7.78E+07     2.4528E+05    
   6.79E+07     0.9973       0.0001142     6.79E+07     0.0001142     7.79E+07     2.4566E+05    
   6.8E+07      0.99729      0.00011401    6.8E+07      0.00011401    7.8E+07      2.4596E+05    
   6.81E+07     0.99729      0.00011386    6.81E+07     0.00011386    7.81E+07     2.4602E+05    
   6.82E+07     0.99729      0.00011367    6.82E+07     0.00011367    7.82E+07     2.4572E+05    
   6.83E+07     0.99729      0.00011362    6.83E+07     0.00011362    7.83E+07     2.4605E+05    
   6.84E+07     0.99729      0.00011362    6.84E+07     0.00011362    7.84E+07     2.4614E+05    
   6.85E+07     0.9973       0.00011371    6.85E+07     0.00011371    7.85E+07     2.4568E+05    
   6.86E+07     0.9973       0.00011353    6.86E+07     0.00011353    7.86E+07     2.4608E+05    
   6.87E+07     0.9973       0.00011334    6.87E+07     0.00011334    7.87E+07     2.4581E+05    
   6.88E+07     0.99729      0.00011322    6.88E+07     0.00011322    7.88E+07     2.4617E+05    
   6.89E+07     0.99729      0.0001132     6.89E+07     0.0001132     7.89E+07     2.4596E+05    
   6.9E+07      0.99729      0.00011305    6.9E+07      0.00011305    7.9E+07      2.4592E+05    
   6.91E+07     0.99729      0.00011291    6.91E+07     0.00011291    7.91E+07     2.4631E+05    
   6.92E+07     0.9973       0.00011356    6.92E+07     0.00011356    7.92E+07     2.4632E+05    
   6.93E+07     0.99731      0.00011363    6.93E+07     0.00011363    7.93E+07     2.4591E+05    
   6.94E+07     0.99731      0.0001135     6.94E+07     0.0001135     7.94E+07     2.4631E+05    
   6.95E+07     0.99732      0.00011347    6.95E+07     0.00011347    7.95E+07     2.4651E+05    
   6.96E+07     0.99732      0.00011339    6.96E+07     0.00011339    7.96E+07     2.4657E+05    
   6.97E+07     0.99731      0.00011349    6.97E+07     0.00011349    7.97E+07     2.4695E+05    
   6.98E+07     0.99732      0.00011341    6.98E+07     0.00011341    7.98E+07     2.4727E+05    
   6.99E+07     0.99732      0.00011322    6.99E+07     0.00011322    7.99E+07     2.4708E+05    
   7E+07        0.99732      0.00011311    7E+07        0.00011311    8E+07        2.4707E+05    
   7.01E+07     0.99732      0.00011311    7.01E+07     0.00011311    8.01E+07     2.4571E+05    
   7.02E+07     0.99732      0.00011295    7.02E+07     0.00011295    8.02E+07     2.4526E+05    
   7.03E+07     0.99732      0.00011279    7.03E+07     0.00011279    8.03E+07     2.4505E+05    
   7.04E+07     0.99732      0.0001126     7.04E+07     0.0001126     8.04E+07     2.4509E+05    
   7.05E+07     0.99732      0.00011249    7.05E+07     0.00011249    8.05E+07     2.4537E+05    
   7.06E+07     0.99732      0.00011234    7.06E+07     0.00011234    8.06E+07     2.4447E+05    
   7.07E+07     0.99732      0.00011219    7.07E+07     0.00011219    8.07E+07     2.4321E+05    
   7.08E+07     0.99732      0.000112      7.08E+07     0.000112      8.08E+07     2.4344E+05    
   7.09E+07     0.99732      0.00011197    7.09E+07     0.00011197    8.09E+07     2.4367E+05    
   7.1E+07      0.99732      0.00011179    7.1E+07      0.00011179    8.1E+07      2.44E+05      
   7.11E+07     0.99732      0.00011182    7.11E+07     0.00011182    8.11E+07     2.4431E+05    
   7.12E+07     0.99733      0.00011214    7.12E+07     0.00011214    8.12E+07     2.4463E+05    
   7.13E+07     0.99734      0.00011198    7.13E+07     0.00011198    8.13E+07     2.4412E+05    
   7.14E+07     0.99734      0.00011184    7.14E+07     0.00011184    8.14E+07     2.4437E+05    
   7.15E+07     0.99734      0.00011166    7.15E+07     0.00011166    8.15E+07     2.4475E+05    
   7.16E+07     0.99733      0.00011176    7.16E+07     0.00011176    8.16E+07     2.4503E+05    
   7.17E+07     0.99733      0.00011158    7.17E+07     0.00011158    8.17E+07     2.4541E+05    
   7.18E+07     0.99733      0.00011141    7.18E+07     0.00011141    8.18E+07     2.4507E+05    
   7.19E+07     0.99733      0.00011123    7.19E+07     0.00011123    8.19E+07     2.4539E+05    
   7.2E+07      0.99734      0.00011125    7.2E+07      0.00011125    8.2E+07      2.4557E+05    
   7.21E+07     0.99734      0.00011109    7.21E+07     0.00011109    8.21E+07     2.4579E+05    
   7.22E+07     0.99734      0.00011101    7.22E+07     0.00011101    8.22E+07     2.4561E+05    
   7.23E+07     0.99733      0.00011089    7.23E+07     0.00011089    8.23E+07     2.4543E+05    
   7.24E+07     0.99733      0.0001108     7.24E+07     0.0001108     8.24E+07     2.4572E+05    
   7.25E+07     0.99733      0.00011062    7.25E+07     0.00011062    8.25E+07     2.4607E+05    
   7.26E+07     0.99732      0.00011047    7.26E+07     0.00011047    8.26E+07     2.4566E+05    
   7.27E+07     0.99732      0.00011033    7.27E+07     0.00011033    8.27E+07     2.4587E+05    
   7.28E+07     0.99732      0.00011015    7.28E+07     0.00011015    8.28E+07     2.4612E+05    
   7.29E+07     0.99732      0.0001101     7.29E+07     0.0001101     8.29E+07     2.465E+05     
   7.3E+07      0.99731      0.00011019    7.3E+07      0.00011019    8.3E+07      2.467E+05     
   7.31E+07     0.99731      0.00011007    7.31E+07     0.00011007    8.31E+07     2.4706E+05    
   7.32E+07     0.99731      0.00010991    7.32E+07     0.00010991    8.32E+07     2.4744E+05    
   7.33E+07     0.9973       0.00010977    7.33E+07     0.00010977    8.33E+07     2.475E+05     
   7.34E+07     0.9973       0.00010961    7.34E+07     0.00010961    8.34E+07     2.4716E+05    
   7.35E+07     0.99729      0.0001099     7.35E+07     0.0001099     8.35E+07     2.4746E+05    
   7.36E+07     0.99729      0.00010974    7.36E+07     0.00010974    8.36E+07     2.4769E+05    
   7.37E+07     0.9973       0.00010966    7.37E+07     0.00010966    8.37E+07     2.4707E+05    
   7.38E+07     0.9973       0.00010961    7.38E+07     0.00010961    8.38E+07     2.4724E+05    
   7.39E+07     0.99731      0.00010945    7.39E+07     0.00010945    8.39E+07     2.4761E+05    
   7.4E+07      0.99731      0.00010941    7.4E+07      0.00010941    8.4E+07      2.4795E+05    
   7.41E+07     0.99731      0.00010925    7.41E+07     0.00010925    8.41E+07     2.4822E+05    
   7.42E+07     0.99732      0.00010929    7.42E+07     0.00010929    8.42E+07     2.4856E+05    
   7.43E+07     0.99733      0.00010932    7.43E+07     0.00010932    8.43E+07     2.4885E+05    
   7.44E+07     0.99733      0.00010924    7.44E+07     0.00010924    8.44E+07     2.4717E+05    
   7.45E+07     0.99733      0.00010907    7.45E+07     0.00010907    8.45E+07     2.4712E+05    
   7.46E+07     0.99733      0.00010896    7.46E+07     0.00010896    8.46E+07     2.4689E+05    
   7.47E+07     0.99733      0.0001088     7.47E+07     0.0001088     8.47E+07     2.4725E+05    
   7.48E+07     0.99733      0.00010868    7.48E+07     0.00010868    8.48E+07     2.4749E+05    
   7.49E+07     0.99733      0.00010857    7.49E+07     0.00010857    8.49E+07     2.4767E+05    
   7.5E+07      0.99733      0.00010844    7.5E+07      0.00010844    8.5E+07      2.4729E+05    
   7.51E+07     0.99733      0.00010828    7.51E+07     0.00010828    8.51E+07     2.4662E+05    
   7.52E+07     0.99734      0.00010825    7.52E+07     0.00010825    8.52E+07     2.4697E+05    
   7.53E+07     0.99732      0.0001087     7.53E+07     0.0001087     8.53E+07     2.4726E+05    
   7.54E+07     0.99733      0.00010858    7.54E+07     0.00010858    8.54E+07     2.4492E+05    
   7.55E+07     0.99733      0.00010843    7.55E+07     0.00010843    8.55E+07     2.447E+05     
   7.56E+07     0.99732      0.00010826    7.56E+07     0.00010826    8.56E+07     2.4477E+05    
   7.57E+07     0.99732      0.00010815    7.57E+07     0.00010815    8.57E+07     2.4501E+05    
   7.58E+07     0.99732      0.0001081     7.58E+07     0.0001081     8.58E+07     2.4525E+05    
   7.59E+07     0.99732      0.00010796    7.59E+07     0.00010796    8.59E+07     2.4542E+05    
   7.6E+07      0.99733      0.00010806    7.6E+07      0.00010806    8.6E+07      2.4565E+05    
   7.61E+07     0.99733      0.00010798    7.61E+07     0.00010798    8.61E+07     2.4597E+05    
   7.62E+07     0.99733      0.00010782    7.62E+07     0.00010782    8.62E+07     2.4595E+05    
   7.63E+07     0.99733      0.00010766    7.63E+07     0.00010766    8.63E+07     2.4626E+05    
   7.64E+07     0.99733      0.0001075     7.64E+07     0.0001075     8.64E+07     2.4649E+05    
   7.65E+07     0.99733      0.00010736    7.65E+07     0.00010736    8.65E+07     2.4681E+05    
   7.66E+07     0.99734      0.00010724    7.66E+07     0.00010724    8.66E+07     2.4702E+05    
   7.67E+07     0.99734      0.00010708    7.67E+07     0.00010708    8.67E+07     2.4728E+05    
   7.68E+07     0.99734      0.00010713    7.68E+07     0.00010713    8.68E+07     2.4748E+05    
   7.69E+07     0.99734      0.00010698    7.69E+07     0.00010698    8.69E+07     2.4784E+05    
   7.7E+07      0.99735      0.00010683    7.7E+07      0.00010683    8.7E+07      2.4808E+05    
   7.71E+07     0.99735      0.00010692    7.71E+07     0.00010692    8.71E+07     2.4704E+05    
   7.72E+07     0.99735      0.00010676    7.72E+07     0.00010676    8.72E+07     2.4731E+05    
   7.73E+07     0.99735      0.00010679    7.73E+07     0.00010679    8.73E+07     2.4688E+05    
   7.74E+07     0.99735      0.00010663    7.74E+07     0.00010663    8.74E+07     2.4716E+05    
   7.75E+07     0.99735      0.00010648    7.75E+07     0.00010648    8.75E+07     2.4729E+05    
   7.76E+07     0.99734      0.00010636    7.76E+07     0.00010636    8.76E+07     2.473E+05     
   7.77E+07     0.99734      0.00010627    7.77E+07     0.00010627    8.77E+07     2.4752E+05    
   7.78E+07     0.99734      0.00010612    7.78E+07     0.00010612    8.78E+07     2.4783E+05    
   7.79E+07     0.99734      0.00010597    7.79E+07     0.00010597    8.79E+07     2.4621E+05    
   7.8E+07      0.99734      0.00010583    7.8E+07      0.00010583    8.8E+07      2.4571E+05    
   7.81E+07     0.99735      0.00010575    7.81E+07     0.00010575    8.81E+07     2.4553E+05    
   7.82E+07     0.99735      0.00010575    7.82E+07     0.00010575    8.82E+07     2.4443E+05    
   7.83E+07     0.99736      0.00010561    7.83E+07     0.00010561    8.83E+07     2.447E+05     
   7.84E+07     0.99735      0.00010552    7.84E+07     0.00010552    8.84E+07     2.4425E+05    
   7.85E+07     0.99735      0.00010555    7.85E+07     0.00010555    8.85E+07     2.4427E+05    
   7.86E+07     0.99735      0.0001054     7.86E+07     0.0001054     8.86E+07     2.4408E+05    
   7.87E+07     0.99735      0.00010539    7.87E+07     0.00010539    8.87E+07     2.4439E+05    
   7.88E+07     0.99735      0.00010524    7.88E+07     0.00010524    8.88E+07     2.4472E+05    
   7.89E+07     0.99735      0.00010522    7.89E+07     0.00010522    8.89E+07     2.4497E+05    
   7.9E+07      0.99735      0.00010516    7.9E+07      0.00010516    8.9E+07      2.4527E+05    
   7.91E+07     0.99735      0.00010502    7.91E+07     0.00010502    8.91E+07     2.4554E+05    
   7.92E+07     0.99735      0.00010495    7.92E+07     0.00010495    8.92E+07     2.4569E+05    
   7.93E+07     0.99735      0.00010496    7.93E+07     0.00010496    8.93E+07     2.4584E+05    
   7.94E+07     0.99735      0.00010481    7.94E+07     0.00010481    8.94E+07     2.461E+05     
   7.95E+07     0.99736      0.00010471    7.95E+07     0.00010471    8.95E+07     2.4526E+05    
   7.96E+07     0.99735      0.00010463    7.96E+07     0.00010463    8.96E+07     2.4545E+05    
   7.97E+07     0.99735      0.00010448    7.97E+07     0.00010448    8.97E+07     2.4574E+05    
   7.98E+07     0.99735      0.00010434    7.98E+07     0.00010434    8.98E+07     2.4531E+05    
   7.99E+07     0.99736      0.00010432    7.99E+07     0.00010432    8.99E+07     2.4559E+05    
   8E+07        0.99736      0.00010426    8E+07        0.00010426    9E+07        2.4581E+05    
   8.01E+07     0.99737      0.00010448    8.01E+07     0.00010448    9.01E+07     2.4531E+05    
   8.02E+07     0.99736      0.00010451    8.02E+07     0.00010451    9.02E+07     2.4565E+05    
   8.03E+07     0.99737      0.00010449    8.03E+07     0.00010449    9.03E+07     2.4599E+05    
   8.04E+07     0.99736      0.00010442    8.04E+07     0.00010442    9.04E+07     2.4618E+05    
   8.05E+07     0.99737      0.00010429    8.05E+07     0.00010429    9.05E+07     2.4649E+05    
   8.06E+07     0.99736      0.00010442    8.06E+07     0.00010442    9.06E+07     2.4668E+05    
   8.07E+07     0.99737      0.00010462    8.07E+07     0.00010462    9.07E+07     2.4701E+05    
   8.08E+07     0.99736      0.00010451    8.08E+07     0.00010451    9.08E+07     2.4725E+05    
   8.09E+07     0.99737      0.00010439    8.09E+07     0.00010439    9.09E+07     2.4547E+05    
   8.1E+07      0.99737      0.00010426    8.1E+07      0.00010426    9.1E+07      2.4579E+05    
   8.11E+07     0.99737      0.00010413    8.11E+07     0.00010413    9.11E+07     2.4455E+05    
   8.12E+07     0.99737      0.00010399    8.12E+07     0.00010399    9.12E+07     2.4483E+05    
   8.13E+07     0.99736      0.00010404    8.13E+07     0.00010404    9.13E+07     2.448E+05     
   8.14E+07     0.99737      0.00010392    8.14E+07     0.00010392    9.14E+07     2.4469E+05    
   8.15E+07     0.99736      0.00010378    8.15E+07     0.00010378    9.15E+07     2.4482E+05    
   8.16E+07     0.99737      0.00010365    8.16E+07     0.00010365    9.16E+07     2.4444E+05    
   8.17E+07     0.99737      0.00010351    8.17E+07     0.00010351    9.17E+07     2.4401E+05    
   8.18E+07     0.99736      0.00010352    8.18E+07     0.00010352    9.18E+07     2.4428E+05    
   8.19E+07     0.99736      0.00010338    8.19E+07     0.00010338    9.19E+07     2.4455E+05    
   8.2E+07      0.99736      0.00010328    8.2E+07      0.00010328    9.2E+07      2.4473E+05    
   8.21E+07     0.99736      0.00010317    8.21E+07     0.00010317    9.21E+07     2.4497E+05    
   8.22E+07     0.99736      0.00010315    8.22E+07     0.00010315    9.22E+07     2.4506E+05    
   8.23E+07     0.99735      0.00010312    8.23E+07     0.00010312    9.23E+07     2.4538E+05    
   8.24E+07     0.99736      0.00010299    8.24E+07     0.00010299    9.24E+07     2.4484E+05    
   8.25E+07     0.99736      0.00010286    8.25E+07     0.00010286    9.25E+07     2.4515E+05    
   8.26E+07     0.99735      0.00010288    8.26E+07     0.00010288    9.26E+07     2.4545E+05    
   8.27E+07     0.99735      0.00010277    8.27E+07     0.00010277    9.27E+07     2.4574E+05    
   8.28E+07     0.99736      0.00010266    8.28E+07     0.00010266    9.28E+07     2.4607E+05    
   8.29E+07     0.99736      0.00010252    8.29E+07     0.00010252    9.29E+07     2.4639E+05    
   8.3E+07      0.99736      0.00010241    8.3E+07      0.00010241    9.3E+07      2.462E+05     
   8.31E+07     0.99736      0.00010227    8.31E+07     0.00010227    9.31E+07     2.4586E+05    
   8.32E+07     0.99736      0.00010213    8.32E+07     0.00010213    9.32E+07     2.4617E+05    
   8.33E+07     0.99736      0.00010206    8.33E+07     0.00010206    9.33E+07     2.4642E+05    
   8.34E+07     0.99735      0.00010207    8.34E+07     0.00010207    9.34E+07     2.4672E+05    
   8.35E+07     0.99735      0.00010195    8.35E+07     0.00010195    9.35E+07     2.4665E+05    
   8.36E+07     0.99735      0.00010184    8.36E+07     0.00010184    9.36E+07     2.4697E+05    
   8.37E+07     0.99735      0.0001019     8.37E+07     0.0001019     9.37E+07     2.468E+05     
   8.38E+07     0.99735      0.00010181    8.38E+07     0.00010181    9.38E+07     2.47E+05      
   8.39E+07     0.99735      0.00010167    8.39E+07     0.00010167    9.39E+07     2.473E+05     
   8.4E+07      0.99735      0.00010154    8.4E+07      0.00010154    9.4E+07      2.4748E+05    
   8.41E+07     0.99735      0.00010142    8.41E+07     0.00010142    9.41E+07     2.4777E+05    
   8.42E+07     0.99735      0.00010129    8.42E+07     0.00010129    9.42E+07     2.4805E+05    
   8.43E+07     0.99735      0.00010117    8.43E+07     0.00010117    9.43E+07     2.4833E+05    
   8.44E+07     0.99736      0.00010146    8.44E+07     0.00010146    9.44E+07     2.4848E+05    
   8.45E+07     0.99735      0.00010141    8.45E+07     0.00010141    9.45E+07     2.488E+05     
   8.46E+07     0.99735      0.00010139    8.46E+07     0.00010139    9.46E+07     2.4895E+05    
   8.47E+07     0.99735      0.00010126    8.47E+07     0.00010126    9.47E+07     2.4927E+05    
   8.48E+07     0.99735      0.00010115    8.48E+07     0.00010115    9.48E+07     2.496E+05     
   8.49E+07     0.99735      0.00010105    8.49E+07     0.00010105    9.49E+07     2.4917E+05    
   8.5E+07      0.99735      0.00010107    8.5E+07      0.00010107    9.5E+07      2.4948E+05    
   8.51E+07     0.99736      0.00010115    8.51E+07     0.00010115    9.51E+07     2.4934E+05    
   8.52E+07     0.99736      0.00010102    8.52E+07     0.00010102    9.52E+07     2.4964E+05    
   8.53E+07     0.99736      0.0001009     8.53E+07     0.0001009     9.53E+07     2.4996E+05    
   8.54E+07     0.99737      0.00010132    8.54E+07     0.00010132    9.54E+07     2.5021E+05    
   8.55E+07     0.99736      0.0001013     8.55E+07     0.0001013     9.55E+07     2.5032E+05    
   8.56E+07     0.99737      0.00010123    8.56E+07     0.00010123    9.56E+07     2.5056E+05    
   8.57E+07     0.99736      0.00010112    8.57E+07     0.00010112    9.57E+07     2.507E+05     
   8.58E+07     0.99736      0.00010101    8.58E+07     0.00010101    9.58E+07     2.5102E+05    
   8.59E+07     0.99736      0.00010092    8.59E+07     0.00010092    9.59E+07     2.5132E+05    
   8.6E+07      0.99736      0.00010081    8.6E+07      0.00010081    9.6E+07      2.5128E+05    
   8.61E+07     0.99736      0.00010068    8.61E+07     0.00010068    9.61E+07     2.5125E+05    
   8.62E+07     0.99736      0.00010063    8.62E+07     0.00010063    9.62E+07     2.5152E+05    
   8.63E+07     0.99736      0.00010051    8.63E+07     0.00010051    9.63E+07     2.516E+05     
   8.64E+07     0.99736      0.0001004     8.64E+07     0.0001004     9.64E+07     2.5188E+05    
   8.65E+07     0.99736      0.00010028    8.65E+07     0.00010028    9.65E+07     2.5173E+05    
   8.66E+07     0.99736      0.00010018    8.66E+07     0.00010018    9.66E+07     2.5179E+05    
   8.67E+07     0.99736      0.00010007    8.67E+07     0.00010007    9.67E+07     2.5207E+05    
   8.68E+07     0.99736      9.9968E-05    8.68E+07     9.9968E-05    9.68E+07     2.5194E+05    
   8.69E+07     0.99736      9.9839E-05    8.69E+07     9.9839E-05    9.69E+07     2.5213E+05    
   8.7E+07      0.99736      9.9728E-05    8.7E+07      9.9728E-05    9.7E+07      2.524E+05     
   8.71E+07     0.99737      9.988E-05     8.71E+07     9.988E-05     9.71E+07     2.5172E+05    
   8.72E+07     0.99737      9.9768E-05    8.72E+07     9.9768E-05    9.72E+07     2.5163E+05    
   8.73E+07     0.99738      9.9799E-05    8.73E+07     9.9799E-05    9.73E+07     2.5184E+05    
   8.74E+07     0.99738      9.9682E-05    8.74E+07     9.9682E-05    9.74E+07     2.517E+05     
   8.75E+07     0.99738      9.96E-05      8.75E+07     9.96E-05      9.75E+07     2.51E+05      
   8.76E+07     0.99737      9.9542E-05    8.76E+07     9.9542E-05    9.76E+07     2.5082E+05    
   8.77E+07     0.99737      9.944E-05     8.77E+07     9.944E-05     9.77E+07     2.5113E+05    
   8.78E+07     0.99737      9.9319E-05    8.78E+07     9.9319E-05    9.78E+07     2.4984E+05    
   8.79E+07     0.99738      9.9588E-05    8.79E+07     9.9588E-05    9.79E+07     2.5001E+05    
   8.8E+07      0.99739      9.9632E-05    8.8E+07      9.9632E-05    9.8E+07      2.5011E+05    
   8.81E+07     0.99739      9.9612E-05    8.81E+07     9.9612E-05    9.81E+07     2.5033E+05    
   8.82E+07     0.9974       9.978E-05     8.82E+07     9.978E-05     9.82E+07     2.4988E+05    
   8.83E+07     0.9974       9.9666E-05    8.83E+07     9.9666E-05    9.83E+07     2.4989E+05    
   8.84E+07     0.99739      9.9703E-05    8.84E+07     9.9703E-05    9.84E+07     2.4983E+05    
   8.85E+07     0.9974       9.9641E-05    8.85E+07     9.9641E-05    9.85E+07     2.5007E+05    
   8.86E+07     0.9974       9.9625E-05    8.86E+07     9.9625E-05    9.86E+07     2.4913E+05    
   8.87E+07     0.9974       9.9504E-05    8.87E+07     9.9504E-05    9.87E+07     2.4922E+05    
   8.88E+07     0.9974       9.938E-05     8.88E+07     9.938E-05     9.88E+07     2.4886E+05    
   8.89E+07     0.99741      9.9275E-05    8.89E+07     9.9275E-05    9.89E+07     2.4898E+05    
   8.9E+07      0.99741      9.9158E-05    8.9E+07      9.9158E-05    9.9E+07      2.4919E+05    
   8.91E+07     0.99741      9.9045E-05    8.91E+07     9.9045E-05    9.91E+07     2.4903E+05    
   8.92E+07     0.9974       9.8961E-05    8.92E+07     9.8961E-05    9.92E+07     2.4928E+05    
   8.93E+07     0.9974       9.8875E-05    8.93E+07     9.8875E-05    9.93E+07     2.4915E+05    
   8.94E+07     0.9974       9.8767E-05    8.94E+07     9.8767E-05    9.94E+07     2.4934E+05    
   8.95E+07     0.9974       9.888E-05     8.95E+07     9.888E-05     9.95E+07     2.4899E+05    
   8.96E+07     0.9974       9.8786E-05    8.96E+07     9.8786E-05    9.96E+07     2.4922E+05    
   8.97E+07     0.9974       9.8673E-05    8.97E+07     9.8673E-05    9.97E+07     2.4943E+05    
   8.98E+07     0.99741      9.8705E-05    8.98E+07     9.8705E-05    9.98E+07     2.4951E+05    
   8.99E+07     0.99741      9.8592E-05    8.99E+07     9.8592E-05    9.99E+07     2.497E+05     
   9E+07        0.99741      9.8494E-05    9E+07        9.8494E-05    1E+08        2.4991E+05    
   9.01E+07     0.99741      9.8538E-05    9.01E+07     9.8538E-05    
   9.02E+07     0.99741      9.8416E-05    9.02E+07     9.8416E-05    
   9.03E+07     0.99741      9.8293E-05    9.03E+07     9.8293E-05    
   9.04E+07     0.99741      9.8199E-05    9.04E+07     9.8199E-05    
   9.05E+07     0.99741      9.8082E-05    9.05E+07     9.8082E-05    
   9.06E+07     0.99741      9.7992E-05    9.06E+07     9.7992E-05    
   9.07E+07     0.99741      9.7871E-05    9.07E+07     9.7871E-05    
   9.08E+07     0.99741      9.777E-05     9.08E+07     9.777E-05     
   9.09E+07     0.99742      9.8069E-05    9.09E+07     9.8069E-05    
   9.1E+07      0.99742      9.7952E-05    9.1E+07      9.7952E-05    
   9.11E+07     0.99743      9.8145E-05    9.11E+07     9.8145E-05    
   9.12E+07     0.99743      9.8029E-05    9.12E+07     9.8029E-05    
   9.13E+07     0.99743      9.7982E-05    9.13E+07     9.7982E-05    
   9.14E+07     0.99744      9.7949E-05    9.14E+07     9.7949E-05    
   9.15E+07     0.99743      9.7869E-05    9.15E+07     9.7869E-05    
   9.16E+07     0.99744      9.7891E-05    9.16E+07     9.7891E-05    
   9.17E+07     0.99743      9.7923E-05    9.17E+07     9.7923E-05    
   9.18E+07     0.99743      9.7816E-05    9.18E+07     9.7816E-05    
   9.19E+07     0.99743      9.7708E-05    9.19E+07     9.7708E-05    
   9.2E+07      0.99743      9.7619E-05    9.2E+07      9.7619E-05    
   9.21E+07     0.99744      9.7517E-05    9.21E+07     9.7517E-05    
   9.22E+07     0.99744      9.7446E-05    9.22E+07     9.7446E-05    
   9.23E+07     0.99744      9.733E-05     9.23E+07     9.733E-05     
   9.24E+07     0.99743      9.7384E-05    9.24E+07     9.7384E-05    
   9.25E+07     0.99743      9.7269E-05    9.25E+07     9.7269E-05    
   9.26E+07     0.99743      9.7157E-05    9.26E+07     9.7157E-05    
   9.27E+07     0.99743      9.7046E-05    9.27E+07     9.7046E-05    
   9.28E+07     0.99743      9.6929E-05    9.28E+07     9.6929E-05    
   9.29E+07     0.99743      9.6812E-05    9.29E+07     9.6812E-05    
   9.3E+07      0.99743      9.6797E-05    9.3E+07      9.6797E-05    
   9.31E+07     0.99742      9.6812E-05    9.31E+07     9.6812E-05    
   9.32E+07     0.99742      9.6701E-05    9.32E+07     9.6701E-05    
   9.33E+07     0.99742      9.6596E-05    9.33E+07     9.6596E-05    
   9.34E+07     0.99742      9.6486E-05    9.34E+07     9.6486E-05    
   9.35E+07     0.99743      9.6448E-05    9.35E+07     9.6448E-05    
   9.36E+07     0.99743      9.6334E-05    9.36E+07     9.6334E-05    
   9.37E+07     0.99743      9.6316E-05    9.37E+07     9.6316E-05    
   9.38E+07     0.99743      9.6226E-05    9.38E+07     9.6226E-05    
   9.39E+07     0.99743      9.6116E-05    9.39E+07     9.6116E-05    
   9.4E+07      0.99743      9.603E-05     9.4E+07      9.603E-05     
   9.41E+07     0.99743      9.5922E-05    9.41E+07     9.5922E-05    
   9.42E+07     0.99743      9.5816E-05    9.42E+07     9.5816E-05    
   9.43E+07     0.99743      9.571E-05     9.43E+07     9.571E-05     
   9.44E+07     0.99743      9.5632E-05    9.44E+07     9.5632E-05    
   9.45E+07     0.99743      9.5519E-05    9.45E+07     9.5519E-05    
   9.46E+07     0.99743      9.5439E-05    9.46E+07     9.5439E-05    
   9.47E+07     0.99743      9.5326E-05    9.47E+07     9.5326E-05    
   9.48E+07     0.99743      9.5214E-05    9.48E+07     9.5214E-05    
   9.49E+07     0.99744      9.5246E-05    9.49E+07     9.5246E-05    
   9.5E+07      0.99744      9.5135E-05    9.5E+07      9.5135E-05    
   9.51E+07     0.99744      9.5112E-05    9.51E+07     9.5112E-05    
   9.52E+07     0.99744      9.5003E-05    9.52E+07     9.5003E-05    
   9.53E+07     0.99744      9.4893E-05    9.53E+07     9.4893E-05    
   9.54E+07     0.99744      9.4797E-05    9.54E+07     9.4797E-05    
   9.55E+07     0.99744      9.4723E-05    9.55E+07     9.4723E-05    
   9.56E+07     0.99744      9.4628E-05    9.56E+07     9.4628E-05    
   9.57E+07     0.99744      9.4553E-05    9.57E+07     9.4553E-05    
   9.58E+07     0.99744      9.4442E-05    9.58E+07     9.4442E-05    
   9.59E+07     0.99744      9.4333E-05    9.59E+07     9.4333E-05    
   9.6E+07      0.99743      9.4292E-05    9.6E+07      9.4292E-05    
   9.61E+07     0.99744      9.4248E-05    9.61E+07     9.4248E-05    
   9.62E+07     0.99744      9.4148E-05    9.62E+07     9.4148E-05    
   9.63E+07     0.99743      9.4084E-05    9.63E+07     9.4084E-05    
   9.64E+07     0.99744      9.3982E-05    9.64E+07     9.3982E-05    
   9.65E+07     0.99743      9.3962E-05    9.65E+07     9.3962E-05    
   9.66E+07     0.99743      9.3901E-05    9.66E+07     9.3901E-05    
   9.67E+07     0.99743      9.38E-05      9.67E+07     9.38E-05      
   9.68E+07     0.99743      9.3775E-05    9.68E+07     9.3775E-05    
   9.69E+07     0.99743      9.369E-05     9.69E+07     9.369E-05     
   9.7E+07      0.99743      9.3592E-05    9.7E+07      9.3592E-05    
   9.71E+07     0.99743      9.3672E-05    9.71E+07     9.3672E-05    
   9.72E+07     0.99742      9.3638E-05    9.72E+07     9.3638E-05    
   9.73E+07     0.99742      9.355E-05     9.73E+07     9.355E-05     
   9.74E+07     0.99742      9.3528E-05    9.74E+07     9.3528E-05    
   9.75E+07     0.99741      9.361E-05     9.75E+07     9.361E-05     
   9.76E+07     0.99742      9.3596E-05    9.76E+07     9.3596E-05    
   9.77E+07     0.99742      9.3489E-05    9.77E+07     9.3489E-05    
   9.78E+07     0.99741      9.3682E-05    9.78E+07     9.3682E-05    
   9.79E+07     0.99741      9.3603E-05    9.79E+07     9.3603E-05    
   9.8E+07      0.99742      9.3537E-05    9.8E+07      9.3537E-05    
   9.81E+07     0.99741      9.3449E-05    9.81E+07     9.3449E-05    
   9.82E+07     0.99742      9.3484E-05    9.82E+07     9.3484E-05    
   9.83E+07     0.99742      9.3436E-05    9.83E+07     9.3436E-05    
   9.84E+07     0.99742      9.3397E-05    9.84E+07     9.3397E-05    
   9.85E+07     0.99742      9.3305E-05    9.85E+07     9.3305E-05    
   9.86E+07     0.99741      9.3433E-05    9.86E+07     9.3433E-05    
   9.87E+07     0.99742      9.3369E-05    9.87E+07     9.3369E-05    
   9.88E+07     0.99742      9.339E-05     9.88E+07     9.339E-05     
   9.89E+07     0.99742      9.3319E-05    9.89E+07     9.3319E-05    
   9.9E+07      0.99742      9.3233E-05    9.9E+07      9.3233E-05    
   9.91E+07     0.99742      9.3215E-05    9.91E+07     9.3215E-05    
   9.92E+07     0.99742      9.3121E-05    9.92E+07     9.3121E-05    
   9.93E+07     0.99742      9.3097E-05    9.93E+07     9.3097E-05    
   9.94E+07     0.99742      9.3015E-05    9.94E+07     9.3015E-05    
   9.95E+07     0.99743      9.3033E-05    9.95E+07     9.3033E-05    
   9.96E+07     0.99743      9.2945E-05    9.96E+07     9.2945E-05    
   9.97E+07     0.99742      9.2857E-05    9.97E+07     9.2857E-05    
   9.98E+07     0.99743      9.2795E-05    9.98E+07     9.2795E-05    
   9.99E+07     0.99743      9.2715E-05    9.99E+07     9.2715E-05    
   1E+08        0.99743      9.263E-05     1E+08        9.263E-05     
