# This file is written with the intent of being used to plot the data with 
# Gnuplot.  It contains no information regarding how the plot should be 
# formatted.
# =========================================================================
# Research/ArnoldivsPower -f Power1-w50-78.dat -t 100000 -A -c 100 -C 900 -w 50 -b 75 -r  seed = 3048255694
# filename = Power1-w50-78.dat, run = true, power = true, Arnoldi = false, storevectors = 0, raw = false, evectors = 2, evalues = 2, residual = false, arnoldimethod = implicit, tol = 2.22045e-16, verbose = 1, seed = 0, width = 50, bins = 75, acycles = 900, incycles = 100, active = 20, inactive = 0, Iterations = 10, numValues = 2, relaxed = 0, tracks = 100000, ignore_rest = false, version = false, help = false, 

#  1            2            3             4            5             6            7             8            9            
# |-            Power values           -| |-   Power eValues SD   -| |-       FOM-Power      -| |-     Power vector     -| 
#  x-coord      y-coord      error         x-coord      y-coord       x-coord      y-coord       x-coord      y-coord       
   1E+05        0.98337      0             1E+05        0             1.01E+07     0             0.33333      0.0097137     
   2E+05        0.98807      0             2E+05        0             1.02E+07     9942.5        1            0.016806      
   3E+05        0.99008      0             3E+05        0             1.03E+07     21147         1.6667       0.023357      
   4E+05        0.98697      0             4E+05        0             1.04E+07     34220         2.3333       0.029676      
   5E+05        0.98753      0             5E+05        0             1.05E+07     50502         3            0.035983      
   6E+05        0.99288      0             6E+05        0             1.06E+07     20729         3.6667       0.042075      
   7E+05        0.99389      0             7E+05        0             1.07E+07     22754         4.3333       0.04826       
   8E+05        0.99016      0             8E+05        0             1.08E+07     27644         5            0.054752      
   9E+05        0.99529      0             9E+05        0             1.09E+07     34500         5.6667       0.060538      
   1E+06        0.99766      0             1E+06        0             1.1E+07      42137         6.3333       0.06658       
   1.1E+06      0.99282      0             1.1E+06      0             1.11E+07     45686         7            0.072489      
   1.2E+06      0.99347      0             1.2E+06      0             1.12E+07     43416         7.6667       0.078402      
   1.3E+06      0.99844      0             1.3E+06      0             1.13E+07     50312         8.3333       0.084464      
   1.4E+06      0.99575      0             1.4E+06      0             1.14E+07     54365         9            0.090008      
   1.5E+06      0.99542      0             1.5E+06      0             1.15E+07     61663         9.6667       0.095285      
   1.6E+06      0.99382      0             1.6E+06      0             1.16E+07     68907         10.333       0.10051       
   1.7E+06      0.99702      0             1.7E+06      0             1.17E+07     75846         11           0.10556       
   1.8E+06      0.9906       0             1.8E+06      0             1.18E+07     74212         11.667       0.11063       
   1.9E+06      0.99742      0             1.9E+06      0             1.19E+07     80306         12.333       0.11539       
   2E+06        0.9928       0             2E+06        0             1.2E+07      80545         13           0.12039       
   2.1E+06      0.99243      0             2.1E+06      0             1.21E+07     65086         13.667       0.12501       
   2.2E+06      0.99852      0             2.2E+06      0             1.22E+07     70263         14.333       0.12889       
   2.3E+06      0.99127      0             2.3E+06      0             1.23E+07     76162         15           0.1331        
   2.4E+06      0.99916      0             2.4E+06      0             1.24E+07     76782         15.667       0.13702       
   2.5E+06      0.99694      0             2.5E+06      0             1.25E+07     80548         16.333       0.14087       
   2.6E+06      0.99317      0             2.6E+06      0             1.26E+07     77205         17           0.14433       
   2.7E+06      0.99469      0             2.7E+06      0             1.27E+07     79548         17.667       0.14731       
   2.8E+06      0.99513      0             2.8E+06      0             1.28E+07     72180         18.333       0.15013       
   2.9E+06      0.99212      0             2.9E+06      0             1.29E+07     76656         19           0.15231       
   3E+06        0.99681      0             3E+06        0             1.3E+07      79481         19.667       0.15402       
   3.1E+06      0.99461      0             3.1E+06      0             1.31E+07     81627         20.333       0.15537       
   3.2E+06      0.99532      0             3.2E+06      0             1.32E+07     85081         21           0.15694       
   3.3E+06      0.99818      0             3.3E+06      0             1.33E+07     89002         21.667       0.15808       
   3.4E+06      0.99414      0             3.4E+06      0             1.34E+07     93761         22.333       0.15933       
   3.5E+06      0.99587      0             3.5E+06      0             1.35E+07     94694         23           0.16012       
   3.6E+06      0.9927       0             3.6E+06      0             1.36E+07     94222         23.667       0.16064       
   3.7E+06      0.99854      0             3.7E+06      0             1.37E+07     96948         24.333       0.16069       
   3.8E+06      0.99904      0             3.8E+06      0             1.38E+07     99623         25           0.16088       
   3.9E+06      1.0014       0             3.9E+06      0             1.39E+07     1.0118E+05    25.667       0.1607        
   4E+06        0.9964       0             4E+06        0             1.4E+07      95957         26.333       0.16008       
   4.1E+06      0.99513      0             4.1E+06      0             1.41E+07     92655         27           0.15986       
   4.2E+06      0.99883      0             4.2E+06      0             1.42E+07     92282         27.667       0.1588        
   4.3E+06      0.9929       0             4.3E+06      0             1.43E+07     94578         28.333       0.157         
   4.4E+06      0.99405      0             4.4E+06      0             1.44E+07     98332         29           0.15578       
   4.5E+06      1.001        0             4.5E+06      0             1.45E+07     1.0109E+05    29.667       0.15363       
   4.6E+06      0.99883      0             4.6E+06      0             1.46E+07     1.0457E+05    30.333       0.15202       
   4.7E+06      0.99518      0             4.7E+06      0             1.47E+07     1.0757E+05    31           0.14982       
   4.8E+06      1.0005       0             4.8E+06      0             1.48E+07     1.1107E+05    31.667       0.14708       
   4.9E+06      0.99516      0             4.9E+06      0             1.49E+07     1.1493E+05    32.333       0.14431       
   5E+06        0.99422      0             5E+06        0             1.5E+07      1.1886E+05    33           0.14169       
   5.1E+06      0.99892      0             5.1E+06      0             1.51E+07     1.2249E+05    33.667       0.13917       
   5.2E+06      0.997        0             5.2E+06      0             1.52E+07     1.2592E+05    34.333       0.13518       
   5.3E+06      0.9973       0             5.3E+06      0             1.53E+07     1.2994E+05    35           0.1314        
   5.4E+06      0.99214      0             5.4E+06      0             1.54E+07     1.3034E+05    35.667       0.12672       
   5.5E+06      0.99182      0             5.5E+06      0             1.55E+07     1.155E+05     36.333       0.12276       
   5.6E+06      0.99414      0             5.6E+06      0             1.56E+07     1.1629E+05    37           0.1184        
   5.7E+06      0.99472      0             5.7E+06      0             1.57E+07     1.1861E+05    37.667       0.11382       
   5.8E+06      0.99492      0             5.8E+06      0             1.58E+07     1.1888E+05    38.333       0.10831       
   5.9E+06      1.0058       0             5.9E+06      0             1.59E+07     1.2122E+05    39           0.10323       
   6E+06        0.99761      0             6E+06        0             1.6E+07      1.2407E+05    39.667       0.098021      
   6.1E+06      0.99757      0             6.1E+06      0             1.61E+07     1.1842E+05    40.333       0.092809      
   6.2E+06      0.9994       0             6.2E+06      0             1.62E+07     1.1537E+05    41           0.087254      
   6.3E+06      0.99701      0             6.3E+06      0             1.63E+07     1.1227E+05    41.667       0.082109      
   6.4E+06      0.99349      0             6.4E+06      0             1.64E+07     1.0964E+05    42.333       0.077117      
   6.5E+06      0.9997       0             6.5E+06      0             1.65E+07     1.1224E+05    43           0.070995      
   6.6E+06      0.99335      0             6.6E+06      0             1.66E+07     1.1166E+05    43.667       0.065239      
   6.7E+06      0.99451      0             6.7E+06      0             1.67E+07     1.1409E+05    44.333       0.059408      
   6.8E+06      0.99997      0             6.8E+06      0             1.68E+07     1.1624E+05    45           0.053375      
   6.9E+06      0.9959       0             6.9E+06      0             1.69E+07     1.1827E+05    45.667       0.04725       
   7E+06        1.0034       0             7E+06        0             1.7E+07      1.2051E+05    46.333       0.041268      
   7.1E+06      0.9993       0             7.1E+06      0             1.71E+07     1.152E+05     47           0.035223      
   7.2E+06      0.9931       0             7.2E+06      0             1.72E+07     1.17E+05      47.667       0.029033      
   7.3E+06      0.99777      0             7.3E+06      0             1.73E+07     1.1895E+05    48.333       0.022676      
   7.4E+06      0.99767      0             7.4E+06      0             1.74E+07     1.1754E+05    49           0.016226      
   7.5E+06      0.99508      0             7.5E+06      0             1.75E+07     1.1672E+05    49.667       0.0093743     
   7.6E+06      0.99987      0             7.6E+06      0             1.76E+07     1.1584E+05    
   7.7E+06      0.9964       0             7.7E+06      0             1.77E+07     1.1802E+05    
   7.8E+06      0.99411      0             7.8E+06      0             1.78E+07     1.2024E+05    
   7.9E+06      0.99463      0             7.9E+06      0             1.79E+07     1.178E+05     
   8E+06        1.0009       0             8E+06        0             1.8E+07      1.1997E+05    
   8.1E+06      0.99525      0             8.1E+06      0             1.81E+07     1.2038E+05    
   8.2E+06      0.99676      0             8.2E+06      0             1.82E+07     1.2191E+05    
   8.3E+06      0.99886      0             8.3E+06      0             1.83E+07     1.2371E+05    
   8.4E+06      1.0003       0             8.4E+06      0             1.84E+07     1.26E+05      
   8.5E+06      1.0003       0             8.5E+06      0             1.85E+07     1.2804E+05    
   8.6E+06      0.99893      0             8.6E+06      0             1.86E+07     1.277E+05     
   8.7E+06      1.0005       0             8.7E+06      0             1.87E+07     1.2998E+05    
   8.8E+06      1.0004       0             8.8E+06      0             1.88E+07     1.3212E+05    
   8.9E+06      0.99443      0             8.9E+06      0             1.89E+07     1.3389E+05    
   9E+06        0.99163      0             9E+06        0             1.9E+07      1.3594E+05    
   9.1E+06      0.99827      0             9.1E+06      0             1.91E+07     1.3408E+05    
   9.2E+06      0.99904      0             9.2E+06      0             1.92E+07     1.3453E+05    
   9.3E+06      1.0019       0             9.3E+06      0             1.93E+07     1.3615E+05    
   9.4E+06      0.99721      0             9.4E+06      0             1.94E+07     1.3745E+05    
   9.5E+06      1.0015       0             9.5E+06      0             1.95E+07     1.386E+05     
   9.6E+06      0.99505      0             9.6E+06      0             1.96E+07     1.4035E+05    
   9.7E+06      0.99465      0             9.7E+06      0             1.97E+07     1.3907E+05    
   9.8E+06      0.98882      0             9.8E+06      0             1.98E+07     1.3694E+05    
   9.9E+06      0.99304      0             9.9E+06      0             1.99E+07     1.3891E+05    
   1E+07        0.99304      0             1E+07        0             2E+07        1.4084E+05    
   1.01E+07     0.99516      NAN           1.01E+07     NAN           2.01E+07     1.3929E+05    
   1.02E+07     0.99725      0.0014742     1.02E+07     0.0014742     2.02E+07     1.3858E+05    
   1.03E+07     0.99751      0.0010058     1.03E+07     0.0010058     2.03E+07     1.369E+05     
   1.04E+07     0.99777      0.0007868     1.04E+07     0.0007868     2.04E+07     1.3668E+05    
   1.05E+07     0.99761      0.00064446    1.05E+07     0.00064446    2.05E+07     1.3855E+05    
   1.06E+07     0.99854      0.0010011     1.06E+07     0.0010011     2.06E+07     1.4038E+05    
   1.07E+07     0.99809      0.00095083    1.07E+07     0.00095083    2.07E+07     1.4233E+05    
   1.08E+07     0.99832      0.00085861    1.08E+07     0.00085861    2.08E+07     1.4388E+05    
   1.09E+07     0.99826      0.00076502    1.09E+07     0.00076502    2.09E+07     1.4559E+05    
   1.1E+07      0.99824      0.00068905    1.1E+07      0.00068905    2.1E+07      1.4689E+05    
   1.11E+07     0.99845      0.00065862    1.11E+07     0.00065862    2.11E+07     1.4882E+05    
   1.12E+07     0.99876      0.00067256    1.12E+07     0.00067256    2.12E+07     1.5013E+05    
   1.13E+07     0.9988       0.00062196    1.13E+07     0.00062196    2.13E+07     1.5167E+05    
   1.14E+07     0.99895      0.00059566    1.14E+07     0.00059566    2.14E+07     1.4964E+05    
   1.15E+07     0.99892      0.00055675    1.15E+07     0.00055675    2.15E+07     1.4941E+05    
   1.16E+07     0.99887      0.00052439    1.16E+07     0.00052439    2.16E+07     1.5049E+05    
   1.17E+07     0.9988       0.00049767    1.17E+07     0.00049767    2.17E+07     1.5233E+05    
   1.18E+07     0.99862      0.00050095    1.18E+07     0.00050095    2.18E+07     1.5384E+05    
   1.19E+07     0.99869      0.00047952    1.19E+07     0.00047952    2.19E+07     1.5533E+05    
   1.2E+07      0.99855      0.00047669    1.2E+07      0.00047669    2.2E+07      1.5305E+05    
   1.21E+07     0.99827      0.00052808    1.21E+07     0.00052808    2.21E+07     1.5487E+05    
   1.22E+07     0.99823      0.00050615    1.22E+07     0.00050615    2.22E+07     1.5488E+05    
   1.23E+07     0.99822      0.00048414    1.23E+07     0.00048414    2.23E+07     1.5495E+05    
   1.24E+07     0.9981       0.00048015    1.24E+07     0.00048015    2.24E+07     1.5677E+05    
   1.25E+07     0.99817      0.00046688    1.25E+07     0.00046688    2.25E+07     1.5813E+05    
   1.26E+07     0.99802      0.00047496    1.26E+07     0.00047496    2.26E+07     1.5902E+05    
   1.27E+07     0.99792      0.00046605    1.27E+07     0.00046605    2.27E+07     1.6008E+05    
   1.28E+07     0.99812      0.00048718    1.28E+07     0.00048718    2.28E+07     1.5926E+05    
   1.29E+07     0.99814      0.00047089    1.29E+07     0.00047089    2.29E+07     1.6105E+05    
   1.3E+07      0.99807      0.00046063    1.3E+07      0.00046063    2.3E+07      1.6236E+05    
   1.31E+07     0.99815      0.00045278    1.31E+07     0.00045278    2.31E+07     1.61E+05      
   1.32E+07     0.99809      0.00044174    1.32E+07     0.00044174    2.32E+07     1.6239E+05    
   1.33E+07     0.99805      0.00043024    1.33E+07     0.00043024    2.33E+07     1.6208E+05    
   1.34E+07     0.99805      0.00041759    1.34E+07     0.00041759    2.34E+07     1.6363E+05    
   1.35E+07     0.99814      0.00041397    1.35E+07     0.00041397    2.35E+07     1.6513E+05    
   1.36E+07     0.99823      0.00041345    1.36E+07     0.00041345    2.36E+07     1.6221E+05    
   1.37E+07     0.99818      0.00040604    1.37E+07     0.00040604    2.37E+07     1.6291E+05    
   1.38E+07     0.99812      0.00039907    1.38E+07     0.00039907    2.38E+07     1.6369E+05    
   1.39E+07     0.99806      0.00039455    1.39E+07     0.00039455    2.39E+07     1.6498E+05    
   1.4E+07      0.99793      0.00040367    1.4E+07      0.00040367    2.4E+07      1.6656E+05    
   1.41E+07     0.99782      0.00040927    1.41E+07     0.00040927    2.41E+07     1.6806E+05    
   1.42E+07     0.99773      0.00040863    1.42E+07     0.00040863    2.42E+07     1.6968E+05    
   1.43E+07     0.99768      0.0004022     1.43E+07     0.0004022     2.43E+07     1.7112E+05    
   1.44E+07     0.99768      0.00039306    1.44E+07     0.00039306    2.44E+07     1.7169E+05    
   1.45E+07     0.99772      0.00038611    1.45E+07     0.00038611    2.45E+07     1.732E+05     
   1.46E+07     0.99774      0.00037832    1.46E+07     0.00037832    2.46E+07     1.748E+05     
   1.47E+07     0.99777      0.00037172    1.47E+07     0.00037172    2.47E+07     1.7615E+05    
   1.48E+07     0.9978       0.00036456    1.48E+07     0.00036456    2.48E+07     1.7432E+05    
   1.49E+07     0.9978       0.00035713    1.49E+07     0.00035713    2.49E+07     1.7596E+05    
   1.5E+07      0.9978       0.00034999    1.5E+07      0.00034999    2.5E+07      1.7734E+05    
   1.51E+07     0.99778      0.0003436     1.51E+07     0.0003436     2.51E+07     1.7837E+05    
   1.52E+07     0.9978       0.00033775    1.52E+07     0.00033775    2.52E+07     1.7983E+05    
   1.53E+07     0.9978       0.00033138    1.53E+07     0.00033138    2.53E+07     1.8072E+05    
   1.54E+07     0.99775      0.00032971    1.54E+07     0.00032971    2.54E+07     1.8233E+05    
   1.55E+07     0.99788      0.0003491     1.55E+07     0.0003491     2.55E+07     1.8376E+05    
   1.56E+07     0.99793      0.00034677    1.56E+07     0.00034677    2.56E+07     1.7856E+05    
   1.57E+07     0.9979       0.00034226    1.57E+07     0.00034226    2.57E+07     1.7978E+05    
   1.58E+07     0.99784      0.00034074    1.58E+07     0.00034074    2.58E+07     1.8105E+05    
   1.59E+07     0.99788      0.00033635    1.59E+07     0.00033635    2.59E+07     1.7956E+05    
   1.6E+07      0.9979       0.00033142    1.6E+07      0.00033142    2.6E+07      1.805E+05     
   1.61E+07     0.99799      0.00033815    1.61E+07     0.00033815    2.61E+07     1.8203E+05    
   1.62E+07     0.99806      0.00034145    1.62E+07     0.00034145    2.62E+07     1.8326E+05    
   1.63E+07     0.99799      0.00034506    1.63E+07     0.00034506    2.63E+07     1.8279E+05    
   1.64E+07     0.99806      0.0003481     1.64E+07     0.0003481     2.64E+07     1.7918E+05    
   1.65E+07     0.99808      0.00034299    1.65E+07     0.00034299    2.65E+07     1.8068E+05    
   1.66E+07     0.99813      0.00034281    1.66E+07     0.00034281    2.66E+07     1.8212E+05    
   1.67E+07     0.99812      0.00033809    1.67E+07     0.00033809    2.67E+07     1.8349E+05    
   1.68E+07     0.99809      0.00033395    1.68E+07     0.00033395    2.68E+07     1.8469E+05    
   1.69E+07     0.99812      0.00033007    1.69E+07     0.00033007    2.69E+07     1.8594E+05    
   1.7E+07      0.99814      0.00032601    1.7E+07      0.00032601    2.7E+07      1.8673E+05    
   1.71E+07     0.99806      0.00033243    1.71E+07     0.00033243    2.71E+07     1.8821E+05    
   1.72E+07     0.99803      0.00032889    1.72E+07     0.00032889    2.72E+07     1.8965E+05    
   1.73E+07     0.998        0.00032522    1.73E+07     0.00032522    2.73E+07     1.8934E+05    
   1.74E+07     0.99806      0.00032621    1.74E+07     0.00032621    2.74E+07     1.8792E+05    
   1.75E+07     0.99801      0.00032637    1.75E+07     0.00032637    2.75E+07     1.8926E+05    
   1.76E+07     0.99795      0.00032666    1.76E+07     0.00032666    2.76E+07     1.905E+05     
   1.77E+07     0.99794      0.0003227     1.77E+07     0.0003227     2.77E+07     1.8796E+05    
   1.78E+07     0.99793      0.0003188     1.78E+07     0.0003188     2.78E+07     1.8844E+05    
   1.79E+07     0.99786      0.00032113    1.79E+07     0.00032113    2.79E+07     1.8943E+05    
   1.8E+07      0.99785      0.00031732    1.8E+07      0.00031732    2.8E+07      1.8984E+05    
   1.81E+07     0.99789      0.00031589    1.81E+07     0.00031589    2.81E+07     1.8625E+05    
   1.82E+07     0.99787      0.00031304    1.82E+07     0.00031304    2.82E+07     1.8374E+05    
   1.83E+07     0.99785      0.00030988    1.83E+07     0.00030988    2.83E+07     1.839E+05     
   1.84E+07     0.99785      0.00030619    1.84E+07     0.00030619    2.84E+07     1.8525E+05    
   1.85E+07     0.99783      0.0003029     1.85E+07     0.0003029     2.85E+07     1.8423E+05    
   1.86E+07     0.99788      0.00030248    1.86E+07     0.00030248    2.86E+07     1.8554E+05    
   1.87E+07     0.99788      0.00029901    1.87E+07     0.00029901    2.87E+07     1.8622E+05    
   1.88E+07     0.99789      0.00029571    1.88E+07     0.00029571    2.88E+07     1.8683E+05    
   1.89E+07     0.9979       0.00029296    1.89E+07     0.00029296    2.89E+07     1.8785E+05    
   1.9E+07      0.99792      0.00028996    1.9E+07      0.00028996    2.9E+07      1.8909E+05    
   1.91E+07     0.99797      0.0002912     1.91E+07     0.0002912     2.91E+07     1.8993E+05    
   1.92E+07     0.998        0.00028989    1.92E+07     0.00028989    2.92E+07     1.9064E+05    
   1.93E+07     0.99798      0.0002874     1.93E+07     0.0002874     2.93E+07     1.9134E+05    
   1.94E+07     0.99796      0.0002853     1.94E+07     0.0002853     2.94E+07     1.9221E+05    
   1.95E+07     0.99793      0.00028337    1.95E+07     0.00028337    2.95E+07     1.9336E+05    
   1.96E+07     0.99795      0.00028085    1.96E+07     0.00028085    2.96E+07     1.8683E+05    
   1.97E+07     0.99799      0.00028141    1.97E+07     0.00028141    2.97E+07     1.8698E+05    
   1.98E+07     0.99804      0.00028287    1.98E+07     0.00028287    2.98E+07     1.8311E+05    
   1.99E+07     0.99803      0.00028014    1.99E+07     0.00028014    2.99E+07     1.8387E+05    
   2E+07        0.99804      0.0002775     2E+07        0.0002775     3E+07        1.8459E+05    
   2.01E+07     0.99809      0.00027832    2.01E+07     0.00027832    3.01E+07     1.8155E+05    
   2.02E+07     0.99813      0.00027834    2.02E+07     0.00027834    3.02E+07     1.8257E+05    
   2.03E+07     0.99808      0.00027934    2.03E+07     0.00027934    3.03E+07     1.8352E+05    
   2.04E+07     0.99805      0.00027888    2.04E+07     0.00027888    3.04E+07     1.847E+05     
   2.05E+07     0.99805      0.00027628    2.05E+07     0.00027628    3.05E+07     1.8588E+05    
   2.06E+07     0.99804      0.0002738     2.06E+07     0.0002738     3.06E+07     1.8705E+05    
   2.07E+07     0.99804      0.00027125    2.07E+07     0.00027125    3.07E+07     1.8797E+05    
   2.08E+07     0.99803      0.00026913    2.08E+07     0.00026913    3.08E+07     1.8905E+05    
   2.09E+07     0.99804      0.00026688    2.09E+07     0.00026688    3.09E+07     1.9022E+05    
   2.1E+07      0.99802      0.00026505    2.1E+07      0.00026505    3.1E+07      1.8845E+05    
   2.11E+07     0.99802      0.00026269    2.11E+07     0.00026269    3.11E+07     1.8925E+05    
   2.12E+07     0.99801      0.00026092    2.12E+07     0.00026092    3.12E+07     1.9022E+05    
   2.13E+07     0.99799      0.00025894    2.13E+07     0.00025894    3.13E+07     1.9112E+05    
   2.14E+07     0.99795      0.00026008    2.14E+07     0.00026008    3.14E+07     1.9159E+05    
   2.15E+07     0.99798      0.00025967    2.15E+07     0.00025967    3.15E+07     1.9072E+05    
   2.16E+07     0.998        0.00025814    2.16E+07     0.00025814    3.16E+07     1.8878E+05    
   2.17E+07     0.99801      0.00025597    2.17E+07     0.00025597    3.17E+07     1.8647E+05    
   2.18E+07     0.99802      0.00025411    2.18E+07     0.00025411    3.18E+07     1.8703E+05    
   2.19E+07     0.99803      0.00025231    2.19E+07     0.00025231    3.19E+07     1.8809E+05    
   2.2E+07      0.99807      0.0002536     2.2E+07      0.0002536     3.2E+07      1.8891E+05    
   2.21E+07     0.99807      0.00025153    2.21E+07     0.00025153    3.21E+07     1.8898E+05    
   2.22E+07     0.99804      0.00025093    2.22E+07     0.00025093    3.22E+07     1.9005E+05    
   2.23E+07     0.99807      0.0002503     2.23E+07     0.0002503     3.23E+07     1.9106E+05    
   2.24E+07     0.99807      0.00024829    2.24E+07     0.00024829    3.24E+07     1.9214E+05    
   2.25E+07     0.99808      0.00024666    2.25E+07     0.00024666    3.25E+07     1.9308E+05    
   2.26E+07     0.99807      0.0002454     2.26E+07     0.0002454     3.26E+07     1.942E+05     
   2.27E+07     0.99805      0.00024405    2.27E+07     0.00024405    3.27E+07     1.9529E+05    
   2.28E+07     0.99808      0.00024413    2.28E+07     0.00024413    3.28E+07     1.9428E+05    
   2.29E+07     0.99808      0.00024224    2.29E+07     0.00024224    3.29E+07     1.9268E+05    
   2.3E+07      0.99809      0.00024071    2.3E+07      0.00024071    3.3E+07      1.9358E+05    
   2.31E+07     0.99813      0.00024119    2.31E+07     0.00024119    3.31E+07     1.939E+05     
   2.32E+07     0.99814      0.00023964    2.32E+07     0.00023964    3.32E+07     1.9442E+05    
   2.33E+07     0.99811      0.00023935    2.33E+07     0.00023935    3.33E+07     1.9492E+05    
   2.34E+07     0.9981       0.0002377     2.34E+07     0.0002377     3.34E+07     1.9422E+05    
   2.35E+07     0.99811      0.00023605    2.35E+07     0.00023605    3.35E+07     1.9524E+05    
   2.36E+07     0.99807      0.00023765    2.36E+07     0.00023765    3.36E+07     1.9445E+05    
   2.37E+07     0.99805      0.00023664    2.37E+07     0.00023664    3.37E+07     1.9453E+05    
   2.38E+07     0.99807      0.00023557    2.38E+07     0.00023557    3.38E+07     1.9559E+05    
   2.39E+07     0.99808      0.00023413    2.39E+07     0.00023413    3.39E+07     1.9663E+05    
   2.4E+07      0.99807      0.00023253    2.4E+07      0.00023253    3.4E+07      1.9731E+05    
   2.41E+07     0.99807      0.000231      2.41E+07     0.000231      3.41E+07     1.9837E+05    
   2.42E+07     0.99806      0.00022942    2.42E+07     0.00022942    3.42E+07     1.9927E+05    
   2.43E+07     0.99807      0.00022796    2.43E+07     0.00022796    3.43E+07     2.0033E+05    
   2.44E+07     0.99805      0.00022711    2.44E+07     0.00022711    3.44E+07     2.0036E+05    
   2.45E+07     0.99806      0.00022566    2.45E+07     0.00022566    3.45E+07     2.0078E+05    
   2.46E+07     0.99805      0.00022413    2.46E+07     0.00022413    3.46E+07     2.0181E+05    
   2.47E+07     0.99805      0.0002228     2.47E+07     0.0002228     3.47E+07     2.0198E+05    
   2.48E+07     0.99808      0.00022351    2.48E+07     0.00022351    3.48E+07     2.0278E+05    
   2.49E+07     0.99808      0.00022202    2.49E+07     0.00022202    3.49E+07     2.038E+05     
   2.5E+07      0.99809      0.0002207     2.5E+07      0.0002207     3.5E+07      2.0387E+05    
   2.51E+07     0.99807      0.00021961    2.51E+07     0.00021961    3.51E+07     2.0365E+05    
   2.52E+07     0.99807      0.00021827    2.52E+07     0.00021827    3.52E+07     2.0452E+05    
   2.53E+07     0.99805      0.0002173     2.53E+07     0.0002173     3.53E+07     2.0549E+05    
   2.54E+07     0.99805      0.00021591    2.54E+07     0.00021591    3.54E+07     2.0643E+05    
   2.55E+07     0.99806      0.00021465    2.55E+07     0.00021465    3.55E+07     2.0708E+05    
   2.56E+07     0.9981       0.00021731    2.56E+07     0.00021731    3.56E+07     2.0739E+05    
   2.57E+07     0.99811      0.00021614    2.57E+07     0.00021614    3.57E+07     2.0826E+05    
   2.58E+07     0.99812      0.00021496    2.58E+07     0.00021496    3.58E+07     2.093E+05     
   2.59E+07     0.99815      0.00021543    2.59E+07     0.00021543    3.59E+07     2.1033E+05    
   2.6E+07      0.99816      0.00021444    2.6E+07      0.00021444    3.6E+07      2.0965E+05    
   2.61E+07     0.99816      0.00021311    2.61E+07     0.00021311    3.61E+07     2.0957E+05    
   2.62E+07     0.99817      0.00021199    2.62E+07     0.00021199    3.62E+07     2.0724E+05    
   2.63E+07     0.99815      0.00021185    2.63E+07     0.00021185    3.63E+07     2.065E+05     
   2.64E+07     0.99811      0.00021355    2.64E+07     0.00021355    3.64E+07     2.0613E+05    
   2.65E+07     0.99811      0.00021226    2.65E+07     0.00021226    3.65E+07     2.0464E+05    
   2.66E+07     0.99812      0.00021102    2.66E+07     0.00021102    3.66E+07     2.0534E+05    
   2.67E+07     0.99812      0.00020984    2.67E+07     0.00020984    3.67E+07     2.0587E+05    
   2.68E+07     0.99811      0.00020875    2.68E+07     0.00020875    3.68E+07     2.0682E+05    
   2.69E+07     0.99812      0.00020766    2.69E+07     0.00020766    3.69E+07     2.0727E+05    
   2.7E+07      0.99811      0.00020683    2.7E+07      0.00020683    3.7E+07      2.0789E+05    
   2.71E+07     0.99811      0.00020563    2.71E+07     0.00020563    3.71E+07     2.0667E+05    
   2.72E+07     0.9981       0.00020448    2.72E+07     0.00020448    3.72E+07     2.0724E+05    
   2.73E+07     0.99812      0.00020425    2.73E+07     0.00020425    3.73E+07     2.081E+05     
   2.74E+07     0.99815      0.00020464    2.74E+07     0.00020464    3.74E+07     2.0838E+05    
   2.75E+07     0.99815      0.00020354    2.75E+07     0.00020354    3.75E+07     2.0915E+05    
   2.76E+07     0.99815      0.00020251    2.76E+07     0.00020251    3.76E+07     2.0938E+05    
   2.77E+07     0.99817      0.00020346    2.77E+07     0.00020346    3.77E+07     2.1007E+05    
   2.78E+07     0.99816      0.00020283    2.78E+07     0.00020283    3.78E+07     2.1101E+05    
   2.79E+07     0.99815      0.00020193    2.79E+07     0.00020193    3.79E+07     2.1157E+05    
   2.8E+07      0.99814      0.00020136    2.8E+07      0.00020136    3.8E+07      2.125E+05     
   2.81E+07     0.9981       0.00020291    2.81E+07     0.00020291    3.81E+07     2.119E+05     
   2.82E+07     0.99807      0.00020393    2.82E+07     0.00020393    3.82E+07     2.1073E+05    
   2.83E+07     0.99806      0.00020347    2.83E+07     0.00020347    3.83E+07     2.1163E+05    
   2.84E+07     0.99806      0.00020238    2.84E+07     0.00020238    3.84E+07     2.1247E+05    
   2.85E+07     0.99803      0.00020257    2.85E+07     0.00020257    3.85E+07     2.1304E+05    
   2.86E+07     0.99803      0.0002015     2.86E+07     0.0002015     3.86E+07     2.1361E+05    
   2.87E+07     0.99804      0.00020078    2.87E+07     0.00020078    3.87E+07     2.1366E+05    
   2.88E+07     0.99803      0.0002001     2.88E+07     0.0002001     3.88E+07     2.1039E+05    
   2.89E+07     0.99802      0.00019921    2.89E+07     0.00019921    3.89E+07     2.0859E+05    
   2.9E+07      0.99802      0.00019819    2.9E+07      0.00019819    3.9E+07      2.0846E+05    
   2.91E+07     0.99803      0.00019742    2.91E+07     0.00019742    3.91E+07     2.0927E+05    
   2.92E+07     0.99804      0.00019671    2.92E+07     0.00019671    3.92E+07     2.1015E+05    
   2.93E+07     0.99805      0.00019601    2.93E+07     0.00019601    3.93E+07     2.1099E+05    
   2.94E+07     0.99804      0.00019522    2.94E+07     0.00019522    3.94E+07     2.118E+05     
   2.95E+07     0.99805      0.00019431    2.95E+07     0.00019431    3.95E+07     2.1224E+05    
   2.96E+07     0.99801      0.00019734    2.96E+07     0.00019734    3.96E+07     2.1236E+05    
   2.97E+07     0.99799      0.00019693    2.97E+07     0.00019693    3.97E+07     2.1325E+05    
   2.98E+07     0.99796      0.00019865    2.98E+07     0.00019865    3.98E+07     2.1383E+05    
   2.99E+07     0.99797      0.0001979     2.99E+07     0.0001979     3.99E+07     2.1458E+05    
   3E+07        0.99796      0.00019719    3E+07        0.00019719    4E+07        2.1546E+05    
   3.01E+07     0.99793      0.00019851    3.01E+07     0.00019851    4.01E+07     2.1584E+05    
   3.02E+07     0.99792      0.00019757    3.02E+07     0.00019757    4.02E+07     2.1592E+05    
   3.03E+07     0.99792      0.00019673    3.03E+07     0.00019673    4.03E+07     2.1477E+05    
   3.04E+07     0.99791      0.00019578    3.04E+07     0.00019578    4.04E+07     2.1536E+05    
   3.05E+07     0.99791      0.00019484    3.05E+07     0.00019484    4.05E+07     2.1567E+05    
   3.06E+07     0.99791      0.00019391    3.06E+07     0.00019391    4.06E+07     2.1641E+05    
   3.07E+07     0.99792      0.00019311    3.07E+07     0.00019311    4.07E+07     2.1717E+05    
   3.08E+07     0.99792      0.00019224    3.08E+07     0.00019224    4.08E+07     2.1781E+05    
   3.09E+07     0.99791      0.00019134    3.09E+07     0.00019134    4.09E+07     2.1863E+05    
   3.1E+07      0.99794      0.00019192    3.1E+07      0.00019192    4.1E+07      2.1866E+05    
   3.11E+07     0.99793      0.00019119    3.11E+07     0.00019119    4.11E+07     2.1954E+05    
   3.12E+07     0.99792      0.0001904     3.12E+07     0.0001904     4.12E+07     2.2036E+05    
   3.13E+07     0.99792      0.00018964    3.13E+07     0.00018964    4.13E+07     2.1953E+05    
   3.14E+07     0.9979       0.00018911    3.14E+07     0.00018911    4.14E+07     2.2022E+05    
   3.15E+07     0.99792      0.00018922    3.15E+07     0.00018922    4.15E+07     2.2098E+05    
   3.16E+07     0.99795      0.00018989    3.16E+07     0.00018989    4.16E+07     2.2167E+05    
   3.17E+07     0.99792      0.00019076    3.17E+07     0.00019076    4.17E+07     2.1723E+05    
   3.18E+07     0.99791      0.00019017    3.18E+07     0.00019017    4.18E+07     2.1769E+05    
   3.19E+07     0.99791      0.00018931    3.19E+07     0.00018931    4.19E+07     2.1785E+05    
   3.2E+07      0.99792      0.00018861    3.2E+07      0.00018861    4.2E+07      2.1868E+05    
   3.21E+07     0.99793      0.00018827    3.21E+07     0.00018827    4.21E+07     2.195E+05     
   3.22E+07     0.99793      0.00018745    3.22E+07     0.00018745    4.22E+07     2.2034E+05    
   3.23E+07     0.99793      0.00018663    3.23E+07     0.00018663    4.23E+07     2.1947E+05    
   3.24E+07     0.99793      0.00018582    3.24E+07     0.00018582    4.24E+07     2.203E+05     
   3.25E+07     0.99793      0.00018508    3.25E+07     0.00018508    4.25E+07     2.2024E+05    
   3.26E+07     0.99793      0.00018426    3.26E+07     0.00018426    4.26E+07     2.2108E+05    
   3.27E+07     0.99793      0.00018347    3.27E+07     0.00018347    4.27E+07     2.2106E+05    
   3.28E+07     0.99795      0.00018365    3.28E+07     0.00018365    4.28E+07     2.1971E+05    
   3.29E+07     0.99793      0.00018413    3.29E+07     0.00018413    4.29E+07     2.2054E+05    
   3.3E+07      0.99793      0.00018342    3.3E+07      0.00018342    4.3E+07      2.2133E+05    
   3.31E+07     0.99794      0.00018299    3.31E+07     0.00018299    4.31E+07     2.2127E+05    
   3.32E+07     0.99795      0.00018246    3.32E+07     0.00018246    4.32E+07     2.2203E+05    
   3.33E+07     0.99794      0.00018195    3.33E+07     0.00018195    4.33E+07     2.2247E+05    
   3.34E+07     0.99796      0.00018201    3.34E+07     0.00018201    4.34E+07     2.2227E+05    
   3.35E+07     0.99796      0.00018125    3.35E+07     0.00018125    4.35E+07     2.2256E+05    
   3.36E+07     0.99794      0.00018134    3.36E+07     0.00018134    4.36E+07     2.2297E+05    
   3.37E+07     0.99795      0.00018103    3.37E+07     0.00018103    4.37E+07     2.2324E+05    
   3.38E+07     0.99796      0.00018027    3.38E+07     0.00018027    4.38E+07     2.1852E+05    
   3.39E+07     0.99795      0.00017953    3.39E+07     0.00017953    4.39E+07     2.1752E+05    
   3.4E+07      0.99795      0.00017894    3.4E+07      0.00017894    4.4E+07      2.1814E+05    
   3.41E+07     0.99795      0.0001782     3.41E+07     0.0001782     4.41E+07     2.1763E+05    
   3.42E+07     0.99795      0.00017754    3.42E+07     0.00017754    4.42E+07     2.161E+05     
   3.43E+07     0.99795      0.00017682    3.43E+07     0.00017682    4.43E+07     2.1684E+05    
   3.44E+07     0.99794      0.00017654    3.44E+07     0.00017654    4.44E+07     2.1693E+05    
   3.45E+07     0.99795      0.0001761     3.45E+07     0.0001761     4.45E+07     2.1582E+05    
   3.46E+07     0.99795      0.00017539    3.46E+07     0.00017539    4.46E+07     2.1653E+05    
   3.47E+07     0.99794      0.00017506    3.47E+07     0.00017506    4.47E+07     2.1571E+05    
   3.48E+07     0.99793      0.00017447    3.48E+07     0.00017447    4.48E+07     2.1638E+05    
   3.49E+07     0.99793      0.00017377    3.49E+07     0.00017377    4.49E+07     2.1715E+05    
   3.5E+07      0.99792      0.0001735     3.5E+07      0.0001735     4.5E+07      2.179E+05     
   3.51E+07     0.9979       0.00017334    3.51E+07     0.00017334    4.51E+07     2.1809E+05    
   3.52E+07     0.99791      0.00017273    3.52E+07     0.00017273    4.52E+07     2.1522E+05    
   3.53E+07     0.99791      0.00017207    3.53E+07     0.00017207    4.53E+07     2.1523E+05    
   3.54E+07     0.99791      0.00017143    3.54E+07     0.00017143    4.54E+07     2.157E+05     
   3.55E+07     0.9979       0.00017092    3.55E+07     0.00017092    4.55E+07     2.1603E+05    
   3.56E+07     0.99789      0.00017055    3.56E+07     0.00017055    4.56E+07     2.1674E+05    
   3.57E+07     0.99789      0.00016995    3.57E+07     0.00016995    4.57E+07     2.1712E+05    
   3.58E+07     0.99789      0.0001693     3.58E+07     0.0001693     4.58E+07     2.1785E+05    
   3.59E+07     0.99789      0.00016864    3.59E+07     0.00016864    4.59E+07     2.1854E+05    
   3.6E+07      0.99788      0.00016869    3.6E+07      0.00016869    4.6E+07      2.169E+05     
   3.61E+07     0.99789      0.00016848    3.61E+07     0.00016848    4.61E+07     2.1764E+05    
   3.62E+07     0.99787      0.00016918    3.62E+07     0.00016918    4.62E+07     2.1809E+05    
   3.63E+07     0.99788      0.00016925    3.63E+07     0.00016925    4.63E+07     2.1868E+05    
   3.64E+07     0.9979       0.00016917    3.64E+07     0.00016917    4.64E+07     2.1926E+05    
   3.65E+07     0.99788      0.00016955    3.65E+07     0.00016955    4.65E+07     2.1954E+05    
   3.66E+07     0.99788      0.00016901    3.66E+07     0.00016901    4.66E+07     2.1972E+05    
   3.67E+07     0.99788      0.00016856    3.67E+07     0.00016856    4.67E+07     2.1994E+05    
   3.68E+07     0.99787      0.00016795    3.68E+07     0.00016795    4.68E+07     2.202E+05     
   3.69E+07     0.99788      0.00016753    3.69E+07     0.00016753    4.69E+07     2.2089E+05    
   3.7E+07      0.99788      0.00016705    3.7E+07      0.00016705    4.7E+07      2.2162E+05    
   3.71E+07     0.99786      0.00016731    3.71E+07     0.00016731    4.71E+07     2.2142E+05    
   3.72E+07     0.99785      0.00016686    3.72E+07     0.00016686    4.72E+07     2.217E+05     
   3.73E+07     0.99786      0.00016629    3.73E+07     0.00016629    4.73E+07     2.2226E+05    
   3.74E+07     0.99786      0.00016595    3.74E+07     0.00016595    4.74E+07     2.2298E+05    
   3.75E+07     0.99786      0.00016542    3.75E+07     0.00016542    4.75E+07     2.2326E+05    
   3.76E+07     0.99785      0.00016511    3.76E+07     0.00016511    4.76E+07     2.2392E+05    
   3.77E+07     0.99784      0.00016462    3.77E+07     0.00016462    4.77E+07     2.2453E+05    
   3.78E+07     0.99785      0.00016404    3.78E+07     0.00016404    4.78E+07     2.2511E+05    
   3.79E+07     0.99784      0.0001636     3.79E+07     0.0001636     4.79E+07     2.2562E+05    
   3.8E+07      0.99784      0.00016302    3.8E+07      0.00016302    4.8E+07      2.2622E+05    
   3.81E+07     0.99783      0.00016303    3.81E+07     0.00016303    4.81E+07     2.2666E+05    
   3.82E+07     0.99781      0.00016327    3.82E+07     0.00016327    4.82E+07     2.2736E+05    
   3.83E+07     0.99781      0.00016271    3.83E+07     0.00016271    4.83E+07     2.2801E+05    
   3.84E+07     0.9978       0.00016217    3.84E+07     0.00016217    4.84E+07     2.2765E+05    
   3.85E+07     0.99781      0.00016174    3.85E+07     0.00016174    4.85E+07     2.2832E+05    
   3.86E+07     0.9978       0.00016132    3.86E+07     0.00016132    4.86E+07     2.2836E+05    
   3.87E+07     0.99782      0.00016108    3.87E+07     0.00016108    4.87E+07     2.2828E+05    
   3.88E+07     0.99779      0.00016212    3.88E+07     0.00016212    4.88E+07     2.2888E+05    
   3.89E+07     0.99777      0.00016261    3.89E+07     0.00016261    4.89E+07     2.2769E+05    
   3.9E+07      0.99779      0.00016245    3.9E+07      0.00016245    4.9E+07      2.282E+05     
   3.91E+07     0.99778      0.00016192    3.91E+07     0.00016192    4.91E+07     2.2824E+05    
   3.92E+07     0.99778      0.00016138    3.92E+07     0.00016138    4.92E+07     2.2857E+05    
   3.93E+07     0.99778      0.00016085    3.93E+07     0.00016085    4.93E+07     2.2613E+05    
   3.94E+07     0.99778      0.00016034    3.94E+07     0.00016034    4.94E+07     2.268E+05     
   3.95E+07     0.99779      0.00015997    3.95E+07     0.00015997    4.95E+07     2.2743E+05    
   3.96E+07     0.99778      0.00015972    3.96E+07     0.00015972    4.96E+07     2.2669E+05    
   3.97E+07     0.99778      0.00015918    3.97E+07     0.00015918    4.97E+07     2.2722E+05    
   3.98E+07     0.99777      0.00015877    3.98E+07     0.00015877    4.98E+07     2.2767E+05    
   3.99E+07     0.99777      0.00015829    3.99E+07     0.00015829    4.99E+07     2.2788E+05    
   4E+07        0.99777      0.00015777    4E+07        0.00015777    5E+07        2.2855E+05    
   4.01E+07     0.99777      0.00015743    4.01E+07     0.00015743    5.01E+07     2.2899E+05    
   4.02E+07     0.99778      0.00015721    4.02E+07     0.00015721    5.02E+07     2.2867E+05    
   4.03E+07     0.99779      0.00015743    4.03E+07     0.00015743    5.03E+07     2.2924E+05    
   4.04E+07     0.99779      0.00015701    4.04E+07     0.00015701    5.04E+07     2.2786E+05    
   4.05E+07     0.99779      0.00015671    4.05E+07     0.00015671    5.05E+07     2.2818E+05    
   4.06E+07     0.9978       0.00015625    4.06E+07     0.00015625    5.06E+07     2.2876E+05    
   4.07E+07     0.99779      0.00015578    4.07E+07     0.00015578    5.07E+07     2.2789E+05    
   4.08E+07     0.99779      0.00015536    4.08E+07     0.00015536    5.08E+07     2.267E+05     
   4.09E+07     0.99779      0.00015488    4.09E+07     0.00015488    5.09E+07     2.2724E+05    
   4.1E+07      0.99778      0.00015468    4.1E+07      0.00015468    5.1E+07      2.274E+05     
   4.11E+07     0.99778      0.00015418    4.11E+07     0.00015418    5.11E+07     2.2807E+05    
   4.12E+07     0.99778      0.0001537     4.12E+07     0.0001537     5.12E+07     2.2836E+05    
   4.13E+07     0.99777      0.00015379    4.13E+07     0.00015379    5.13E+07     2.2445E+05    
   4.14E+07     0.99777      0.00015336    4.14E+07     0.00015336    5.14E+07     2.25E+05      
   4.15E+07     0.99777      0.0001529     4.15E+07     0.0001529     5.15E+07     2.253E+05     
   4.16E+07     0.99776      0.00015247    4.16E+07     0.00015247    5.16E+07     2.2441E+05    
   4.17E+07     0.99774      0.00015382    4.17E+07     0.00015382    5.17E+07     2.25E+05      
   4.18E+07     0.99775      0.00015348    4.18E+07     0.00015348    5.18E+07     2.2517E+05    
   4.19E+07     0.99776      0.00015324    4.19E+07     0.00015324    5.19E+07     2.258E+05     
   4.2E+07      0.99776      0.00015277    4.2E+07      0.00015277    5.2E+07      2.2643E+05    
   4.21E+07     0.99776      0.00015229    4.21E+07     0.00015229    5.21E+07     2.2704E+05    
   4.22E+07     0.99776      0.00015182    4.22E+07     0.00015182    5.22E+07     2.2758E+05    
   4.23E+07     0.99777      0.00015194    4.23E+07     0.00015194    5.23E+07     2.2797E+05    
   4.24E+07     0.99777      0.00015148    4.24E+07     0.00015148    5.24E+07     2.2718E+05    
   4.25E+07     0.99776      0.00015131    4.25E+07     0.00015131    5.25E+07     2.2477E+05    
   4.26E+07     0.99776      0.00015085    4.26E+07     0.00015085    5.26E+07     2.2515E+05    
   4.27E+07     0.99775      0.00015068    4.27E+07     0.00015068    5.27E+07     2.2533E+05    
   4.28E+07     0.99776      0.00015096    4.28E+07     0.00015096    5.28E+07     2.2445E+05    
   4.29E+07     0.99776      0.00015051    4.29E+07     0.00015051    5.29E+07     2.2445E+05    
   4.3E+07      0.99776      0.00015006    4.3E+07      0.00015006    5.3E+07      2.2472E+05    
   4.31E+07     0.99775      0.0001499     4.31E+07     0.0001499     5.31E+07     2.2486E+05    
   4.32E+07     0.99775      0.00014947    4.32E+07     0.00014947    5.32E+07     2.2548E+05    
   4.33E+07     0.99775      0.00014915    4.33E+07     0.00014915    5.33E+07     2.2203E+05    
   4.34E+07     0.99774      0.00014904    4.34E+07     0.00014904    5.34E+07     2.2152E+05    
   4.35E+07     0.99773      0.00014877    4.35E+07     0.00014877    5.35E+07     2.2193E+05    
   4.36E+07     0.99772      0.00014846    4.36E+07     0.00014846    5.36E+07     2.2251E+05    
   4.37E+07     0.99773      0.0001482     4.37E+07     0.0001482     5.37E+07     2.2299E+05    
   4.38E+07     0.99771      0.00014962    4.38E+07     0.00014962    5.38E+07     2.2321E+05    
   4.39E+07     0.99772      0.00014979    4.39E+07     0.00014979    5.39E+07     2.2369E+05    
   4.4E+07      0.99772      0.00014941    4.4E+07      0.00014941    5.4E+07      2.2391E+05    
   4.41E+07     0.9977       0.00014941    4.41E+07     0.00014941    5.41E+07     2.2445E+05    
   4.42E+07     0.99769      0.00014976    4.42E+07     0.00014976    5.42E+07     2.2402E+05    
   4.43E+07     0.99769      0.00014933    4.43E+07     0.00014933    5.43E+07     2.2427E+05    
   4.44E+07     0.99768      0.00014913    4.44E+07     0.00014913    5.44E+07     2.2146E+05    
   4.45E+07     0.99767      0.00014935    4.45E+07     0.00014935    5.45E+07     2.2005E+05    
   4.46E+07     0.99767      0.00014893    4.46E+07     0.00014893    5.46E+07     2.1904E+05    
   4.47E+07     0.99766      0.00014905    4.47E+07     0.00014905    5.47E+07     2.1943E+05    
   4.48E+07     0.99766      0.00014865    4.48E+07     0.00014865    5.48E+07     2.1974E+05    
   4.49E+07     0.99766      0.00014822    4.49E+07     0.00014822    5.49E+07     2.1964E+05    
   4.5E+07      0.99766      0.0001478     4.5E+07      0.0001478     5.5E+07      2.1958E+05    
   4.51E+07     0.99765      0.00014757    4.51E+07     0.00014757    5.51E+07     2.2007E+05    
   4.52E+07     0.99763      0.00014839    4.52E+07     0.00014839    5.52E+07     2.2063E+05    
   4.53E+07     0.99762      0.00014822    4.53E+07     0.00014822    5.53E+07     2.212E+05     
   4.54E+07     0.99762      0.00014789    4.54E+07     0.00014789    5.54E+07     2.2107E+05    
   4.55E+07     0.99761      0.0001476     4.55E+07     0.0001476     5.55E+07     2.1617E+05    
   4.56E+07     0.99761      0.0001472     4.56E+07     0.0001472     5.56E+07     2.1668E+05    
   4.57E+07     0.99761      0.00014691    4.57E+07     0.00014691    5.57E+07     2.1717E+05    
   4.58E+07     0.99761      0.0001465     4.58E+07     0.0001465     5.58E+07     2.1761E+05    
   4.59E+07     0.99761      0.0001461     4.59E+07     0.0001461     5.59E+07     2.1781E+05    
   4.6E+07      0.99762      0.0001465     4.6E+07      0.0001465     5.6E+07      2.1837E+05    
   4.61E+07     0.99762      0.00014609    4.61E+07     0.00014609    5.61E+07     2.1848E+05    
   4.62E+07     0.99763      0.00014578    4.62E+07     0.00014578    5.62E+07     2.1789E+05    
   4.63E+07     0.99762      0.00014541    4.63E+07     0.00014541    5.63E+07     2.1804E+05    
   4.64E+07     0.99763      0.00014506    4.64E+07     0.00014506    5.64E+07     2.1743E+05    
   4.65E+07     0.99763      0.00014482    4.65E+07     0.00014482    5.65E+07     2.1765E+05    
   4.66E+07     0.99764      0.0001446     4.66E+07     0.0001446     5.66E+07     2.1811E+05    
   4.67E+07     0.99765      0.00014438    4.67E+07     0.00014438    5.67E+07     2.1751E+05    
   4.68E+07     0.99764      0.00014413    4.68E+07     0.00014413    5.68E+07     2.1804E+05    
   4.69E+07     0.99764      0.00014375    4.69E+07     0.00014375    5.69E+07     2.1856E+05    
   4.7E+07      0.99764      0.00014337    4.7E+07      0.00014337    5.7E+07      2.1911E+05    
   4.71E+07     0.99765      0.00014328    4.71E+07     0.00014328    5.71E+07     2.1847E+05    
   4.72E+07     0.99765      0.00014303    4.72E+07     0.00014303    5.72E+07     2.1871E+05    
   4.73E+07     0.99764      0.0001427     4.73E+07     0.0001427     5.73E+07     2.1832E+05    
   4.74E+07     0.99764      0.00014232    4.74E+07     0.00014232    5.74E+07     2.1876E+05    
   4.75E+07     0.99765      0.00014208    4.75E+07     0.00014208    5.75E+07     2.1823E+05    
   4.76E+07     0.99765      0.00014172    4.76E+07     0.00014172    5.76E+07     2.1872E+05    
   4.77E+07     0.99765      0.00014138    4.77E+07     0.00014138    5.77E+07     2.1918E+05    
   4.78E+07     0.99765      0.00014105    4.78E+07     0.00014105    5.78E+07     2.1904E+05    
   4.79E+07     0.99766      0.00014074    4.79E+07     0.00014074    5.79E+07     2.1958E+05    
   4.8E+07      0.99765      0.00014041    4.8E+07      0.00014041    5.8E+07      2.1997E+05    
   4.81E+07     0.99766      0.00014013    4.81E+07     0.00014013    5.81E+07     2.1977E+05    
   4.82E+07     0.99766      0.00013976    4.82E+07     0.00013976    5.82E+07     2.2E+05       
   4.83E+07     0.99766      0.00013942    4.83E+07     0.00013942    5.83E+07     2.2014E+05    
   4.84E+07     0.99766      0.00013938    4.84E+07     0.00013938    5.84E+07     2.2048E+05    
   4.85E+07     0.99766      0.00013903    4.85E+07     0.00013903    5.85E+07     2.2025E+05    
   4.86E+07     0.99766      0.00013888    4.86E+07     0.00013888    5.86E+07     2.2032E+05    
   4.87E+07     0.99766      0.00013876    4.87E+07     0.00013876    5.87E+07     2.2082E+05    
   4.88E+07     0.99767      0.00013844    4.88E+07     0.00013844    5.88E+07     2.1974E+05    
   4.89E+07     0.99765      0.00013865    4.89E+07     0.00013865    5.89E+07     2.1995E+05    
   4.9E+07      0.99766      0.00013836    4.9E+07      0.00013836    5.9E+07      2.1795E+05    
   4.91E+07     0.99765      0.0001382     4.91E+07     0.0001382     5.91E+07     2.1816E+05    
   4.92E+07     0.99766      0.00013796    4.92E+07     0.00013796    5.92E+07     2.1861E+05    
   4.93E+07     0.99764      0.00013856    4.93E+07     0.00013856    5.93E+07     2.1835E+05    
   4.94E+07     0.99764      0.00013821    4.94E+07     0.00013821    5.94E+07     2.1809E+05    
   4.95E+07     0.99764      0.00013788    4.95E+07     0.00013788    5.95E+07     2.18E+05      
   4.96E+07     0.99765      0.00013797    4.96E+07     0.00013797    5.96E+07     2.1851E+05    
   4.97E+07     0.99766      0.00013765    4.97E+07     0.00013765    5.97E+07     2.1896E+05    
   4.98E+07     0.99765      0.00013738    4.98E+07     0.00013738    5.98E+07     2.1926E+05    
   4.99E+07     0.99766      0.00013718    4.99E+07     0.00013718    5.99E+07     2.1977E+05    
   5E+07        0.99766      0.00013684    5E+07        0.00013684    6E+07        2.2028E+05    
   5.01E+07     0.99767      0.00013657    5.01E+07     0.00013657    6.01E+07     2.206E+05     
   5.02E+07     0.99766      0.00013652    5.02E+07     0.00013652    6.02E+07     2.2076E+05    
   5.03E+07     0.99766      0.00013622    5.03E+07     0.00013622    6.03E+07     2.2111E+05    
   5.04E+07     0.99765      0.00013649    5.04E+07     0.00013649    6.04E+07     2.2089E+05    
   5.05E+07     0.99765      0.00013626    5.05E+07     0.00013626    6.05E+07     2.2091E+05    
   5.06E+07     0.99765      0.00013595    5.06E+07     0.00013595    6.06E+07     2.2141E+05    
   5.07E+07     0.99764      0.00013608    5.07E+07     0.00013608    6.07E+07     2.1833E+05    
   5.08E+07     0.99766      0.0001363     5.08E+07     0.0001363     6.08E+07     2.1869E+05    
   5.09E+07     0.99765      0.000136      5.09E+07     0.000136      6.09E+07     2.1918E+05    
   5.1E+07      0.99765      0.00013582    5.1E+07      0.00013582    6.1E+07      2.1932E+05    
   5.11E+07     0.99765      0.00013549    5.11E+07     0.00013549    6.11E+07     2.1955E+05    
   5.12E+07     0.99764      0.00013527    5.12E+07     0.00013527    6.12E+07     2.1998E+05    
   5.13E+07     0.99766      0.00013631    5.13E+07     0.00013631    6.13E+07     2.2043E+05    
   5.14E+07     0.99766      0.00013601    5.14E+07     0.00013601    6.14E+07     2.2023E+05    
   5.15E+07     0.99767      0.00013579    5.15E+07     0.00013579    6.15E+07     2.2021E+05    
   5.16E+07     0.99768      0.00013592    5.16E+07     0.00013592    6.16E+07     2.2045E+05    
   5.17E+07     0.99768      0.0001356     5.17E+07     0.0001356     6.17E+07     2.2054E+05    
   5.18E+07     0.99767      0.00013543    5.18E+07     0.00013543    6.18E+07     2.2092E+05    
   5.19E+07     0.99767      0.0001351     5.19E+07     0.0001351     6.19E+07     2.2075E+05    
   5.2E+07      0.99767      0.00013479    5.2E+07      0.00013479    6.2E+07      2.2063E+05    
   5.21E+07     0.99767      0.00013448    5.21E+07     0.00013448    6.21E+07     2.2089E+05    
   5.22E+07     0.99767      0.00013419    5.22E+07     0.00013419    6.22E+07     2.2137E+05    
   5.23E+07     0.99767      0.00013394    5.23E+07     0.00013394    6.23E+07     2.2106E+05    
   5.24E+07     0.99766      0.00013405    5.24E+07     0.00013405    6.24E+07     2.2147E+05    
   5.25E+07     0.99768      0.00013464    5.25E+07     0.00013464    6.25E+07     2.2076E+05    
   5.26E+07     0.99768      0.00013439    5.26E+07     0.00013439    6.26E+07     2.2125E+05    
   5.27E+07     0.99769      0.00013421    5.27E+07     0.00013421    6.27E+07     2.2174E+05    
   5.28E+07     0.99767      0.00013434    5.28E+07     0.00013434    6.28E+07     2.2212E+05    
   5.29E+07     0.99768      0.00013422    5.29E+07     0.00013422    6.29E+07     2.2245E+05    
   5.3E+07      0.99768      0.00013401    5.3E+07      0.00013401    6.3E+07      2.2293E+05    
   5.31E+07     0.99767      0.00013384    5.31E+07     0.00013384    6.31E+07     2.2282E+05    
   5.32E+07     0.99767      0.00013353    5.32E+07     0.00013353    6.32E+07     2.2327E+05    
   5.33E+07     0.99765      0.00013443    5.33E+07     0.00013443    6.33E+07     2.234E+05     
   5.34E+07     0.99764      0.00013446    5.34E+07     0.00013446    6.34E+07     2.2385E+05    
   5.35E+07     0.99765      0.00013421    5.35E+07     0.00013421    6.35E+07     2.2407E+05    
   5.36E+07     0.99764      0.00013391    5.36E+07     0.00013391    6.36E+07     2.2242E+05    
   5.37E+07     0.99764      0.00013364    5.37E+07     0.00013364    6.37E+07     2.2282E+05    
   5.38E+07     0.99764      0.00013345    5.38E+07     0.00013345    6.38E+07     2.2146E+05    
   5.39E+07     0.99763      0.00013318    5.39E+07     0.00013318    6.39E+07     2.2178E+05    
   5.4E+07      0.99763      0.00013299    5.4E+07      0.00013299    6.4E+07      2.2195E+05    
   5.41E+07     0.99763      0.00013271    5.41E+07     0.00013271    6.41E+07     2.2234E+05    
   5.42E+07     0.99762      0.00013272    5.42E+07     0.00013272    6.42E+07     2.2271E+05    
   5.43E+07     0.99762      0.00013252    5.43E+07     0.00013252    6.43E+07     2.2311E+05    
   5.44E+07     0.99764      0.00013322    5.44E+07     0.00013322    6.44E+07     2.2352E+05    
   5.45E+07     0.99763      0.00013352    5.45E+07     0.00013352    6.45E+07     2.24E+05      
   5.46E+07     0.99764      0.00013371    5.46E+07     0.00013371    6.46E+07     2.2408E+05    
   5.47E+07     0.99764      0.00013347    5.47E+07     0.00013347    6.47E+07     2.2455E+05    
   5.48E+07     0.99764      0.00013323    5.48E+07     0.00013323    6.48E+07     2.2432E+05    
   5.49E+07     0.99763      0.00013314    5.49E+07     0.00013314    6.49E+07     2.2426E+05    
   5.5E+07      0.99762      0.00013304    5.5E+07      0.00013304    6.5E+07      2.2471E+05    
   5.51E+07     0.99762      0.00013277    5.51E+07     0.00013277    6.51E+07     2.2518E+05    
   5.52E+07     0.99762      0.00013248    5.52E+07     0.00013248    6.52E+07     2.2547E+05    
   5.53E+07     0.99762      0.00013219    5.53E+07     0.00013219    6.53E+07     2.2552E+05    
   5.54E+07     0.99761      0.00013211    5.54E+07     0.00013211    6.54E+07     2.2562E+05    
   5.55E+07     0.99759      0.00013348    5.55E+07     0.00013348    6.55E+07     2.257E+05     
   5.56E+07     0.99759      0.0001332     5.56E+07     0.0001332     6.56E+07     2.2588E+05    
   5.57E+07     0.99759      0.00013293    5.57E+07     0.00013293    6.57E+07     2.2629E+05    
   5.58E+07     0.9976       0.00013267    5.58E+07     0.00013267    6.58E+07     2.2672E+05    
   5.59E+07     0.99759      0.0001325     5.59E+07     0.0001325     6.59E+07     2.267E+05     
   5.6E+07      0.99759      0.00013221    5.6E+07      0.00013221    6.6E+07      2.2679E+05    
   5.61E+07     0.9976       0.00013205    5.61E+07     0.00013205    6.61E+07     2.2428E+05    
   5.62E+07     0.99759      0.00013211    5.62E+07     0.00013211    6.62E+07     2.2465E+05    
   5.63E+07     0.99759      0.00013195    5.63E+07     0.00013195    6.63E+07     2.2496E+05    
   5.64E+07     0.9976       0.00013202    5.64E+07     0.00013202    6.64E+07     2.2542E+05    
   5.65E+07     0.99761      0.00013183    5.65E+07     0.00013183    6.65E+07     2.2497E+05    
   5.66E+07     0.99761      0.00013158    5.66E+07     0.00013158    6.66E+07     2.2356E+05    
   5.67E+07     0.99762      0.00013165    5.67E+07     0.00013165    6.67E+07     2.24E+05      
   5.68E+07     0.99762      0.00013137    5.68E+07     0.00013137    6.68E+07     2.2442E+05    
   5.69E+07     0.99762      0.00013109    5.69E+07     0.00013109    6.69E+07     2.2427E+05    
   5.7E+07      0.99762      0.00013081    5.7E+07      0.00013081    6.7E+07      2.2471E+05    
   5.71E+07     0.99763      0.00013089    5.71E+07     0.00013089    6.71E+07     2.2501E+05    
   5.72E+07     0.99763      0.0001307     5.72E+07     0.0001307     6.72E+07     2.2544E+05    
   5.73E+07     0.99764      0.0001307     5.73E+07     0.0001307     6.73E+07     2.259E+05     
   5.74E+07     0.99764      0.00013045    5.74E+07     0.00013045    6.74E+07     2.2632E+05    
   5.75E+07     0.99763      0.00013049    5.75E+07     0.00013049    6.75E+07     2.2658E+05    
   5.76E+07     0.99763      0.00013024    5.76E+07     0.00013024    6.76E+07     2.2616E+05    
   5.77E+07     0.99763      0.00012999    5.77E+07     0.00012999    6.77E+07     2.2641E+05    
   5.78E+07     0.99762      0.00012991    5.78E+07     0.00012991    6.78E+07     2.2655E+05    
   5.79E+07     0.99762      0.00012964    5.79E+07     0.00012964    6.79E+07     2.2638E+05    
   5.8E+07      0.99763      0.00012942    5.8E+07      0.00012942    6.8E+07      2.2657E+05    
   5.81E+07     0.99764      0.00012936    5.81E+07     0.00012936    6.81E+07     2.2673E+05    
   5.82E+07     0.99763      0.00012918    5.82E+07     0.00012918    6.82E+07     2.2683E+05    
   5.83E+07     0.99764      0.00012903    5.83E+07     0.00012903    6.83E+07     2.2727E+05    
   5.84E+07     0.99764      0.00012882    5.84E+07     0.00012882    6.84E+07     2.277E+05     
   5.85E+07     0.99763      0.00012878    5.85E+07     0.00012878    6.85E+07     2.2807E+05    
   5.86E+07     0.99763      0.00012864    5.86E+07     0.00012864    6.86E+07     2.2845E+05    
   5.87E+07     0.99762      0.00012838    5.87E+07     0.00012838    6.87E+07     2.2889E+05    
   5.88E+07     0.99764      0.00012859    5.88E+07     0.00012859    6.88E+07     2.2898E+05    
   5.89E+07     0.99763      0.00012842    5.89E+07     0.00012842    6.89E+07     2.2928E+05    
   5.9E+07      0.99764      0.0001289     5.9E+07      0.0001289     6.9E+07      2.2959E+05    
   5.91E+07     0.99764      0.00012872    5.91E+07     0.00012872    6.91E+07     2.2997E+05    
   5.92E+07     0.99764      0.00012848    5.92E+07     0.00012848    6.92E+07     2.3005E+05    
   5.93E+07     0.99765      0.00012844    5.93E+07     0.00012844    6.93E+07     2.3017E+05    
   5.94E+07     0.99764      0.00012842    5.94E+07     0.00012842    6.94E+07     2.3021E+05    
   5.95E+07     0.99764      0.00012833    5.95E+07     0.00012833    6.95E+07     2.3044E+05    
   5.96E+07     0.99764      0.00012807    5.96E+07     0.00012807    6.96E+07     2.3075E+05    
   5.97E+07     0.99764      0.00012783    5.97E+07     0.00012783    6.97E+07     2.3097E+05    
   5.98E+07     0.99764      0.00012764    5.98E+07     0.00012764    6.98E+07     2.3142E+05    
   5.99E+07     0.99764      0.00012738    5.99E+07     0.00012738    6.99E+07     2.3062E+05    
   6E+07        0.99764      0.00012713    6E+07        0.00012713    7E+07        2.3063E+05    
   6.01E+07     0.99763      0.00012693    6.01E+07     0.00012693    7.01E+07     2.3067E+05    
   6.02E+07     0.99763      0.00012678    6.02E+07     0.00012678    7.02E+07     2.3107E+05    
   6.03E+07     0.99763      0.00012657    6.03E+07     0.00012657    7.03E+07     2.3095E+05    
   6.04E+07     0.99763      0.00012653    6.04E+07     0.00012653    7.04E+07     2.3121E+05    
   6.05E+07     0.99762      0.00012642    6.05E+07     0.00012642    7.05E+07     2.316E+05     
   6.06E+07     0.99762      0.00012618    6.06E+07     0.00012618    7.06E+07     2.3187E+05    
   6.07E+07     0.9976       0.00012696    6.07E+07     0.00012696    7.07E+07     2.312E+05     
   6.08E+07     0.99761      0.00012675    6.08E+07     0.00012675    7.08E+07     2.289E+05     
   6.09E+07     0.99761      0.0001265     6.09E+07     0.0001265     7.09E+07     2.2933E+05    
   6.1E+07      0.9976       0.00012636    6.1E+07      0.00012636    7.1E+07      2.2861E+05    
   6.11E+07     0.99761      0.00012619    6.11E+07     0.00012619    7.11E+07     2.2776E+05    
   6.12E+07     0.99761      0.00012596    6.12E+07     0.00012596    7.12E+07     2.2782E+05    
   6.13E+07     0.99761      0.00012573    6.13E+07     0.00012573    7.13E+07     2.2824E+05    
   6.14E+07     0.99762      0.00012568    6.14E+07     0.00012568    7.14E+07     2.2774E+05    
   6.15E+07     0.99761      0.00012559    6.15E+07     0.00012559    7.15E+07     2.2795E+05    
   6.16E+07     0.99761      0.00012541    6.16E+07     0.00012541    7.16E+07     2.2824E+05    
   6.17E+07     0.99761      0.00012529    6.17E+07     0.00012529    7.17E+07     2.2865E+05    
   6.18E+07     0.99761      0.00012508    6.18E+07     0.00012508    7.18E+07     2.289E+05     
   6.19E+07     0.99762      0.00012503    6.19E+07     0.00012503    7.19E+07     2.2885E+05    
   6.2E+07      0.99761      0.00012496    6.2E+07      0.00012496    7.2E+07      2.2922E+05    
   6.21E+07     0.99762      0.00012478    6.21E+07     0.00012478    7.21E+07     2.2962E+05    
   6.22E+07     0.99762      0.00012455    6.22E+07     0.00012455    7.22E+07     2.2985E+05    
   6.23E+07     0.99763      0.00012454    6.23E+07     0.00012454    7.23E+07     2.2994E+05    
   6.24E+07     0.99763      0.00012432    6.24E+07     0.00012432    7.24E+07     2.3035E+05    
   6.25E+07     0.99764      0.00012442    6.25E+07     0.00012442    7.25E+07     2.3076E+05    
   6.26E+07     0.99764      0.00012418    6.26E+07     0.00012418    7.26E+07     2.3116E+05    
   6.27E+07     0.99764      0.00012395    6.27E+07     0.00012395    7.27E+07     2.3148E+05    
   6.28E+07     0.99764      0.00012375    6.28E+07     0.00012375    7.28E+07     2.3188E+05    
   6.29E+07     0.99764      0.00012355    6.29E+07     0.00012355    7.29E+07     2.316E+05     
   6.3E+07      0.99764      0.00012332    6.3E+07      0.00012332    7.3E+07      2.3172E+05    
   6.31E+07     0.99765      0.00012325    6.31E+07     0.00012325    7.31E+07     2.321E+05     
   6.32E+07     0.99765      0.00012303    6.32E+07     0.00012303    7.32E+07     2.3246E+05    
   6.33E+07     0.99764      0.00012289    6.33E+07     0.00012289    7.33E+07     2.3273E+05    
   6.34E+07     0.99764      0.00012267    6.34E+07     0.00012267    7.34E+07     2.3314E+05    
   6.35E+07     0.99765      0.00012251    6.35E+07     0.00012251    7.35E+07     2.3319E+05    
   6.36E+07     0.99764      0.00012287    6.36E+07     0.00012287    7.36E+07     2.3359E+05    
   6.37E+07     0.99764      0.00012266    6.37E+07     0.00012266    7.37E+07     2.3391E+05    
   6.38E+07     0.99763      0.00012294    6.38E+07     0.00012294    7.38E+07     2.3398E+05    
   6.39E+07     0.99762      0.00012275    6.39E+07     0.00012275    7.39E+07     2.3422E+05    
   6.4E+07      0.99762      0.00012261    6.4E+07      0.00012261    7.4E+07      2.3377E+05    
   6.41E+07     0.99762      0.00012241    6.41E+07     0.00012241    7.41E+07     2.3267E+05    
   6.42E+07     0.99762      0.00012221    6.42E+07     0.00012221    7.42E+07     2.3308E+05    
   6.43E+07     0.99762      0.00012201    6.43E+07     0.00012201    7.43E+07     2.3208E+05    
   6.44E+07     0.99761      0.0001218     6.44E+07     0.0001218     7.44E+07     2.3202E+05    
   6.45E+07     0.99762      0.00012158    6.45E+07     0.00012158    7.45E+07     2.3238E+05    
   6.46E+07     0.99762      0.00012146    6.46E+07     0.00012146    7.46E+07     2.3278E+05    
   6.47E+07     0.99762      0.00012124    6.47E+07     0.00012124    7.47E+07     2.3296E+05    
   6.48E+07     0.99763      0.00012121    6.48E+07     0.00012121    7.48E+07     2.3321E+05    
   6.49E+07     0.99762      0.00012113    6.49E+07     0.00012113    7.49E+07     2.3275E+05    
   6.5E+07      0.99762      0.00012091    6.5E+07      0.00012091    7.5E+07      2.3306E+05    
   6.51E+07     0.99762      0.00012069    6.51E+07     0.00012069    7.51E+07     2.332E+05     
   6.52E+07     0.99762      0.00012052    6.52E+07     0.00012052    7.52E+07     2.3295E+05    
   6.53E+07     0.99761      0.00012042    6.53E+07     0.00012042    7.53E+07     2.3323E+05    
   6.54E+07     0.99761      0.0001203     6.54E+07     0.0001203     7.54E+07     2.3356E+05    
   6.55E+07     0.99761      0.00012018    6.55E+07     0.00012018    7.55E+07     2.3344E+05    
   6.56E+07     0.99761      0.00012005    6.56E+07     0.00012005    7.56E+07     2.3351E+05    
   6.57E+07     0.99761      0.00011985    6.57E+07     0.00011985    7.57E+07     2.3339E+05    
   6.58E+07     0.99761      0.00011964    6.58E+07     0.00011964    7.58E+07     2.336E+05     
   6.59E+07     0.99762      0.00011955    6.59E+07     0.00011955    7.59E+07     2.3387E+05    
   6.6E+07      0.99761      0.00011944    6.6E+07      0.00011944    7.6E+07      2.3391E+05    
   6.61E+07     0.9976       0.00012001    6.61E+07     0.00012001    7.61E+07     2.3403E+05    
   6.62E+07     0.9976       0.00011982    6.62E+07     0.00011982    7.62E+07     2.3381E+05    
   6.63E+07     0.9976       0.00011965    6.63E+07     0.00011965    7.63E+07     2.3386E+05    
   6.64E+07     0.9976       0.00011944    6.64E+07     0.00011944    7.64E+07     2.3309E+05    
   6.65E+07     0.99759      0.00011947    6.65E+07     0.00011947    7.65E+07     2.332E+05     
   6.66E+07     0.9976       0.00011976    6.66E+07     0.00011976    7.66E+07     2.3354E+05    
   6.67E+07     0.9976       0.00011955    6.67E+07     0.00011955    7.67E+07     2.3325E+05    
   6.68E+07     0.9976       0.00011935    6.68E+07     0.00011935    7.68E+07     2.3221E+05    
   6.69E+07     0.99759      0.0001193     6.69E+07     0.0001193     7.69E+07     2.3257E+05    
   6.7E+07      0.99759      0.00011909    6.7E+07      0.00011909    7.7E+07      2.3247E+05    
   6.71E+07     0.99759      0.00011892    6.71E+07     0.00011892    7.71E+07     2.3276E+05    
   6.72E+07     0.99759      0.00011872    6.72E+07     0.00011872    7.72E+07     2.3269E+05    
   6.73E+07     0.99759      0.00011851    6.73E+07     0.00011851    7.73E+07     2.33E+05      
   6.74E+07     0.99759      0.00011831    6.74E+07     0.00011831    7.74E+07     2.3311E+05    
   6.75E+07     0.9976       0.00011816    6.75E+07     0.00011816    7.75E+07     2.3323E+05    
   6.76E+07     0.9976       0.00011818    6.76E+07     0.00011818    7.76E+07     2.3187E+05    
   6.77E+07     0.99761      0.00011803    6.77E+07     0.00011803    7.77E+07     2.3211E+05    
   6.78E+07     0.99761      0.0001179     6.78E+07     0.0001179     7.78E+07     2.3245E+05    
   6.79E+07     0.9976       0.00011786    6.79E+07     0.00011786    7.79E+07     2.3282E+05    
   6.8E+07      0.99761      0.00011772    6.8E+07      0.00011772    7.8E+07      2.3303E+05    
   6.81E+07     0.9976       0.00011759    6.81E+07     0.00011759    7.81E+07     2.3305E+05    
   6.82E+07     0.99761      0.00011748    6.82E+07     0.00011748    7.82E+07     2.332E+05     
   6.83E+07     0.99761      0.00011728    6.83E+07     0.00011728    7.83E+07     2.3324E+05    
   6.84E+07     0.99761      0.00011708    6.84E+07     0.00011708    7.84E+07     2.3362E+05    
   6.85E+07     0.99761      0.0001169     6.85E+07     0.0001169     7.85E+07     2.3378E+05    
   6.86E+07     0.9976       0.00011672    6.86E+07     0.00011672    7.86E+07     2.3385E+05    
   6.87E+07     0.9976       0.00011652    6.87E+07     0.00011652    7.87E+07     2.3418E+05    
   6.88E+07     0.99761      0.00011641    6.88E+07     0.00011641    7.88E+07     2.3433E+05    
   6.89E+07     0.99761      0.00011625    6.89E+07     0.00011625    7.89E+07     2.3446E+05    
   6.9E+07      0.99761      0.00011609    6.9E+07      0.00011609    7.9E+07      2.345E+05     
   6.91E+07     0.99761      0.00011591    6.91E+07     0.00011591    7.91E+07     2.3443E+05    
   6.92E+07     0.99761      0.00011581    6.92E+07     0.00011581    7.92E+07     2.3479E+05    
   6.93E+07     0.99761      0.00011569    6.93E+07     0.00011569    7.93E+07     2.3512E+05    
   6.94E+07     0.9976       0.0001156     6.94E+07     0.0001156     7.94E+07     2.3523E+05    
   6.95E+07     0.99761      0.00011546    6.95E+07     0.00011546    7.95E+07     2.3482E+05    
   6.96E+07     0.9976       0.0001153     6.96E+07     0.0001153     7.96E+07     2.3503E+05    
   6.97E+07     0.9976       0.00011515    6.97E+07     0.00011515    7.97E+07     2.3534E+05    
   6.98E+07     0.9976       0.00011496    6.98E+07     0.00011496    7.98E+07     2.3569E+05    
   6.99E+07     0.99759      0.00011508    6.99E+07     0.00011508    7.99E+07     2.3483E+05    
   7E+07        0.9976       0.000115      7E+07        0.000115      8E+07        2.3519E+05    
   7.01E+07     0.99759      0.0001149     7.01E+07     0.0001149     8.01E+07     2.3534E+05    
   7.02E+07     0.99759      0.00011472    7.02E+07     0.00011472    8.02E+07     2.3569E+05    
   7.03E+07     0.9976       0.00011467    7.03E+07     0.00011467    8.03E+07     2.3604E+05    
   7.04E+07     0.99759      0.00011452    7.04E+07     0.00011452    8.04E+07     2.364E+05     
   7.05E+07     0.99759      0.00011434    7.05E+07     0.00011434    8.05E+07     2.3667E+05    
   7.06E+07     0.9976       0.0001142     7.06E+07     0.0001142     8.06E+07     2.3705E+05    
   7.07E+07     0.9976       0.00011428    7.07E+07     0.00011428    8.07E+07     2.3726E+05    
   7.08E+07     0.99759      0.00011477    7.08E+07     0.00011477    8.08E+07     2.3764E+05    
   7.09E+07     0.99759      0.00011459    7.09E+07     0.00011459    8.09E+07     2.3774E+05    
   7.1E+07      0.9976       0.00011468    7.1E+07      0.00011468    8.1E+07      2.3807E+05    
   7.11E+07     0.99761      0.00011482    7.11E+07     0.00011482    8.11E+07     2.3845E+05    
   7.12E+07     0.99761      0.00011472    7.12E+07     0.00011472    8.12E+07     2.3841E+05    
   7.13E+07     0.99761      0.00011453    7.13E+07     0.00011453    8.13E+07     2.3879E+05    
   7.14E+07     0.99762      0.00011458    7.14E+07     0.00011458    8.14E+07     2.3901E+05    
   7.15E+07     0.99762      0.00011445    7.15E+07     0.00011445    8.15E+07     2.3928E+05    
   7.16E+07     0.99763      0.00011429    7.16E+07     0.00011429    8.16E+07     2.3964E+05    
   7.17E+07     0.99763      0.00011411    7.17E+07     0.00011411    8.17E+07     2.3983E+05    
   7.18E+07     0.99762      0.00011397    7.18E+07     0.00011397    8.18E+07     2.3987E+05    
   7.19E+07     0.99763      0.0001139     7.19E+07     0.0001139     8.19E+07     2.3971E+05    
   7.2E+07      0.99763      0.00011373    7.2E+07      0.00011373    8.2E+07      2.3944E+05    
   7.21E+07     0.99763      0.00011355    7.21E+07     0.00011355    8.21E+07     2.3896E+05    
   7.22E+07     0.99763      0.00011341    7.22E+07     0.00011341    8.22E+07     2.3924E+05    
   7.23E+07     0.99763      0.00011331    7.23E+07     0.00011331    8.23E+07     2.3869E+05    
   7.24E+07     0.99763      0.00011313    7.24E+07     0.00011313    8.24E+07     2.3858E+05    
   7.25E+07     0.99763      0.00011295    7.25E+07     0.00011295    8.25E+07     2.3882E+05    
   7.26E+07     0.99763      0.00011278    7.26E+07     0.00011278    8.26E+07     2.3881E+05    
   7.27E+07     0.99763      0.00011262    7.27E+07     0.00011262    8.27E+07     2.3916E+05    
   7.28E+07     0.99763      0.00011244    7.28E+07     0.00011244    8.28E+07     2.393E+05     
   7.29E+07     0.99762      0.00011243    7.29E+07     0.00011243    8.29E+07     2.3944E+05    
   7.3E+07      0.99762      0.00011233    7.3E+07      0.00011233    8.3E+07      2.3979E+05    
   7.31E+07     0.99762      0.00011216    7.31E+07     0.00011216    8.31E+07     2.4E+05       
   7.32E+07     0.99762      0.000112      7.32E+07     0.000112      8.32E+07     2.4033E+05    
   7.33E+07     0.99761      0.00011185    7.33E+07     0.00011185    8.33E+07     2.3981E+05    
   7.34E+07     0.99761      0.00011168    7.34E+07     0.00011168    8.34E+07     2.4008E+05    
   7.35E+07     0.99761      0.00011159    7.35E+07     0.00011159    8.35E+07     2.4045E+05    
   7.36E+07     0.99761      0.00011142    7.36E+07     0.00011142    8.36E+07     2.4081E+05    
   7.37E+07     0.99761      0.00011127    7.37E+07     0.00011127    8.37E+07     2.4078E+05    
   7.38E+07     0.99762      0.00011118    7.38E+07     0.00011118    8.38E+07     2.4078E+05    
   7.39E+07     0.99761      0.00011104    7.39E+07     0.00011104    8.39E+07     2.4096E+05    
   7.4E+07      0.99761      0.00011108    7.4E+07      0.00011108    8.4E+07      2.4116E+05    
   7.41E+07     0.9976       0.00011126    7.41E+07     0.00011126    8.41E+07     2.4148E+05    
   7.42E+07     0.9976       0.00011109    7.42E+07     0.00011109    8.42E+07     2.4167E+05    
   7.43E+07     0.9976       0.00011126    7.43E+07     0.00011126    8.43E+07     2.4201E+05    
   7.44E+07     0.99761      0.00011119    7.44E+07     0.00011119    8.44E+07     2.4238E+05    
   7.45E+07     0.99761      0.00011103    7.45E+07     0.00011103    8.45E+07     2.4266E+05    
   7.46E+07     0.99761      0.00011086    7.46E+07     0.00011086    8.46E+07     2.4282E+05    
   7.47E+07     0.99761      0.00011075    7.47E+07     0.00011075    8.47E+07     2.423E+05     
   7.48E+07     0.99761      0.00011061    7.48E+07     0.00011061    8.48E+07     2.4252E+05    
   7.49E+07     0.99762      0.00011065    7.49E+07     0.00011065    8.49E+07     2.4243E+05    
   7.5E+07      0.99762      0.0001105     7.5E+07      0.0001105     8.5E+07      2.4262E+05    
   7.51E+07     0.99762      0.00011039    7.51E+07     0.00011039    8.51E+07     2.4226E+05    
   7.52E+07     0.99761      0.00011038    7.52E+07     0.00011038    8.52E+07     2.4261E+05    
   7.53E+07     0.99761      0.00011024    7.53E+07     0.00011024    8.53E+07     2.4246E+05    
   7.54E+07     0.99761      0.00011009    7.54E+07     0.00011009    8.54E+07     2.4236E+05    
   7.55E+07     0.99762      0.00011004    7.55E+07     0.00011004    8.55E+07     2.4261E+05    
   7.56E+07     0.99762      0.00010995    7.56E+07     0.00010995    8.56E+07     2.4266E+05    
   7.57E+07     0.99763      0.00010991    7.57E+07     0.00010991    8.57E+07     2.4239E+05    
   7.58E+07     0.99763      0.00010979    7.58E+07     0.00010979    8.58E+07     2.4225E+05    
   7.59E+07     0.99763      0.00010965    7.59E+07     0.00010965    8.59E+07     2.4247E+05    
   7.6E+07      0.99762      0.00010957    7.6E+07      0.00010957    8.6E+07      2.428E+05     
   7.61E+07     0.99762      0.00010947    7.61E+07     0.00010947    8.61E+07     2.417E+05     
   7.62E+07     0.99761      0.00010945    7.62E+07     0.00010945    8.62E+07     2.4191E+05    
   7.63E+07     0.99762      0.00010936    7.63E+07     0.00010936    8.63E+07     2.4191E+05    
   7.64E+07     0.99761      0.00010947    7.64E+07     0.00010947    8.64E+07     2.4224E+05    
   7.65E+07     0.99761      0.00010937    7.65E+07     0.00010937    8.65E+07     2.4258E+05    
   7.66E+07     0.99762      0.00010922    7.66E+07     0.00010922    8.66E+07     2.4282E+05    
   7.67E+07     0.99762      0.00010921    7.67E+07     0.00010921    8.67E+07     2.4243E+05    
   7.68E+07     0.99761      0.00010939    7.68E+07     0.00010939    8.68E+07     2.4201E+05    
   7.69E+07     0.99762      0.00010923    7.69E+07     0.00010923    8.69E+07     2.4234E+05    
   7.7E+07      0.99762      0.00010918    7.7E+07      0.00010918    8.7E+07      2.4248E+05    
   7.71E+07     0.99762      0.00010904    7.71E+07     0.00010904    8.71E+07     2.4269E+05    
   7.72E+07     0.99762      0.00010899    7.72E+07     0.00010899    8.72E+07     2.4221E+05    
   7.73E+07     0.99762      0.00010885    7.73E+07     0.00010885    8.73E+07     2.418E+05     
   7.74E+07     0.99762      0.00010875    7.74E+07     0.00010875    8.74E+07     2.4186E+05    
   7.75E+07     0.99761      0.00010865    7.75E+07     0.00010865    8.75E+07     2.418E+05     
   7.76E+07     0.99762      0.0001089     7.76E+07     0.0001089     8.76E+07     2.418E+05     
   7.77E+07     0.99762      0.00010877    7.77E+07     0.00010877    8.77E+07     2.4214E+05    
   7.78E+07     0.99762      0.00010862    7.78E+07     0.00010862    8.78E+07     2.4219E+05    
   7.79E+07     0.99762      0.00010847    7.79E+07     0.00010847    8.79E+07     2.4249E+05    
   7.8E+07      0.99763      0.00010835    7.8E+07      0.00010835    8.8E+07      2.424E+05     
   7.81E+07     0.99762      0.00010827    7.81E+07     0.00010827    8.81E+07     2.4213E+05    
   7.82E+07     0.99762      0.00010817    7.82E+07     0.00010817    8.82E+07     2.4209E+05    
   7.83E+07     0.99762      0.00010809    7.83E+07     0.00010809    8.83E+07     2.4196E+05    
   7.84E+07     0.99762      0.00010793    7.84E+07     0.00010793    8.84E+07     2.4206E+05    
   7.85E+07     0.99762      0.00010782    7.85E+07     0.00010782    8.85E+07     2.4224E+05    
   7.86E+07     0.99761      0.00010774    7.86E+07     0.00010774    8.86E+07     2.4258E+05    
   7.87E+07     0.99761      0.0001076     7.87E+07     0.0001076     8.87E+07     2.4287E+05    
   7.88E+07     0.99761      0.00010749    7.88E+07     0.00010749    8.88E+07     2.4309E+05    
   7.89E+07     0.99761      0.0001074     7.89E+07     0.0001074     8.89E+07     2.4326E+05    
   7.9E+07      0.99761      0.00010732    7.9E+07      0.00010732    8.9E+07      2.4359E+05    
   7.91E+07     0.99761      0.00010727    7.91E+07     0.00010727    8.91E+07     2.4364E+05    
   7.92E+07     0.99761      0.00010711    7.92E+07     0.00010711    8.92E+07     2.4397E+05    
   7.93E+07     0.99761      0.00010697    7.93E+07     0.00010697    8.93E+07     2.4429E+05    
   7.94E+07     0.99761      0.00010688    7.94E+07     0.00010688    8.94E+07     2.4426E+05    
   7.95E+07     0.99762      0.0001069     7.95E+07     0.0001069     8.95E+07     2.4408E+05    
   7.96E+07     0.99762      0.00010679    7.96E+07     0.00010679    8.96E+07     2.4381E+05    
   7.97E+07     0.99762      0.00010665    7.97E+07     0.00010665    8.97E+07     2.4332E+05    
   7.98E+07     0.99762      0.00010651    7.98E+07     0.00010651    8.98E+07     2.4363E+05    
   7.99E+07     0.99762      0.00010664    7.99E+07     0.00010664    8.99E+07     2.4393E+05    
   8E+07        0.99761      0.00010649    8E+07        0.00010649    9E+07        2.442E+05     
   8.01E+07     0.99761      0.00010639    8.01E+07     0.00010639    9.01E+07     2.4451E+05    
   8.02E+07     0.99761      0.00010624    8.02E+07     0.00010624    9.02E+07     2.4484E+05    
   8.03E+07     0.99761      0.0001061     8.03E+07     0.0001061     9.03E+07     2.4479E+05    
   8.04E+07     0.99761      0.00010595    8.04E+07     0.00010595    9.04E+07     2.449E+05     
   8.05E+07     0.99761      0.00010582    8.05E+07     0.00010582    9.05E+07     2.4505E+05    
   8.06E+07     0.99761      0.00010567    8.06E+07     0.00010567    9.06E+07     2.4515E+05    
   8.07E+07     0.99762      0.00010556    8.07E+07     0.00010556    9.07E+07     2.4541E+05    
   8.08E+07     0.99762      0.00010541    8.08E+07     0.00010541    9.08E+07     2.4355E+05    
   8.09E+07     0.99761      0.00010532    8.09E+07     0.00010532    9.09E+07     2.4379E+05    
   8.1E+07      0.99761      0.00010518    8.1E+07      0.00010518    9.1E+07      2.4323E+05    
   8.11E+07     0.99761      0.00010504    8.11E+07     0.00010504    9.11E+07     2.4356E+05    
   8.12E+07     0.99761      0.00010497    8.12E+07     0.00010497    9.12E+07     2.4339E+05    
   8.13E+07     0.99761      0.00010483    8.13E+07     0.00010483    9.13E+07     2.4352E+05    
   8.14E+07     0.9976       0.00010471    8.14E+07     0.00010471    9.14E+07     2.4368E+05    
   8.15E+07     0.9976       0.00010459    8.15E+07     0.00010459    9.15E+07     2.4387E+05    
   8.16E+07     0.9976       0.00010445    8.16E+07     0.00010445    9.16E+07     2.4415E+05    
   8.17E+07     0.9976       0.00010434    8.17E+07     0.00010434    9.17E+07     2.4446E+05    
   8.18E+07     0.99761      0.00010427    8.18E+07     0.00010427    9.18E+07     2.444E+05     
   8.19E+07     0.99761      0.00010424    8.19E+07     0.00010424    9.19E+07     2.4466E+05    
   8.2E+07      0.99762      0.00010423    8.2E+07      0.00010423    9.2E+07      2.4463E+05    
   8.21E+07     0.99762      0.00010428    8.21E+07     0.00010428    9.21E+07     2.4488E+05    
   8.22E+07     0.99762      0.00010415    8.22E+07     0.00010415    9.22E+07     2.4498E+05    
   8.23E+07     0.99763      0.00010421    8.23E+07     0.00010421    9.23E+07     2.4531E+05    
   8.24E+07     0.99762      0.00010417    8.24E+07     0.00010417    9.24E+07     2.4443E+05    
   8.25E+07     0.99763      0.00010405    8.25E+07     0.00010405    9.25E+07     2.4463E+05    
   8.26E+07     0.99762      0.00010399    8.26E+07     0.00010399    9.26E+07     2.4477E+05    
   8.27E+07     0.99762      0.00010385    8.27E+07     0.00010385    9.27E+07     2.4461E+05    
   8.28E+07     0.99762      0.00010376    8.28E+07     0.00010376    9.28E+07     2.4426E+05    
   8.29E+07     0.99761      0.00010367    8.29E+07     0.00010367    9.29E+07     2.4416E+05    
   8.3E+07      0.99761      0.00010353    8.3E+07      0.00010353    9.3E+07      2.4439E+05    
   8.31E+07     0.99761      0.00010342    8.31E+07     0.00010342    9.31E+07     2.4374E+05    
   8.32E+07     0.99761      0.00010329    8.32E+07     0.00010329    9.32E+07     2.4384E+05    
   8.33E+07     0.99761      0.00010334    8.33E+07     0.00010334    9.33E+07     2.4366E+05    
   8.34E+07     0.99761      0.00010322    8.34E+07     0.00010322    9.34E+07     2.4393E+05    
   8.35E+07     0.99761      0.00010308    8.35E+07     0.00010308    9.35E+07     2.433E+05     
   8.36E+07     0.99761      0.00010294    8.36E+07     0.00010294    9.36E+07     2.4277E+05    
   8.37E+07     0.99761      0.00010288    8.37E+07     0.00010288    9.37E+07     2.4286E+05    
   8.38E+07     0.99761      0.00010282    8.38E+07     0.00010282    9.38E+07     2.431E+05     
   8.39E+07     0.99761      0.00010272    8.39E+07     0.00010272    9.39E+07     2.434E+05     
   8.4E+07      0.99761      0.00010262    8.4E+07      0.00010262    9.4E+07      2.4327E+05    
   8.41E+07     0.99761      0.00010249    8.41E+07     0.00010249    9.41E+07     2.4352E+05    
   8.42E+07     0.9976       0.00010239    8.42E+07     0.00010239    9.42E+07     2.4376E+05    
   8.43E+07     0.9976       0.00010225    8.43E+07     0.00010225    9.43E+07     2.4405E+05    
   8.44E+07     0.9976       0.00010212    8.44E+07     0.00010212    9.44E+07     2.4437E+05    
   8.45E+07     0.9976       0.00010199    8.45E+07     0.00010199    9.45E+07     2.4468E+05    
   8.46E+07     0.9976       0.0001019     8.46E+07     0.0001019     9.46E+07     2.4493E+05    
   8.47E+07     0.99761      0.00010195    8.47E+07     0.00010195    9.47E+07     2.4518E+05    
   8.48E+07     0.9976       0.00010184    8.48E+07     0.00010184    9.48E+07     2.453E+05     
   8.49E+07     0.9976       0.0001018     8.49E+07     0.0001018     9.49E+07     2.4422E+05    
   8.5E+07      0.9976       0.0001017     8.5E+07      0.0001017     9.5E+07      2.4451E+05    
   8.51E+07     0.99761      0.00010172    8.51E+07     0.00010172    9.51E+07     2.4393E+05    
   8.52E+07     0.99761      0.00010158    8.52E+07     0.00010158    9.52E+07     2.4422E+05    
   8.53E+07     0.9976       0.00010156    8.53E+07     0.00010156    9.53E+07     2.4454E+05    
   8.54E+07     0.9976       0.00010151    8.54E+07     0.00010151    9.54E+07     2.4454E+05    
   8.55E+07     0.9976       0.0001014     8.55E+07     0.0001014     9.55E+07     2.4406E+05    
   8.56E+07     0.9976       0.00010133    8.56E+07     0.00010133    9.56E+07     2.4434E+05    
   8.57E+07     0.9976       0.00010133    8.57E+07     0.00010133    9.57E+07     2.4454E+05    
   8.58E+07     0.9976       0.0001013     8.58E+07     0.0001013     9.58E+07     2.4461E+05    
   8.59E+07     0.9976       0.00010119    8.59E+07     0.00010119    9.59E+07     2.4492E+05    
   8.6E+07      0.9976       0.00010106    8.6E+07      0.00010106    9.6E+07      2.4517E+05    
   8.61E+07     0.99761      0.00010124    8.61E+07     0.00010124    9.61E+07     2.4546E+05    
   8.62E+07     0.99761      0.00010113    8.62E+07     0.00010113    9.62E+07     2.4551E+05    
   8.63E+07     0.99761      0.00010107    8.63E+07     0.00010107    9.63E+07     2.4581E+05    
   8.64E+07     0.9976       0.00010095    8.64E+07     0.00010095    9.64E+07     2.4598E+05    
   8.65E+07     0.9976       0.00010082    8.65E+07     0.00010082    9.65E+07     2.4587E+05    
   8.66E+07     0.99761      0.00010071    8.66E+07     0.00010071    9.66E+07     2.4612E+05    
   8.67E+07     0.99761      0.00010073    8.67E+07     0.00010073    9.67E+07     2.4579E+05    
   8.68E+07     0.99762      0.00010076    8.68E+07     0.00010076    9.68E+07     2.455E+05     
   8.69E+07     0.99762      0.00010063    8.69E+07     0.00010063    9.69E+07     2.4572E+05    
   8.7E+07      0.99762      0.00010055    8.7E+07      0.00010055    9.7E+07      2.4603E+05    
   8.71E+07     0.99762      0.00010044    8.71E+07     0.00010044    9.71E+07     2.4626E+05    
   8.72E+07     0.99761      0.00010048    8.72E+07     0.00010048    9.72E+07     2.4655E+05    
   8.73E+07     0.99761      0.00010051    8.73E+07     0.00010051    9.73E+07     2.466E+05     
   8.74E+07     0.99761      0.00010044    8.74E+07     0.00010044    9.74E+07     2.4688E+05    
   8.75E+07     0.9976       0.0001004     8.75E+07     0.0001004     9.75E+07     2.4719E+05    
   8.76E+07     0.9976       0.00010034    8.76E+07     0.00010034    9.76E+07     2.4735E+05    
   8.77E+07     0.9976       0.00010021    8.77E+07     0.00010021    9.77E+07     2.4765E+05    
   8.78E+07     0.99759      0.00010014    8.78E+07     0.00010014    9.78E+07     2.4759E+05    
   8.79E+07     0.99759      0.00010003    8.79E+07     0.00010003    9.79E+07     2.479E+05     
   8.8E+07      0.99759      9.9987E-05    8.8E+07      9.9987E-05    9.8E+07      2.4818E+05    
   8.81E+07     0.9976       9.9985E-05    8.81E+07     9.9985E-05    9.81E+07     2.4849E+05    
   8.82E+07     0.99759      9.9937E-05    8.82E+07     9.9937E-05    9.82E+07     2.4871E+05    
   8.83E+07     0.99759      9.9907E-05    8.83E+07     9.9907E-05    9.83E+07     2.4837E+05    
   8.84E+07     0.99759      9.9829E-05    8.84E+07     9.9829E-05    9.84E+07     2.4854E+05    
   8.85E+07     0.99759      9.9735E-05    8.85E+07     9.9735E-05    9.85E+07     2.4885E+05    
   8.86E+07     0.99759      9.961E-05     8.86E+07     9.961E-05     9.86E+07     2.4844E+05    
   8.87E+07     0.99759      9.9494E-05    8.87E+07     9.9494E-05    9.87E+07     2.4875E+05    
   8.88E+07     0.99759      9.9391E-05    8.88E+07     9.9391E-05    9.88E+07     2.4901E+05    
   8.89E+07     0.99759      9.9301E-05    8.89E+07     9.9301E-05    9.89E+07     2.4901E+05    
   8.9E+07      0.99759      9.9177E-05    8.9E+07      9.9177E-05    9.9E+07      2.4871E+05    
   8.91E+07     0.99759      9.9113E-05    8.91E+07     9.9113E-05    9.91E+07     2.49E+05      
   8.92E+07     0.99759      9.8989E-05    8.92E+07     9.8989E-05    9.92E+07     2.4914E+05    
   8.93E+07     0.99759      9.887E-05     8.93E+07     9.887E-05     9.93E+07     2.4924E+05    
   8.94E+07     0.99759      9.8819E-05    8.94E+07     9.8819E-05    9.94E+07     2.4954E+05    
   8.95E+07     0.99759      9.8801E-05    8.95E+07     9.8801E-05    9.95E+07     2.4982E+05    
   8.96E+07     0.99759      9.8799E-05    8.96E+07     9.8799E-05    9.96E+07     2.4919E+05    
   8.97E+07     0.99759      9.8843E-05    8.97E+07     9.8843E-05    9.97E+07     2.4886E+05    
   8.98E+07     0.99758      9.8725E-05    8.98E+07     9.8725E-05    9.98E+07     2.4912E+05    
   8.99E+07     0.99759      9.861E-05     8.99E+07     9.861E-05     9.99E+07     2.4942E+05    
   9E+07        0.99758      9.8501E-05    9E+07        9.8501E-05    1E+08        2.4962E+05    
   9.01E+07     0.99758      9.8379E-05    9.01E+07     9.8379E-05    
   9.02E+07     0.99759      9.8258E-05    9.02E+07     9.8258E-05    
   9.03E+07     0.99759      9.8215E-05    9.03E+07     9.8215E-05    
   9.04E+07     0.99759      9.8138E-05    9.04E+07     9.8138E-05    
   9.05E+07     0.99759      9.8052E-05    9.05E+07     9.8052E-05    
   9.06E+07     0.99759      9.7978E-05    9.06E+07     9.7978E-05    
   9.07E+07     0.99759      9.7873E-05    9.07E+07     9.7873E-05    
   9.08E+07     0.99758      9.8192E-05    9.08E+07     9.8192E-05    
   9.09E+07     0.99758      9.8087E-05    9.09E+07     9.8087E-05    
   9.1E+07      0.99757      9.8145E-05    9.1E+07      9.8145E-05    
   9.11E+07     0.99757      9.8025E-05    9.11E+07     9.8025E-05    
   9.12E+07     0.99758      9.8007E-05    9.12E+07     9.8007E-05    
   9.13E+07     0.99758      9.7926E-05    9.13E+07     9.7926E-05    
   9.14E+07     0.99758      9.7841E-05    9.14E+07     9.7841E-05    
   9.15E+07     0.99758      9.7749E-05    9.15E+07     9.7749E-05    
   9.16E+07     0.99758      9.764E-05     9.16E+07     9.764E-05     
   9.17E+07     0.99758      9.7524E-05    9.17E+07     9.7524E-05    
   9.18E+07     0.99757      9.7482E-05    9.18E+07     9.7482E-05    
   9.19E+07     0.99757      9.7379E-05    9.19E+07     9.7379E-05    
   9.2E+07      0.99757      9.7331E-05    9.2E+07      9.7331E-05    
   9.21E+07     0.99757      9.7229E-05    9.21E+07     9.7229E-05    
   9.22E+07     0.99757      9.7155E-05    9.22E+07     9.7155E-05    
   9.23E+07     0.99757      9.7037E-05    9.23E+07     9.7037E-05    
   9.24E+07     0.99756      9.716E-05     9.24E+07     9.716E-05     
   9.25E+07     0.99756      9.7068E-05    9.25E+07     9.7068E-05    
   9.26E+07     0.99756      9.6985E-05    9.26E+07     9.6985E-05    
   9.27E+07     0.99756      9.6966E-05    9.27E+07     9.6966E-05    
   9.28E+07     0.99755      9.6984E-05    9.28E+07     9.6984E-05    
   9.29E+07     0.99755      9.6951E-05    9.29E+07     9.6951E-05    
   9.3E+07      0.99755      9.6852E-05    9.3E+07      9.6852E-05    
   9.31E+07     0.99755      9.6929E-05    9.31E+07     9.6929E-05    
   9.32E+07     0.99754      9.6857E-05    9.32E+07     9.6857E-05    
   9.33E+07     0.99755      9.6841E-05    9.33E+07     9.6841E-05    
   9.34E+07     0.99755      9.6738E-05    9.34E+07     9.6738E-05    
   9.35E+07     0.99756      9.6809E-05    9.35E+07     9.6809E-05    
   9.36E+07     0.99755      9.6864E-05    9.36E+07     9.6864E-05    
   9.37E+07     0.99755      9.6794E-05    9.37E+07     9.6794E-05    
   9.38E+07     0.99755      9.6694E-05    9.38E+07     9.6694E-05    
   9.39E+07     0.99755      9.6582E-05    9.39E+07     9.6582E-05    
   9.4E+07      0.99756      9.6556E-05    9.4E+07      9.6556E-05    
   9.41E+07     0.99756      9.6456E-05    9.41E+07     9.6456E-05    
   9.42E+07     0.99756      9.6357E-05    9.42E+07     9.6357E-05    
   9.43E+07     0.99756      9.6243E-05    9.43E+07     9.6243E-05    
   9.44E+07     0.99756      9.613E-05     9.44E+07     9.613E-05     
   9.45E+07     0.99756      9.6018E-05    9.45E+07     9.6018E-05    
   9.46E+07     0.99756      9.5917E-05    9.46E+07     9.5917E-05    
   9.47E+07     0.99756      9.5817E-05    9.47E+07     9.5817E-05    
   9.48E+07     0.99756      9.5743E-05    9.48E+07     9.5743E-05    
   9.49E+07     0.99757      9.5904E-05    9.49E+07     9.5904E-05    
   9.5E+07      0.99756      9.5797E-05    9.5E+07      9.5797E-05    
   9.51E+07     0.99756      9.5861E-05    9.51E+07     9.5861E-05    
   9.52E+07     0.99756      9.5752E-05    9.52E+07     9.5752E-05    
   9.53E+07     0.99756      9.5641E-05    9.53E+07     9.5641E-05    
   9.54E+07     0.99756      9.559E-05     9.54E+07     9.559E-05     
   9.55E+07     0.99756      9.5635E-05    9.55E+07     9.5635E-05    
   9.56E+07     0.99756      9.5528E-05    9.56E+07     9.5528E-05    
   9.57E+07     0.99756      9.5439E-05    9.57E+07     9.5439E-05    
   9.58E+07     0.99756      9.5377E-05    9.58E+07     9.5377E-05    
   9.59E+07     0.99756      9.5266E-05    9.59E+07     9.5266E-05    
   9.6E+07      0.99756      9.5167E-05    9.6E+07      9.5167E-05    
   9.61E+07     0.99756      9.5062E-05    9.61E+07     9.5062E-05    
   9.62E+07     0.99756      9.5004E-05    9.62E+07     9.5004E-05    
   9.63E+07     0.99756      9.4896E-05    9.63E+07     9.4896E-05    
   9.64E+07     0.99756      9.4812E-05    9.64E+07     9.4812E-05    
   9.65E+07     0.99755      9.4786E-05    9.65E+07     9.4786E-05    
   9.66E+07     0.99755      9.4687E-05    9.66E+07     9.4687E-05    
   9.67E+07     0.99756      9.4702E-05    9.67E+07     9.4702E-05    
   9.68E+07     0.99755      9.4709E-05    9.68E+07     9.4709E-05    
   9.69E+07     0.99755      9.4617E-05    9.69E+07     9.4617E-05    
   9.7E+07      0.99755      9.4509E-05    9.7E+07      9.4509E-05    
   9.71E+07     0.99755      9.4417E-05    9.71E+07     9.4417E-05    
   9.72E+07     0.99755      9.4312E-05    9.72E+07     9.4312E-05    
   9.73E+07     0.99755      9.4249E-05    9.73E+07     9.4249E-05    
   9.74E+07     0.99755      9.4149E-05    9.74E+07     9.4149E-05    
   9.75E+07     0.99755      9.4041E-05    9.75E+07     9.4041E-05    
   9.76E+07     0.99755      9.3962E-05    9.76E+07     9.3962E-05    
   9.77E+07     0.99755      9.3856E-05    9.77E+07     9.3856E-05    
   9.78E+07     0.99755      9.3821E-05    9.78E+07     9.3821E-05    
   9.79E+07     0.99755      9.3715E-05    9.79E+07     9.3715E-05    
   9.8E+07      0.99755      9.3613E-05    9.8E+07      9.3613E-05    
   9.81E+07     0.99755      9.3507E-05    9.81E+07     9.3507E-05    
   9.82E+07     0.99755      9.3419E-05    9.82E+07     9.3419E-05    
   9.83E+07     0.99756      9.3434E-05    9.83E+07     9.3434E-05    
   9.84E+07     0.99756      9.3355E-05    9.84E+07     9.3355E-05    
   9.85E+07     0.99756      9.325E-05     9.85E+07     9.325E-05     
   9.86E+07     0.99755      9.3277E-05    9.86E+07     9.3277E-05    
   9.87E+07     0.99755      9.3172E-05    9.87E+07     9.3172E-05    
   9.88E+07     0.99755      9.3076E-05    9.88E+07     9.3076E-05    
   9.89E+07     0.99756      9.303E-05     9.89E+07     9.303E-05     
   9.9E+07      0.99755      9.3035E-05    9.9E+07      9.3035E-05    
   9.91E+07     0.99755      9.2934E-05    9.91E+07     9.2934E-05    
   9.92E+07     0.99755      9.2861E-05    9.92E+07     9.2861E-05    
   9.93E+07     0.99755      9.2795E-05    9.93E+07     9.2795E-05    
   9.94E+07     0.99755      9.2692E-05    9.94E+07     9.2692E-05    
   9.95E+07     0.99755      9.2593E-05    9.95E+07     9.2593E-05    
   9.96E+07     0.99755      9.2665E-05    9.96E+07     9.2665E-05    
   9.97E+07     0.99754      9.268E-05     9.97E+07     9.268E-05     
   9.98E+07     0.99754      9.2584E-05    9.98E+07     9.2584E-05    
   9.99E+07     0.99754      9.2481E-05    9.99E+07     9.2481E-05    
   1E+08        0.99755      9.2399E-05    1E+08        9.2399E-05    
