# This file is written with the intent of being used to plot the data with 
# Gnuplot.  It contains no information regarding how the plot should be 
# formatted.
# =========================================================================
# Research/ArnoldivsPower -f Power1-w50-56.dat -t 100000 -A -c 100 -C 900 -w 50 -b 75 -r  seed = 2166704479
# filename = Power1-w50-56.dat, run = true, power = true, Arnoldi = false, storevectors = 0, raw = false, evectors = 2, evalues = 2, residual = false, arnoldimethod = implicit, tol = 2.22045e-16, verbose = 1, seed = 0, width = 50, bins = 75, acycles = 900, incycles = 100, active = 20, inactive = 0, Iterations = 10, numValues = 2, relaxed = 0, tracks = 100000, ignore_rest = false, version = false, help = false, 

#  1            2            3             4            5             6            7             8            9            
# |-            Power values           -| |-   Power eValues SD   -| |-       FOM-Power      -| |-     Power vector     -| 
#  x-coord      y-coord      error         x-coord      y-coord       x-coord      y-coord       x-coord      y-coord       
   1E+05        0.9808       0             1E+05        0             1.01E+07     0             0.33333      0.0094595     
   2E+05        0.98951      0             2E+05        0             1.02E+07     18895         1            0.016365      
   3E+05        0.9874       0             3E+05        0             1.03E+07     13587         1.6667       0.022652      
   4E+05        0.99398      0             4E+05        0             1.04E+07     19993         2.3333       0.028846      
   5E+05        0.9949       0             5E+05        0             1.05E+07     30350         3            0.035281      
   6E+05        0.99006      0             6E+05        0             1.06E+07     43142         3.6667       0.041689      
   7E+05        0.99238      0             7E+05        0             1.07E+07     56366         4.3333       0.047744      
   8E+05        0.99433      0             8E+05        0             1.08E+07     72376         5            0.054135      
   9E+05        0.99238      0             9E+05        0             1.09E+07     35134         5.6667       0.060287      
   1E+06        0.991        0             1E+06        0             1.1E+07      41394         6.3333       0.066219      
   1.1E+06      0.99615      0             1.1E+06      0             1.11E+07     48004         7            0.072013      
   1.2E+06      0.99553      0             1.2E+06      0             1.12E+07     55781         7.6667       0.077891      
   1.3E+06      0.99733      0             1.3E+06      0             1.13E+07     55545         8.3333       0.083387      
   1.4E+06      0.99569      0             1.4E+06      0             1.14E+07     63481         9            0.08902       
   1.5E+06      0.99183      0             1.5E+06      0             1.15E+07     71336         9.6667       0.094829      
   1.6E+06      0.99606      0             1.6E+06      0             1.16E+07     76654         10.333       0.10015       
   1.7E+06      0.99842      0             1.7E+06      0             1.17E+07     80214         11           0.10516       
   1.8E+06      0.99449      0             1.8E+06      0             1.18E+07     82368         11.667       0.10989       
   1.9E+06      0.99141      0             1.9E+06      0             1.19E+07     76964         12.333       0.11476       
   2E+06        0.99053      0             2E+06        0             1.2E+07      76530         13           0.11944       
   2.1E+06      0.99694      0             2.1E+06      0             1.21E+07     78808         13.667       0.12369       
   2.2E+06      0.99585      0             2.2E+06      0             1.22E+07     83806         14.333       0.12765       
   2.3E+06      0.99236      0             2.3E+06      0             1.23E+07     77018         15           0.13147       
   2.4E+06      0.99506      0             2.4E+06      0             1.24E+07     74144         15.667       0.13507       
   2.5E+06      1.0029       0             2.5E+06      0             1.25E+07     75893         16.333       0.13852       
   2.6E+06      0.99171      0             2.6E+06      0             1.26E+07     72355         17           0.14186       
   2.7E+06      0.99683      0             2.7E+06      0             1.27E+07     76846         17.667       0.14456       
   2.8E+06      0.99682      0             2.8E+06      0             1.28E+07     79418         18.333       0.1474        
   2.9E+06      0.99525      0             2.9E+06      0             1.29E+07     84508         19           0.14932       
   3E+06        0.99467      0             3E+06        0             1.3E+07      86246         19.667       0.15204       
   3.1E+06      0.99529      0             3.1E+06      0             1.31E+07     87383         20.333       0.15392       
   3.2E+06      0.99823      0             3.2E+06      0             1.32E+07     89853         21           0.1551        
   3.3E+06      0.99997      0             3.3E+06      0             1.33E+07     85517         21.667       0.15642       
   3.4E+06      0.99568      0             3.4E+06      0             1.34E+07     89895         22.333       0.1579        
   3.5E+06      0.99727      0             3.5E+06      0             1.35E+07     94202         23           0.15884       
   3.6E+06      0.99674      0             3.6E+06      0             1.36E+07     94213         23.667       0.15939       
   3.7E+06      0.99214      0             3.7E+06      0             1.37E+07     98415         24.333       0.16051       
   3.8E+06      0.99371      0             3.8E+06      0             1.38E+07     1.0303E+05    25           0.16088       
   3.9E+06      0.99485      0             3.9E+06      0             1.39E+07     1.0447E+05    25.667       0.16103       
   4E+06        0.99775      0             4E+06        0             1.4E+07      93902         26.333       0.16106       
   4.1E+06      0.99702      0             4.1E+06      0             1.41E+07     97641         27           0.16009       
   4.2E+06      0.99935      0             4.2E+06      0             1.42E+07     1.0025E+05    27.667       0.15882       
   4.3E+06      0.99534      0             4.3E+06      0             1.43E+07     1.0253E+05    28.333       0.15789       
   4.4E+06      0.99604      0             4.4E+06      0             1.44E+07     1.0633E+05    29           0.15667       
   4.5E+06      0.99733      0             4.5E+06      0             1.45E+07     1.094E+05     29.667       0.15554       
   4.6E+06      1.0002       0             4.6E+06      0             1.46E+07     1.1074E+05    30.333       0.15303       
   4.7E+06      0.99791      0             4.7E+06      0             1.47E+07     1.121E+05     31           0.15097       
   4.8E+06      0.99378      0             4.8E+06      0             1.48E+07     1.058E+05     31.667       0.14841       
   4.9E+06      0.99641      0             4.9E+06      0             1.49E+07     1.0945E+05    32.333       0.14565       
   5E+06        0.99575      0             5E+06        0             1.5E+07      1.1318E+05    33           0.14341       
   5.1E+06      0.99462      0             5.1E+06      0             1.51E+07     1.1622E+05    33.667       0.13989       
   5.2E+06      0.99717      0             5.2E+06      0             1.52E+07     1.1691E+05    34.333       0.136         
   5.3E+06      0.99668      0             5.3E+06      0             1.53E+07     1.095E+05     35           0.13265       
   5.4E+06      1.0011       0             5.4E+06      0             1.54E+07     1.1201E+05    35.667       0.12867       
   5.5E+06      1.0012       0             5.5E+06      0             1.55E+07     1.1521E+05    36.333       0.12456       
   5.6E+06      0.99715      0             5.6E+06      0             1.56E+07     1.1853E+05    37           0.12013       
   5.7E+06      0.99806      0             5.7E+06      0             1.57E+07     1.2098E+05    37.667       0.11513       
   5.8E+06      1.0007       0             5.8E+06      0             1.58E+07     1.2444E+05    38.333       0.11001       
   5.9E+06      0.99528      0             5.9E+06      0             1.59E+07     1.2469E+05    39           0.10521       
   6E+06        0.99505      0             6E+06        0             1.6E+07      1.2501E+05    39.667       0.10047       
   6.1E+06      0.99348      0             6.1E+06      0             1.61E+07     1.2835E+05    40.333       0.095439      
   6.2E+06      0.99736      0             6.2E+06      0             1.62E+07     1.3168E+05    41           0.089549      
   6.3E+06      0.99682      0             6.3E+06      0             1.63E+07     1.3416E+05    41.667       0.084475      
   6.4E+06      0.99848      0             6.4E+06      0             1.64E+07     1.323E+05     42.333       0.078896      
   6.5E+06      0.99724      0             6.5E+06      0             1.65E+07     1.3455E+05    43           0.073059      
   6.6E+06      0.99314      0             6.6E+06      0             1.66E+07     1.3758E+05    43.667       0.067214      
   6.7E+06      0.99588      0             6.7E+06      0             1.67E+07     1.356E+05     44.333       0.061133      
   6.8E+06      0.99838      0             6.8E+06      0             1.68E+07     1.3861E+05    45           0.05474       
   6.9E+06      0.99687      0             6.9E+06      0             1.69E+07     1.4186E+05    45.667       0.048658      
   7E+06        0.99712      0             7E+06        0             1.7E+07      1.445E+05     46.333       0.042193      
   7.1E+06      1.0016       0             7.1E+06      0             1.71E+07     1.4603E+05    47           0.035625      
   7.2E+06      0.99282      0             7.2E+06      0             1.72E+07     1.4477E+05    47.667       0.02926       
   7.3E+06      0.99843      0             7.3E+06      0             1.73E+07     1.4057E+05    48.333       0.022649      
   7.4E+06      0.99821      0             7.4E+06      0             1.74E+07     1.4092E+05    49           0.016223      
   7.5E+06      0.99818      0             7.5E+06      0             1.75E+07     1.4346E+05    49.667       0.0094614     
   7.6E+06      0.99909      0             7.6E+06      0             1.76E+07     1.4634E+05    
   7.7E+06      0.99243      0             7.7E+06      0             1.77E+07     1.4894E+05    
   7.8E+06      0.99703      0             7.8E+06      0             1.78E+07     1.5044E+05    
   7.9E+06      0.99543      0             7.9E+06      0             1.79E+07     1.5305E+05    
   8E+06        0.99533      0             8E+06        0             1.8E+07      1.3441E+05    
   8.1E+06      0.99873      0             8.1E+06      0             1.81E+07     1.3675E+05    
   8.2E+06      0.99963      0             8.2E+06      0             1.82E+07     1.368E+05     
   8.3E+06      0.99764      0             8.3E+06      0             1.83E+07     1.3922E+05    
   8.4E+06      0.99755      0             8.4E+06      0             1.84E+07     1.3739E+05    
   8.5E+06      0.99689      0             8.5E+06      0             1.85E+07     1.3837E+05    
   8.6E+06      0.99728      0             8.6E+06      0             1.86E+07     1.377E+05     
   8.7E+06      1.0001       0             8.7E+06      0             1.87E+07     1.3671E+05    
   8.8E+06      0.99755      0             8.8E+06      0             1.88E+07     1.3885E+05    
   8.9E+06      0.99563      0             8.9E+06      0             1.89E+07     1.4114E+05    
   9E+06        0.9961       0             9E+06        0             1.9E+07      1.4353E+05    
   9.1E+06      0.99737      0             9.1E+06      0             1.91E+07     1.4276E+05    
   9.2E+06      0.99692      0             9.2E+06      0             1.92E+07     1.4442E+05    
   9.3E+06      0.99572      0             9.3E+06      0             1.93E+07     1.4577E+05    
   9.4E+06      0.99706      0             9.4E+06      0             1.94E+07     1.4357E+05    
   9.5E+06      0.99904      0             9.5E+06      0             1.95E+07     1.4471E+05    
   9.6E+06      0.99922      0             9.6E+06      0             1.96E+07     1.4276E+05    
   9.7E+06      1.0003       0             9.7E+06      0             1.97E+07     1.3476E+05    
   9.8E+06      0.99752      0             9.8E+06      0             1.98E+07     1.3605E+05    
   9.9E+06      0.99815      0             9.9E+06      0             1.99E+07     1.3745E+05    
   1E+07        0.99851      0             1E+07        0             2E+07        1.3839E+05    
   1.01E+07     1.0014       NAN           1.01E+07     NAN           2.01E+07     1.399E+05     
   1.02E+07     0.99987      0.0010763     1.02E+07     0.0010763     2.02E+07     1.398E+05     
   1.03E+07     0.99859      0.0012629     1.03E+07     0.0012629     2.03E+07     1.4184E+05    
   1.04E+07     0.99811      0.0010359     1.04E+07     0.0010359     2.04E+07     1.4039E+05    
   1.05E+07     0.99824      0.00083659    1.05E+07     0.00083659    2.05E+07     1.4199E+05    
   1.06E+07     0.99828      0.0006983     1.06E+07     0.0006983     2.06E+07     1.4386E+05    
   1.07E+07     0.9984       0.00060799    1.07E+07     0.00060799    2.07E+07     1.4379E+05    
   1.08E+07     0.99835      0.00053401    1.08E+07     0.00053401    2.08E+07     1.4197E+05    
   1.09E+07     0.99898      0.00076284    1.09E+07     0.00076284    2.09E+07     1.4391E+05    
   1.1E+07      0.99884      0.00069945    1.1E+07      0.00069945    2.1E+07      1.4504E+05    
   1.11E+07     0.99872      0.00064651    1.11E+07     0.00064651    2.11E+07     1.4696E+05    
   1.12E+07     0.99864      0.00059703    1.12E+07     0.00059703    2.12E+07     1.4883E+05    
   1.13E+07     0.99841      0.00059558    1.13E+07     0.00059558    2.13E+07     1.4869E+05    
   1.14E+07     0.99836      0.00055453    1.14E+07     0.00055453    2.14E+07     1.505E+05     
   1.15E+07     0.9983       0.00052078    1.15E+07     0.00052078    2.15E+07     1.4889E+05    
   1.16E+07     0.99819      0.00050017    1.16E+07     0.00050017    2.16E+07     1.5039E+05    
   1.17E+07     0.99832      0.00048682    1.17E+07     0.00048682    2.17E+07     1.5183E+05    
   1.18E+07     0.99818      0.00047807    1.18E+07     0.00047807    2.18E+07     1.5372E+05    
   1.19E+07     0.99838      0.00049244    1.19E+07     0.00049244    2.19E+07     1.5539E+05    
   1.2E+07      0.99823      0.00049172    1.2E+07      0.00049172    2.2E+07      1.5596E+05    
   1.21E+07     0.99835      0.00048252    1.21E+07     0.00048252    2.21E+07     1.5707E+05    
   1.22E+07     0.99828      0.00046591    1.22E+07     0.00046591    2.22E+07     1.5714E+05    
   1.23E+07     0.99808      0.00048398    1.23E+07     0.00048398    2.23E+07     1.59E+05      
   1.24E+07     0.99792      0.00049124    1.24E+07     0.00049124    2.24E+07     1.6061E+05    
   1.25E+07     0.99803      0.00048356    1.25E+07     0.00048356    2.25E+07     1.6078E+05    
   1.26E+07     0.99786      0.00049325    1.26E+07     0.00049325    2.26E+07     1.6242E+05    
   1.27E+07     0.9979       0.00047666    1.27E+07     0.00047666    2.27E+07     1.6255E+05    
   1.28E+07     0.99798      0.00046701    1.28E+07     0.00046701    2.28E+07     1.642E+05     
   1.29E+07     0.99799      0.00045094    1.29E+07     0.00045094    2.29E+07     1.6598E+05    
   1.3E+07      0.99808      0.00044462    1.3E+07      0.00044462    2.3E+07      1.6541E+05    
   1.31E+07     0.99798      0.00043994    1.31E+07     0.00043994    2.31E+07     1.6489E+05    
   1.32E+07     0.99791      0.00043218    1.32E+07     0.00043218    2.32E+07     1.6453E+05    
   1.33E+07     0.99805      0.0004413     1.33E+07     0.0004413     2.33E+07     1.6625E+05    
   1.34E+07     0.99803      0.00042877    1.34E+07     0.00042877    2.34E+07     1.6785E+05    
   1.35E+07     0.99801      0.00041722    1.35E+07     0.00041722    2.35E+07     1.6786E+05    
   1.36E+07     0.99792      0.00041563    1.36E+07     0.00041563    2.36E+07     1.694E+05     
   1.37E+07     0.99794      0.00040514    1.37E+07     0.00040514    2.37E+07     1.7025E+05    
   1.38E+07     0.99794      0.0003945     1.38E+07     0.0003945     2.38E+07     1.7181E+05    
   1.39E+07     0.99788      0.00039033    1.39E+07     0.00039033    2.39E+07     1.7356E+05    
   1.4E+07      0.99803      0.00041015    1.4E+07      0.00041015    2.4E+07      1.7482E+05    
   1.41E+07     0.99805      0.00040076    1.41E+07     0.00040076    2.41E+07     1.7474E+05    
   1.42E+07     0.99801      0.0003941     1.42E+07     0.0003941     2.42E+07     1.7641E+05    
   1.43E+07     0.99806      0.0003883     1.43E+07     0.0003883     2.43E+07     1.7813E+05    
   1.44E+07     0.99807      0.00037989    1.44E+07     0.00037989    2.44E+07     1.7859E+05    
   1.45E+07     0.99804      0.00037321    1.45E+07     0.00037321    2.45E+07     1.8018E+05    
   1.46E+07     0.99798      0.00036966    1.46E+07     0.00036966    2.46E+07     1.7274E+05    
   1.47E+07     0.99804      0.00036613    1.47E+07     0.00036613    2.47E+07     1.7437E+05    
   1.48E+07     0.99815      0.00037554    1.48E+07     0.00037554    2.48E+07     1.7559E+05    
   1.49E+07     0.99814      0.00036796    1.49E+07     0.00036796    2.49E+07     1.7724E+05    
   1.5E+07      0.99814      0.00036062    1.5E+07      0.00036062    2.5E+07      1.7802E+05    
   1.51E+07     0.99817      0.00035466    1.51E+07     0.00035466    2.51E+07     1.7922E+05    
   1.52E+07     0.99811      0.00035244    1.52E+07     0.00035244    2.52E+07     1.8077E+05    
   1.53E+07     0.998        0.00036292    1.53E+07     0.00036292    2.53E+07     1.8047E+05    
   1.54E+07     0.99803      0.00035764    1.54E+07     0.00035764    2.54E+07     1.8199E+05    
   1.55E+07     0.99801      0.00035147    1.55E+07     0.00035147    2.55E+07     1.8358E+05    
   1.56E+07     0.998        0.00034539    1.56E+07     0.00034539    2.56E+07     1.8454E+05    
   1.57E+07     0.99797      0.00034073    1.57E+07     0.00034073    2.57E+07     1.8604E+05    
   1.58E+07     0.99797      0.00033487    1.58E+07     0.00033487    2.58E+07     1.8755E+05    
   1.59E+07     0.99792      0.00033347    1.59E+07     0.00033347    2.59E+07     1.8914E+05    
   1.6E+07      0.99797      0.00033197    1.6E+07      0.00033197    2.6E+07      1.876E+05     
   1.61E+07     0.99797      0.00032653    1.61E+07     0.00032653    2.61E+07     1.8919E+05    
   1.62E+07     0.99796      0.00032136    1.62E+07     0.00032136    2.62E+07     1.8787E+05    
   1.63E+07     0.99799      0.00031738    1.63E+07     0.00031738    2.63E+07     1.8736E+05    
   1.64E+07     0.99793      0.00031862    1.64E+07     0.00031862    2.64E+07     1.8861E+05    
   1.65E+07     0.9979       0.00031497    1.65E+07     0.00031497    2.65E+07     1.9018E+05    
   1.66E+07     0.99791      0.00031047    1.66E+07     0.00031047    2.66E+07     1.8856E+05    
   1.67E+07     0.99797      0.00031178    1.67E+07     0.00031178    2.67E+07     1.901E+05     
   1.68E+07     0.99799      0.00030744    1.68E+07     0.00030744    2.68E+07     1.9161E+05    
   1.69E+07     0.99799      0.00030299    1.69E+07     0.00030299    2.69E+07     1.9121E+05    
   1.7E+07      0.99797      0.00029928    1.7E+07      0.00029928    2.7E+07      1.9054E+05    
   1.71E+07     0.998        0.00029683    1.71E+07     0.00029683    2.71E+07     1.9164E+05    
   1.72E+07     0.99795      0.00029723    1.72E+07     0.00029723    2.72E+07     1.9278E+05    
   1.73E+07     0.99802      0.00030075    1.73E+07     0.00030075    2.73E+07     1.94E+05      
   1.74E+07     0.99798      0.00029947    1.74E+07     0.00029947    2.74E+07     1.9552E+05    
   1.75E+07     0.99796      0.00029594    1.75E+07     0.00029594    2.75E+07     1.9445E+05    
   1.76E+07     0.99797      0.00029217    1.76E+07     0.00029217    2.76E+07     1.9506E+05    
   1.77E+07     0.99798      0.00028878    1.77E+07     0.00028878    2.77E+07     1.9492E+05    
   1.78E+07     0.99801      0.00028649    1.78E+07     0.00028649    2.78E+07     1.9639E+05    
   1.79E+07     0.998        0.00028322    1.79E+07     0.00028322    2.79E+07     1.9656E+05    
   1.8E+07      0.99788      0.00030137    1.8E+07      0.00030137    2.8E+07      1.9793E+05    
   1.81E+07     0.99787      0.00029794    1.81E+07     0.00029794    2.81E+07     1.9906E+05    
   1.82E+07     0.99783      0.00029705    1.82E+07     0.00029705    2.82E+07     1.9853E+05    
   1.83E+07     0.99784      0.00029362    1.83E+07     0.00029362    2.83E+07     1.9934E+05    
   1.84E+07     0.99779      0.00029475    1.84E+07     0.00029475    2.84E+07     1.9944E+05    
   1.85E+07     0.99782      0.00029291    1.85E+07     0.00029291    2.85E+07     2.0078E+05    
   1.86E+07     0.99786      0.00029281    1.86E+07     0.00029281    2.86E+07     2.0175E+05    
   1.87E+07     0.99782      0.00029305    1.87E+07     0.00029305    2.87E+07     2.0293E+05    
   1.88E+07     0.99783      0.00028998    1.88E+07     0.00028998    2.88E+07     2.0429E+05    
   1.89E+07     0.99784      0.00028685    1.89E+07     0.00028685    2.89E+07     2.0326E+05    
   1.9E+07      0.99784      0.00028369    1.9E+07      0.00028369    2.9E+07      2.0468E+05    
   1.91E+07     0.99788      0.00028367    1.91E+07     0.00028367    2.91E+07     2.0595E+05    
   1.92E+07     0.99786      0.00028129    1.92E+07     0.00028129    2.92E+07     2.0618E+05    
   1.93E+07     0.99784      0.00027925    1.93E+07     0.00027925    2.93E+07     2.0612E+05    
   1.94E+07     0.99779      0.00028064    1.94E+07     0.00028064    2.94E+07     2.068E+05     
   1.95E+07     0.99776      0.0002788     1.95E+07     0.0002788     2.95E+07     2.0659E+05    
   1.96E+07     0.99781      0.00027995    1.96E+07     0.00027995    2.96E+07     2.079E+05     
   1.97E+07     0.99774      0.0002874     1.97E+07     0.0002874     2.97E+07     2.0743E+05    
   1.98E+07     0.99776      0.0002853     1.98E+07     0.0002853     2.98E+07     2.0556E+05    
   1.99E+07     0.99778      0.00028311    1.99E+07     0.00028311    2.99E+07     2.06E+05      
   2E+07        0.99775      0.00028141    2E+07        0.00028141    3E+07        2.0484E+05    
   2.01E+07     0.99777      0.00027919    2.01E+07     0.00027919    3.01E+07     1.9486E+05    
   2.02E+07     0.99774      0.00027858    2.02E+07     0.00027858    3.02E+07     1.9532E+05    
   2.03E+07     0.99774      0.00027587    2.03E+07     0.00027587    3.03E+07     1.964E+05     
   2.04E+07     0.99769      0.00027658    2.04E+07     0.00027658    3.04E+07     1.957E+05     
   2.05E+07     0.99768      0.00027433    2.05E+07     0.00027433    3.05E+07     1.9666E+05    
   2.06E+07     0.99767      0.00027186    2.06E+07     0.00027186    3.06E+07     1.9754E+05    
   2.07E+07     0.99764      0.00027127    2.07E+07     0.00027127    3.07E+07     1.9876E+05    
   2.08E+07     0.99759      0.00027225    2.08E+07     0.00027225    3.08E+07     2.0003E+05    
   2.09E+07     0.9976       0.00026976    2.09E+07     0.00026976    3.09E+07     2.0103E+05    
   2.1E+07      0.99762      0.00026805    2.1E+07      0.00026805    3.1E+07      2.0152E+05    
   2.11E+07     0.99762      0.00026566    2.11E+07     0.00026566    3.11E+07     2.0256E+05    
   2.12E+07     0.99761      0.00026334    2.12E+07     0.00026334    3.12E+07     2.0339E+05    
   2.13E+07     0.99764      0.00026283    2.13E+07     0.00026283    3.13E+07     2.0387E+05    
   2.14E+07     0.99765      0.00026062    2.14E+07     0.00026062    3.14E+07     1.991E+05     
   2.15E+07     0.99761      0.00026141    2.15E+07     0.00026141    3.15E+07     1.9909E+05    
   2.16E+07     0.9976       0.00025949    2.16E+07     0.00025949    3.16E+07     2.0027E+05    
   2.17E+07     0.99758      0.00025763    2.17E+07     0.00025763    3.17E+07     2.0089E+05    
   2.18E+07     0.99758      0.00025545    2.18E+07     0.00025545    3.18E+07     2.0061E+05    
   2.19E+07     0.99759      0.00025348    2.19E+07     0.00025348    3.19E+07     2.0071E+05    
   2.2E+07      0.99757      0.00025243    2.2E+07      0.00025243    3.2E+07      2.0186E+05    
   2.21E+07     0.99759      0.00025095    2.21E+07     0.00025095    3.21E+07     2.0267E+05    
   2.22E+07     0.99761      0.00025032    2.22E+07     0.00025032    3.22E+07     2.0285E+05    
   2.23E+07     0.99761      0.00024828    2.23E+07     0.00024828    3.23E+07     2.0389E+05    
   2.24E+07     0.99762      0.00024647    2.24E+07     0.00024647    3.24E+07     2.0506E+05    
   2.25E+07     0.99765      0.00024577    2.25E+07     0.00024577    3.25E+07     2.0625E+05    
   2.26E+07     0.99766      0.00024398    2.26E+07     0.00024398    3.26E+07     2.0609E+05    
   2.27E+07     0.99763      0.00024334    2.27E+07     0.00024334    3.27E+07     2.0684E+05    
   2.28E+07     0.99762      0.00024158    2.28E+07     0.00024158    3.28E+07     2.0734E+05    
   2.29E+07     0.99763      0.00023975    2.29E+07     0.00023975    3.29E+07     2.0763E+05    
   2.3E+07      0.99766      0.00023961    2.3E+07      0.00023961    3.3E+07      2.0835E+05    
   2.31E+07     0.99768      0.00023946    2.31E+07     0.00023946    3.31E+07     2.0856E+05    
   2.32E+07     0.99766      0.0002392     2.32E+07     0.0002392     3.32E+07     2.0948E+05    
   2.33E+07     0.99766      0.00023744    2.33E+07     0.00023744    3.33E+07     2.1008E+05    
   2.34E+07     0.99767      0.00023577    2.34E+07     0.00023577    3.34E+07     2.1095E+05    
   2.35E+07     0.99769      0.00023526    2.35E+07     0.00023526    3.35E+07     2.1209E+05    
   2.36E+07     0.99768      0.00023368    2.36E+07     0.00023368    3.36E+07     2.1234E+05    
   2.37E+07     0.99767      0.0002326     2.37E+07     0.0002326     3.37E+07     2.1348E+05    
   2.38E+07     0.99767      0.00023103    2.38E+07     0.00023103    3.38E+07     2.1446E+05    
   2.39E+07     0.99767      0.00022938    2.39E+07     0.00022938    3.39E+07     2.1553E+05    
   2.4E+07      0.99769      0.00022807    2.4E+07      0.00022807    3.4E+07      2.1669E+05    
   2.41E+07     0.99766      0.00022764    2.41E+07     0.00022764    3.41E+07     2.164E+05     
   2.42E+07     0.99766      0.00022608    2.42E+07     0.00022608    3.42E+07     2.1742E+05    
   2.43E+07     0.99766      0.0002245     2.43E+07     0.0002245     3.43E+07     2.185E+05     
   2.44E+07     0.99764      0.00022375    2.44E+07     0.00022375    3.44E+07     2.1753E+05    
   2.45E+07     0.99765      0.00022229    2.45E+07     0.00022229    3.45E+07     2.1861E+05    
   2.46E+07     0.9977       0.00022657    2.46E+07     0.00022657    3.46E+07     2.194E+05     
   2.47E+07     0.9977       0.00022503    2.47E+07     0.00022503    3.47E+07     2.2054E+05    
   2.48E+07     0.99771      0.00022378    2.48E+07     0.00022378    3.48E+07     2.1974E+05    
   2.49E+07     0.99771      0.00022229    2.49E+07     0.00022229    3.49E+07     2.1954E+05    
   2.5E+07      0.99773      0.00022135    2.5E+07      0.00022135    3.5E+07      2.2009E+05    
   2.51E+07     0.99772      0.00022013    2.51E+07     0.00022013    3.51E+07     2.2101E+05    
   2.52E+07     0.99771      0.00021874    2.52E+07     0.00021874    3.52E+07     2.2213E+05    
   2.53E+07     0.99773      0.00021849    2.53E+07     0.00021849    3.53E+07     2.2294E+05    
   2.54E+07     0.99773      0.00021714    2.54E+07     0.00021714    3.54E+07     2.2391E+05    
   2.55E+07     0.99773      0.00021575    2.55E+07     0.00021575    3.55E+07     2.2321E+05    
   2.56E+07     0.99771      0.00021476    2.56E+07     0.00021476    3.56E+07     2.2318E+05    
   2.57E+07     0.99771      0.00021347    2.57E+07     0.00021347    3.57E+07     2.2344E+05    
   2.58E+07     0.9977       0.00021219    2.58E+07     0.00021219    3.58E+07     2.2234E+05    
   2.59E+07     0.9977       0.00021088    2.59E+07     0.00021088    3.59E+07     2.2343E+05    
   2.6E+07      0.99773      0.00021132    2.6E+07      0.00021132    3.6E+07      2.2453E+05    
   2.61E+07     0.99773      0.00021002    2.61E+07     0.00021002    3.61E+07     2.2245E+05    
   2.62E+07     0.99771      0.00021035    2.62E+07     0.00021035    3.62E+07     2.234E+05     
   2.63E+07     0.99773      0.00021023    2.63E+07     0.00021023    3.63E+07     2.2377E+05    
   2.64E+07     0.99774      0.00020911    2.64E+07     0.00020911    3.64E+07     2.2321E+05    
   2.65E+07     0.99774      0.00020785    2.65E+07     0.00020785    3.65E+07     2.2337E+05    
   2.66E+07     0.99771      0.00020835    2.66E+07     0.00020835    3.66E+07     2.2363E+05    
   2.67E+07     0.99771      0.00020711    2.67E+07     0.00020711    3.67E+07     2.2467E+05    
   2.68E+07     0.99771      0.00020589    2.68E+07     0.00020589    3.68E+07     2.2511E+05    
   2.69E+07     0.99769      0.00020572    2.69E+07     0.00020572    3.69E+07     2.2502E+05    
   2.7E+07      0.99771      0.00020569    2.7E+07      0.00020569    3.7E+07      2.2236E+05    
   2.71E+07     0.99772      0.00020472    2.71E+07     0.00020472    3.71E+07     2.2213E+05    
   2.72E+07     0.99773      0.00020372    2.72E+07     0.00020372    3.72E+07     2.2317E+05    
   2.73E+07     0.99772      0.00020271    2.73E+07     0.00020271    3.73E+07     2.2419E+05    
   2.74E+07     0.99772      0.00020154    2.74E+07     0.00020154    3.74E+07     2.2523E+05    
   2.75E+07     0.9977       0.00020173    2.75E+07     0.00020173    3.75E+07     2.2624E+05    
   2.76E+07     0.99771      0.00020104    2.76E+07     0.00020104    3.76E+07     2.2728E+05    
   2.77E+07     0.99773      0.00020074    2.77E+07     0.00020074    3.77E+07     2.2801E+05    
   2.78E+07     0.99773      0.00019962    2.78E+07     0.00019962    3.78E+07     2.2828E+05    
   2.79E+07     0.99772      0.00019918    2.79E+07     0.00019918    3.79E+07     2.293E+05     
   2.8E+07      0.99771      0.00019813    2.8E+07      0.00019813    3.8E+07      2.3027E+05    
   2.81E+07     0.99772      0.00019719    2.81E+07     0.00019719    3.81E+07     2.31E+05      
   2.82E+07     0.9977       0.00019711    2.82E+07     0.00019711    3.82E+07     2.3193E+05    
   2.83E+07     0.99769      0.00019635    2.83E+07     0.00019635    3.83E+07     2.3229E+05    
   2.84E+07     0.99771      0.00019596    2.84E+07     0.00019596    3.84E+07     2.3221E+05    
   2.85E+07     0.99771      0.00019494    2.85E+07     0.00019494    3.85E+07     2.3078E+05    
   2.86E+07     0.9977       0.00019413    2.86E+07     0.00019413    3.86E+07     2.3151E+05    
   2.87E+07     0.99771      0.00019322    2.87E+07     0.00019322    3.87E+07     2.3208E+05    
   2.88E+07     0.99771      0.00019224    2.88E+07     0.00019224    3.88E+07     2.321E+05     
   2.89E+07     0.99769      0.00019239    2.89E+07     0.00019239    3.89E+07     2.2847E+05    
   2.9E+07      0.99769      0.00019139    2.9E+07      0.00019139    3.9E+07      2.2944E+05    
   2.91E+07     0.99769      0.00019047    2.91E+07     0.00019047    3.91E+07     2.2595E+05    
   2.92E+07     0.99771      0.00019003    2.92E+07     0.00019003    3.92E+07     2.2689E+05    
   2.93E+07     0.99772      0.00018973    2.93E+07     0.00018973    3.93E+07     2.2782E+05    
   2.94E+07     0.99771      0.00018908    2.94E+07     0.00018908    3.94E+07     2.2688E+05    
   2.95E+07     0.9977       0.00018886    2.95E+07     0.00018886    3.95E+07     2.2249E+05    
   2.96E+07     0.99769      0.00018794    2.96E+07     0.00018794    3.96E+07     2.2322E+05    
   2.97E+07     0.99767      0.00018784    2.97E+07     0.00018784    3.97E+07     2.2319E+05    
   2.98E+07     0.99765      0.00018833    2.98E+07     0.00018833    3.98E+07     2.241E+05     
   2.99E+07     0.99766      0.00018781    2.99E+07     0.00018781    3.99E+07     2.2503E+05    
   3E+07        0.99768      0.00018803    3E+07        0.00018803    4E+07        2.2593E+05    
   3.01E+07     0.99773      0.00019246    3.01E+07     0.00019246    4.01E+07     2.2647E+05    
   3.02E+07     0.99772      0.0001919     3.02E+07     0.0001919     4.02E+07     2.2703E+05    
   3.03E+07     0.99771      0.00019106    3.03E+07     0.00019106    4.03E+07     2.2715E+05    
   3.04E+07     0.99773      0.00019108    3.04E+07     0.00019108    4.04E+07     2.2777E+05    
   3.05E+07     0.99772      0.0001903     3.05E+07     0.0001903     4.05E+07     2.2862E+05    
   3.06E+07     0.99771      0.00018956    3.06E+07     0.00018956    4.06E+07     2.2896E+05    
   3.07E+07     0.99772      0.00018866    3.07E+07     0.00018866    4.07E+07     2.2953E+05    
   3.08E+07     0.99772      0.00018775    3.08E+07     0.00018775    4.08E+07     2.2967E+05    
   3.09E+07     0.99772      0.00018698    3.09E+07     0.00018698    4.09E+07     2.236E+05     
   3.1E+07      0.99771      0.00018644    3.1E+07      0.00018644    4.1E+07      2.2422E+05    
   3.11E+07     0.99771      0.00018566    3.11E+07     0.00018566    4.11E+07     2.2491E+05    
   3.12E+07     0.9977       0.00018498    3.12E+07     0.00018498    4.12E+07     2.2094E+05    
   3.13E+07     0.99771      0.00018447    3.13E+07     0.00018447    4.13E+07     2.2164E+05    
   3.14E+07     0.99774      0.00018636    3.14E+07     0.00018636    4.14E+07     2.2237E+05    
   3.15E+07     0.99775      0.00018606    3.15E+07     0.00018606    4.15E+07     2.2121E+05    
   3.16E+07     0.99775      0.00018522    3.16E+07     0.00018522    4.16E+07     2.215E+05     
   3.17E+07     0.99774      0.00018464    3.17E+07     0.00018464    4.17E+07     2.2237E+05    
   3.18E+07     0.99776      0.00018447    3.18E+07     0.00018447    4.18E+07     2.2113E+05    
   3.19E+07     0.99774      0.00018413    3.19E+07     0.00018413    4.19E+07     2.2199E+05    
   3.2E+07      0.99774      0.00018331    3.2E+07      0.00018331    4.2E+07      2.2275E+05    
   3.21E+07     0.99775      0.00018265    3.21E+07     0.00018265    4.21E+07     2.2309E+05    
   3.22E+07     0.99776      0.00018229    3.22E+07     0.00018229    4.22E+07     2.2367E+05    
   3.23E+07     0.99776      0.00018154    3.23E+07     0.00018154    4.23E+07     2.2437E+05    
   3.24E+07     0.99776      0.00018073    3.24E+07     0.00018073    4.24E+07     2.2507E+05    
   3.25E+07     0.99776      0.00017993    3.25E+07     0.00017993    4.25E+07     2.2588E+05    
   3.26E+07     0.99774      0.00017972    3.26E+07     0.00017972    4.26E+07     2.2671E+05    
   3.27E+07     0.99774      0.00017911    3.27E+07     0.00017911    4.27E+07     2.2726E+05    
   3.28E+07     0.99775      0.00017861    3.28E+07     0.00017861    4.28E+07     2.2812E+05    
   3.29E+07     0.99773      0.00017821    3.29E+07     0.00017821    4.29E+07     2.2833E+05    
   3.3E+07      0.99774      0.00017764    3.3E+07      0.00017764    4.3E+07      2.2865E+05    
   3.31E+07     0.99773      0.00017727    3.31E+07     0.00017727    4.31E+07     2.272E+05     
   3.32E+07     0.99773      0.00017661    3.32E+07     0.00017661    4.32E+07     2.2797E+05    
   3.33E+07     0.99772      0.00017609    3.33E+07     0.00017609    4.33E+07     2.2687E+05    
   3.34E+07     0.99772      0.00017546    3.34E+07     0.00017546    4.34E+07     2.2771E+05    
   3.35E+07     0.99772      0.00017473    3.35E+07     0.00017473    4.35E+07     2.278E+05     
   3.36E+07     0.99771      0.00017436    3.36E+07     0.00017436    4.36E+07     2.2834E+05    
   3.37E+07     0.99771      0.00017363    3.37E+07     0.00017363    4.37E+07     2.2917E+05    
   3.38E+07     0.9977       0.00017298    3.38E+07     0.00017298    4.38E+07     2.299E+05     
   3.39E+07     0.99771      0.00017229    3.39E+07     0.00017229    4.39E+07     2.3069E+05    
   3.4E+07      0.99771      0.00017157    3.4E+07      0.00017157    4.4E+07      2.3146E+05    
   3.41E+07     0.99772      0.00017141    3.41E+07     0.00017141    4.41E+07     2.3155E+05    
   3.42E+07     0.99773      0.00017076    3.42E+07     0.00017076    4.42E+07     2.3238E+05    
   3.43E+07     0.99772      0.00017009    3.43E+07     0.00017009    4.43E+07     2.3309E+05    
   3.44E+07     0.99774      0.00017021    3.44E+07     0.00017021    4.44E+07     2.3392E+05    
   3.45E+07     0.99774      0.00016953    3.45E+07     0.00016953    4.45E+07     2.324E+05     
   3.46E+07     0.99773      0.00016898    3.46E+07     0.00016898    4.46E+07     2.3314E+05    
   3.47E+07     0.99773      0.0001683     3.47E+07     0.0001683     4.47E+07     2.3383E+05    
   3.48E+07     0.99775      0.00016836    3.48E+07     0.00016836    4.48E+07     2.3461E+05    
   3.49E+07     0.99774      0.00016819    3.49E+07     0.00016819    4.49E+07     2.3302E+05    
   3.5E+07      0.99773      0.00016774    3.5E+07      0.00016774    4.5E+07      2.3374E+05    
   3.51E+07     0.99773      0.00016715    3.51E+07     0.00016715    4.51E+07     2.3345E+05    
   3.52E+07     0.99773      0.00016649    3.52E+07     0.00016649    4.52E+07     2.3361E+05    
   3.53E+07     0.99773      0.00016595    3.53E+07     0.00016595    4.53E+07     2.3428E+05    
   3.54E+07     0.99772      0.00016535    3.54E+07     0.00016535    4.54E+07     2.3509E+05    
   3.55E+07     0.99771      0.00016538    3.55E+07     0.00016538    4.55E+07     2.3571E+05    
   3.56E+07     0.99769      0.00016515    3.56E+07     0.00016515    4.56E+07     2.3603E+05    
   3.57E+07     0.99768      0.00016482    3.57E+07     0.00016482    4.57E+07     2.359E+05     
   3.58E+07     0.99767      0.00016499    3.58E+07     0.00016499    4.58E+07     2.3663E+05    
   3.59E+07     0.99767      0.00016436    3.59E+07     0.00016436    4.59E+07     2.3723E+05    
   3.6E+07      0.99767      0.00016373    3.6E+07      0.00016373    4.6E+07      2.3565E+05    
   3.61E+07     0.99765      0.00016426    3.61E+07     0.00016426    4.61E+07     2.3609E+05    
   3.62E+07     0.99764      0.00016368    3.62E+07     0.00016368    4.62E+07     2.3687E+05    
   3.63E+07     0.99765      0.00016331    3.63E+07     0.00016331    4.63E+07     2.3757E+05    
   3.64E+07     0.99764      0.00016329    3.64E+07     0.00016329    4.64E+07     2.3836E+05    
   3.65E+07     0.99765      0.00016301    3.65E+07     0.00016301    4.65E+07     2.3899E+05    
   3.66E+07     0.99766      0.00016269    3.66E+07     0.00016269    4.66E+07     2.3768E+05    
   3.67E+07     0.99766      0.00016208    3.67E+07     0.00016208    4.67E+07     2.3846E+05    
   3.68E+07     0.99767      0.00016171    3.68E+07     0.00016171    4.68E+07     2.3923E+05    
   3.69E+07     0.99768      0.00016152    3.69E+07     0.00016152    4.69E+07     2.3767E+05    
   3.7E+07      0.9977       0.00016226    3.7E+07      0.00016226    4.7E+07      2.3843E+05    
   3.71E+07     0.99769      0.00016212    3.71E+07     0.00016212    4.71E+07     2.3877E+05    
   3.72E+07     0.99769      0.00016152    3.72E+07     0.00016152    4.72E+07     2.3954E+05    
   3.73E+07     0.99769      0.00016093    3.73E+07     0.00016093    4.73E+07     2.3978E+05    
   3.74E+07     0.99769      0.00016035    3.74E+07     0.00016035    4.74E+07     2.4055E+05    
   3.75E+07     0.99769      0.00015977    3.75E+07     0.00015977    4.75E+07     2.3972E+05    
   3.76E+07     0.99769      0.00015919    3.76E+07     0.00015919    4.76E+07     2.3802E+05    
   3.77E+07     0.9977       0.00015872    3.77E+07     0.00015872    4.77E+07     2.3876E+05    
   3.78E+07     0.99769      0.00015842    3.78E+07     0.00015842    4.78E+07     2.3925E+05    
   3.79E+07     0.99769      0.00015785    3.79E+07     0.00015785    4.79E+07     2.3836E+05    
   3.8E+07      0.99768      0.00015731    3.8E+07      0.00015731    4.8E+07      2.3908E+05    
   3.81E+07     0.99768      0.00015685    3.81E+07     0.00015685    4.81E+07     2.3613E+05    
   3.82E+07     0.99767      0.00015633    3.82E+07     0.00015633    4.82E+07     2.286E+05     
   3.83E+07     0.99768      0.000156      3.83E+07     0.000156      4.83E+07     2.2927E+05    
   3.84E+07     0.99769      0.00015582    3.84E+07     0.00015582    4.84E+07     2.2998E+05    
   3.85E+07     0.99768      0.0001561     3.85E+07     0.0001561     4.85E+07     2.3053E+05    
   3.86E+07     0.99768      0.00015565    3.86E+07     0.00015565    4.86E+07     2.2957E+05    
   3.87E+07     0.99768      0.00015526    3.87E+07     0.00015526    4.87E+07     2.2966E+05    
   3.88E+07     0.99769      0.00015502    3.88E+07     0.00015502    4.88E+07     2.3026E+05    
   3.89E+07     0.99766      0.00015605    3.89E+07     0.00015605    4.89E+07     2.3044E+05    
   3.9E+07      0.99766      0.00015551    3.9E+07      0.00015551    4.9E+07      2.3114E+05    
   3.91E+07     0.99769      0.0001565     3.91E+07     0.0001565     4.91E+07     2.3173E+05    
   3.92E+07     0.99768      0.00015597    3.92E+07     0.00015597    4.92E+07     2.3242E+05    
   3.93E+07     0.99768      0.00015545    3.93E+07     0.00015545    4.93E+07     2.3281E+05    
   3.94E+07     0.9977       0.00015558    3.94E+07     0.00015558    4.94E+07     2.321E+05     
   3.95E+07     0.99767      0.0001569     3.95E+07     0.0001569     4.95E+07     2.3243E+05    
   3.96E+07     0.99767      0.00015644    3.96E+07     0.00015644    4.96E+07     2.3182E+05    
   3.97E+07     0.99768      0.00015626    3.97E+07     0.00015626    4.97E+07     2.3191E+05    
   3.98E+07     0.99768      0.00015574    3.98E+07     0.00015574    4.98E+07     2.3239E+05    
   3.99E+07     0.99768      0.00015522    3.99E+07     0.00015522    4.99E+07     2.2936E+05    
   4E+07        0.99768      0.00015472    4E+07        0.00015472    5E+07        2.3005E+05    
   4.01E+07     0.99768      0.00015434    4.01E+07     0.00015434    5.01E+07     2.3069E+05    
   4.02E+07     0.99768      0.00015395    4.02E+07     0.00015395    5.02E+07     2.3135E+05    
   4.03E+07     0.99769      0.00015372    4.03E+07     0.00015372    5.03E+07     2.311E+05     
   4.04E+07     0.99768      0.00015332    4.04E+07     0.00015332    5.04E+07     2.3166E+05    
   4.05E+07     0.99768      0.00015284    4.05E+07     0.00015284    5.05E+07     2.3187E+05    
   4.06E+07     0.99768      0.00015254    4.06E+07     0.00015254    5.06E+07     2.325E+05     
   4.07E+07     0.99767      0.00015216    4.07E+07     0.00015216    5.07E+07     2.3298E+05    
   4.08E+07     0.99768      0.00015192    4.08E+07     0.00015192    5.08E+07     2.3254E+05    
   4.09E+07     0.99765      0.00015378    4.09E+07     0.00015378    5.09E+07     2.3286E+05    
   4.1E+07      0.99765      0.00015338    4.1E+07      0.00015338    5.1E+07      2.3351E+05    
   4.11E+07     0.99764      0.00015295    4.11E+07     0.00015295    5.11E+07     2.3402E+05    
   4.12E+07     0.99767      0.00015413    4.12E+07     0.00015413    5.12E+07     2.3468E+05    
   4.13E+07     0.99766      0.0001537     4.13E+07     0.0001537     5.13E+07     2.335E+05     
   4.14E+07     0.99767      0.00015326    4.14E+07     0.00015326    5.14E+07     2.3236E+05    
   4.15E+07     0.99768      0.00015347    4.15E+07     0.00015347    5.15E+07     2.3303E+05    
   4.16E+07     0.99767      0.00015319    4.16E+07     0.00015319    5.16E+07     2.3248E+05    
   4.17E+07     0.99767      0.0001527     4.17E+07     0.0001527     5.17E+07     2.3289E+05    
   4.18E+07     0.99769      0.00015294    4.18E+07     0.00015294    5.18E+07     2.3297E+05    
   4.19E+07     0.99769      0.00015246    4.19E+07     0.00015246    5.19E+07     2.331E+05     
   4.2E+07      0.99768      0.00015202    4.2E+07      0.00015202    5.2E+07      2.3354E+05    
   4.21E+07     0.99769      0.00015173    4.21E+07     0.00015173    5.21E+07     2.3398E+05    
   4.22E+07     0.9977       0.00015134    4.22E+07     0.00015134    5.22E+07     2.3391E+05    
   4.23E+07     0.99769      0.00015093    4.23E+07     0.00015093    5.23E+07     2.3448E+05    
   4.24E+07     0.99769      0.00015051    4.24E+07     0.00015051    5.24E+07     2.3512E+05    
   4.25E+07     0.99769      0.00015007    4.25E+07     0.00015007    5.25E+07     2.352E+05     
   4.26E+07     0.99769      0.00014961    4.26E+07     0.00014961    5.26E+07     2.3577E+05    
   4.27E+07     0.99769      0.00014925    4.27E+07     0.00014925    5.27E+07     2.3571E+05    
   4.28E+07     0.99769      0.0001488     4.28E+07     0.0001488     5.28E+07     2.3631E+05    
   4.29E+07     0.9977       0.00014855    4.29E+07     0.00014855    5.29E+07     2.3365E+05    
   4.3E+07      0.99769      0.00014827    4.3E+07      0.00014827    5.3E+07      2.3428E+05    
   4.31E+07     0.99771      0.00014856    4.31E+07     0.00014856    5.31E+07     2.3479E+05    
   4.32E+07     0.99771      0.00014814    4.32E+07     0.00014814    5.32E+07     2.3429E+05    
   4.33E+07     0.99772      0.00014833    4.33E+07     0.00014833    5.33E+07     2.349E+05     
   4.34E+07     0.99772      0.00014788    4.34E+07     0.00014788    5.34E+07     2.3501E+05    
   4.35E+07     0.99772      0.00014768    4.35E+07     0.00014768    5.35E+07     2.3496E+05    
   4.36E+07     0.99771      0.00014733    4.36E+07     0.00014733    5.36E+07     2.3549E+05    
   4.37E+07     0.99771      0.00014689    4.37E+07     0.00014689    5.37E+07     2.3389E+05    
   4.38E+07     0.99771      0.00014649    4.38E+07     0.00014649    5.38E+07     2.3447E+05    
   4.39E+07     0.99771      0.00014607    4.39E+07     0.00014607    5.39E+07     2.3459E+05    
   4.4E+07      0.99772      0.00014566    4.4E+07      0.00014566    5.4E+07      2.3519E+05    
   4.41E+07     0.99771      0.00014547    4.41E+07     0.00014547    5.41E+07     2.3554E+05    
   4.42E+07     0.99771      0.00014504    4.42E+07     0.00014504    5.42E+07     2.356E+05     
   4.43E+07     0.99771      0.00014465    4.43E+07     0.00014465    5.43E+07     2.36E+05      
   4.44E+07     0.99771      0.00014423    4.44E+07     0.00014423    5.44E+07     2.3207E+05    
   4.45E+07     0.99773      0.00014454    4.45E+07     0.00014454    5.45E+07     2.3266E+05    
   4.46E+07     0.99773      0.00014415    4.46E+07     0.00014415    5.46E+07     2.3278E+05    
   4.47E+07     0.99773      0.00014377    4.47E+07     0.00014377    5.47E+07     2.3332E+05    
   4.48E+07     0.99773      0.00014337    4.48E+07     0.00014337    5.48E+07     2.3354E+05    
   4.49E+07     0.99775      0.00014369    4.49E+07     0.00014369    5.49E+07     2.3286E+05    
   4.5E+07      0.99775      0.00014331    4.5E+07      0.00014331    5.5E+07      2.3286E+05    
   4.51E+07     0.99776      0.00014324    4.51E+07     0.00014324    5.51E+07     2.3286E+05    
   4.52E+07     0.99775      0.00014303    4.52E+07     0.00014303    5.52E+07     2.3317E+05    
   4.53E+07     0.99775      0.00014267    4.53E+07     0.00014267    5.53E+07     2.3261E+05    
   4.54E+07     0.99775      0.00014226    4.54E+07     0.00014226    5.54E+07     2.3316E+05    
   4.55E+07     0.99776      0.00014192    4.55E+07     0.00014192    5.55E+07     2.335E+05     
   4.56E+07     0.99775      0.00014166    4.56E+07     0.00014166    5.56E+07     2.341E+05     
   4.57E+07     0.99776      0.00014155    4.57E+07     0.00014155    5.57E+07     2.347E+05     
   4.58E+07     0.99776      0.00014117    4.58E+07     0.00014117    5.58E+07     2.3515E+05    
   4.59E+07     0.99775      0.00014084    4.59E+07     0.00014084    5.59E+07     2.3492E+05    
   4.6E+07      0.99774      0.00014115    4.6E+07      0.00014115    5.6E+07      2.3541E+05    
   4.61E+07     0.99773      0.00014087    4.61E+07     0.00014087    5.61E+07     2.3583E+05    
   4.62E+07     0.99774      0.00014048    4.62E+07     0.00014048    5.62E+07     2.3597E+05    
   4.63E+07     0.99774      0.00014012    4.63E+07     0.00014012    5.63E+07     2.3589E+05    
   4.64E+07     0.99774      0.00013974    4.64E+07     0.00013974    5.64E+07     2.3648E+05    
   4.65E+07     0.99774      0.0001394     4.65E+07     0.0001394     5.65E+07     2.3701E+05    
   4.66E+07     0.99775      0.00013963    4.66E+07     0.00013963    5.66E+07     2.3702E+05    
   4.67E+07     0.99775      0.00013925    4.67E+07     0.00013925    5.67E+07     2.3757E+05    
   4.68E+07     0.99775      0.00013888    4.68E+07     0.00013888    5.68E+07     2.3765E+05    
   4.69E+07     0.99774      0.00013918    4.69E+07     0.00013918    5.69E+07     2.3812E+05    
   4.7E+07      0.99774      0.00013881    4.7E+07      0.00013881    5.7E+07      2.3863E+05    
   4.71E+07     0.99775      0.00013857    4.71E+07     0.00013857    5.71E+07     2.3906E+05    
   4.72E+07     0.99775      0.0001382     4.72E+07     0.0001382     5.72E+07     2.3952E+05    
   4.73E+07     0.99774      0.00013798    4.73E+07     0.00013798    5.73E+07     2.3741E+05    
   4.74E+07     0.99774      0.00013761    4.74E+07     0.00013761    5.74E+07     2.3798E+05    
   4.75E+07     0.99773      0.0001377     4.75E+07     0.0001377     5.75E+07     2.3497E+05    
   4.76E+07     0.99774      0.00013805    4.76E+07     0.00013805    5.76E+07     2.3553E+05    
   4.77E+07     0.99774      0.00013769    4.77E+07     0.00013769    5.77E+07     2.3589E+05    
   4.78E+07     0.99774      0.00013739    4.78E+07     0.00013739    5.78E+07     2.3636E+05    
   4.79E+07     0.99773      0.0001375     4.79E+07     0.0001375     5.79E+07     2.3653E+05    
   4.8E+07      0.99773      0.00013715    4.8E+07      0.00013715    5.8E+07      2.366E+05     
   4.81E+07     0.99771      0.00013786    4.81E+07     0.00013786    5.81E+07     2.3699E+05    
   4.82E+07     0.99773      0.00013996    4.82E+07     0.00013996    5.82E+07     2.3715E+05    
   4.83E+07     0.99773      0.00013961    4.83E+07     0.00013961    5.83E+07     2.3773E+05    
   4.84E+07     0.99773      0.00013925    4.84E+07     0.00013925    5.84E+07     2.3788E+05    
   4.85E+07     0.99773      0.00013894    4.85E+07     0.00013894    5.85E+07     2.3845E+05    
   4.86E+07     0.99774      0.00013908    4.86E+07     0.00013908    5.86E+07     2.3903E+05    
   4.87E+07     0.99773      0.00013891    4.87E+07     0.00013891    5.87E+07     2.394E+05     
   4.88E+07     0.99773      0.00013859    4.88E+07     0.00013859    5.88E+07     2.3831E+05    
   4.89E+07     0.99772      0.00013839    4.89E+07     0.00013839    5.89E+07     2.3882E+05    
   4.9E+07      0.99772      0.00013804    4.9E+07      0.00013804    5.9E+07      2.3871E+05    
   4.91E+07     0.99773      0.00013772    4.91E+07     0.00013772    5.91E+07     2.3925E+05    
   4.92E+07     0.99773      0.00013738    4.92E+07     0.00013738    5.92E+07     2.3978E+05    
   4.93E+07     0.99772      0.00013712    4.93E+07     0.00013712    5.93E+07     2.4019E+05    
   4.94E+07     0.99771      0.00013719    4.94E+07     0.00013719    5.94E+07     2.4074E+05    
   4.95E+07     0.99772      0.00013695    4.95E+07     0.00013695    5.95E+07     2.4044E+05    
   4.96E+07     0.99773      0.00013699    4.96E+07     0.00013699    5.96E+07     2.4101E+05    
   4.97E+07     0.99772      0.00013683    4.97E+07     0.00013683    5.97E+07     2.4114E+05    
   4.98E+07     0.99771      0.00013655    4.98E+07     0.00013655    5.98E+07     2.4157E+05    
   4.99E+07     0.9977       0.00013731    4.99E+07     0.00013731    5.99E+07     2.4213E+05    
   5E+07        0.9977       0.00013696    5E+07        0.00013696    6E+07        2.427E+05     
   5.01E+07     0.9977       0.00013664    5.01E+07     0.00013664    6.01E+07     2.4193E+05    
   5.02E+07     0.9977       0.0001363     5.02E+07     0.0001363     6.02E+07     2.4234E+05    
   5.03E+07     0.99769      0.00013624    5.03E+07     0.00013624    6.03E+07     2.4278E+05    
   5.04E+07     0.99769      0.00013594    5.04E+07     0.00013594    6.04E+07     2.4331E+05    
   5.05E+07     0.99769      0.00013574    5.05E+07     0.00013574    6.05E+07     2.4242E+05    
   5.06E+07     0.99769      0.00013542    5.06E+07     0.00013542    6.06E+07     2.4097E+05    
   5.07E+07     0.99768      0.00013515    5.07E+07     0.00013515    6.07E+07     2.414E+05     
   5.08E+07     0.99768      0.00013514    5.08E+07     0.00013514    6.08E+07     2.3938E+05    
   5.09E+07     0.99767      0.00013492    5.09E+07     0.00013492    6.09E+07     2.3965E+05    
   5.1E+07      0.99767      0.0001346     5.1E+07      0.0001346     6.1E+07      2.4016E+05    
   5.11E+07     0.99767      0.00013432    5.11E+07     0.00013432    6.11E+07     2.4063E+05    
   5.12E+07     0.99767      0.00013399    5.12E+07     0.00013399    6.12E+07     2.4107E+05    
   5.13E+07     0.99766      0.0001342     5.13E+07     0.0001342     6.13E+07     2.4159E+05    
   5.14E+07     0.99767      0.0001344     5.14E+07     0.0001344     6.14E+07     2.4211E+05    
   5.15E+07     0.99767      0.00013407    5.15E+07     0.00013407    6.15E+07     2.4265E+05    
   5.16E+07     0.99766      0.0001341     5.16E+07     0.0001341     6.16E+07     2.4294E+05    
   5.17E+07     0.99766      0.00013385    5.17E+07     0.00013385    6.17E+07     2.434E+05     
   5.18E+07     0.99767      0.0001337     5.18E+07     0.0001337     6.18E+07     2.4303E+05    
   5.19E+07     0.99766      0.00013353    5.19E+07     0.00013353    6.19E+07     2.4192E+05    
   5.2E+07      0.99767      0.00013327    5.2E+07      0.00013327    6.2E+07      2.4241E+05    
   5.21E+07     0.99767      0.00013302    5.21E+07     0.00013302    6.21E+07     2.4246E+05    
   5.22E+07     0.99768      0.00013291    5.22E+07     0.00013291    6.22E+07     2.4236E+05    
   5.23E+07     0.99768      0.00013262    5.23E+07     0.00013262    6.23E+07     2.425E+05     
   5.24E+07     0.99768      0.00013232    5.24E+07     0.00013232    6.24E+07     2.4203E+05    
   5.25E+07     0.99767      0.00013216    5.25E+07     0.00013216    6.25E+07     2.4253E+05    
   5.26E+07     0.99767      0.00013188    5.26E+07     0.00013188    6.26E+07     2.4201E+05    
   5.27E+07     0.99767      0.00013177    5.27E+07     0.00013177    6.27E+07     2.4251E+05    
   5.28E+07     0.99768      0.00013148    5.28E+07     0.00013148    6.28E+07     2.4292E+05    
   5.29E+07     0.99766      0.0001321     5.29E+07     0.0001321     6.29E+07     2.4343E+05    
   5.3E+07      0.99766      0.00013179    5.3E+07      0.00013179    6.3E+07      2.4301E+05    
   5.31E+07     0.99766      0.00013153    5.31E+07     0.00013153    6.31E+07     2.4349E+05    
   5.32E+07     0.99767      0.00013154    5.32E+07     0.00013154    6.32E+07     2.4395E+05    
   5.33E+07     0.99767      0.00013124    5.33E+07     0.00013124    6.33E+07     2.4435E+05    
   5.34E+07     0.99768      0.00013109    5.34E+07     0.00013109    6.34E+07     2.4488E+05    
   5.35E+07     0.99767      0.00013098    5.35E+07     0.00013098    6.35E+07     2.4539E+05    
   5.36E+07     0.99767      0.00013071    5.36E+07     0.00013071    6.36E+07     2.4486E+05    
   5.37E+07     0.99766      0.00013103    5.37E+07     0.00013103    6.37E+07     2.446E+05     
   5.38E+07     0.99765      0.00013075    5.38E+07     0.00013075    6.38E+07     2.4508E+05    
   5.39E+07     0.99765      0.00013059    5.39E+07     0.00013059    6.39E+07     2.4555E+05    
   5.4E+07      0.99765      0.0001303     5.4E+07      0.0001303     6.4E+07      2.4605E+05    
   5.41E+07     0.99764      0.00013009    5.41E+07     0.00013009    6.41E+07     2.4538E+05    
   5.42E+07     0.99765      0.00012995    5.42E+07     0.00012995    6.42E+07     2.4553E+05    
   5.43E+07     0.99764      0.00012972    5.43E+07     0.00012972    6.43E+07     2.459E+05     
   5.44E+07     0.99766      0.00013069    5.44E+07     0.00013069    6.44E+07     2.4632E+05    
   5.45E+07     0.99766      0.00013041    5.45E+07     0.00013041    6.45E+07     2.4684E+05    
   5.46E+07     0.99765      0.00013025    5.46E+07     0.00013025    6.46E+07     2.472E+05     
   5.47E+07     0.99765      0.00012998    5.47E+07     0.00012998    6.47E+07     2.476E+05     
   5.48E+07     0.99766      0.0001298     5.48E+07     0.0001298     6.48E+07     2.4812E+05    
   5.49E+07     0.99765      0.00012987    5.49E+07     0.00012987    6.49E+07     2.473E+05     
   5.5E+07      0.99764      0.00012975    5.5E+07      0.00012975    6.5E+07      2.4781E+05    
   5.51E+07     0.99765      0.00012963    5.51E+07     0.00012963    6.51E+07     2.483E+05     
   5.52E+07     0.99765      0.00012943    5.52E+07     0.00012943    6.52E+07     2.4847E+05    
   5.53E+07     0.99764      0.00012947    5.53E+07     0.00012947    6.53E+07     2.4898E+05    
   5.54E+07     0.99764      0.0001292     5.54E+07     0.0001292     6.54E+07     2.4885E+05    
   5.55E+07     0.99765      0.00012898    5.55E+07     0.00012898    6.55E+07     2.4803E+05    
   5.56E+07     0.99765      0.0001287     5.56E+07     0.0001287     6.56E+07     2.4854E+05    
   5.57E+07     0.99765      0.00012842    5.57E+07     0.00012842    6.57E+07     2.4874E+05    
   5.58E+07     0.99765      0.00012818    5.58E+07     0.00012818    6.58E+07     2.4864E+05    
   5.59E+07     0.99766      0.00012813    5.59E+07     0.00012813    6.59E+07     2.4905E+05    
   5.6E+07      0.99766      0.00012788    5.6E+07      0.00012788    6.6E+07      2.4907E+05    
   5.61E+07     0.99766      0.00012765    5.61E+07     0.00012765    6.61E+07     2.4859E+05    
   5.62E+07     0.99765      0.0001275     5.62E+07     0.0001275     6.62E+07     2.4893E+05    
   5.63E+07     0.99766      0.00012741    5.63E+07     0.00012741    6.63E+07     2.4895E+05    
   5.64E+07     0.99766      0.00012713    5.64E+07     0.00012713    6.64E+07     2.485E+05     
   5.65E+07     0.99766      0.00012688    5.65E+07     0.00012688    6.65E+07     2.4897E+05    
   5.66E+07     0.99767      0.00012676    5.66E+07     0.00012676    6.66E+07     2.4935E+05    
   5.67E+07     0.99767      0.00012649    5.67E+07     0.00012649    6.67E+07     2.4786E+05    
   5.68E+07     0.99768      0.00012636    5.68E+07     0.00012636    6.68E+07     2.4754E+05    
   5.69E+07     0.99767      0.00012612    5.69E+07     0.00012612    6.69E+07     2.4717E+05    
   5.7E+07      0.99767      0.00012588    5.7E+07      0.00012588    6.7E+07      2.4756E+05    
   5.71E+07     0.99767      0.00012565    5.71E+07     0.00012565    6.71E+07     2.4682E+05    
   5.72E+07     0.99767      0.00012542    5.72E+07     0.00012542    6.72E+07     2.472E+05     
   5.73E+07     0.99766      0.00012587    5.73E+07     0.00012587    6.73E+07     2.477E+05     
   5.74E+07     0.99766      0.00012561    5.74E+07     0.00012561    6.74E+07     2.4709E+05    
   5.75E+07     0.99767      0.0001263     5.75E+07     0.0001263     6.75E+07     2.47E+05      
   5.76E+07     0.99767      0.00012604    5.76E+07     0.00012604    6.76E+07     2.4729E+05    
   5.77E+07     0.99767      0.00012583    5.77E+07     0.00012583    6.77E+07     2.4773E+05    
   5.78E+07     0.99767      0.0001256     5.78E+07     0.0001256     6.78E+07     2.4797E+05    
   5.79E+07     0.99766      0.00012544    5.79E+07     0.00012544    6.79E+07     2.482E+05     
   5.8E+07      0.99765      0.00012531    5.8E+07      0.00012531    6.8E+07      2.4848E+05    
   5.81E+07     0.99765      0.0001251     5.81E+07     0.0001251     6.81E+07     2.4803E+05    
   5.82E+07     0.99766      0.00012495    5.82E+07     0.00012495    6.82E+07     2.4807E+05    
   5.83E+07     0.99766      0.00012469    5.83E+07     0.00012469    6.83E+07     2.4829E+05    
   5.84E+07     0.99765      0.00012454    5.84E+07     0.00012454    6.84E+07     2.4878E+05    
   5.85E+07     0.99765      0.00012429    5.85E+07     0.00012429    6.85E+07     2.4781E+05    
   5.86E+07     0.99765      0.00012403    5.86E+07     0.00012403    6.86E+07     2.4825E+05    
   5.87E+07     0.99765      0.00012383    5.87E+07     0.00012383    6.87E+07     2.4859E+05    
   5.88E+07     0.99766      0.00012401    5.88E+07     0.00012401    6.88E+07     2.4887E+05    
   5.89E+07     0.99766      0.00012376    5.89E+07     0.00012376    6.89E+07     2.4935E+05    
   5.9E+07      0.99766      0.00012369    5.9E+07      0.00012369    6.9E+07      2.4964E+05    
   5.91E+07     0.99766      0.00012344    5.91E+07     0.00012344    6.91E+07     2.4993E+05    
   5.92E+07     0.99766      0.0001232     5.92E+07     0.0001232     6.92E+07     2.5014E+05    
   5.93E+07     0.99766      0.00012299    5.93E+07     0.00012299    6.93E+07     2.5061E+05    
   5.94E+07     0.99766      0.00012275    5.94E+07     0.00012275    6.94E+07     2.5094E+05    
   5.95E+07     0.99765      0.00012272    5.95E+07     0.00012272    6.95E+07     2.5006E+05    
   5.96E+07     0.99765      0.00012247    5.96E+07     0.00012247    6.96E+07     2.5051E+05    
   5.97E+07     0.99765      0.00012233    5.97E+07     0.00012233    6.97E+07     2.5033E+05    
   5.98E+07     0.99765      0.00012212    5.98E+07     0.00012212    6.98E+07     2.4979E+05    
   5.99E+07     0.99765      0.00012188    5.99E+07     0.00012188    6.99E+07     2.4957E+05    
   6E+07        0.99765      0.00012164    6E+07        0.00012164    7E+07        2.4774E+05    
   6.01E+07     0.99766      0.00012173    6.01E+07     0.00012173    7.01E+07     2.4812E+05    
   6.02E+07     0.99766      0.00012152    6.02E+07     0.00012152    7.02E+07     2.4721E+05    
   6.03E+07     0.99766      0.00012131    6.03E+07     0.00012131    7.03E+07     2.4741E+05    
   6.04E+07     0.99767      0.00012108    6.04E+07     0.00012108    7.04E+07     2.4732E+05    
   6.05E+07     0.99767      0.0001212     6.05E+07     0.0001212     7.05E+07     2.4754E+05    
   6.06E+07     0.99769      0.00012146    6.06E+07     0.00012146    7.06E+07     2.4739E+05    
   6.07E+07     0.99768      0.00012125    6.07E+07     0.00012125    7.07E+07     2.4734E+05    
   6.08E+07     0.99767      0.00012166    6.08E+07     0.00012166    7.08E+07     2.476E+05     
   6.09E+07     0.99767      0.00012149    6.09E+07     0.00012149    7.09E+07     2.4753E+05    
   6.1E+07      0.99767      0.00012126    6.1E+07      0.00012126    7.1E+07      2.4765E+05    
   6.11E+07     0.99767      0.00012104    6.11E+07     0.00012104    7.11E+07     2.4809E+05    
   6.12E+07     0.99767      0.00012083    6.12E+07     0.00012083    7.12E+07     2.4826E+05    
   6.13E+07     0.99768      0.0001206     6.13E+07     0.0001206     7.13E+07     2.4871E+05    
   6.14E+07     0.99768      0.00012037    6.14E+07     0.00012037    7.14E+07     2.4887E+05    
   6.15E+07     0.99768      0.00012014    6.15E+07     0.00012014    7.15E+07     2.4907E+05    
   6.16E+07     0.99767      0.00011997    6.16E+07     0.00011997    7.16E+07     2.4928E+05    
   6.17E+07     0.99767      0.00011976    6.17E+07     0.00011976    7.17E+07     2.4962E+05    
   6.18E+07     0.99767      0.00011975    6.18E+07     0.00011975    7.18E+07     2.5007E+05    
   6.19E+07     0.99766      0.00011992    6.19E+07     0.00011992    7.19E+07     2.5032E+05    
   6.2E+07      0.99766      0.00011971    6.2E+07      0.00011971    7.2E+07      2.4978E+05    
   6.21E+07     0.99766      0.0001196     6.21E+07     0.0001196     7.21E+07     2.4986E+05    
   6.22E+07     0.99766      0.00011953    6.22E+07     0.00011953    7.22E+07     2.5021E+05    
   6.23E+07     0.99765      0.00011939    6.23E+07     0.00011939    7.23E+07     2.4614E+05    
   6.24E+07     0.99765      0.00011941    6.24E+07     0.00011941    7.24E+07     2.4656E+05    
   6.25E+07     0.99764      0.0001192     6.25E+07     0.0001192     7.25E+07     2.4653E+05    
   6.26E+07     0.99765      0.00011923    6.26E+07     0.00011923    7.26E+07     2.4647E+05    
   6.27E+07     0.99765      0.00011901    6.27E+07     0.00011901    7.27E+07     2.4672E+05    
   6.28E+07     0.99765      0.00011881    6.28E+07     0.00011881    7.28E+07     2.4529E+05    
   6.29E+07     0.99765      0.00011859    6.29E+07     0.00011859    7.29E+07     2.4567E+05    
   6.3E+07      0.99765      0.0001186     6.3E+07      0.0001186     7.3E+07      2.4597E+05    
   6.31E+07     0.99765      0.00011839    6.31E+07     0.00011839    7.31E+07     2.4529E+05    
   6.32E+07     0.99764      0.00011818    6.32E+07     0.00011818    7.32E+07     2.4569E+05    
   6.33E+07     0.99765      0.00011799    6.33E+07     0.00011799    7.33E+07     2.4602E+05    
   6.34E+07     0.99765      0.00011777    6.34E+07     0.00011777    7.34E+07     2.4477E+05    
   6.35E+07     0.99765      0.00011756    6.35E+07     0.00011756    7.35E+07     2.4512E+05    
   6.36E+07     0.99766      0.00011759    6.36E+07     0.00011759    7.36E+07     2.4537E+05    
   6.37E+07     0.99765      0.00011756    6.37E+07     0.00011756    7.37E+07     2.4506E+05    
   6.38E+07     0.99765      0.00011735    6.38E+07     0.00011735    7.38E+07     2.4521E+05    
   6.39E+07     0.99765      0.00011715    6.39E+07     0.00011715    7.39E+07     2.451E+05     
   6.4E+07      0.99764      0.00011693    6.4E+07      0.00011693    7.4E+07      2.4548E+05    
   6.41E+07     0.99764      0.000117      6.41E+07     0.000117      7.41E+07     2.4515E+05    
   6.42E+07     0.99764      0.00011688    6.42E+07     0.00011688    7.42E+07     2.4491E+05    
   6.43E+07     0.99764      0.00011669    6.43E+07     0.00011669    7.43E+07     2.4531E+05    
   6.44E+07     0.99764      0.0001165     6.44E+07     0.0001165     7.44E+07     2.4555E+05    
   6.45E+07     0.99764      0.00011629    6.45E+07     0.00011629    7.45E+07     2.4568E+05    
   6.46E+07     0.99763      0.00011612    6.46E+07     0.00011612    7.46E+07     2.452E+05     
   6.47E+07     0.99763      0.00011593    6.47E+07     0.00011593    7.47E+07     2.4559E+05    
   6.48E+07     0.99763      0.00011572    6.48E+07     0.00011572    7.48E+07     2.4486E+05    
   6.49E+07     0.99764      0.00011582    6.49E+07     0.00011582    7.49E+07     2.4522E+05    
   6.5E+07      0.99764      0.00011561    6.5E+07      0.00011561    7.5E+07      2.4553E+05    
   6.51E+07     0.99764      0.00011541    6.51E+07     0.00011541    7.51E+07     2.4583E+05    
   6.52E+07     0.99764      0.00011528    6.52E+07     0.00011528    7.52E+07     2.4488E+05    
   6.53E+07     0.99764      0.00011507    6.53E+07     0.00011507    7.53E+07     2.4498E+05    
   6.54E+07     0.99764      0.00011502    6.54E+07     0.00011502    7.54E+07     2.4539E+05    
   6.55E+07     0.99764      0.00011512    6.55E+07     0.00011512    7.55E+07     2.4411E+05    
   6.56E+07     0.99764      0.00011491    6.56E+07     0.00011491    7.56E+07     2.4454E+05    
   6.57E+07     0.99764      0.00011477    6.57E+07     0.00011477    7.57E+07     2.4487E+05    
   6.58E+07     0.99763      0.00011471    6.58E+07     0.00011471    7.58E+07     2.4505E+05    
   6.59E+07     0.99763      0.00011452    6.59E+07     0.00011452    7.59E+07     2.4279E+05    
   6.6E+07      0.99763      0.00011443    6.6E+07      0.00011443    7.6E+07      2.4317E+05    
   6.61E+07     0.99763      0.00011445    6.61E+07     0.00011445    7.61E+07     2.4328E+05    
   6.62E+07     0.99763      0.00011429    6.62E+07     0.00011429    7.62E+07     2.437E+05     
   6.63E+07     0.99764      0.0001142     6.63E+07     0.0001142     7.63E+07     2.4406E+05    
   6.64E+07     0.99763      0.00011422    6.64E+07     0.00011422    7.64E+07     2.4436E+05    
   6.65E+07     0.99763      0.00011402    6.65E+07     0.00011402    7.65E+07     2.4379E+05    
   6.66E+07     0.99763      0.00011385    6.66E+07     0.00011385    7.66E+07     2.4418E+05    
   6.67E+07     0.99762      0.0001141     6.67E+07     0.0001141     7.67E+07     2.4456E+05    
   6.68E+07     0.99763      0.00011409    6.68E+07     0.00011409    7.68E+07     2.439E+05     
   6.69E+07     0.99762      0.00011409    6.69E+07     0.00011409    7.69E+07     2.4388E+05    
   6.7E+07      0.99762      0.00011392    6.7E+07      0.00011392    7.7E+07      2.4427E+05    
   6.71E+07     0.99763      0.000114      6.71E+07     0.000114      7.71E+07     2.425E+05     
   6.72E+07     0.99763      0.00011383    6.72E+07     0.00011383    7.72E+07     2.4289E+05    
   6.73E+07     0.99763      0.00011363    6.73E+07     0.00011363    7.73E+07     2.4296E+05    
   6.74E+07     0.99762      0.00011368    6.74E+07     0.00011368    7.74E+07     2.4332E+05    
   6.75E+07     0.99763      0.00011362    6.75E+07     0.00011362    7.75E+07     2.4268E+05    
   6.76E+07     0.99763      0.00011347    6.76E+07     0.00011347    7.76E+07     2.4294E+05    
   6.77E+07     0.99763      0.00011329    6.77E+07     0.00011329    7.77E+07     2.4317E+05    
   6.78E+07     0.99762      0.00011314    6.78E+07     0.00011314    7.78E+07     2.4351E+05    
   6.79E+07     0.99762      0.00011301    6.79E+07     0.00011301    7.79E+07     2.4367E+05    
   6.8E+07      0.99762      0.00011286    6.8E+07      0.00011286    7.8E+07      2.4406E+05    
   6.81E+07     0.99761      0.00011288    6.81E+07     0.00011288    7.81E+07     2.4443E+05    
   6.82E+07     0.99761      0.00011279    6.82E+07     0.00011279    7.82E+07     2.426E+05     
   6.83E+07     0.9976       0.00011265    6.83E+07     0.00011265    7.83E+07     2.426E+05     
   6.84E+07     0.9976       0.00011246    6.84E+07     0.00011246    7.84E+07     2.421E+05     
   6.85E+07     0.99759      0.0001126     6.85E+07     0.0001126     7.85E+07     2.4224E+05    
   6.86E+07     0.9976       0.00011242    6.86E+07     0.00011242    7.86E+07     2.4262E+05    
   6.87E+07     0.9976       0.00011226    6.87E+07     0.00011226    7.87E+07     2.4296E+05    
   6.88E+07     0.99759      0.00011211    6.88E+07     0.00011211    7.88E+07     2.4323E+05    
   6.89E+07     0.9976       0.00011192    6.89E+07     0.00011192    7.89E+07     2.4347E+05    
   6.9E+07      0.9976       0.00011178    6.9E+07      0.00011178    7.9E+07      2.4386E+05    
   6.91E+07     0.9976       0.00011163    6.91E+07     0.00011163    7.91E+07     2.4422E+05    
   6.92E+07     0.99761      0.0001115     6.92E+07     0.0001115     7.92E+07     2.4448E+05    
   6.93E+07     0.99761      0.00011132    6.93E+07     0.00011132    7.93E+07     2.4487E+05    
   6.94E+07     0.9976       0.00011116    6.94E+07     0.00011116    7.94E+07     2.4521E+05    
   6.95E+07     0.99761      0.00011128    6.95E+07     0.00011128    7.95E+07     2.456E+05     
   6.96E+07     0.99761      0.0001111     6.96E+07     0.0001111     7.96E+07     2.4596E+05    
   6.97E+07     0.99762      0.00011106    6.97E+07     0.00011106    7.97E+07     2.4616E+05    
   6.98E+07     0.99762      0.0001111     6.98E+07     0.0001111     7.98E+07     2.4617E+05    
   6.99E+07     0.99762      0.00011107    6.99E+07     0.00011107    7.99E+07     2.457E+05     
   7E+07        0.99763      0.0001114     7E+07        0.0001114     8E+07        2.4601E+05    
   7.01E+07     0.99763      0.00011123    7.01E+07     0.00011123    8.01E+07     2.4584E+05    
   7.02E+07     0.99762      0.00011135    7.02E+07     0.00011135    8.02E+07     2.4621E+05    
   7.03E+07     0.99762      0.00011123    7.03E+07     0.00011123    8.03E+07     2.458E+05     
   7.04E+07     0.99761      0.00011117    7.04E+07     0.00011117    8.04E+07     2.4545E+05    
   7.05E+07     0.99761      0.00011104    7.05E+07     0.00011104    8.05E+07     2.4561E+05    
   7.06E+07     0.9976       0.000111      7.06E+07     0.000111      8.06E+07     2.4598E+05    
   7.07E+07     0.9976       0.00011093    7.07E+07     0.00011093    8.07E+07     2.4625E+05    
   7.08E+07     0.9976       0.00011079    7.08E+07     0.00011079    8.08E+07     2.4588E+05    
   7.09E+07     0.99759      0.00011073    7.09E+07     0.00011073    8.09E+07     2.4582E+05    
   7.1E+07      0.99759      0.00011062    7.1E+07      0.00011062    8.1E+07      2.4604E+05    
   7.11E+07     0.9976       0.00011045    7.11E+07     0.00011045    8.11E+07     2.4627E+05    
   7.12E+07     0.9976       0.00011033    7.12E+07     0.00011033    8.12E+07     2.4595E+05    
   7.13E+07     0.9976       0.00011015    7.13E+07     0.00011015    8.13E+07     2.4599E+05    
   7.14E+07     0.9976       0.00011004    7.14E+07     0.00011004    8.14E+07     2.4636E+05    
   7.15E+07     0.99759      0.00010992    7.15E+07     0.00010992    8.15E+07     2.4674E+05    
   7.16E+07     0.9976       0.00010979    7.16E+07     0.00010979    8.16E+07     2.4677E+05    
   7.17E+07     0.99759      0.00010964    7.17E+07     0.00010964    8.17E+07     2.4715E+05    
   7.18E+07     0.99759      0.00010947    7.18E+07     0.00010947    8.18E+07     2.4753E+05    
   7.19E+07     0.99759      0.00010934    7.19E+07     0.00010934    8.19E+07     2.4789E+05    
   7.2E+07      0.99758      0.00010938    7.2E+07      0.00010938    8.2E+07      2.4806E+05    
   7.21E+07     0.99759      0.00010928    7.21E+07     0.00010928    8.21E+07     2.4832E+05    
   7.22E+07     0.99759      0.00010913    7.22E+07     0.00010913    8.22E+07     2.4869E+05    
   7.23E+07     0.9976       0.00010995    7.23E+07     0.00010995    8.23E+07     2.4906E+05    
   7.24E+07     0.9976       0.00010978    7.24E+07     0.00010978    8.24E+07     2.4919E+05    
   7.25E+07     0.9976       0.00010971    7.25E+07     0.00010971    8.25E+07     2.4897E+05    
   7.26E+07     0.99759      0.00010965    7.26E+07     0.00010965    8.26E+07     2.4917E+05    
   7.27E+07     0.99759      0.00010952    7.27E+07     0.00010952    8.27E+07     2.48E+05      
   7.28E+07     0.99758      0.00010976    7.28E+07     0.00010976    8.28E+07     2.4831E+05    
   7.29E+07     0.99758      0.0001096     7.29E+07     0.0001096     8.29E+07     2.4859E+05    
   7.3E+07      0.99758      0.00010946    7.3E+07      0.00010946    8.3E+07      2.4854E+05    
   7.31E+07     0.99757      0.00010953    7.31E+07     0.00010953    8.31E+07     2.488E+05     
   7.32E+07     0.99757      0.00010937    7.32E+07     0.00010937    8.32E+07     2.4915E+05    
   7.33E+07     0.99757      0.00010922    7.33E+07     0.00010922    8.33E+07     2.4911E+05    
   7.34E+07     0.99756      0.00010942    7.34E+07     0.00010942    8.34E+07     2.4937E+05    
   7.35E+07     0.99756      0.00010927    7.35E+07     0.00010927    8.35E+07     2.4973E+05    
   7.36E+07     0.99756      0.00010914    7.36E+07     0.00010914    8.36E+07     2.5008E+05    
   7.37E+07     0.99756      0.00010914    7.37E+07     0.00010914    8.37E+07     2.5013E+05    
   7.38E+07     0.99757      0.00010903    7.38E+07     0.00010903    8.38E+07     2.4987E+05    
   7.39E+07     0.99757      0.00010898    7.39E+07     0.00010898    8.39E+07     2.4983E+05    
   7.4E+07      0.99757      0.00010882    7.4E+07      0.00010882    8.4E+07      2.5017E+05    
   7.41E+07     0.99757      0.00010882    7.41E+07     0.00010882    8.41E+07     2.5052E+05    
   7.42E+07     0.99756      0.0001088     7.42E+07     0.0001088     8.42E+07     2.5087E+05    
   7.43E+07     0.99756      0.00010864    7.43E+07     0.00010864    8.43E+07     2.5071E+05    
   7.44E+07     0.99756      0.00010851    7.44E+07     0.00010851    8.44E+07     2.5107E+05    
   7.45E+07     0.99756      0.00010841    7.45E+07     0.00010841    8.45E+07     2.5138E+05    
   7.46E+07     0.99755      0.00010845    7.46E+07     0.00010845    8.46E+07     2.5165E+05    
   7.47E+07     0.99755      0.00010828    7.47E+07     0.00010828    8.47E+07     2.5084E+05    
   7.48E+07     0.99756      0.00010837    7.48E+07     0.00010837    8.48E+07     2.504E+05     
   7.49E+07     0.99756      0.00010821    7.49E+07     0.00010821    8.49E+07     2.5062E+05    
   7.5E+07      0.99756      0.00010807    7.5E+07      0.00010807    8.5E+07      2.5089E+05    
   7.51E+07     0.99756      0.00010793    7.51E+07     0.00010793    8.51E+07     2.4909E+05    
   7.52E+07     0.99757      0.00010807    7.52E+07     0.00010807    8.52E+07     2.4939E+05    
   7.53E+07     0.99757      0.00010798    7.53E+07     0.00010798    8.53E+07     2.4949E+05    
   7.54E+07     0.99757      0.00010782    7.54E+07     0.00010782    8.54E+07     2.4965E+05    
   7.55E+07     0.99756      0.00010802    7.55E+07     0.00010802    8.55E+07     2.4998E+05    
   7.56E+07     0.99756      0.00010786    7.56E+07     0.00010786    8.56E+07     2.5029E+05    
   7.57E+07     0.99756      0.00010771    7.57E+07     0.00010771    8.57E+07     2.5064E+05    
   7.58E+07     0.99755      0.0001076     7.58E+07     0.0001076     8.58E+07     2.5099E+05    
   7.59E+07     0.99756      0.00010803    7.59E+07     0.00010803    8.59E+07     2.5131E+05    
   7.6E+07      0.99756      0.00010788    7.6E+07      0.00010788    8.6E+07      2.5165E+05    
   7.61E+07     0.99756      0.00010778    7.61E+07     0.00010778    8.61E+07     2.5201E+05    
   7.62E+07     0.99756      0.00010762    7.62E+07     0.00010762    8.62E+07     2.5221E+05    
   7.63E+07     0.99756      0.00010747    7.63E+07     0.00010747    8.63E+07     2.5214E+05    
   7.64E+07     0.99755      0.00010733    7.64E+07     0.00010733    8.64E+07     2.5149E+05    
   7.65E+07     0.99755      0.00010738    7.65E+07     0.00010738    8.65E+07     2.4976E+05    
   7.66E+07     0.99755      0.00010723    7.66E+07     0.00010723    8.66E+07     2.5009E+05    
   7.67E+07     0.99755      0.00010708    7.67E+07     0.00010708    8.67E+07     2.5045E+05    
   7.68E+07     0.99754      0.00010715    7.68E+07     0.00010715    8.68E+07     2.5081E+05    
   7.69E+07     0.99754      0.00010708    7.69E+07     0.00010708    8.69E+07     2.5076E+05    
   7.7E+07      0.99754      0.00010693    7.7E+07      0.00010693    8.7E+07      2.5104E+05    
   7.71E+07     0.99755      0.00010725    7.71E+07     0.00010725    8.71E+07     2.511E+05     
   7.72E+07     0.99755      0.00010709    7.72E+07     0.00010709    8.72E+07     2.5134E+05    
   7.73E+07     0.99754      0.00010701    7.73E+07     0.00010701    8.73E+07     2.5153E+05    
   7.74E+07     0.99754      0.00010686    7.74E+07     0.00010686    8.74E+07     2.5187E+05    
   7.75E+07     0.99753      0.00010693    7.75E+07     0.00010693    8.75E+07     2.5206E+05    
   7.76E+07     0.99754      0.0001068     7.76E+07     0.0001068     8.76E+07     2.5241E+05    
   7.77E+07     0.99753      0.00010668    7.77E+07     0.00010668    8.77E+07     2.5273E+05    
   7.78E+07     0.99754      0.00010654    7.78E+07     0.00010654    8.78E+07     2.5229E+05    
   7.79E+07     0.99754      0.00010644    7.79E+07     0.00010644    8.79E+07     2.5173E+05    
   7.8E+07      0.99754      0.00010628    7.8E+07      0.00010628    8.8E+07      2.5191E+05    
   7.81E+07     0.99754      0.00010613    7.81E+07     0.00010613    8.81E+07     2.5218E+05    
   7.82E+07     0.99755      0.00010646    7.82E+07     0.00010646    8.82E+07     2.5161E+05    
   7.83E+07     0.99755      0.0001064     7.83E+07     0.0001064     8.83E+07     2.5195E+05    
   7.84E+07     0.99756      0.00010644    7.84E+07     0.00010644    8.84E+07     2.5187E+05    
   7.85E+07     0.99756      0.00010634    7.85E+07     0.00010634    8.85E+07     2.5188E+05    
   7.86E+07     0.99756      0.00010619    7.86E+07     0.00010619    8.86E+07     2.5223E+05    
   7.87E+07     0.99757      0.00010604    7.87E+07     0.00010604    8.87E+07     2.5258E+05    
   7.88E+07     0.99756      0.00010592    7.88E+07     0.00010592    8.88E+07     2.5267E+05    
   7.89E+07     0.99756      0.0001058     7.89E+07     0.0001058     8.89E+07     2.5295E+05    
   7.9E+07      0.99756      0.00010564    7.9E+07      0.00010564    8.9E+07      2.533E+05     
   7.91E+07     0.99756      0.0001055     7.91E+07     0.0001055     8.91E+07     2.5237E+05    
   7.92E+07     0.99756      0.00010537    7.92E+07     0.00010537    8.92E+07     2.5271E+05    
   7.93E+07     0.99756      0.00010522    7.93E+07     0.00010522    8.93E+07     2.5295E+05    
   7.94E+07     0.99756      0.00010508    7.94E+07     0.00010508    8.94E+07     2.5328E+05    
   7.95E+07     0.99756      0.00010493    7.95E+07     0.00010493    8.95E+07     2.5362E+05    
   7.96E+07     0.99756      0.00010479    7.96E+07     0.00010479    8.96E+07     2.5371E+05    
   7.97E+07     0.99756      0.00010468    7.97E+07     0.00010468    8.97E+07     2.5397E+05    
   7.98E+07     0.99756      0.00010461    7.98E+07     0.00010461    8.98E+07     2.5425E+05    
   7.99E+07     0.99755      0.00010465    7.99E+07     0.00010465    8.99E+07     2.5449E+05    
   8E+07        0.99755      0.00010452    8E+07        0.00010452    9E+07        2.5481E+05    
   8.01E+07     0.99756      0.00010449    8.01E+07     0.00010449    9.01E+07     2.5466E+05    
   8.02E+07     0.99756      0.00010434    8.02E+07     0.00010434    9.02E+07     2.5498E+05    
   8.03E+07     0.99757      0.00010436    8.03E+07     0.00010436    9.03E+07     2.5532E+05    
   8.04E+07     0.99757      0.00010437    8.04E+07     0.00010437    9.04E+07     2.5567E+05    
   8.05E+07     0.99758      0.00010427    8.05E+07     0.00010427    9.05E+07     2.5596E+05    
   8.06E+07     0.99757      0.00010413    8.06E+07     0.00010413    9.06E+07     2.5624E+05    
   8.07E+07     0.99757      0.00010401    8.07E+07     0.00010401    9.07E+07     2.5634E+05    
   8.08E+07     0.99757      0.00010402    8.08E+07     0.00010402    9.08E+07     2.5669E+05    
   8.09E+07     0.99757      0.00010397    8.09E+07     0.00010397    9.09E+07     2.5703E+05    
   8.1E+07      0.99757      0.00010386    8.1E+07      0.00010386    9.1E+07      2.573E+05     
   8.11E+07     0.99758      0.00010375    8.11E+07     0.00010375    9.11E+07     2.5728E+05    
   8.12E+07     0.99757      0.00010375    8.12E+07     0.00010375    9.12E+07     2.5748E+05    
   8.13E+07     0.99757      0.00010368    8.13E+07     0.00010368    9.13E+07     2.5759E+05    
   8.14E+07     0.99758      0.00010354    8.14E+07     0.00010354    9.14E+07     2.5788E+05    
   8.15E+07     0.99757      0.00010339    8.15E+07     0.00010339    9.15E+07     2.5796E+05    
   8.16E+07     0.99757      0.00010332    8.16E+07     0.00010332    9.16E+07     2.5822E+05    
   8.17E+07     0.99757      0.00010318    8.17E+07     0.00010318    9.17E+07     2.5816E+05    
   8.18E+07     0.99757      0.00010304    8.18E+07     0.00010304    9.18E+07     2.5821E+05    
   8.19E+07     0.99757      0.0001029     8.19E+07     0.0001029     9.19E+07     2.5853E+05    
   8.2E+07      0.99757      0.0001028     8.2E+07      0.0001028     9.2E+07      2.5877E+05    
   8.21E+07     0.99758      0.00010268    8.21E+07     0.00010268    9.21E+07     2.5906E+05    
   8.22E+07     0.99758      0.00010255    8.22E+07     0.00010255    9.22E+07     2.594E+05     
   8.23E+07     0.99757      0.00010241    8.23E+07     0.00010241    9.23E+07     2.5975E+05    
   8.24E+07     0.99758      0.00010232    8.24E+07     0.00010232    9.24E+07     2.6006E+05    
   8.25E+07     0.99758      0.0001023     8.25E+07     0.0001023     9.25E+07     2.6036E+05    
   8.26E+07     0.99758      0.0001022     8.26E+07     0.0001022     9.26E+07     2.6064E+05    
   8.27E+07     0.99757      0.00010238    8.27E+07     0.00010238    9.27E+07     2.6035E+05    
   8.28E+07     0.99757      0.00010225    8.28E+07     0.00010225    9.28E+07     2.6066E+05    
   8.29E+07     0.99758      0.00010213    8.29E+07     0.00010213    9.29E+07     2.5942E+05    
   8.3E+07      0.99758      0.00010208    8.3E+07      0.00010208    9.3E+07      2.5806E+05    
   8.31E+07     0.99758      0.00010196    8.31E+07     0.00010196    9.31E+07     2.581E+05     
   8.32E+07     0.99758      0.00010183    8.32E+07     0.00010183    9.32E+07     2.5789E+05    
   8.33E+07     0.99757      0.00010178    8.33E+07     0.00010178    9.33E+07     2.5822E+05    
   8.34E+07     0.99757      0.00010166    8.34E+07     0.00010166    9.34E+07     2.5846E+05    
   8.35E+07     0.99757      0.00010153    8.35E+07     0.00010153    9.35E+07     2.5835E+05    
   8.36E+07     0.99757      0.0001014     8.36E+07     0.0001014     9.36E+07     2.5869E+05    
   8.37E+07     0.99757      0.00010132    8.37E+07     0.00010132    9.37E+07     2.5896E+05    
   8.38E+07     0.99756      0.00010131    8.38E+07     0.00010131    9.38E+07     2.5924E+05    
   8.39E+07     0.99757      0.00010126    8.39E+07     0.00010126    9.39E+07     2.594E+05     
   8.4E+07      0.99757      0.00010113    8.4E+07      0.00010113    9.4E+07      2.5949E+05    
   8.41E+07     0.99757      0.000101      8.41E+07     0.000101      9.41E+07     2.5983E+05    
   8.42E+07     0.99757      0.00010087    8.42E+07     0.00010087    9.42E+07     2.6013E+05    
   8.43E+07     0.99757      0.00010084    8.43E+07     0.00010084    9.43E+07     2.6028E+05    
   8.44E+07     0.99757      0.00010071    8.44E+07     0.00010071    9.44E+07     2.6013E+05    
   8.45E+07     0.99757      0.00010058    8.45E+07     0.00010058    9.45E+07     2.6046E+05    
   8.46E+07     0.99757      0.00010047    8.46E+07     0.00010047    9.46E+07     2.608E+05     
   8.47E+07     0.99757      0.00010057    8.47E+07     0.00010057    9.47E+07     2.6113E+05    
   8.48E+07     0.99757      0.0001006     8.48E+07     0.0001006     9.48E+07     2.6141E+05    
   8.49E+07     0.99757      0.0001005     8.49E+07     0.0001005     9.49E+07     2.6065E+05    
   8.5E+07      0.99757      0.00010038    8.5E+07      0.00010038    9.5E+07      2.6032E+05    
   8.51E+07     0.99758      0.00010069    8.51E+07     0.00010069    9.51E+07     2.6047E+05    
   8.52E+07     0.99758      0.00010057    8.52E+07     0.00010057    9.52E+07     2.6064E+05    
   8.53E+07     0.99758      0.00010049    8.53E+07     0.00010049    9.53E+07     2.6064E+05    
   8.54E+07     0.99758      0.0001004     8.54E+07     0.0001004     9.54E+07     2.6095E+05    
   8.55E+07     0.99758      0.00010027    8.55E+07     0.00010027    9.55E+07     2.6128E+05    
   8.56E+07     0.99758      0.00010015    8.56E+07     0.00010015    9.56E+07     2.609E+05     
   8.57E+07     0.99758      0.00010002    8.57E+07     0.00010002    9.57E+07     2.608E+05     
   8.58E+07     0.99758      9.9894E-05    8.58E+07     9.9894E-05    9.58E+07     2.6104E+05    
   8.59E+07     0.99758      9.9771E-05    8.59E+07     9.9771E-05    9.59E+07     2.6137E+05    
   8.6E+07      0.99758      9.9647E-05    8.6E+07      9.9647E-05    9.6E+07      2.6162E+05    
   8.61E+07     0.99758      9.9517E-05    8.61E+07     9.9517E-05    9.61E+07     2.6181E+05    
   8.62E+07     0.99758      9.9419E-05    8.62E+07     9.9419E-05    9.62E+07     2.6206E+05    
   8.63E+07     0.99759      9.9376E-05    8.63E+07     9.9376E-05    9.63E+07     2.6196E+05    
   8.64E+07     0.99759      9.9447E-05    8.64E+07     9.9447E-05    9.64E+07     2.6178E+05    
   8.65E+07     0.99758      9.9733E-05    8.65E+07     9.9733E-05    9.65E+07     2.62E+05      
   8.66E+07     0.99759      9.9608E-05    8.66E+07     9.9608E-05    9.66E+07     2.6234E+05    
   8.67E+07     0.99759      9.9478E-05    8.67E+07     9.9478E-05    9.67E+07     2.6196E+05    
   8.68E+07     0.99759      9.9351E-05    8.68E+07     9.9351E-05    9.68E+07     2.6215E+05    
   8.69E+07     0.99758      9.9302E-05    8.69E+07     9.9302E-05    9.69E+07     2.6146E+05    
   8.7E+07      0.99758      9.9191E-05    8.7E+07      9.9191E-05    9.7E+07      2.6179E+05    
   8.71E+07     0.99758      9.912E-05     8.71E+07     9.912E-05     9.71E+07     2.6212E+05    
   8.72E+07     0.99757      9.9015E-05    8.72E+07     9.9015E-05    9.72E+07     2.6189E+05    
   8.73E+07     0.99757      9.8922E-05    8.73E+07     9.8922E-05    9.73E+07     2.6178E+05    
   8.74E+07     0.99757      9.8798E-05    8.74E+07     9.8798E-05    9.74E+07     2.6133E+05    
   8.75E+07     0.99757      9.8702E-05    8.75E+07     9.8702E-05    9.75E+07     2.6158E+05    
   8.76E+07     0.99757      9.8579E-05    8.76E+07     9.8579E-05    9.76E+07     2.614E+05     
   8.77E+07     0.99757      9.846E-05     8.77E+07     9.846E-05     9.77E+07     2.6132E+05    
   8.78E+07     0.99757      9.849E-05     8.78E+07     9.849E-05     9.78E+07     2.613E+05     
   8.79E+07     0.99756      9.854E-05     8.79E+07     9.854E-05     9.79E+07     2.6102E+05    
   8.8E+07      0.99756      9.8448E-05    8.8E+07      9.8448E-05    9.8E+07      2.6134E+05    
   8.81E+07     0.99756      9.834E-05     8.81E+07     9.834E-05     9.81E+07     2.6117E+05    
   8.82E+07     0.99756      9.8395E-05    8.82E+07     9.8395E-05    9.82E+07     2.6128E+05    
   8.83E+07     0.99756      9.8272E-05    8.83E+07     9.8272E-05    9.83E+07     2.6041E+05    
   8.84E+07     0.99756      9.8232E-05    8.84E+07     9.8232E-05    9.84E+07     2.6031E+05    
   8.85E+07     0.99757      9.8175E-05    8.85E+07     9.8175E-05    9.85E+07     2.606E+05     
   8.86E+07     0.99757      9.805E-05     8.86E+07     9.805E-05     9.86E+07     2.6034E+05    
   8.87E+07     0.99757      9.7928E-05    8.87E+07     9.7928E-05    9.87E+07     2.6037E+05    
   8.88E+07     0.99756      9.7855E-05    8.88E+07     9.7855E-05    9.88E+07     2.6007E+05    
   8.89E+07     0.99757      9.7746E-05    8.89E+07     9.7746E-05    9.89E+07     2.5979E+05    
   8.9E+07      0.99757      9.7622E-05    8.9E+07      9.7622E-05    9.9E+07      2.5999E+05    
   8.91E+07     0.99756      9.7748E-05    8.91E+07     9.7748E-05    9.91E+07     2.6025E+05    
   8.92E+07     0.99756      9.7626E-05    8.92E+07     9.7626E-05    9.92E+07     2.6046E+05    
   8.93E+07     0.99756      9.7524E-05    8.93E+07     9.7524E-05    9.93E+07     2.6066E+05    
   8.94E+07     0.99756      9.7407E-05    8.94E+07     9.7407E-05    9.94E+07     2.6094E+05    
   8.95E+07     0.99756      9.7287E-05    8.95E+07     9.7287E-05    9.95E+07     2.6112E+05    
   8.96E+07     0.99756      9.7214E-05    8.96E+07     9.7214E-05    9.96E+07     2.6127E+05    
   8.97E+07     0.99756      9.711E-05     8.97E+07     9.711E-05     9.97E+07     2.6158E+05    
   8.98E+07     0.99756      9.7002E-05    8.98E+07     9.7002E-05    9.98E+07     2.618E+05     
   8.99E+07     0.99756      9.6903E-05    8.99E+07     9.6903E-05    9.99E+07     2.6204E+05    
   9E+07        0.99756      9.6789E-05    9E+07        9.6789E-05    1E+08        2.6233E+05    
   9.01E+07     0.99757      9.6761E-05    9.01E+07     9.6761E-05    
   9.02E+07     0.99757      9.6648E-05    9.02E+07     9.6648E-05    
   9.03E+07     0.99756      9.653E-05     9.03E+07     9.653E-05     
   9.04E+07     0.99756      9.641E-05     9.04E+07     9.641E-05     
   9.05E+07     0.99756      9.63E-05      9.05E+07     9.63E-05      
   9.06E+07     0.99756      9.6195E-05    9.06E+07     9.6195E-05    
   9.07E+07     0.99757      9.6124E-05    9.07E+07     9.6124E-05    
   9.08E+07     0.99757      9.6005E-05    9.08E+07     9.6005E-05    
   9.09E+07     0.99757      9.5887E-05    9.09E+07     9.5887E-05    
   9.1E+07      0.99757      9.5784E-05    9.1E+07      9.5784E-05    
   9.11E+07     0.99757      9.5734E-05    9.11E+07     9.5734E-05    
   9.12E+07     0.99757      9.5645E-05    9.12E+07     9.5645E-05    
   9.13E+07     0.99758      9.5571E-05    9.13E+07     9.5571E-05    
   9.14E+07     0.99757      9.5466E-05    9.14E+07     9.5466E-05    
   9.15E+07     0.99758      9.5398E-05    9.15E+07     9.5398E-05    
   9.16E+07     0.99758      9.5299E-05    9.16E+07     9.5299E-05    
   9.17E+07     0.99758      9.5258E-05    9.17E+07     9.5258E-05    
   9.18E+07     0.99759      9.5194E-05    9.18E+07     9.5194E-05    
   9.19E+07     0.99758      9.5083E-05    9.19E+07     9.5083E-05    
   9.2E+07      0.99758      9.4988E-05    9.2E+07      9.4988E-05    
   9.21E+07     0.99758      9.4883E-05    9.21E+07     9.4883E-05    
   9.22E+07     0.99758      9.4768E-05    9.22E+07     9.4768E-05    
   9.23E+07     0.99758      9.4653E-05    9.23E+07     9.4653E-05    
   9.24E+07     0.99759      9.4546E-05    9.24E+07     9.4546E-05    
   9.25E+07     0.99758      9.4439E-05    9.25E+07     9.4439E-05    
   9.26E+07     0.99758      9.4332E-05    9.26E+07     9.4332E-05    
   9.27E+07     0.99759      9.4334E-05    9.27E+07     9.4334E-05    
   9.28E+07     0.99759      9.4226E-05    9.28E+07     9.4226E-05    
   9.29E+07     0.9976       9.4401E-05    9.29E+07     9.4401E-05    
   9.3E+07      0.9976       9.4597E-05    9.3E+07      9.4597E-05    
   9.31E+07     0.9976       9.4539E-05    9.31E+07     9.4539E-05    
   9.32E+07     0.9976       9.4526E-05    9.32E+07     9.4526E-05    
   9.33E+07     0.9976       9.4416E-05    9.33E+07     9.4416E-05    
   9.34E+07     0.99761      9.4322E-05    9.34E+07     9.4322E-05    
   9.35E+07     0.9976       9.429E-05     9.35E+07     9.429E-05     
   9.36E+07     0.9976       9.4177E-05    9.36E+07     9.4177E-05    
   9.37E+07     0.9976       9.4078E-05    9.37E+07     9.4078E-05    
   9.38E+07     0.9976       9.3977E-05    9.38E+07     9.3977E-05    
   9.39E+07     0.9976       9.3897E-05    9.39E+07     9.3897E-05    
   9.4E+07      0.99759      9.3831E-05    9.4E+07      9.3831E-05    
   9.41E+07     0.99759      9.3719E-05    9.41E+07     9.3719E-05    
   9.42E+07     0.99759      9.3616E-05    9.42E+07     9.3616E-05    
   9.43E+07     0.99759      9.354E-05     9.43E+07     9.354E-05     
   9.44E+07     0.99759      9.3517E-05    9.44E+07     9.3517E-05    
   9.45E+07     0.99759      9.3407E-05    9.45E+07     9.3407E-05    
   9.46E+07     0.99759      9.3298E-05    9.46E+07     9.3298E-05    
   9.47E+07     0.99759      9.319E-05     9.47E+07     9.319E-05     
   9.48E+07     0.99759      9.3091E-05    9.48E+07     9.3091E-05    
   9.49E+07     0.9976       9.3177E-05    9.49E+07     9.3177E-05    
   9.5E+07      0.99759      9.3188E-05    9.5E+07      9.3188E-05    
   9.51E+07     0.99759      9.311E-05     9.51E+07     9.311E-05     
   9.52E+07     0.99759      9.303E-05     9.52E+07     9.303E-05     
   9.53E+07     0.99759      9.2981E-05    9.53E+07     9.2981E-05    
   9.54E+07     0.99759      9.2878E-05    9.54E+07     9.2878E-05    
   9.55E+07     0.99759      9.277E-05     9.55E+07     9.277E-05     
   9.56E+07     0.99759      9.2788E-05    9.56E+07     9.2788E-05    
   9.57E+07     0.99759      9.2758E-05    9.57E+07     9.2758E-05    
   9.58E+07     0.99759      9.2666E-05    9.58E+07     9.2666E-05    
   9.59E+07     0.99759      9.2559E-05    9.59E+07     9.2559E-05    
   9.6E+07      0.99759      9.2465E-05    9.6E+07      9.2465E-05    
   9.61E+07     0.99759      9.2384E-05    9.61E+07     9.2384E-05    
   9.62E+07     0.99759      9.2292E-05    9.62E+07     9.2292E-05    
   9.63E+07     0.99759      9.2262E-05    9.63E+07     9.2262E-05    
   9.64E+07     0.99759      9.2245E-05    9.64E+07     9.2245E-05    
   9.65E+07     0.99759      9.2157E-05    9.65E+07     9.2157E-05    
   9.66E+07     0.99759      9.2051E-05    9.66E+07     9.2051E-05    
   9.67E+07     0.9976       9.2069E-05    9.67E+07     9.2069E-05    
   9.68E+07     0.9976       9.1989E-05    9.68E+07     9.1989E-05    
   9.69E+07     0.9976       9.206E-05     9.69E+07     9.206E-05     
   9.7E+07      0.9976       9.1955E-05    9.7E+07      9.1955E-05    
   9.71E+07     0.9976       9.185E-05     9.71E+07     9.185E-05     
   9.72E+07     0.99761      9.1843E-05    9.72E+07     9.1843E-05    
   9.73E+07     0.9976       9.1813E-05    9.73E+07     9.1813E-05    
   9.74E+07     0.9976       9.1846E-05    9.74E+07     9.1846E-05    
   9.75E+07     0.9976       9.1754E-05    9.75E+07     9.1754E-05    
   9.76E+07     0.99759      9.174E-05     9.76E+07     9.174E-05     
   9.77E+07     0.9976       9.1705E-05    9.77E+07     9.1705E-05    
   9.78E+07     0.9976       9.1662E-05    9.78E+07     9.1662E-05    
   9.79E+07     0.9976       9.1665E-05    9.79E+07     9.1665E-05    
   9.8E+07      0.9976       9.1562E-05    9.8E+07      9.1562E-05    
   9.81E+07     0.9976       9.1545E-05    9.81E+07     9.1545E-05    
   9.82E+07     0.9976       9.1477E-05    9.82E+07     9.1477E-05    
   9.83E+07     0.99761      9.1583E-05    9.83E+07     9.1583E-05    
   9.84E+07     0.9976       9.1553E-05    9.84E+07     9.1553E-05    
   9.85E+07     0.9976       9.1456E-05    9.85E+07     9.1456E-05    
   9.86E+07     0.9976       9.1455E-05    9.86E+07     9.1455E-05    
   9.87E+07     0.9976       9.1403E-05    9.87E+07     9.1403E-05    
   9.88E+07     0.99761      9.141E-05     9.88E+07     9.141E-05     
   9.89E+07     0.9976       9.1412E-05    9.89E+07     9.1412E-05    
   9.9E+07      0.9976       9.1329E-05    9.9E+07      9.1329E-05    
   9.91E+07     0.9976       9.1239E-05    9.91E+07     9.1239E-05    
   9.92E+07     0.9976       9.1156E-05    9.92E+07     9.1156E-05    
   9.93E+07     0.9976       9.1075E-05    9.93E+07     9.1075E-05    
   9.94E+07     0.9976       9.098E-05     9.94E+07     9.098E-05     
   9.95E+07     0.9976       9.0902E-05    9.95E+07     9.0902E-05    
   9.96E+07     0.9976       9.0831E-05    9.96E+07     9.0831E-05    
   9.97E+07     0.9976       9.0731E-05    9.97E+07     9.0731E-05    
   9.98E+07     0.9976       9.0647E-05    9.98E+07     9.0647E-05    
   9.99E+07     0.99761      9.0559E-05    9.99E+07     9.0559E-05    
   1E+08        0.9976       9.0464E-05    1E+08        9.0464E-05    
