# This file is written with the intent of being used to plot the data with 
# Gnuplot.  It contains no information regarding how the plot should be 
# formatted.
# =========================================================================
# Research/ArnoldivsPower -f Power1-w50-23.dat -t 100000 -A -c 100 -C 900 -w 50 -b 75 -r  seed = 1679705590
# filename = Power1-w50-23.dat, run = true, power = true, Arnoldi = false, storevectors = 0, raw = false, evectors = 2, evalues = 2, residual = false, arnoldimethod = implicit, tol = 2.22045e-16, verbose = 1, seed = 0, width = 50, bins = 75, acycles = 900, incycles = 100, active = 20, inactive = 0, Iterations = 10, numValues = 2, relaxed = 0, tracks = 100000, ignore_rest = false, version = false, help = false, 

#  1            2            3             4            5             6            7             8            9            
# |-            Power values           -| |-   Power eValues SD   -| |-       FOM-Power      -| |-     Power vector     -| 
#  x-coord      y-coord      error         x-coord      y-coord       x-coord      y-coord       x-coord      y-coord       
   1E+05        0.98309      0             1E+05        0             1.01E+07     0             0.33333      0.0096485     
   2E+05        0.98646      0             2E+05        0             1.02E+07     3.697E+05     1            0.016614      
   3E+05        0.98919      0             3E+05        0             1.03E+07     30114         1.6667       0.023252      
   4E+05        0.99107      0             4E+05        0             1.04E+07     22425         2.3333       0.02963       
   5E+05        0.99107      0             5E+05        0             1.05E+07     29849         3            0.035928      
   6E+05        0.98998      0             6E+05        0             1.06E+07     38867         3.6667       0.042519      
   7E+05        0.99173      0             7E+05        0             1.07E+07     46719         4.3333       0.048919      
   8E+05        0.98732      0             8E+05        0             1.08E+07     30971         5            0.054993      
   9E+05        0.99451      0             9E+05        0             1.09E+07     38529         5.6667       0.061384      
   1E+06        0.99732      0             1E+06        0             1.1E+07      46149         6.3333       0.067419      
   1.1E+06      0.99715      0             1.1E+06      0             1.11E+07     55148         7            0.073077      
   1.2E+06      0.99255      0             1.2E+06      0             1.12E+07     63450         7.6667       0.078692      
   1.3E+06      0.99567      0             1.3E+06      0             1.13E+07     73728         8.3333       0.084505      
   1.4E+06      0.98899      0             1.4E+06      0             1.14E+07     62523         9            0.090036      
   1.5E+06      0.99623      0             1.5E+06      0             1.15E+07     70797         9.6667       0.095649      
   1.6E+06      0.99359      0             1.6E+06      0             1.16E+07     79226         10.333       0.10057       
   1.7E+06      0.99509      0             1.7E+06      0             1.17E+07     86510         11           0.10542       
   1.8E+06      0.99427      0             1.8E+06      0             1.18E+07     92341         11.667       0.11028       
   1.9E+06      0.99971      0             1.9E+06      0             1.19E+07     1.0157E+05    12.333       0.11442       
   2E+06        0.9938       0             2E+06        0             1.2E+07      84666         13           0.11894       
   2.1E+06      0.9963       0             2.1E+06      0             1.21E+07     84502         13.667       0.12309       
   2.2E+06      0.99622      0             2.2E+06      0             1.22E+07     91919         14.333       0.12728       
   2.3E+06      0.99714      0             2.3E+06      0             1.23E+07     99516         15           0.13096       
   2.4E+06      0.99701      0             2.4E+06      0             1.24E+07     1.0664E+05    15.667       0.13458       
   2.5E+06      0.99553      0             2.5E+06      0             1.25E+07     1.14E+05      16.333       0.13799       
   2.6E+06      0.99926      0             2.6E+06      0             1.26E+07     1.1698E+05    17           0.14147       
   2.7E+06      0.99525      0             2.7E+06      0             1.27E+07     1.1733E+05    17.667       0.14452       
   2.8E+06      0.99856      0             2.8E+06      0             1.28E+07     1.1728E+05    18.333       0.14724       
   2.9E+06      1.0024       0             2.9E+06      0             1.29E+07     1.0094E+05    19           0.14976       
   3E+06        0.99941      0             3E+06        0             1.3E+07      1.0719E+05    19.667       0.15194       
   3.1E+06      0.99583      0             3.1E+06      0             1.31E+07     1.1343E+05    20.333       0.15361       
   3.2E+06      0.99345      0             3.2E+06      0             1.32E+07     1.1602E+05    21           0.15454       
   3.3E+06      0.99407      0             3.3E+06      0             1.33E+07     1.1674E+05    21.667       0.15627       
   3.4E+06      0.99382      0             3.4E+06      0             1.34E+07     1.2095E+05    22.333       0.15774       
   3.5E+06      0.99153      0             3.5E+06      0             1.35E+07     1.2702E+05    23           0.15825       
   3.6E+06      0.99494      0             3.6E+06      0             1.36E+07     1.2864E+05    23.667       0.15886       
   3.7E+06      0.9956       0             3.7E+06      0             1.37E+07     1.3483E+05    24.333       0.15932       
   3.8E+06      0.99744      0             3.8E+06      0             1.38E+07     1.136E+05     25           0.159         
   3.9E+06      0.9958       0             3.9E+06      0             1.39E+07     1.1509E+05    25.667       0.15894       
   4E+06        0.99506      0             4E+06        0             1.4E+07      1.1575E+05    26.333       0.15874       
   4.1E+06      0.99392      0             4.1E+06      0             1.41E+07     1.1227E+05    27           0.15783       
   4.2E+06      0.99706      0             4.2E+06      0             1.42E+07     1.077E+05     27.667       0.15742       
   4.3E+06      1.0032       0             4.3E+06      0             1.43E+07     1.1162E+05    28.333       0.15678       
   4.4E+06      0.99957      0             4.4E+06      0             1.44E+07     1.1244E+05    29           0.15541       
   4.5E+06      0.99274      0             4.5E+06      0             1.45E+07     1.1624E+05    29.667       0.15389       
   4.6E+06      0.99598      0             4.6E+06      0             1.46E+07     1.1754E+05    30.333       0.15199       
   4.7E+06      0.99944      0             4.7E+06      0             1.47E+07     1.2051E+05    31           0.14993       
   4.8E+06      0.99929      0             4.8E+06      0             1.48E+07     1.2441E+05    31.667       0.14777       
   4.9E+06      0.99537      0             4.9E+06      0             1.49E+07     1.2873E+05    32.333       0.14576       
   5E+06        1.0003       0             5E+06        0             1.5E+07      1.3114E+05    33           0.14297       
   5.1E+06      0.99041      0             5.1E+06      0             1.51E+07     1.3518E+05    33.667       0.14008       
   5.2E+06      0.99886      0             5.2E+06      0             1.52E+07     1.363E+05     34.333       0.13681       
   5.3E+06      0.99547      0             5.3E+06      0             1.53E+07     1.3769E+05    35           0.13327       
   5.4E+06      0.99252      0             5.4E+06      0             1.54E+07     1.4123E+05    35.667       0.12966       
   5.5E+06      1.0006       0             5.5E+06      0             1.55E+07     1.4417E+05    36.333       0.12577       
   5.6E+06      0.99657      0             5.6E+06      0             1.56E+07     1.3526E+05    37           0.12117       
   5.7E+06      0.9985       0             5.7E+06      0             1.57E+07     1.3761E+05    37.667       0.11692       
   5.8E+06      0.9907       0             5.8E+06      0             1.58E+07     1.4148E+05    38.333       0.1123        
   5.9E+06      0.99478      0             5.9E+06      0             1.59E+07     1.4504E+05    39           0.10701       
   6E+06        0.9984       0             6E+06        0             1.6E+07      1.4532E+05    39.667       0.10235       
   6.1E+06      0.9926       0             6.1E+06      0             1.61E+07     1.4885E+05    40.333       0.097409      
   6.2E+06      0.99803      0             6.2E+06      0             1.62E+07     1.504E+05     41           0.091944      
   6.3E+06      0.99918      0             6.3E+06      0             1.63E+07     1.5379E+05    41.667       0.086393      
   6.4E+06      1.0004       0             6.4E+06      0             1.64E+07     1.4857E+05    42.333       0.081044      
   6.5E+06      0.99045      0             6.5E+06      0             1.65E+07     1.444E+05     43           0.07504       
   6.6E+06      0.99801      0             6.6E+06      0             1.66E+07     1.4652E+05    43.667       0.06899       
   6.7E+06      1.0004       0             6.7E+06      0             1.67E+07     1.4754E+05    44.333       0.062953      
   6.8E+06      0.99731      0             6.8E+06      0             1.68E+07     1.5045E+05    45           0.056702      
   6.9E+06      0.99836      0             6.9E+06      0             1.69E+07     1.5394E+05    45.667       0.050048      
   7E+06        0.99783      0             7E+06        0             1.7E+07      1.5628E+05    46.333       0.043963      
   7.1E+06      0.99823      0             7.1E+06      0             1.71E+07     1.5704E+05    47           0.037537      
   7.2E+06      0.99533      0             7.2E+06      0             1.72E+07     1.5795E+05    47.667       0.031077      
   7.3E+06      0.99928      0             7.3E+06      0             1.73E+07     1.6139E+05    48.333       0.024198      
   7.4E+06      0.99612      0             7.4E+06      0             1.74E+07     1.5878E+05    49           0.017385      
   7.5E+06      0.99515      0             7.5E+06      0             1.75E+07     1.5855E+05    49.667       0.010105      
   7.6E+06      0.99827      0             7.6E+06      0             1.76E+07     1.6174E+05    
   7.7E+06      0.99509      0             7.7E+06      0             1.77E+07     1.6408E+05    
   7.8E+06      0.99519      0             7.8E+06      0             1.78E+07     1.6542E+05    
   7.9E+06      0.99654      0             7.9E+06      0             1.79E+07     1.6744E+05    
   8E+06        0.99451      0             8E+06        0             1.8E+07      1.6901E+05    
   8.1E+06      0.9997       0             8.1E+06      0             1.81E+07     1.6895E+05    
   8.2E+06      1.0012       0             8.2E+06      0             1.82E+07     1.7098E+05    
   8.3E+06      0.99429      0             8.3E+06      0             1.83E+07     1.7369E+05    
   8.4E+06      0.99729      0             8.4E+06      0             1.84E+07     1.7521E+05    
   8.5E+06      0.99262      0             8.5E+06      0             1.85E+07     1.783E+05     
   8.6E+06      0.99679      0             8.6E+06      0             1.86E+07     1.81E+05      
   8.7E+06      0.99172      0             8.7E+06      0             1.87E+07     1.8238E+05    
   8.8E+06      0.99624      0             8.8E+06      0             1.88E+07     1.8527E+05    
   8.9E+06      0.99641      0             8.9E+06      0             1.89E+07     1.8772E+05    
   9E+06        0.99502      0             9E+06        0             1.9E+07      1.8349E+05    
   9.1E+06      0.99685      0             9.1E+06      0             1.91E+07     1.8492E+05    
   9.2E+06      0.99782      0             9.2E+06      0             1.92E+07     1.8777E+05    
   9.3E+06      0.99848      0             9.3E+06      0             1.93E+07     1.8716E+05    
   9.4E+06      0.99797      0             9.4E+06      0             1.94E+07     1.8829E+05    
   9.5E+06      0.99792      0             9.5E+06      0             1.95E+07     1.9039E+05    
   9.6E+06      0.99914      0             9.6E+06      0             1.96E+07     1.9295E+05    
   9.7E+06      0.99513      0             9.7E+06      0             1.97E+07     1.9433E+05    
   9.8E+06      0.99767      0             9.8E+06      0             1.98E+07     1.9323E+05    
   9.9E+06      0.99612      0             9.9E+06      0             1.99E+07     1.9458E+05    
   1E+07        0.99421      0             1E+07        0             2E+07        1.9265E+05    
   1.01E+07     0.99579      NAN           1.01E+07     NAN           2.01E+07     1.9364E+05    
   1.02E+07     0.99613      0.00023588    1.02E+07     0.00023588    2.02E+07     1.9332E+05    
   1.03E+07     0.99514      0.00082207    1.03E+07     0.00082207    2.03E+07     1.9615E+05    
   1.04E+07     0.99597      0.00094815    1.04E+07     0.00094815    2.04E+07     1.8959E+05    
   1.05E+07     0.99563      0.00081777    1.05E+07     0.00081777    2.05E+07     1.92E+05      
   1.06E+07     0.9954       0.00071337    1.06E+07     0.00071337    2.06E+07     1.9425E+05    
   1.07E+07     0.99563      0.00064742    1.07E+07     0.00064742    2.07E+07     1.9533E+05    
   1.08E+07     0.99622      0.0007916     1.08E+07     0.0007916     2.08E+07     1.8299E+05    
   1.09E+07     0.99615      0.00070658    1.09E+07     0.00070658    2.09E+07     1.8532E+05    
   1.1E+07      0.99605      0.0006426     1.1E+07      0.0006426     2.1E+07      1.8578E+05    
   1.11E+07     0.99609      0.00058519    1.11E+07     0.00058519    2.11E+07     1.8685E+05    
   1.12E+07     0.996        0.0005431     1.12E+07     0.0005431     2.12E+07     1.8926E+05    
   1.13E+07     0.99602      0.00050166    1.13E+07     0.00050166    2.13E+07     1.9165E+05    
   1.14E+07     0.99631      0.00054235    1.14E+07     0.00054235    2.14E+07     1.9141E+05    
   1.15E+07     0.99627      0.00050731    1.15E+07     0.00050731    2.15E+07     1.9381E+05    
   1.16E+07     0.99623      0.00047747    1.16E+07     0.00047747    2.16E+07     1.9543E+05    
   1.17E+07     0.99615      0.00045502    1.17E+07     0.00045502    2.17E+07     1.9753E+05    
   1.18E+07     0.99606      0.0004385     1.18E+07     0.0004385     2.18E+07     1.9939E+05    
   1.19E+07     0.99609      0.00041619    1.19E+07     0.00041619    2.19E+07     2.0104E+05    
   1.2E+07      0.99586      0.00045392    1.2E+07      0.00045392    2.2E+07      2.0259E+05    
   1.21E+07     0.99572      0.00045253    1.21E+07     0.00045253    2.21E+07     2.0494E+05    
   1.22E+07     0.99571      0.00043218    1.22E+07     0.00043218    2.22E+07     2.0656E+05    
   1.23E+07     0.99572      0.00041343    1.23E+07     0.00041343    2.23E+07     2.0694E+05    
   1.24E+07     0.99575      0.00039777    1.24E+07     0.00039777    2.24E+07     2.0936E+05    
   1.25E+07     0.99572      0.00038316    1.25E+07     0.00038316    2.25E+07     2.1169E+05    
   1.26E+07     0.9958       0.00037677    1.26E+07     0.00037677    2.26E+07     2.1415E+05    
   1.27E+07     0.99571      0.00037446    1.27E+07     0.00037446    2.27E+07     2.147E+05     
   1.28E+07     0.9958       0.00037312    1.28E+07     0.00037312    2.28E+07     2.1537E+05    
   1.29E+07     0.99598      0.0004006     1.29E+07     0.0004006     2.29E+07     2.1671E+05    
   1.3E+07      0.99599      0.00038729    1.3E+07      0.00038729    2.3E+07      2.1799E+05    
   1.31E+07     0.99599      0.0003748     1.31E+07     0.0003748     2.31E+07     2.1158E+05    
   1.32E+07     0.99605      0.00036925    1.32E+07     0.00036925    2.32E+07     2.109E+05     
   1.33E+07     0.99597      0.00036666    1.33E+07     0.00036666    2.33E+07     2.0953E+05    
   1.34E+07     0.99593      0.00035893    1.34E+07     0.00035893    2.34E+07     2.1142E+05    
   1.35E+07     0.99592      0.00034872    1.35E+07     0.00034872    2.35E+07     2.1201E+05    
   1.36E+07     0.99586      0.00034528    1.36E+07     0.00034528    2.36E+07     2.1417E+05    
   1.37E+07     0.99585      0.00033601    1.37E+07     0.00033601    2.37E+07     2.1634E+05    
   1.38E+07     0.99601      0.00036478    1.38E+07     0.00036478    2.38E+07     2.1752E+05    
   1.39E+07     0.99608      0.00036094    1.39E+07     0.00036094    2.39E+07     2.1651E+05    
   1.4E+07      0.99615      0.00035858    1.4E+07      0.00035858    2.4E+07      2.1755E+05    
   1.41E+07     0.99624      0.00036284    1.41E+07     0.00036284    2.41E+07     2.1608E+05    
   1.42E+07     0.99635      0.00036915    1.42E+07     0.00036915    2.42E+07     2.1823E+05    
   1.43E+07     0.99633      0.00036118    1.43E+07     0.00036118    2.43E+07     2.2043E+05    
   1.44E+07     0.99626      0.00035865    1.44E+07     0.00035865    2.44E+07     2.2228E+05    
   1.45E+07     0.99624      0.00035155    1.45E+07     0.00035155    2.45E+07     2.1178E+05    
   1.46E+07     0.99629      0.00034839    1.46E+07     0.00034839    2.46E+07     2.1375E+05    
   1.47E+07     0.99633      0.00034293    1.47E+07     0.00034293    2.47E+07     2.158E+05     
   1.48E+07     0.99631      0.00033631    1.48E+07     0.00033631    2.48E+07     2.1592E+05    
   1.49E+07     0.99632      0.00032954    1.49E+07     0.00032954    2.49E+07     2.1401E+05    
   1.5E+07      0.99636      0.00032538    1.5E+07      0.00032538    2.5E+07      2.1596E+05    
   1.51E+07     0.99634      0.00031945    1.51E+07     0.00031945    2.51E+07     2.1788E+05    
   1.52E+07     0.9963       0.00031687    1.52E+07     0.00031687    2.52E+07     2.1435E+05    
   1.53E+07     0.99625      0.00031427    1.53E+07     0.00031427    2.53E+07     2.1146E+05    
   1.54E+07     0.99627      0.00030932    1.54E+07     0.00030932    2.54E+07     2.1286E+05    
   1.55E+07     0.99624      0.00030513    1.55E+07     0.00030513    2.55E+07     2.1469E+05    
   1.56E+07     0.99634      0.00031386    1.56E+07     0.00031386    2.56E+07     2.1057E+05    
   1.57E+07     0.99637      0.00031018    1.57E+07     0.00031018    2.57E+07     2.094E+05     
   1.58E+07     0.99638      0.00030497    1.58E+07     0.00030497    2.58E+07     2.0989E+05    
   1.59E+07     0.9964       0.00030022    1.59E+07     0.00030022    2.59E+07     2.1171E+05    
   1.6E+07      0.99644      0.00029892    1.6E+07      0.00029892    2.6E+07      2.135E+05     
   1.61E+07     0.99643      0.00029442    1.61E+07     0.00029442    2.61E+07     2.1524E+05    
   1.62E+07     0.99639      0.00029203    1.62E+07     0.00029203    2.62E+07     2.1543E+05    
   1.63E+07     0.99637      0.00028789    1.63E+07     0.00028789    2.63E+07     2.1727E+05    
   1.64E+07     0.99644      0.00029191    1.64E+07     0.00029191    2.64E+07     2.1895E+05    
   1.65E+07     0.99638      0.00029517    1.65E+07     0.00029517    2.65E+07     2.2032E+05    
   1.66E+07     0.99641      0.00029218    1.66E+07     0.00029218    2.66E+07     2.2203E+05    
   1.67E+07     0.99637      0.00029028    1.67E+07     0.00029028    2.67E+07     2.2323E+05    
   1.68E+07     0.99635      0.00028661    1.68E+07     0.00028661    2.68E+07     2.2477E+05    
   1.69E+07     0.99636      0.00028253    1.69E+07     0.00028253    2.69E+07     2.2648E+05    
   1.7E+07      0.99633      0.00027957    1.7E+07      0.00027957    2.7E+07      2.282E+05     
   1.71E+07     0.99629      0.0002781     1.71E+07     0.0002781     2.71E+07     2.3008E+05    
   1.72E+07     0.99633      0.00027629    1.72E+07     0.00027629    2.72E+07     2.3116E+05    
   1.73E+07     0.99632      0.00027258    1.73E+07     0.00027258    2.73E+07     2.3023E+05    
   1.74E+07     0.99627      0.00027399    1.74E+07     0.00027399    2.74E+07     2.3083E+05    
   1.75E+07     0.99631      0.00027344    1.75E+07     0.00027344    2.75E+07     2.2756E+05    
   1.76E+07     0.99631      0.00026986    1.76E+07     0.00026986    2.76E+07     2.244E+05     
   1.77E+07     0.99633      0.00026716    1.77E+07     0.00026716    2.77E+07     2.2526E+05    
   1.78E+07     0.9963       0.00026533    1.78E+07     0.00026533    2.78E+07     2.2457E+05    
   1.79E+07     0.99627      0.00026301    1.79E+07     0.00026301    2.79E+07     2.2631E+05    
   1.8E+07      0.9963       0.00026096    1.8E+07      0.00026096    2.8E+07      2.2426E+05    
   1.81E+07     0.99626      0.00026031    1.81E+07     0.00026031    2.81E+07     2.2483E+05    
   1.82E+07     0.99629      0.00025803    1.82E+07     0.00025803    2.82E+07     2.2619E+05    
   1.83E+07     0.99627      0.00025534    1.83E+07     0.00025534    2.83E+07     2.278E+05     
   1.84E+07     0.99629      0.00025345    1.84E+07     0.00025345    2.84E+07     2.2721E+05    
   1.85E+07     0.9963       0.00025059    1.85E+07     0.00025059    2.85E+07     2.2792E+05    
   1.86E+07     0.99632      0.00024806    1.86E+07     0.00024806    2.86E+07     2.2913E+05    
   1.87E+07     0.99629      0.00024647    1.87E+07     0.00024647    2.87E+07     2.2944E+05    
   1.88E+07     0.9963       0.00024383    1.88E+07     0.00024383    2.88E+07     2.2602E+05    
   1.89E+07     0.99632      0.00024159    1.89E+07     0.00024159    2.89E+07     2.2758E+05    
   1.9E+07      0.99636      0.00024374    1.9E+07      0.00024374    2.9E+07      2.2666E+05    
   1.91E+07     0.99639      0.00024215    1.91E+07     0.00024215    2.91E+07     2.2515E+05    
   1.92E+07     0.99638      0.00023963    1.92E+07     0.00023963    2.92E+07     2.2587E+05    
   1.93E+07     0.99641      0.00023939    1.93E+07     0.00023939    2.93E+07     2.2719E+05    
   1.94E+07     0.99644      0.00023808    1.94E+07     0.00023808    2.94E+07     2.2869E+05    
   1.95E+07     0.99646      0.00023615    1.95E+07     0.00023615    2.95E+07     2.2954E+05    
   1.96E+07     0.99644      0.00023395    1.96E+07     0.00023395    2.96E+07     2.3109E+05    
   1.97E+07     0.99642      0.0002325     1.97E+07     0.0002325     2.97E+07     2.3108E+05    
   1.98E+07     0.99639      0.00023256    1.98E+07     0.00023256    2.98E+07     2.3239E+05    
   1.99E+07     0.99637      0.00023116    1.99E+07     0.00023116    2.99E+07     2.339E+05     
   2E+07        0.9964       0.00023167    2E+07        0.00023167    3E+07        2.3545E+05    
   2.01E+07     0.99638      0.00023053    2.01E+07     0.00023053    3.01E+07     2.3685E+05    
   2.02E+07     0.99641      0.00023017    2.02E+07     0.00023017    3.02E+07     2.3455E+05    
   2.03E+07     0.99641      0.00022796    2.03E+07     0.00022796    3.03E+07     2.3544E+05    
   2.04E+07     0.99646      0.00023123    2.04E+07     0.00023123    3.04E+07     2.3074E+05    
   2.05E+07     0.99647      0.00022923    2.05E+07     0.00022923    3.05E+07     2.3184E+05    
   2.06E+07     0.99646      0.00022735    2.06E+07     0.00022735    3.06E+07     2.2822E+05    
   2.07E+07     0.99644      0.00022619    2.07E+07     0.00022619    3.07E+07     2.2593E+05    
   2.08E+07     0.99651      0.00023308    2.08E+07     0.00023308    3.08E+07     2.2202E+05    
   2.09E+07     0.9965       0.00023105    2.09E+07     0.00023105    3.09E+07     2.2219E+05    
   2.1E+07      0.99652      0.00023021    2.1E+07      0.00023021    3.1E+07      2.2195E+05    
   2.11E+07     0.9965       0.00022902    2.11E+07     0.00022902    3.11E+07     2.2338E+05    
   2.12E+07     0.99651      0.00022703    2.12E+07     0.00022703    3.12E+07     2.248E+05     
   2.13E+07     0.99651      0.00022502    2.13E+07     0.00022502    3.13E+07     2.2619E+05    
   2.14E+07     0.99648      0.00022465    2.14E+07     0.00022465    3.14E+07     2.2621E+05    
   2.15E+07     0.99648      0.00022276    2.15E+07     0.00022276    3.15E+07     2.24E+05      
   2.16E+07     0.99649      0.00022134    2.16E+07     0.00022134    3.16E+07     2.2488E+05    
   2.17E+07     0.9965       0.00021957    2.17E+07     0.00021957    3.17E+07     2.2578E+05    
   2.18E+07     0.99651      0.00021806    2.18E+07     0.00021806    3.18E+07     2.2647E+05    
   2.19E+07     0.99652      0.00021666    2.19E+07     0.00021666    3.19E+07     2.2258E+05    
   2.2E+07      0.99651      0.00021535    2.2E+07      0.00021535    3.2E+07      2.2389E+05    
   2.21E+07     0.99651      0.00021358    2.21E+07     0.00021358    3.21E+07     2.2525E+05    
   2.22E+07     0.9965       0.00021228    2.22E+07     0.00021228    3.22E+07     2.2615E+05    
   2.23E+07     0.99652      0.00021159    2.23E+07     0.00021159    3.23E+07     2.2715E+05    
   2.24E+07     0.99651      0.00020991    2.24E+07     0.00020991    3.24E+07     2.2819E+05    
   2.25E+07     0.99651      0.00020823    2.25E+07     0.00020823    3.25E+07     2.2674E+05    
   2.26E+07     0.99651      0.00020659    2.26E+07     0.00020659    3.26E+07     2.2778E+05    
   2.27E+07     0.99653      0.00020587    2.27E+07     0.00020587    3.27E+07     2.287E+05     
   2.28E+07     0.99651      0.00020512    2.28E+07     0.00020512    3.28E+07     2.2998E+05    
   2.29E+07     0.9965       0.00020397    2.29E+07     0.00020397    3.29E+07     2.2981E+05    
   2.3E+07      0.99651      0.00020295    2.3E+07      0.00020295    3.3E+07      2.27E+05      
   2.31E+07     0.99647      0.00020556    2.31E+07     0.00020556    3.31E+07     2.2806E+05    
   2.32E+07     0.99645      0.00020545    2.32E+07     0.00020545    3.32E+07     2.2931E+05    
   2.33E+07     0.99642      0.00020565    2.33E+07     0.00020565    3.33E+07     2.2971E+05    
   2.34E+07     0.99643      0.00020428    2.34E+07     0.00020428    3.34E+07     2.3074E+05    
   2.35E+07     0.99645      0.00020358    2.35E+07     0.00020358    3.35E+07     2.3157E+05    
   2.36E+07     0.99645      0.00020212    2.36E+07     0.00020212    3.36E+07     2.3234E+05    
   2.37E+07     0.99645      0.00020066    2.37E+07     0.00020066    3.37E+07     2.3276E+05    
   2.38E+07     0.99646      0.00019969    2.38E+07     0.00019969    3.38E+07     2.3383E+05    
   2.39E+07     0.99644      0.00019976    2.39E+07     0.00019976    3.39E+07     2.3494E+05    
   2.4E+07      0.99645      0.00019886    2.4E+07      0.00019886    3.4E+07      2.3518E+05    
   2.41E+07     0.99648      0.00019907    2.41E+07     0.00019907    3.41E+07     2.3647E+05    
   2.42E+07     0.99648      0.00019767    2.42E+07     0.00019767    3.42E+07     2.3656E+05    
   2.43E+07     0.99648      0.00019629    2.43E+07     0.00019629    3.43E+07     2.3774E+05    
   2.44E+07     0.99647      0.00019506    2.44E+07     0.00019506    3.44E+07     2.3868E+05    
   2.45E+07     0.99652      0.00019939    2.45E+07     0.00019939    3.45E+07     2.38E+05      
   2.46E+07     0.99652      0.00019804    2.46E+07     0.00019804    3.46E+07     2.3923E+05    
   2.47E+07     0.99652      0.00019671    2.47E+07     0.00019671    3.47E+07     2.4027E+05    
   2.48E+07     0.99654      0.00019627    2.48E+07     0.00019627    3.48E+07     2.4123E+05    
   2.49E+07     0.99652      0.00019665    2.49E+07     0.00019665    3.49E+07     2.4206E+05    
   2.5E+07      0.99651      0.00019537    2.5E+07      0.00019537    3.5E+07      2.4293E+05    
   2.51E+07     0.99652      0.00019414    2.51E+07     0.00019414    3.51E+07     2.4289E+05    
   2.52E+07     0.99655      0.00019536    2.52E+07     0.00019536    3.52E+07     2.4391E+05    
   2.53E+07     0.99658      0.00019628    2.53E+07     0.00019628    3.53E+07     2.4486E+05    
   2.54E+07     0.99659      0.00019526    2.54E+07     0.00019526    3.54E+07     2.4327E+05    
   2.55E+07     0.99659      0.00019405    2.55E+07     0.00019405    3.55E+07     2.4107E+05    
   2.56E+07     0.99663      0.00019557    2.56E+07     0.00019557    3.56E+07     2.4231E+05    
   2.57E+07     0.9966       0.00019569    2.57E+07     0.00019569    3.57E+07     2.4325E+05    
   2.58E+07     0.99662      0.0001951     2.58E+07     0.0001951     3.58E+07     2.4438E+05    
   2.59E+07     0.99662      0.00019388    2.59E+07     0.00019388    3.59E+07     2.4474E+05    
   2.6E+07      0.99662      0.00019271    2.6E+07      0.00019271    3.6E+07      2.4595E+05    
   2.61E+07     0.99662      0.00019151    2.61E+07     0.00019151    3.61E+07     2.4714E+05    
   2.62E+07     0.99664      0.00019108    2.62E+07     0.00019108    3.62E+07     2.4767E+05    
   2.63E+07     0.99664      0.00018992    2.63E+07     0.00018992    3.63E+07     2.4875E+05    
   2.64E+07     0.99663      0.00018883    2.64E+07     0.00018883    3.64E+07     2.4972E+05    
   2.65E+07     0.99662      0.00018787    2.65E+07     0.00018787    3.65E+07     2.5036E+05    
   2.66E+07     0.99663      0.00018678    2.66E+07     0.00018678    3.66E+07     2.5011E+05    
   2.67E+07     0.99662      0.00018594    2.67E+07     0.00018594    3.67E+07     2.5021E+05    
   2.68E+07     0.99662      0.00018495    2.68E+07     0.00018495    3.68E+07     2.5097E+05    
   2.69E+07     0.99663      0.00018392    2.69E+07     0.00018392    3.69E+07     2.4726E+05    
   2.7E+07      0.99663      0.00018286    2.7E+07      0.00018286    3.7E+07      2.4812E+05    
   2.71E+07     0.99663      0.00018179    2.71E+07     0.00018179    3.71E+07     2.4926E+05    
   2.72E+07     0.99662      0.00018102    2.72E+07     0.00018102    3.72E+07     2.4999E+05    
   2.73E+07     0.99664      0.00018107    2.73E+07     0.00018107    3.73E+07     2.5115E+05    
   2.74E+07     0.99663      0.00018044    2.74E+07     0.00018044    3.74E+07     2.5117E+05    
   2.75E+07     0.99665      0.00018142    2.75E+07     0.00018142    3.75E+07     2.5076E+05    
   2.76E+07     0.99663      0.00018235    2.76E+07     0.00018235    3.76E+07     2.5187E+05    
   2.77E+07     0.99664      0.00018169    2.77E+07     0.00018169    3.77E+07     2.5159E+05    
   2.78E+07     0.99666      0.00018161    2.78E+07     0.00018161    3.78E+07     2.5186E+05    
   2.79E+07     0.99666      0.0001806     2.79E+07     0.0001806     3.79E+07     2.5255E+05    
   2.8E+07      0.99668      0.00018111    2.8E+07      0.00018111    3.8E+07      2.5306E+05    
   2.81E+07     0.9967       0.00018056    2.81E+07     0.00018056    3.81E+07     2.5367E+05    
   2.82E+07     0.9967       0.00017967    2.82E+07     0.00017967    3.82E+07     2.5238E+05    
   2.83E+07     0.9967       0.00017871    2.83E+07     0.00017871    3.83E+07     2.5251E+05    
   2.84E+07     0.99669      0.00017863    2.84E+07     0.00017863    3.84E+07     2.5328E+05    
   2.85E+07     0.9967       0.00017804    2.85E+07     0.00017804    3.85E+07     2.5194E+05    
   2.86E+07     0.9967       0.00017723    2.86E+07     0.00017723    3.86E+07     2.5227E+05    
   2.87E+07     0.99669      0.0001768     2.87E+07     0.0001768     3.87E+07     2.5325E+05    
   2.88E+07     0.99672      0.00017784    2.88E+07     0.00017784    3.88E+07     2.5439E+05    
   2.89E+07     0.99672      0.00017692    2.89E+07     0.00017692    3.89E+07     2.5522E+05    
   2.9E+07      0.99673      0.00017695    2.9E+07      0.00017695    3.9E+07      2.5415E+05    
   2.91E+07     0.99671      0.00017723    2.91E+07     0.00017723    3.91E+07     2.5473E+05    
   2.92E+07     0.99672      0.00017666    2.92E+07     0.00017666    3.92E+07     2.5326E+05    
   2.93E+07     0.99672      0.00017583    2.93E+07     0.00017583    3.93E+07     2.5299E+05    
   2.94E+07     0.99672      0.00017493    2.94E+07     0.00017493    3.94E+07     2.5405E+05    
   2.95E+07     0.99673      0.00017431    2.95E+07     0.00017431    3.95E+07     2.4552E+05    
   2.96E+07     0.99673      0.00017344    2.96E+07     0.00017344    3.96E+07     2.4646E+05    
   2.97E+07     0.99672      0.00017317    2.97E+07     0.00017317    3.97E+07     2.4581E+05    
   2.98E+07     0.99671      0.00017235    2.98E+07     0.00017235    3.98E+07     2.4687E+05    
   2.99E+07     0.99671      0.00017152    2.99E+07     0.00017152    3.99E+07     2.4609E+05    
   3E+07        0.99671      0.00017067    3E+07        0.00017067    4E+07        2.4714E+05    
   3.01E+07     0.99671      0.00016989    3.01E+07     0.00016989    4.01E+07     2.4802E+05    
   3.02E+07     0.99669      0.0001704     3.02E+07     0.0001704     4.02E+07     2.4857E+05    
   3.03E+07     0.99668      0.00016981    3.03E+07     0.00016981    4.03E+07     2.4843E+05    
   3.04E+07     0.99671      0.00017124    3.04E+07     0.00017124    4.04E+07     2.4879E+05    
   3.05E+07     0.9967       0.00017057    3.05E+07     0.00017057    4.05E+07     2.4885E+05    
   3.06E+07     0.99673      0.0001716     3.06E+07     0.0001716     4.06E+07     2.4939E+05    
   3.07E+07     0.99671      0.0001722     3.07E+07     0.0001722     4.07E+07     2.4993E+05    
   3.08E+07     0.99673      0.00017341    3.08E+07     0.00017341    4.08E+07     2.4972E+05    
   3.09E+07     0.99675      0.00017308    3.09E+07     0.00017308    4.09E+07     2.5072E+05    
   3.1E+07      0.99673      0.00017286    3.1E+07      0.00017286    4.1E+07      2.517E+05     
   3.11E+07     0.99673      0.00017204    3.11E+07     0.00017204    4.11E+07     2.4846E+05    
   3.12E+07     0.99673      0.00017123    3.12E+07     0.00017123    4.12E+07     2.4946E+05    
   3.13E+07     0.99673      0.00017043    3.13E+07     0.00017043    4.13E+07     2.502E+05     
   3.14E+07     0.99672      0.00017012    3.14E+07     0.00017012    4.14E+07     2.5058E+05    
   3.15E+07     0.99674      0.00017068    3.15E+07     0.00017068    4.15E+07     2.515E+05     
   3.16E+07     0.99675      0.00017009    3.16E+07     0.00017009    4.16E+07     2.5193E+05    
   3.17E+07     0.99676      0.00016948    3.17E+07     0.00016948    4.17E+07     2.497E+05     
   3.18E+07     0.99675      0.00016894    3.18E+07     0.00016894    4.18E+07     2.4983E+05    
   3.19E+07     0.99677      0.00017014    3.19E+07     0.00017014    4.19E+07     2.5078E+05    
   3.2E+07      0.99678      0.00016937    3.2E+07      0.00016937    4.2E+07      2.4997E+05    
   3.21E+07     0.99678      0.0001686     3.21E+07     0.0001686     4.21E+07     2.507E+05     
   3.22E+07     0.99677      0.00016798    3.22E+07     0.00016798    4.22E+07     2.4925E+05    
   3.23E+07     0.99678      0.00016735    3.23E+07     0.00016735    4.23E+07     2.5012E+05    
   3.24E+07     0.99677      0.00016671    3.24E+07     0.00016671    4.24E+07     2.4752E+05    
   3.25E+07     0.99679      0.00016699    3.25E+07     0.00016699    4.25E+07     2.4822E+05    
   3.26E+07     0.99679      0.00016633    3.26E+07     0.00016633    4.26E+07     2.4918E+05    
   3.27E+07     0.9968       0.00016574    3.27E+07     0.00016574    4.27E+07     2.5001E+05    
   3.28E+07     0.9968       0.00016503    3.28E+07     0.00016503    4.28E+07     2.4932E+05    
   3.29E+07     0.99682      0.00016485    3.29E+07     0.00016485    4.29E+07     2.4723E+05    
   3.3E+07      0.99679      0.00016558    3.3E+07      0.00016558    4.3E+07      2.4813E+05    
   3.31E+07     0.9968       0.00016495    3.31E+07     0.00016495    4.31E+07     2.4899E+05    
   3.32E+07     0.9968       0.00016425    3.32E+07     0.00016425    4.32E+07     2.4807E+05    
   3.33E+07     0.99681      0.00016387    3.33E+07     0.00016387    4.33E+07     2.4895E+05    
   3.34E+07     0.99682      0.00016322    3.34E+07     0.00016322    4.34E+07     2.4967E+05    
   3.35E+07     0.99682      0.00016269    3.35E+07     0.00016269    4.35E+07     2.4917E+05    
   3.36E+07     0.99683      0.00016217    3.36E+07     0.00016217    4.36E+07     2.4959E+05    
   3.37E+07     0.99684      0.0001618     3.37E+07     0.0001618     4.37E+07     2.5024E+05    
   3.38E+07     0.99684      0.00016116    3.38E+07     0.00016116    4.38E+07     2.4657E+05    
   3.39E+07     0.99684      0.00016055    3.39E+07     0.00016055    4.39E+07     2.4572E+05    
   3.4E+07      0.99685      0.00016024    3.4E+07      0.00016024    4.4E+07      2.466E+05     
   3.41E+07     0.99685      0.00015958    3.41E+07     0.00015958    4.41E+07     2.47E+05      
   3.42E+07     0.99686      0.0001593     3.42E+07     0.0001593     4.42E+07     2.4784E+05    
   3.43E+07     0.99686      0.00015867    3.43E+07     0.00015867    4.43E+07     2.4663E+05    
   3.44E+07     0.99685      0.00015813    3.44E+07     0.00015813    4.44E+07     2.4677E+05    
   3.45E+07     0.99687      0.00015813    3.45E+07     0.00015813    4.45E+07     2.4703E+05    
   3.46E+07     0.99687      0.00015751    3.46E+07     0.00015751    4.46E+07     2.4776E+05    
   3.47E+07     0.99687      0.00015689    3.47E+07     0.00015689    4.47E+07     2.4783E+05    
   3.48E+07     0.99687      0.00015636    3.48E+07     0.00015636    4.48E+07     2.4866E+05    
   3.49E+07     0.99687      0.00015585    3.49E+07     0.00015585    4.49E+07     2.4954E+05    
   3.5E+07      0.99687      0.00015536    3.5E+07      0.00015536    4.5E+07      2.5026E+05    
   3.51E+07     0.99686      0.00015516    3.51E+07     0.00015516    4.51E+07     2.5004E+05    
   3.52E+07     0.99687      0.00015462    3.52E+07     0.00015462    4.52E+07     2.5015E+05    
   3.53E+07     0.99687      0.00015401    3.53E+07     0.00015401    4.53E+07     2.51E+05      
   3.54E+07     0.99689      0.0001543     3.54E+07     0.0001543     4.54E+07     2.5188E+05    
   3.55E+07     0.9969       0.00015478    3.55E+07     0.00015478    4.55E+07     2.5078E+05    
   3.56E+07     0.9969       0.00015417    3.56E+07     0.00015417    4.56E+07     2.5154E+05    
   3.57E+07     0.99691      0.00015365    3.57E+07     0.00015365    4.57E+07     2.5162E+05    
   3.58E+07     0.99691      0.00015307    3.58E+07     0.00015307    4.58E+07     2.5207E+05    
   3.59E+07     0.99692      0.00015274    3.59E+07     0.00015274    4.59E+07     2.5253E+05    
   3.6E+07      0.99692      0.00015216    3.6E+07      0.00015216    4.6E+07      2.5147E+05    
   3.61E+07     0.99692      0.00015158    3.61E+07     0.00015158    4.61E+07     2.5213E+05    
   3.62E+07     0.99691      0.00015119    3.62E+07     0.00015119    4.62E+07     2.5243E+05    
   3.63E+07     0.99691      0.00015065    3.63E+07     0.00015065    4.63E+07     2.5325E+05    
   3.64E+07     0.9969       0.00015016    3.64E+07     0.00015016    4.64E+07     2.5314E+05    
   3.65E+07     0.9969       0.00014976    3.65E+07     0.00014976    4.65E+07     2.5347E+05    
   3.66E+07     0.99689      0.00014963    3.66E+07     0.00014963    4.66E+07     2.5102E+05    
   3.67E+07     0.9969       0.00014938    3.67E+07     0.00014938    4.67E+07     2.4955E+05    
   3.68E+07     0.99689      0.00014896    3.68E+07     0.00014896    4.68E+07     2.4859E+05    
   3.69E+07     0.99691      0.00014988    3.69E+07     0.00014988    4.69E+07     2.4934E+05    
   3.7E+07      0.9969       0.0001494     3.7E+07      0.0001494     4.7E+07      2.4978E+05    
   3.71E+07     0.9969       0.00014885    3.71E+07     0.00014885    4.71E+07     2.4804E+05    
   3.72E+07     0.9969       0.00014843    3.72E+07     0.00014843    4.72E+07     2.485E+05     
   3.73E+07     0.9969       0.00014789    3.73E+07     0.00014789    4.73E+07     2.4763E+05    
   3.74E+07     0.99689      0.00014768    3.74E+07     0.00014768    4.74E+07     2.4812E+05    
   3.75E+07     0.99688      0.0001476     3.75E+07     0.0001476     4.75E+07     2.4882E+05    
   3.76E+07     0.99688      0.00014707    3.76E+07     0.00014707    4.76E+07     2.4943E+05    
   3.77E+07     0.99689      0.00014697    3.77E+07     0.00014697    4.77E+07     2.5024E+05    
   3.78E+07     0.9969       0.00014669    3.78E+07     0.00014669    4.78E+07     2.5043E+05    
   3.79E+07     0.99691      0.00014627    3.79E+07     0.00014627    4.79E+07     2.5084E+05    
   3.8E+07      0.99691      0.00014594    3.8E+07      0.00014594    4.8E+07      2.5094E+05    
   3.81E+07     0.99691      0.00014558    3.81E+07     0.00014558    4.81E+07     2.5168E+05    
   3.82E+07     0.99689      0.00014576    3.82E+07     0.00014576    4.82E+07     2.5243E+05    
   3.83E+07     0.99688      0.00014552    3.83E+07     0.00014552    4.83E+07     2.5017E+05    
   3.84E+07     0.99688      0.00014512    3.84E+07     0.00014512    4.84E+07     2.5088E+05    
   3.85E+07     0.99689      0.00014532    3.85E+07     0.00014532    4.85E+07     2.5124E+05    
   3.86E+07     0.9969       0.00014504    3.86E+07     0.00014504    4.86E+07     2.4787E+05    
   3.87E+07     0.9969       0.00014454    3.87E+07     0.00014454    4.87E+07     2.4807E+05    
   3.88E+07     0.9969       0.00014404    3.88E+07     0.00014404    4.88E+07     2.4878E+05    
   3.89E+07     0.9969       0.00014361    3.89E+07     0.00014361    4.89E+07     2.4877E+05    
   3.9E+07      0.99692      0.00014374    3.9E+07      0.00014374    4.9E+07      2.4754E+05    
   3.91E+07     0.99692      0.00014337    3.91E+07     0.00014337    4.91E+07     2.4707E+05    
   3.92E+07     0.99694      0.00014361    3.92E+07     0.00014361    4.92E+07     2.4447E+05    
   3.93E+07     0.99695      0.0001435     3.93E+07     0.0001435     4.93E+07     2.4488E+05    
   3.94E+07     0.99695      0.00014303    3.94E+07     0.00014303    4.94E+07     2.4424E+05    
   3.95E+07     0.99692      0.00014528    3.95E+07     0.00014528    4.95E+07     2.4324E+05    
   3.96E+07     0.99692      0.00014482    3.96E+07     0.00014482    4.96E+07     2.4386E+05    
   3.97E+07     0.99693      0.00014483    3.97E+07     0.00014483    4.97E+07     2.4453E+05    
   3.98E+07     0.99693      0.00014434    3.98E+07     0.00014434    4.98E+07     2.4493E+05    
   3.99E+07     0.99694      0.00014436    3.99E+07     0.00014436    4.99E+07     2.4423E+05    
   4E+07        0.99694      0.00014388    4E+07        0.00014388    5E+07        2.4378E+05    
   4.01E+07     0.99694      0.00014345    4.01E+07     0.00014345    5.01E+07     2.444E+05     
   4.02E+07     0.99693      0.00014312    4.02E+07     0.00014312    5.02E+07     2.4509E+05    
   4.03E+07     0.99694      0.00014295    4.03E+07     0.00014295    5.03E+07     2.4503E+05    
   4.04E+07     0.99695      0.00014267    4.04E+07     0.00014267    5.04E+07     2.4557E+05    
   4.05E+07     0.99696      0.00014248    4.05E+07     0.00014248    5.05E+07     2.4541E+05    
   4.06E+07     0.99696      0.00014215    4.06E+07     0.00014215    5.06E+07     2.4519E+05    
   4.07E+07     0.99697      0.00014182    4.07E+07     0.00014182    5.07E+07     2.4585E+05    
   4.08E+07     0.99698      0.0001417     4.08E+07     0.0001417     5.08E+07     2.4505E+05    
   4.09E+07     0.99698      0.00014125    4.09E+07     0.00014125    5.09E+07     2.4571E+05    
   4.1E+07      0.99698      0.00014081    4.1E+07      0.00014081    5.1E+07      2.4608E+05    
   4.11E+07     0.997        0.00014153    4.11E+07     0.00014153    5.11E+07     2.4627E+05    
   4.12E+07     0.997        0.00014108    4.12E+07     0.00014108    5.12E+07     2.4685E+05    
   4.13E+07     0.99701      0.00014071    4.13E+07     0.00014071    5.13E+07     2.4749E+05    
   4.14E+07     0.99701      0.00014043    4.14E+07     0.00014043    5.14E+07     2.4807E+05    
   4.15E+07     0.99701      0.00013999    4.15E+07     0.00013999    5.15E+07     2.4875E+05    
   4.16E+07     0.99702      0.00013971    4.16E+07     0.00013971    5.16E+07     2.4937E+05    
   4.17E+07     0.997        0.00014017    4.17E+07     0.00014017    5.17E+07     2.4656E+05    
   4.18E+07     0.99701      0.00013997    4.18E+07     0.00013997    5.18E+07     2.4725E+05    
   4.19E+07     0.99701      0.00013953    4.19E+07     0.00013953    5.19E+07     2.4713E+05    
   4.2E+07      0.997        0.00013959    4.2E+07      0.00013959    5.2E+07      2.478E+05     
   4.21E+07     0.997        0.00013922    4.21E+07     0.00013922    5.21E+07     2.4769E+05    
   4.22E+07     0.99699      0.00013947    4.22E+07     0.00013947    5.22E+07     2.4841E+05    
   4.23E+07     0.99699      0.00013904    4.23E+07     0.00013904    5.23E+07     2.4883E+05    
   4.24E+07     0.99701      0.00013961    4.24E+07     0.00013961    5.24E+07     2.4757E+05    
   4.25E+07     0.997        0.00013925    4.25E+07     0.00013925    5.25E+07     2.4815E+05    
   4.26E+07     0.997        0.00013882    4.26E+07     0.00013882    5.26E+07     2.4795E+05    
   4.27E+07     0.997        0.00013841    4.27E+07     0.00013841    5.27E+07     2.4853E+05    
   4.28E+07     0.99701      0.00013845    4.28E+07     0.00013845    5.28E+07     2.4922E+05    
   4.29E+07     0.997        0.00013887    4.29E+07     0.00013887    5.29E+07     2.4879E+05    
   4.3E+07      0.997        0.00013846    4.3E+07      0.00013846    5.3E+07      2.4835E+05    
   4.31E+07     0.997        0.00013805    4.31E+07     0.00013805    5.31E+07     2.4896E+05    
   4.32E+07     0.99701      0.00013815    4.32E+07     0.00013815    5.32E+07     2.4967E+05    
   4.33E+07     0.99701      0.00013774    4.33E+07     0.00013774    5.33E+07     2.503E+05     
   4.34E+07     0.99701      0.00013739    4.34E+07     0.00013739    5.34E+07     2.509E+05     
   4.35E+07     0.99702      0.00013736    4.35E+07     0.00013736    5.35E+07     2.5159E+05    
   4.36E+07     0.99702      0.00013709    4.36E+07     0.00013709    5.36E+07     2.5227E+05    
   4.37E+07     0.99703      0.00013676    4.37E+07     0.00013676    5.37E+07     2.524E+05     
   4.38E+07     0.99704      0.00013761    4.38E+07     0.00013761    5.38E+07     2.5309E+05    
   4.39E+07     0.99706      0.00013769    4.39E+07     0.00013769    5.39E+07     2.5365E+05    
   4.4E+07      0.99706      0.00013729    4.4E+07      0.00013729    5.4E+07      2.5421E+05    
   4.41E+07     0.99706      0.00013703    4.41E+07     0.00013703    5.41E+07     2.5378E+05    
   4.42E+07     0.99706      0.00013663    4.42E+07     0.00013663    5.42E+07     2.5365E+05    
   4.43E+07     0.99707      0.0001368     4.43E+07     0.0001368     5.43E+07     2.5433E+05    
   4.44E+07     0.99708      0.00013661    4.44E+07     0.00013661    5.44E+07     2.5479E+05    
   4.45E+07     0.99707      0.00013639    4.45E+07     0.00013639    5.45E+07     2.5327E+05    
   4.46E+07     0.99707      0.00013603    4.46E+07     0.00013603    5.46E+07     2.5389E+05    
   4.47E+07     0.99708      0.00013585    4.47E+07     0.00013585    5.47E+07     2.542E+05     
   4.48E+07     0.99708      0.00013547    4.48E+07     0.00013547    5.48E+07     2.5331E+05    
   4.49E+07     0.99708      0.00013508    4.49E+07     0.00013508    5.49E+07     2.5356E+05    
   4.5E+07      0.99707      0.00013474    4.5E+07      0.00013474    5.5E+07      2.5343E+05    
   4.51E+07     0.99708      0.00013465    4.51E+07     0.00013465    5.51E+07     2.5339E+05    
   4.52E+07     0.99707      0.00013446    4.52E+07     0.00013446    5.52E+07     2.5402E+05    
   4.53E+07     0.99708      0.00013409    4.53E+07     0.00013409    5.53E+07     2.5442E+05    
   4.54E+07     0.99708      0.00013371    4.54E+07     0.00013371    5.54E+07     2.551E+05     
   4.55E+07     0.99709      0.00013384    4.55E+07     0.00013384    5.55E+07     2.5552E+05    
   4.56E+07     0.99709      0.0001335     4.56E+07     0.0001335     5.56E+07     2.5531E+05    
   4.57E+07     0.99708      0.00013332    4.57E+07     0.00013332    5.57E+07     2.5512E+05    
   4.58E+07     0.99708      0.00013306    4.58E+07     0.00013306    5.58E+07     2.5568E+05    
   4.59E+07     0.99708      0.00013279    4.59E+07     0.00013279    5.59E+07     2.5472E+05    
   4.6E+07      0.99707      0.00013292    4.6E+07      0.00013292    5.6E+07      2.5404E+05    
   4.61E+07     0.99707      0.00013261    4.61E+07     0.00013261    5.61E+07     2.5423E+05    
   4.62E+07     0.99708      0.00013239    4.62E+07     0.00013239    5.62E+07     2.5453E+05    
   4.63E+07     0.99708      0.00013202    4.63E+07     0.00013202    5.63E+07     2.5434E+05    
   4.64E+07     0.99708      0.00013191    4.64E+07     0.00013191    5.64E+07     2.5462E+05    
   4.65E+07     0.99709      0.00013167    4.65E+07     0.00013167    5.65E+07     2.5252E+05    
   4.66E+07     0.99708      0.00013218    4.66E+07     0.00013218    5.66E+07     2.5315E+05    
   4.67E+07     0.99706      0.00013244    4.67E+07     0.00013244    5.67E+07     2.5352E+05    
   4.68E+07     0.99707      0.00013254    4.68E+07     0.00013254    5.68E+07     2.528E+05     
   4.69E+07     0.99707      0.0001322     4.69E+07     0.0001322     5.69E+07     2.5334E+05    
   4.7E+07      0.99708      0.00013195    4.7E+07      0.00013195    5.7E+07      2.5319E+05    
   4.71E+07     0.99709      0.00013227    4.71E+07     0.00013227    5.71E+07     2.5354E+05    
   4.72E+07     0.99709      0.000132      4.72E+07     0.000132      5.72E+07     2.5376E+05    
   4.73E+07     0.99711      0.0001321     4.73E+07     0.0001321     5.73E+07     2.5357E+05    
   4.74E+07     0.99711      0.00013182    4.74E+07     0.00013182    5.74E+07     2.5162E+05    
   4.75E+07     0.99711      0.00013151    4.75E+07     0.00013151    5.75E+07     2.5138E+05    
   4.76E+07     0.99711      0.00013119    4.76E+07     0.00013119    5.76E+07     2.506E+05     
   4.77E+07     0.99711      0.00013085    4.77E+07     0.00013085    5.77E+07     2.51E+05      
   4.78E+07     0.99712      0.00013066    4.78E+07     0.00013066    5.78E+07     2.5132E+05    
   4.79E+07     0.99712      0.00013042    4.79E+07     0.00013042    5.79E+07     2.5106E+05    
   4.8E+07      0.99712      0.00013024    4.8E+07      0.00013024    5.8E+07      2.5127E+05    
   4.81E+07     0.99711      0.00012992    4.81E+07     0.00012992    5.81E+07     2.5167E+05    
   4.82E+07     0.99711      0.00012959    4.82E+07     0.00012959    5.82E+07     2.516E+05     
   4.83E+07     0.9971       0.00013005    4.83E+07     0.00013005    5.83E+07     2.5127E+05    
   4.84E+07     0.9971       0.00012971    4.84E+07     0.00012971    5.84E+07     2.5189E+05    
   4.85E+07     0.9971       0.00012949    4.85E+07     0.00012949    5.85E+07     2.5236E+05    
   4.86E+07     0.99712      0.00013024    4.86E+07     0.00013024    5.86E+07     2.5299E+05    
   4.87E+07     0.99713      0.00013005    4.87E+07     0.00013005    5.87E+07     2.5274E+05    
   4.88E+07     0.99713      0.00012972    4.88E+07     0.00012972    5.88E+07     2.5332E+05    
   4.89E+07     0.99713      0.00012959    4.89E+07     0.00012959    5.89E+07     2.5359E+05    
   4.9E+07      0.99712      0.00012978    4.9E+07      0.00012978    5.9E+07      2.5393E+05    
   4.91E+07     0.99713      0.00012977    4.91E+07     0.00012977    5.91E+07     2.5438E+05    
   4.92E+07     0.99715      0.00013031    4.92E+07     0.00013031    5.92E+07     2.5477E+05    
   4.93E+07     0.99715      0.00013007    4.93E+07     0.00013007    5.93E+07     2.5397E+05    
   4.94E+07     0.99716      0.00013012    4.94E+07     0.00013012    5.94E+07     2.5454E+05    
   4.95E+07     0.99717      0.00013026    4.95E+07     0.00013026    5.95E+07     2.5429E+05    
   4.96E+07     0.99717      0.00012995    4.96E+07     0.00012995    5.96E+07     2.5276E+05    
   4.97E+07     0.99717      0.00012964    4.97E+07     0.00012964    5.97E+07     2.53E+05      
   4.98E+07     0.99717      0.00012941    4.98E+07     0.00012941    5.98E+07     2.5053E+05    
   4.99E+07     0.99718      0.00012946    4.99E+07     0.00012946    5.99E+07     2.5113E+05    
   5E+07        0.99719      0.00012946    5E+07        0.00012946    6E+07        2.5163E+05    
   5.01E+07     0.99719      0.00012917    5.01E+07     0.00012917    6.01E+07     2.5093E+05    
   5.02E+07     0.99719      0.00012886    5.02E+07     0.00012886    6.02E+07     2.5114E+05    
   5.03E+07     0.9972       0.00012875    5.03E+07     0.00012875    6.03E+07     2.5173E+05    
   5.04E+07     0.9972       0.00012847    5.04E+07     0.00012847    6.04E+07     2.5214E+05    
   5.05E+07     0.9972       0.00012839    5.05E+07     0.00012839    6.05E+07     2.504E+05     
   5.06E+07     0.9972       0.00012832    5.06E+07     0.00012832    6.06E+07     2.5027E+05    
   5.07E+07     0.9972       0.00012803    5.07E+07     0.00012803    6.07E+07     2.5038E+05    
   5.08E+07     0.99721      0.0001281     5.08E+07     0.0001281     6.08E+07     2.5025E+05    
   5.09E+07     0.99721      0.00012781    5.09E+07     0.00012781    6.09E+07     2.5084E+05    
   5.1E+07      0.99721      0.00012758    5.1E+07      0.00012758    6.1E+07      2.5133E+05    
   5.11E+07     0.9972       0.00012741    5.11E+07     0.00012741    6.11E+07     2.4878E+05    
   5.12E+07     0.9972       0.00012712    5.12E+07     0.00012712    6.12E+07     2.4864E+05    
   5.13E+07     0.9972       0.00012684    5.13E+07     0.00012684    6.13E+07     2.4921E+05    
   5.14E+07     0.99721      0.00012657    5.14E+07     0.00012657    6.14E+07     2.4914E+05    
   5.15E+07     0.9972       0.00012628    5.15E+07     0.00012628    6.15E+07     2.4927E+05    
   5.16E+07     0.9972       0.00012599    5.16E+07     0.00012599    6.16E+07     2.4985E+05    
   5.17E+07     0.99722      0.00012659    5.17E+07     0.00012659    6.17E+07     2.4896E+05    
   5.18E+07     0.99722      0.00012629    5.18E+07     0.00012629    6.18E+07     2.4921E+05    
   5.19E+07     0.99722      0.0001262     5.19E+07     0.0001262     6.19E+07     2.4948E+05    
   5.2E+07      0.99723      0.00012591    5.2E+07      0.00012591    6.2E+07      2.5006E+05    
   5.21E+07     0.99723      0.00012581    5.21E+07     0.00012581    6.21E+07     2.5051E+05    
   5.22E+07     0.99723      0.00012551    5.22E+07     0.00012551    6.22E+07     2.5096E+05    
   5.23E+07     0.99723      0.00012528    5.23E+07     0.00012528    6.23E+07     2.5121E+05    
   5.24E+07     0.99722      0.00012549    5.24E+07     0.00012549    6.24E+07     2.4897E+05    
   5.25E+07     0.99722      0.00012521    5.25E+07     0.00012521    6.25E+07     2.4927E+05    
   5.26E+07     0.99722      0.00012514    5.26E+07     0.00012514    6.26E+07     2.495E+05     
   5.27E+07     0.99723      0.00012488    5.27E+07     0.00012488    6.27E+07     2.4983E+05    
   5.28E+07     0.99723      0.00012459    5.28E+07     0.00012459    6.28E+07     2.4968E+05    
   5.29E+07     0.99724      0.00012456    5.29E+07     0.00012456    6.29E+07     2.4876E+05    
   5.3E+07      0.99723      0.00012456    5.3E+07      0.00012456    6.3E+07      2.4886E+05    
   5.31E+07     0.99722      0.00012429    5.31E+07     0.00012429    6.31E+07     2.4934E+05    
   5.32E+07     0.99722      0.000124      5.32E+07     0.000124      6.32E+07     2.4981E+05    
   5.33E+07     0.99722      0.00012373    5.33E+07     0.00012373    6.33E+07     2.5035E+05    
   5.34E+07     0.99723      0.00012346    5.34E+07     0.00012346    6.34E+07     2.5018E+05    
   5.35E+07     0.99722      0.00012318    5.35E+07     0.00012318    6.35E+07     2.4963E+05    
   5.36E+07     0.99722      0.0001229     5.36E+07     0.0001229     6.36E+07     2.4984E+05    
   5.37E+07     0.99722      0.00012274    5.37E+07     0.00012274    6.37E+07     2.496E+05     
   5.38E+07     0.99722      0.00012246    5.38E+07     0.00012246    6.38E+07     2.4878E+05    
   5.39E+07     0.99722      0.00012222    5.39E+07     0.00012222    6.39E+07     2.4848E+05    
   5.4E+07      0.99722      0.00012197    5.4E+07      0.00012197    6.4E+07      2.4896E+05    
   5.41E+07     0.99723      0.00012196    5.41E+07     0.00012196    6.41E+07     2.4762E+05    
   5.42E+07     0.99722      0.00012188    5.42E+07     0.00012188    6.42E+07     2.4624E+05    
   5.43E+07     0.99722      0.00012161    5.43E+07     0.00012161    6.43E+07     2.4634E+05    
   5.44E+07     0.99723      0.00012139    5.44E+07     0.00012139    6.44E+07     2.4665E+05    
   5.45E+07     0.99721      0.00012163    5.45E+07     0.00012163    6.45E+07     2.4652E+05    
   5.46E+07     0.99722      0.00012137    5.46E+07     0.00012137    6.46E+07     2.4665E+05    
   5.47E+07     0.99722      0.00012119    5.47E+07     0.00012119    6.47E+07     2.469E+05     
   5.48E+07     0.99721      0.0001213     5.48E+07     0.0001213     6.48E+07     2.4739E+05    
   5.49E+07     0.99721      0.00012111    5.49E+07     0.00012111    6.49E+07     2.4723E+05    
   5.5E+07      0.9972       0.00012104    5.5E+07      0.00012104    6.5E+07      2.4759E+05    
   5.51E+07     0.99721      0.00012094    5.51E+07     0.00012094    6.51E+07     2.4748E+05    
   5.52E+07     0.9972       0.00012068    5.52E+07     0.00012068    6.52E+07     2.4764E+05    
   5.53E+07     0.9972       0.00012047    5.53E+07     0.00012047    6.53E+07     2.4814E+05    
   5.54E+07     0.9972       0.0001202     5.54E+07     0.0001202     6.54E+07     2.4821E+05    
   5.55E+07     0.9972       0.00012       5.55E+07     0.00012       6.55E+07     2.4873E+05    
   5.56E+07     0.9972       0.00011995    5.56E+07     0.00011995    6.56E+07     2.4883E+05    
   5.57E+07     0.9972       0.00011987    5.57E+07     0.00011987    6.57E+07     2.4624E+05    
   5.58E+07     0.9972       0.00011964    5.58E+07     0.00011964    6.58E+07     2.4666E+05    
   5.59E+07     0.99721      0.00011976    5.59E+07     0.00011976    6.59E+07     2.4698E+05    
   5.6E+07      0.9972       0.00011981    5.6E+07      0.00011981    6.6E+07      2.4739E+05    
   5.61E+07     0.99721      0.00011965    5.61E+07     0.00011965    6.61E+07     2.4785E+05    
   5.62E+07     0.99721      0.00011948    5.62E+07     0.00011948    6.62E+07     2.4802E+05    
   5.63E+07     0.99722      0.00011942    5.63E+07     0.00011942    6.63E+07     2.4848E+05    
   5.64E+07     0.99721      0.00011924    5.64E+07     0.00011924    6.64E+07     2.488E+05     
   5.65E+07     0.99723      0.00011962    5.65E+07     0.00011962    6.65E+07     2.483E+05     
   5.66E+07     0.99723      0.00011937    5.66E+07     0.00011937    6.66E+07     2.4801E+05    
   5.67E+07     0.99722      0.00011918    5.67E+07     0.00011918    6.67E+07     2.4849E+05    
   5.68E+07     0.99723      0.00011924    5.68E+07     0.00011924    6.68E+07     2.4888E+05    
   5.69E+07     0.99723      0.000119      5.69E+07     0.000119      6.69E+07     2.4889E+05    
   5.7E+07      0.99722      0.00011893    5.7E+07      0.00011893    6.7E+07      2.4895E+05    
   5.71E+07     0.99723      0.00011875    5.71E+07     0.00011875    6.71E+07     2.4804E+05    
   5.72E+07     0.99722      0.0001186     5.72E+07     0.0001186     6.72E+07     2.4619E+05    
   5.73E+07     0.99723      0.00011853    5.73E+07     0.00011853    6.73E+07     2.4605E+05    
   5.74E+07     0.99724      0.00011888    5.74E+07     0.00011888    6.74E+07     2.4614E+05    
   5.75E+07     0.99725      0.00011884    5.75E+07     0.00011884    6.75E+07     2.4564E+05    
   5.76E+07     0.99726      0.00011892    5.76E+07     0.00011892    6.76E+07     2.4578E+05    
   5.77E+07     0.99726      0.00011871    5.77E+07     0.00011871    6.77E+07     2.4573E+05    
   5.78E+07     0.99726      0.00011853    5.78E+07     0.00011853    6.78E+07     2.461E+05     
   5.79E+07     0.99726      0.00011849    5.79E+07     0.00011849    6.79E+07     2.4618E+05    
   5.8E+07      0.99726      0.00011834    5.8E+07      0.00011834    6.8E+07      2.4601E+05    
   5.81E+07     0.99727      0.00011813    5.81E+07     0.00011813    6.81E+07     2.4598E+05    
   5.82E+07     0.99727      0.00011805    5.82E+07     0.00011805    6.82E+07     2.4641E+05    
   5.83E+07     0.99728      0.00011803    5.83E+07     0.00011803    6.83E+07     2.4687E+05    
   5.84E+07     0.99728      0.00011779    5.84E+07     0.00011779    6.84E+07     2.4736E+05    
   5.85E+07     0.99728      0.00011757    5.85E+07     0.00011757    6.85E+07     2.4706E+05    
   5.86E+07     0.99728      0.00011733    5.86E+07     0.00011733    6.86E+07     2.4602E+05    
   5.87E+07     0.99727      0.00011729    5.87E+07     0.00011729    6.87E+07     2.4651E+05    
   5.88E+07     0.99727      0.00011706    5.88E+07     0.00011706    6.88E+07     2.4638E+05    
   5.89E+07     0.99728      0.00011688    5.89E+07     0.00011688    6.89E+07     2.4685E+05    
   5.9E+07      0.99727      0.00011671    5.9E+07      0.00011671    6.9E+07      2.4704E+05    
   5.91E+07     0.99727      0.00011651    5.91E+07     0.00011651    6.91E+07     2.4699E+05    
   5.92E+07     0.99728      0.00011632    5.92E+07     0.00011632    6.92E+07     2.4747E+05    
   5.93E+07     0.99729      0.0001164     5.93E+07     0.0001164     6.93E+07     2.4753E+05    
   5.94E+07     0.99729      0.00011617    5.94E+07     0.00011617    6.94E+07     2.4763E+05    
   5.95E+07     0.99729      0.00011613    5.95E+07     0.00011613    6.95E+07     2.4742E+05    
   5.96E+07     0.9973       0.00011639    5.96E+07     0.00011639    6.96E+07     2.4781E+05    
   5.97E+07     0.99731      0.00011623    5.97E+07     0.00011623    6.97E+07     2.4801E+05    
   5.98E+07     0.99729      0.0001167     5.98E+07     0.0001167     6.98E+07     2.461E+05     
   5.99E+07     0.99729      0.00011647    5.99E+07     0.00011647    6.99E+07     2.4648E+05    
   6E+07        0.99729      0.00011625    6E+07        0.00011625    7E+07        2.4683E+05    
   6.01E+07     0.99728      0.00011632    6.01E+07     0.00011632    7.01E+07     2.472E+05     
   6.02E+07     0.99728      0.00011617    6.02E+07     0.00011617    7.02E+07     2.4766E+05    
   6.03E+07     0.99728      0.00011594    6.03E+07     0.00011594    7.03E+07     2.4745E+05    
   6.04E+07     0.99728      0.00011575    6.04E+07     0.00011575    7.04E+07     2.4738E+05    
   6.05E+07     0.99729      0.00011606    6.05E+07     0.00011606    7.05E+07     2.4556E+05    
   6.06E+07     0.99729      0.00011599    6.06E+07     0.00011599    7.06E+07     2.4597E+05    
   6.07E+07     0.9973       0.00011587    6.07E+07     0.00011587    7.07E+07     2.4596E+05    
   6.08E+07     0.99729      0.0001158     6.08E+07     0.0001158     7.08E+07     2.4635E+05    
   6.09E+07     0.99729      0.00011558    6.09E+07     0.00011558    7.09E+07     2.4677E+05    
   6.1E+07      0.99729      0.00011536    6.1E+07      0.00011536    7.1E+07      2.4715E+05    
   6.11E+07     0.99731      0.00011586    6.11E+07     0.00011586    7.11E+07     2.4644E+05    
   6.12E+07     0.99731      0.00011579    6.12E+07     0.00011579    7.12E+07     2.4608E+05    
   6.13E+07     0.99731      0.00011557    6.13E+07     0.00011557    7.13E+07     2.4584E+05    
   6.14E+07     0.99732      0.00011548    6.14E+07     0.00011548    7.14E+07     2.4586E+05    
   6.15E+07     0.99732      0.00011537    6.15E+07     0.00011537    7.15E+07     2.4625E+05    
   6.16E+07     0.99732      0.00011514    6.16E+07     0.00011514    7.16E+07     2.4625E+05    
   6.17E+07     0.99731      0.00011525    6.17E+07     0.00011525    7.17E+07     2.4647E+05    
   6.18E+07     0.99731      0.00011509    6.18E+07     0.00011509    7.18E+07     2.4647E+05    
   6.19E+07     0.99731      0.00011494    6.19E+07     0.00011494    7.19E+07     2.4561E+05    
   6.2E+07      0.99731      0.00011472    6.2E+07      0.00011472    7.2E+07      2.4461E+05    
   6.21E+07     0.99731      0.00011452    6.21E+07     0.00011452    7.21E+07     2.4498E+05    
   6.22E+07     0.99731      0.00011432    6.22E+07     0.00011432    7.22E+07     2.4466E+05    
   6.23E+07     0.99732      0.00011417    6.23E+07     0.00011417    7.23E+07     2.4478E+05    
   6.24E+07     0.9973       0.00011459    6.24E+07     0.00011459    7.24E+07     2.4506E+05    
   6.25E+07     0.9973       0.00011443    6.25E+07     0.00011443    7.25E+07     2.4498E+05    
   6.26E+07     0.9973       0.00011428    6.26E+07     0.00011428    7.26E+07     2.4486E+05    
   6.27E+07     0.9973       0.00011412    6.27E+07     0.00011412    7.27E+07     2.4527E+05    
   6.28E+07     0.99729      0.00011406    6.28E+07     0.00011406    7.28E+07     2.4493E+05    
   6.29E+07     0.99729      0.00011418    6.29E+07     0.00011418    7.29E+07     2.4431E+05    
   6.3E+07      0.99729      0.00011406    6.3E+07      0.00011406    7.3E+07      2.4473E+05    
   6.31E+07     0.99729      0.00011386    6.31E+07     0.00011386    7.31E+07     2.4504E+05    
   6.32E+07     0.99729      0.00011366    6.32E+07     0.00011366    7.32E+07     2.4453E+05    
   6.33E+07     0.9973       0.00011346    6.33E+07     0.00011346    7.33E+07     2.4454E+05    
   6.34E+07     0.99729      0.00011338    6.34E+07     0.00011338    7.34E+07     2.4481E+05    
   6.35E+07     0.99728      0.00011343    6.35E+07     0.00011343    7.35E+07     2.4409E+05    
   6.36E+07     0.99728      0.00011329    6.36E+07     0.00011329    7.36E+07     2.4288E+05    
   6.37E+07     0.99727      0.00011326    6.37E+07     0.00011326    7.37E+07     2.4307E+05    
   6.38E+07     0.99728      0.00011335    6.38E+07     0.00011335    7.38E+07     2.4352E+05    
   6.39E+07     0.99729      0.00011333    6.39E+07     0.00011333    7.39E+07     2.4347E+05    
   6.4E+07      0.99729      0.00011313    6.4E+07      0.00011313    7.4E+07      2.4332E+05    
   6.41E+07     0.9973       0.00011335    6.41E+07     0.00011335    7.41E+07     2.4366E+05    
   6.42E+07     0.99731      0.00011357    6.42E+07     0.00011357    7.42E+07     2.4408E+05    
   6.43E+07     0.9973       0.00011346    6.43E+07     0.00011346    7.43E+07     2.4367E+05    
   6.44E+07     0.9973       0.00011331    6.44E+07     0.00011331    7.44E+07     2.4346E+05    
   6.45E+07     0.99729      0.00011325    6.45E+07     0.00011325    7.45E+07     2.4163E+05    
   6.46E+07     0.9973       0.00011314    6.46E+07     0.00011314    7.46E+07     2.4096E+05    
   6.47E+07     0.9973       0.000113      6.47E+07     0.000113      7.47E+07     2.4126E+05    
   6.48E+07     0.9973       0.0001128     6.48E+07     0.0001128     7.48E+07     2.4145E+05    
   6.49E+07     0.99731      0.00011274    6.49E+07     0.00011274    7.49E+07     2.4179E+05    
   6.5E+07      0.99731      0.00011254    6.5E+07      0.00011254    7.5E+07      2.4206E+05    
   6.51E+07     0.9973       0.00011249    6.51E+07     0.00011249    7.51E+07     2.4233E+05    
   6.52E+07     0.9973       0.00011237    6.52E+07     0.00011237    7.52E+07     2.4244E+05    
   6.53E+07     0.9973       0.00011217    6.53E+07     0.00011217    7.53E+07     2.4287E+05    
   6.54E+07     0.9973       0.00011206    6.54E+07     0.00011206    7.54E+07     2.4328E+05    
   6.55E+07     0.9973       0.00011186    6.55E+07     0.00011186    7.55E+07     2.4368E+05    
   6.56E+07     0.99731      0.00011176    6.56E+07     0.00011176    7.56E+07     2.4355E+05    
   6.57E+07     0.99732      0.00011226    6.57E+07     0.00011226    7.57E+07     2.4247E+05    
   6.58E+07     0.99732      0.00011207    6.58E+07     0.00011207    7.58E+07     2.4285E+05    
   6.59E+07     0.99732      0.00011191    6.59E+07     0.00011191    7.59E+07     2.4313E+05    
   6.6E+07      0.99733      0.00011174    6.6E+07      0.00011174    7.6E+07      2.4316E+05    
   6.61E+07     0.99733      0.00011155    6.61E+07     0.00011155    7.61E+07     2.4219E+05    
   6.62E+07     0.99732      0.00011143    6.62E+07     0.00011143    7.62E+07     2.4211E+05    
   6.63E+07     0.99732      0.00011124    6.63E+07     0.00011124    7.63E+07     2.4188E+05    
   6.64E+07     0.99732      0.00011109    6.64E+07     0.00011109    7.64E+07     2.4205E+05    
   6.65E+07     0.99733      0.00011111    6.65E+07     0.00011111    7.65E+07     2.4233E+05    
   6.66E+07     0.99733      0.00011109    6.66E+07     0.00011109    7.66E+07     2.4276E+05    
   6.67E+07     0.99733      0.0001109     6.67E+07     0.0001109     7.67E+07     2.4216E+05    
   6.68E+07     0.99733      0.00011073    6.68E+07     0.00011073    7.68E+07     2.4255E+05    
   6.69E+07     0.99732      0.00011065    6.69E+07     0.00011065    7.69E+07     2.4291E+05    
   6.7E+07      0.99732      0.00011054    6.7E+07      0.00011054    7.7E+07      2.4334E+05    
   6.71E+07     0.99731      0.00011067    6.71E+07     0.00011067    7.71E+07     2.4368E+05    
   6.72E+07     0.99732      0.000111      6.72E+07     0.000111      7.72E+07     2.4399E+05    
   6.73E+07     0.99733      0.00011095    6.73E+07     0.00011095    7.73E+07     2.4435E+05    
   6.74E+07     0.99733      0.00011084    6.74E+07     0.00011084    7.74E+07     2.4478E+05    
   6.75E+07     0.99734      0.00011088    6.75E+07     0.00011088    7.75E+07     2.4464E+05    
   6.76E+07     0.99734      0.00011076    6.76E+07     0.00011076    7.76E+07     2.4421E+05    
   6.77E+07     0.99735      0.0001107     6.77E+07     0.0001107     7.77E+07     2.4462E+05    
   6.78E+07     0.99735      0.00011052    6.78E+07     0.00011052    7.78E+07     2.4462E+05    
   6.79E+07     0.99735      0.00011042    6.79E+07     0.00011042    7.79E+07     2.4329E+05    
   6.8E+07      0.99734      0.00011038    6.8E+07      0.00011038    7.8E+07      2.421E+05     
   6.81E+07     0.99734      0.00011031    6.81E+07     0.00011031    7.81E+07     2.4251E+05    
   6.82E+07     0.99734      0.00011012    6.82E+07     0.00011012    7.82E+07     2.4277E+05    
   6.83E+07     0.99734      0.00010995    6.83E+07     0.00010995    7.83E+07     2.4292E+05    
   6.84E+07     0.99734      0.00010976    6.84E+07     0.00010976    7.84E+07     2.4313E+05    
   6.85E+07     0.99733      0.00010974    6.85E+07     0.00010974    7.85E+07     2.4344E+05    
   6.86E+07     0.99732      0.00010988    6.86E+07     0.00010988    7.86E+07     2.4378E+05    
   6.87E+07     0.99732      0.0001097     6.87E+07     0.0001097     7.87E+07     2.4407E+05    
   6.88E+07     0.99732      0.00010965    6.88E+07     0.00010965    7.88E+07     2.4428E+05    
   6.89E+07     0.99732      0.00010946    6.89E+07     0.00010946    7.89E+07     2.447E+05     
   6.9E+07      0.99732      0.00010935    6.9E+07      0.00010935    7.9E+07      2.4487E+05    
   6.91E+07     0.99732      0.00010927    6.91E+07     0.00010927    7.91E+07     2.4502E+05    
   6.92E+07     0.99732      0.00010909    6.92E+07     0.00010909    7.92E+07     2.4531E+05    
   6.93E+07     0.99731      0.000109      6.93E+07     0.000109      7.93E+07     2.4569E+05    
   6.94E+07     0.99731      0.0001089     6.94E+07     0.0001089     7.94E+07     2.4592E+05    
   6.95E+07     0.99731      0.00010886    6.95E+07     0.00010886    7.95E+07     2.4613E+05    
   6.96E+07     0.99731      0.0001087     6.96E+07     0.0001087     7.96E+07     2.4531E+05    
   6.97E+07     0.99732      0.00010858    6.97E+07     0.00010858    7.97E+07     2.4569E+05    
   6.98E+07     0.99731      0.00010892    6.98E+07     0.00010892    7.98E+07     2.4589E+05    
   6.99E+07     0.99731      0.00010875    6.99E+07     0.00010875    7.99E+07     2.4626E+05    
   7E+07        0.99731      0.0001086     7E+07        0.0001086     8E+07        2.462E+05     
   7.01E+07     0.99731      0.00010844    7.01E+07     0.00010844    8.01E+07     2.4513E+05    
   7.02E+07     0.99731      0.00010826    7.02E+07     0.00010826    8.02E+07     2.4552E+05    
   7.03E+07     0.99731      0.00010822    7.03E+07     0.00010822    8.03E+07     2.4575E+05    
   7.04E+07     0.99731      0.00010816    7.04E+07     0.00010816    8.04E+07     2.4525E+05    
   7.05E+07     0.9973       0.00010849    7.05E+07     0.00010849    8.05E+07     2.4529E+05    
   7.06E+07     0.9973       0.00010832    7.06E+07     0.00010832    8.06E+07     2.4467E+05    
   7.07E+07     0.9973       0.00010824    7.07E+07     0.00010824    8.07E+07     2.4504E+05    
   7.08E+07     0.9973       0.00010808    7.08E+07     0.00010808    8.08E+07     2.454E+05     
   7.09E+07     0.9973       0.00010791    7.09E+07     0.00010791    8.09E+07     2.4577E+05    
   7.1E+07      0.9973       0.00010775    7.1E+07      0.00010775    8.1E+07      2.4615E+05    
   7.11E+07     0.99729      0.00010783    7.11E+07     0.00010783    8.11E+07     2.4417E+05    
   7.12E+07     0.9973       0.00010783    7.12E+07     0.00010783    8.12E+07     2.4409E+05    
   7.13E+07     0.99729      0.00010781    7.13E+07     0.00010781    8.13E+07     2.415E+05     
   7.14E+07     0.9973       0.00010773    7.14E+07     0.00010773    8.14E+07     2.4104E+05    
   7.15E+07     0.9973       0.00010757    7.15E+07     0.00010757    8.15E+07     2.4131E+05    
   7.16E+07     0.99731      0.00010749    7.16E+07     0.00010749    8.16E+07     2.4162E+05    
   7.17E+07     0.99731      0.00010738    7.17E+07     0.00010738    8.17E+07     2.4107E+05    
   7.18E+07     0.99731      0.0001073     7.18E+07     0.0001073     8.18E+07     2.4141E+05    
   7.19E+07     0.99731      0.0001074     7.19E+07     0.0001074     8.19E+07     2.4133E+05    
   7.2E+07      0.9973       0.00010755    7.2E+07      0.00010755    8.2E+07      2.4162E+05    
   7.21E+07     0.9973       0.0001074     7.21E+07     0.0001074     8.21E+07     2.4067E+05    
   7.22E+07     0.99731      0.00010739    7.22E+07     0.00010739    8.22E+07     2.4103E+05    
   7.23E+07     0.9973       0.00010728    7.23E+07     0.00010728    8.23E+07     2.4142E+05    
   7.24E+07     0.9973       0.00010715    7.24E+07     0.00010715    8.24E+07     2.4151E+05    
   7.25E+07     0.99729      0.00010709    7.25E+07     0.00010709    8.25E+07     2.4152E+05    
   7.26E+07     0.9973       0.00010705    7.26E+07     0.00010705    8.26E+07     2.4177E+05    
   7.27E+07     0.9973       0.00010688    7.27E+07     0.00010688    8.27E+07     2.415E+05     
   7.28E+07     0.99729      0.00010688    7.28E+07     0.00010688    8.28E+07     2.4183E+05    
   7.29E+07     0.9973       0.00010694    7.29E+07     0.00010694    8.29E+07     2.4206E+05    
   7.3E+07      0.9973       0.00010678    7.3E+07      0.00010678    8.3E+07      2.3948E+05    
   7.31E+07     0.9973       0.00010663    7.31E+07     0.00010663    8.31E+07     2.3984E+05    
   7.32E+07     0.9973       0.00010667    7.32E+07     0.00010667    8.32E+07     2.3978E+05    
   7.33E+07     0.99731      0.0001066     7.33E+07     0.0001066     8.33E+07     2.4014E+05    
   7.34E+07     0.99731      0.00010647    7.34E+07     0.00010647    8.34E+07     2.3963E+05    
   7.35E+07     0.9973       0.00010654    7.35E+07     0.00010654    8.35E+07     2.3999E+05    
   7.36E+07     0.99729      0.00010674    7.36E+07     0.00010674    8.36E+07     2.4029E+05    
   7.37E+07     0.99729      0.00010662    7.37E+07     0.00010662    8.37E+07     2.4066E+05    
   7.38E+07     0.99729      0.00010646    7.38E+07     0.00010646    8.38E+07     2.4079E+05    
   7.39E+07     0.99729      0.00010639    7.39E+07     0.00010639    8.39E+07     2.4094E+05    
   7.4E+07      0.99729      0.00010636    7.4E+07      0.00010636    8.4E+07      2.4118E+05    
   7.41E+07     0.99728      0.00010621    7.41E+07     0.00010621    8.41E+07     2.3971E+05    
   7.42E+07     0.99728      0.00010605    7.42E+07     0.00010605    8.42E+07     2.3977E+05    
   7.43E+07     0.99729      0.00010607    7.43E+07     0.00010607    8.43E+07     2.4008E+05    
   7.44E+07     0.9973       0.00010604    7.44E+07     0.00010604    8.44E+07     2.4041E+05    
   7.45E+07     0.99729      0.00010637    7.45E+07     0.00010637    8.45E+07     2.4045E+05    
   7.46E+07     0.99728      0.00010644    7.46E+07     0.00010644    8.46E+07     2.4071E+05    
   7.47E+07     0.99728      0.0001063     7.47E+07     0.0001063     8.47E+07     2.4093E+05    
   7.48E+07     0.99728      0.00010618    7.48E+07     0.00010618    8.48E+07     2.406E+05     
   7.49E+07     0.99728      0.00010604    7.49E+07     0.00010604    8.49E+07     2.4086E+05    
   7.5E+07      0.99728      0.00010591    7.5E+07      0.00010591    8.5E+07      2.411E+05     
   7.51E+07     0.99729      0.00010577    7.51E+07     0.00010577    8.51E+07     2.4122E+05    
   7.52E+07     0.99728      0.00010567    7.52E+07     0.00010567    8.52E+07     2.4063E+05    
   7.53E+07     0.99728      0.00010551    7.53E+07     0.00010551    8.53E+07     2.4097E+05    
   7.54E+07     0.99728      0.00010535    7.54E+07     0.00010535    8.54E+07     2.4115E+05    
   7.55E+07     0.99728      0.0001052     7.55E+07     0.0001052     8.55E+07     2.4152E+05    
   7.56E+07     0.99729      0.00010515    7.56E+07     0.00010515    8.56E+07     2.4169E+05    
   7.57E+07     0.99728      0.00010532    7.57E+07     0.00010532    8.57E+07     2.4204E+05    
   7.58E+07     0.99728      0.00010517    7.58E+07     0.00010517    8.58E+07     2.4146E+05    
   7.59E+07     0.99728      0.00010503    7.59E+07     0.00010503    8.59E+07     2.4144E+05    
   7.6E+07      0.99729      0.00010496    7.6E+07      0.00010496    8.6E+07      2.4174E+05    
   7.61E+07     0.99729      0.0001051     7.61E+07     0.0001051     8.61E+07     2.4171E+05    
   7.62E+07     0.99729      0.00010505    7.62E+07     0.00010505    8.62E+07     2.4184E+05    
   7.63E+07     0.99728      0.00010503    7.63E+07     0.00010503    8.63E+07     2.42E+05      
   7.64E+07     0.99729      0.00010492    7.64E+07     0.00010492    8.64E+07     2.4227E+05    
   7.65E+07     0.99729      0.00010479    7.65E+07     0.00010479    8.65E+07     2.4246E+05    
   7.66E+07     0.99729      0.00010464    7.66E+07     0.00010464    8.66E+07     2.4265E+05    
   7.67E+07     0.99728      0.00010469    7.67E+07     0.00010469    8.67E+07     2.4282E+05    
   7.68E+07     0.99728      0.00010454    7.68E+07     0.00010454    8.68E+07     2.4314E+05    
   7.69E+07     0.99728      0.00010439    7.69E+07     0.00010439    8.69E+07     2.4329E+05    
   7.7E+07      0.99728      0.00010424    7.7E+07      0.00010424    8.7E+07      2.4329E+05    
   7.71E+07     0.99728      0.00010409    7.71E+07     0.00010409    8.71E+07     2.4309E+05    
   7.72E+07     0.99728      0.00010396    7.72E+07     0.00010396    8.72E+07     2.4343E+05    
   7.73E+07     0.99728      0.00010382    7.73E+07     0.00010382    8.73E+07     2.4367E+05    
   7.74E+07     0.99728      0.00010366    7.74E+07     0.00010366    8.74E+07     2.4396E+05    
   7.75E+07     0.99728      0.00010362    7.75E+07     0.00010362    8.75E+07     2.4402E+05    
   7.76E+07     0.99727      0.00010364    7.76E+07     0.00010364    8.76E+07     2.4431E+05    
   7.77E+07     0.99727      0.00010349    7.77E+07     0.00010349    8.77E+07     2.4461E+05    
   7.78E+07     0.99727      0.00010343    7.78E+07     0.00010343    8.78E+07     2.4494E+05    
   7.79E+07     0.99727      0.00010364    7.79E+07     0.00010364    8.79E+07     2.4527E+05    
   7.8E+07      0.99727      0.00010382    7.8E+07      0.00010382    8.8E+07      2.4555E+05    
   7.81E+07     0.99727      0.00010367    7.81E+07     0.00010367    8.81E+07     2.4591E+05    
   7.82E+07     0.99726      0.00010355    7.82E+07     0.00010355    8.82E+07     2.4574E+05    
   7.83E+07     0.99727      0.00010345    7.83E+07     0.00010345    8.83E+07     2.4519E+05    
   7.84E+07     0.99726      0.00010334    7.84E+07     0.00010334    8.84E+07     2.448E+05     
   7.85E+07     0.99726      0.00010321    7.85E+07     0.00010321    8.85E+07     2.4491E+05    
   7.86E+07     0.99726      0.00010307    7.86E+07     0.00010307    8.86E+07     2.4479E+05    
   7.87E+07     0.99726      0.00010294    7.87E+07     0.00010294    8.87E+07     2.4492E+05    
   7.88E+07     0.99726      0.00010283    7.88E+07     0.00010283    8.88E+07     2.4426E+05    
   7.89E+07     0.99726      0.00010268    7.89E+07     0.00010268    8.89E+07     2.443E+05     
   7.9E+07      0.99726      0.00010258    7.9E+07      0.00010258    8.9E+07      2.4433E+05    
   7.91E+07     0.99727      0.00010248    7.91E+07     0.00010248    8.91E+07     2.4411E+05    
   7.92E+07     0.99727      0.00010235    7.92E+07     0.00010235    8.92E+07     2.4423E+05    
   7.93E+07     0.99727      0.00010221    7.93E+07     0.00010221    8.93E+07     2.4455E+05    
   7.94E+07     0.99726      0.00010211    7.94E+07     0.00010211    8.94E+07     2.4467E+05    
   7.95E+07     0.99727      0.00010199    7.95E+07     0.00010199    8.95E+07     2.449E+05     
   7.96E+07     0.99727      0.0001021     7.96E+07     0.0001021     8.96E+07     2.4524E+05    
   7.97E+07     0.99727      0.00010196    7.97E+07     0.00010196    8.97E+07     2.4537E+05    
   7.98E+07     0.99728      0.00010186    7.98E+07     0.00010186    8.98E+07     2.4571E+05    
   7.99E+07     0.99727      0.00010172    7.99E+07     0.00010172    8.99E+07     2.4592E+05    
   8E+07        0.99727      0.00010166    8E+07        0.00010166    9E+07        2.4616E+05    
   8.01E+07     0.99728      0.00010182    8.01E+07     0.00010182    9.01E+07     2.4648E+05    
   8.02E+07     0.99728      0.00010168    8.02E+07     0.00010168    9.02E+07     2.4681E+05    
   8.03E+07     0.99727      0.00010157    8.03E+07     0.00010157    9.03E+07     2.4713E+05    
   8.04E+07     0.99727      0.0001016     8.04E+07     0.0001016     9.04E+07     2.4668E+05    
   8.05E+07     0.99727      0.00010153    8.05E+07     0.00010153    9.05E+07     2.4696E+05    
   8.06E+07     0.99727      0.00010159    8.06E+07     0.00010159    9.06E+07     2.473E+05     
   8.07E+07     0.99727      0.00010146    8.07E+07     0.00010146    9.07E+07     2.4721E+05    
   8.08E+07     0.99727      0.00010131    8.08E+07     0.00010131    9.08E+07     2.4745E+05    
   8.09E+07     0.99726      0.00010118    8.09E+07     0.00010118    9.09E+07     2.474E+05     
   8.1E+07      0.99726      0.00010104    8.1E+07      0.00010104    9.1E+07      2.4774E+05    
   8.11E+07     0.99725      0.00010138    8.11E+07     0.00010138    9.11E+07     2.4561E+05    
   8.12E+07     0.99726      0.00010133    8.12E+07     0.00010133    9.12E+07     2.459E+05     
   8.13E+07     0.99725      0.00010181    8.13E+07     0.00010181    9.13E+07     2.4597E+05    
   8.14E+07     0.99724      0.00010185    8.14E+07     0.00010185    9.14E+07     2.4628E+05    
   8.15E+07     0.99724      0.00010173    8.15E+07     0.00010173    9.15E+07     2.4659E+05    
   8.16E+07     0.99725      0.00010159    8.16E+07     0.00010159    9.16E+07     2.4666E+05    
   8.17E+07     0.99724      0.00010165    8.17E+07     0.00010165    9.17E+07     2.4674E+05    
   8.18E+07     0.99724      0.00010151    8.18E+07     0.00010151    9.18E+07     2.4698E+05    
   8.19E+07     0.99724      0.00010147    8.19E+07     0.00010147    9.19E+07     2.4723E+05    
   8.2E+07      0.99725      0.00010134    8.2E+07      0.00010134    9.2E+07      2.4751E+05    
   8.21E+07     0.99724      0.00010148    8.21E+07     0.00010148    9.21E+07     2.4783E+05    
   8.22E+07     0.99724      0.00010135    8.22E+07     0.00010135    9.22E+07     2.4816E+05    
   8.23E+07     0.99724      0.00010121    8.23E+07     0.00010121    9.23E+07     2.4744E+05    
   8.24E+07     0.99723      0.00010112    8.24E+07     0.00010112    9.24E+07     2.4764E+05    
   8.25E+07     0.99724      0.00010106    8.25E+07     0.00010106    9.25E+07     2.4768E+05    
   8.26E+07     0.99724      0.00010094    8.26E+07     0.00010094    9.26E+07     2.4788E+05    
   8.27E+07     0.99724      0.00010094    8.27E+07     0.00010094    9.27E+07     2.4766E+05    
   8.28E+07     0.99724      0.00010081    8.28E+07     0.00010081    9.28E+07     2.4789E+05    
   8.29E+07     0.99724      0.0001007     8.29E+07     0.0001007     9.29E+07     2.4811E+05    
   8.3E+07      0.99723      0.00010118    8.3E+07      0.00010118    9.3E+07      2.4818E+05    
   8.31E+07     0.99723      0.00010104    8.31E+07     0.00010104    9.31E+07     2.4817E+05    
   8.32E+07     0.99722      0.00010099    8.32E+07     0.00010099    9.32E+07     2.4819E+05    
   8.33E+07     0.99722      0.00010086    8.33E+07     0.00010086    9.33E+07     2.4846E+05    
   8.34E+07     0.99722      0.00010091    8.34E+07     0.00010091    9.34E+07     2.4856E+05    
   8.35E+07     0.99722      0.00010077    8.35E+07     0.00010077    9.35E+07     2.4888E+05    
   8.36E+07     0.99722      0.00010064    8.36E+07     0.00010064    9.36E+07     2.4919E+05    
   8.37E+07     0.99722      0.00010051    8.37E+07     0.00010051    9.37E+07     2.4811E+05    
   8.38E+07     0.99722      0.00010042    8.38E+07     0.00010042    9.38E+07     2.4843E+05    
   8.39E+07     0.99722      0.00010033    8.39E+07     0.00010033    9.39E+07     2.4875E+05    
   8.4E+07      0.99723      0.00010022    8.4E+07      0.00010022    9.4E+07      2.4905E+05    
   8.41E+07     0.99723      0.00010046    8.41E+07     0.00010046    9.41E+07     2.4874E+05    
   8.42E+07     0.99723      0.00010039    8.42E+07     0.00010039    9.42E+07     2.4903E+05    
   8.43E+07     0.99723      0.00010027    8.43E+07     0.00010027    9.43E+07     2.4933E+05    
   8.44E+07     0.99723      0.00010014    8.44E+07     0.00010014    9.44E+07     2.4967E+05    
   8.45E+07     0.99723      0.00010007    8.45E+07     0.00010007    9.45E+07     2.5E+05       
   8.46E+07     0.99723      9.9956E-05    8.46E+07     9.9956E-05    9.46E+07     2.5032E+05    
   8.47E+07     0.99723      9.9854E-05    8.47E+07     9.9854E-05    9.47E+07     2.5034E+05    
   8.48E+07     0.99724      9.9856E-05    8.48E+07     9.9856E-05    9.48E+07     2.5044E+05    
   8.49E+07     0.99724      9.9747E-05    8.49E+07     9.9747E-05    9.49E+07     2.5053E+05    
   8.5E+07      0.99723      9.9639E-05    8.5E+07      9.9639E-05    9.5E+07      2.5073E+05    
   8.51E+07     0.99723      9.9558E-05    8.51E+07     9.9558E-05    9.51E+07     2.5088E+05    
   8.52E+07     0.99722      9.9615E-05    8.52E+07     9.9615E-05    9.52E+07     2.5011E+05    
   8.53E+07     0.99722      9.9491E-05    8.53E+07     9.9491E-05    9.53E+07     2.5041E+05    
   8.54E+07     0.99722      9.9395E-05    8.54E+07     9.9395E-05    9.54E+07     2.5074E+05    
   8.55E+07     0.99722      9.9265E-05    8.55E+07     9.9265E-05    9.55E+07     2.5082E+05    
   8.56E+07     0.99722      9.9166E-05    8.56E+07     9.9166E-05    9.56E+07     2.5114E+05    
   8.57E+07     0.99723      9.9039E-05    8.57E+07     9.9039E-05    9.57E+07     2.5104E+05    
   8.58E+07     0.99722      9.91E-05      8.58E+07     9.91E-05      9.58E+07     2.512E+05     
   8.59E+07     0.99722      9.9049E-05    8.59E+07     9.9049E-05    9.59E+07     2.5133E+05    
   8.6E+07      0.99722      9.8922E-05    8.6E+07      9.8922E-05    9.6E+07      2.5165E+05    
   8.61E+07     0.99723      9.8874E-05    8.61E+07     9.8874E-05    9.61E+07     2.5191E+05    
   8.62E+07     0.99723      9.8793E-05    8.62E+07     9.8793E-05    9.62E+07     2.5204E+05    
   8.63E+07     0.99723      9.8702E-05    8.63E+07     9.8702E-05    9.63E+07     2.5229E+05    
   8.64E+07     0.99723      9.8588E-05    8.64E+07     9.8588E-05    9.64E+07     2.5253E+05    
   8.65E+07     0.99723      9.8493E-05    8.65E+07     9.8493E-05    9.65E+07     2.5152E+05    
   8.66E+07     0.99724      9.8401E-05    8.66E+07     9.8401E-05    9.66E+07     2.5139E+05    
   8.67E+07     0.99724      9.8309E-05    8.67E+07     9.8309E-05    9.67E+07     2.5163E+05    
   8.68E+07     0.99724      9.8182E-05    8.68E+07     9.8182E-05    9.68E+07     2.5111E+05    
   8.69E+07     0.99724      9.8096E-05    8.69E+07     9.8096E-05    9.69E+07     2.5141E+05    
   8.7E+07      0.99724      9.8043E-05    8.7E+07      9.8043E-05    9.7E+07      2.5174E+05    
   8.71E+07     0.99724      9.8025E-05    8.71E+07     9.8025E-05    9.71E+07     2.5202E+05    
   8.72E+07     0.99724      9.7899E-05    8.72E+07     9.7899E-05    9.72E+07     2.5233E+05    
   8.73E+07     0.99724      9.7795E-05    8.73E+07     9.7795E-05    9.73E+07     2.526E+05     
   8.74E+07     0.99724      9.7683E-05    8.74E+07     9.7683E-05    9.74E+07     2.5273E+05    
   8.75E+07     0.99723      9.7618E-05    8.75E+07     9.7618E-05    9.75E+07     2.5302E+05    
   8.76E+07     0.99723      9.7504E-05    8.76E+07     9.7504E-05    9.76E+07     2.5281E+05    
   8.77E+07     0.99723      9.7384E-05    8.77E+07     9.7384E-05    9.77E+07     2.5284E+05    
   8.78E+07     0.99723      9.7261E-05    8.78E+07     9.7261E-05    9.78E+07     2.5188E+05    
   8.79E+07     0.99723      9.7144E-05    8.79E+07     9.7144E-05    9.79E+07     2.5149E+05    
   8.8E+07      0.99723      9.7022E-05    8.8E+07      9.7022E-05    9.8E+07      2.516E+05     
   8.81E+07     0.99723      9.6898E-05    8.81E+07     9.6898E-05    9.81E+07     2.5185E+05    
   8.82E+07     0.99724      9.6877E-05    8.82E+07     9.6877E-05    9.82E+07     2.5106E+05    
   8.83E+07     0.99724      9.6932E-05    8.83E+07     9.6932E-05    9.83E+07     2.513E+05     
   8.84E+07     0.99725      9.6951E-05    8.84E+07     9.6951E-05    9.84E+07     2.5155E+05    
   8.85E+07     0.99725      9.6877E-05    8.85E+07     9.6877E-05    9.85E+07     2.4971E+05    
   8.86E+07     0.99726      9.6846E-05    8.86E+07     9.6846E-05    9.86E+07     2.4977E+05    
   8.87E+07     0.99726      9.6768E-05    8.87E+07     9.6768E-05    9.87E+07     2.4996E+05    
   8.88E+07     0.99727      9.6845E-05    8.88E+07     9.6845E-05    9.88E+07     2.4979E+05    
   8.89E+07     0.99726      9.6778E-05    8.89E+07     9.6778E-05    9.89E+07     2.4998E+05    
   8.9E+07      0.99726      9.6718E-05    8.9E+07      9.6718E-05    9.9E+07      2.5024E+05    
   8.91E+07     0.99725      9.6709E-05    8.91E+07     9.6709E-05    9.91E+07     2.5056E+05    
   8.92E+07     0.99726      9.6631E-05    8.92E+07     9.6631E-05    9.92E+07     2.5071E+05    
   8.93E+07     0.99726      9.651E-05     8.93E+07     9.651E-05     9.93E+07     2.51E+05      
   8.94E+07     0.99725      9.6432E-05    8.94E+07     9.6432E-05    9.94E+07     2.5121E+05    
   8.95E+07     0.99726      9.6334E-05    8.95E+07     9.6334E-05    9.95E+07     2.5125E+05    
   8.96E+07     0.99725      9.6218E-05    8.96E+07     9.6218E-05    9.96E+07     2.5152E+05    
   8.97E+07     0.99725      9.613E-05     8.97E+07     9.613E-05     9.97E+07     2.5173E+05    
   8.98E+07     0.99725      9.6013E-05    8.98E+07     9.6013E-05    9.98E+07     2.5185E+05    
   8.99E+07     0.99725      9.5918E-05    8.99E+07     9.5918E-05    9.99E+07     2.5214E+05    
   9E+07        0.99725      9.5822E-05    9E+07        9.5822E-05    1E+08        2.5173E+05    
   9.01E+07     0.99725      9.5703E-05    9.01E+07     9.5703E-05    
   9.02E+07     0.99725      9.5588E-05    9.02E+07     9.5588E-05    
   9.03E+07     0.99725      9.5473E-05    9.03E+07     9.5473E-05    
   9.04E+07     0.99725      9.5509E-05    9.04E+07     9.5509E-05    
   9.05E+07     0.99725      9.54E-05      9.05E+07     9.54E-05      
   9.06E+07     0.99725      9.5283E-05    9.06E+07     9.5283E-05    
   9.07E+07     0.99725      9.5247E-05    9.07E+07     9.5247E-05    
   9.08E+07     0.99725      9.5152E-05    9.08E+07     9.5152E-05    
   9.09E+07     0.99724      9.5107E-05    9.09E+07     9.5107E-05    
   9.1E+07      0.99724      9.4992E-05    9.1E+07      9.4992E-05    
   9.11E+07     0.99725      9.5354E-05    9.11E+07     9.5354E-05    
   9.12E+07     0.99725      9.5244E-05    9.12E+07     9.5244E-05    
   9.13E+07     0.99725      9.5174E-05    9.13E+07     9.5174E-05    
   9.14E+07     0.99725      9.5061E-05    9.14E+07     9.5061E-05    
   9.15E+07     0.99725      9.4952E-05    9.15E+07     9.4952E-05    
   9.16E+07     0.99725      9.4887E-05    9.16E+07     9.4887E-05    
   9.17E+07     0.99725      9.4816E-05    9.17E+07     9.4816E-05    
   9.18E+07     0.99725      9.4717E-05    9.18E+07     9.4717E-05    
   9.19E+07     0.99725      9.4621E-05    9.19E+07     9.4621E-05    
   9.2E+07      0.99725      9.4515E-05    9.2E+07      9.4515E-05    
   9.21E+07     0.99725      9.44E-05      9.21E+07     9.44E-05      
   9.22E+07     0.99725      9.4287E-05    9.22E+07     9.4287E-05    
   9.23E+07     0.99724      9.4376E-05    9.23E+07     9.4376E-05    
   9.24E+07     0.99724      9.4287E-05    9.24E+07     9.4287E-05    
   9.25E+07     0.99724      9.4226E-05    9.25E+07     9.4226E-05    
   9.26E+07     0.99723      9.4139E-05    9.26E+07     9.4139E-05    
   9.27E+07     0.99724      9.4129E-05    9.27E+07     9.4129E-05    
   9.28E+07     0.99724      9.4033E-05    9.28E+07     9.4033E-05    
   9.29E+07     0.99724      9.3933E-05    9.29E+07     9.3933E-05    
   9.3E+07      0.99724      9.3871E-05    9.3E+07      9.3871E-05    
   9.31E+07     0.99724      9.3822E-05    9.31E+07     9.3822E-05    
   9.32E+07     0.99724      9.3771E-05    9.32E+07     9.3771E-05    
   9.33E+07     0.99724      9.3659E-05    9.33E+07     9.3659E-05    
   9.34E+07     0.99725      9.3592E-05    9.34E+07     9.3592E-05    
   9.35E+07     0.99725      9.3481E-05    9.35E+07     9.3481E-05    
   9.36E+07     0.99725      9.3375E-05    9.36E+07     9.3375E-05    
   9.37E+07     0.99725      9.3522E-05    9.37E+07     9.3522E-05    
   9.38E+07     0.99726      9.3414E-05    9.38E+07     9.3414E-05    
   9.39E+07     0.99726      9.3303E-05    9.39E+07     9.3303E-05    
   9.4E+07      0.99726      9.3201E-05    9.4E+07      9.3201E-05    
   9.41E+07     0.99726      9.3201E-05    9.41E+07     9.3201E-05    
   9.42E+07     0.99726      9.31E-05      9.42E+07     9.31E-05      
   9.43E+07     0.99726      9.2997E-05    9.43E+07     9.2997E-05    
   9.44E+07     0.99726      9.2887E-05    9.44E+07     9.2887E-05    
   9.45E+07     0.99726      9.2778E-05    9.45E+07     9.2778E-05    
   9.46E+07     0.99726      9.2673E-05    9.46E+07     9.2673E-05    
   9.47E+07     0.99726      9.2603E-05    9.47E+07     9.2603E-05    
   9.48E+07     0.99727      9.2538E-05    9.48E+07     9.2538E-05    
   9.49E+07     0.99726      9.2467E-05    9.49E+07     9.2467E-05    
   9.5E+07      0.99726      9.2383E-05    9.5E+07      9.2383E-05    
   9.51E+07     0.99726      9.231E-05     9.51E+07     9.231E-05     
   9.52E+07     0.99727      9.2402E-05    9.52E+07     9.2402E-05    
   9.53E+07     0.99727      9.2294E-05    9.53E+07     9.2294E-05    
   9.54E+07     0.99727      9.2186E-05    9.54E+07     9.2186E-05    
   9.55E+07     0.99727      9.2125E-05    9.55E+07     9.2125E-05    
   9.56E+07     0.99727      9.2017E-05    9.56E+07     9.2017E-05    
   9.57E+07     0.99728      9.1985E-05    9.57E+07     9.1985E-05    
   9.58E+07     0.99727      9.191E-05     9.58E+07     9.191E-05     
   9.59E+07     0.99728      9.1842E-05    9.59E+07     9.1842E-05    
   9.6E+07      0.99728      9.1735E-05    9.6E+07      9.1735E-05    
   9.61E+07     0.99728      9.1637E-05    9.61E+07     9.1637E-05    
   9.62E+07     0.99728      9.1565E-05    9.62E+07     9.1565E-05    
   9.63E+07     0.99728      9.1474E-05    9.63E+07     9.1474E-05    
   9.64E+07     0.99728      9.1383E-05    9.64E+07     9.1383E-05    
   9.65E+07     0.99727      9.1517E-05    9.65E+07     9.1517E-05    
   9.66E+07     0.99727      9.1493E-05    9.66E+07     9.1493E-05    
   9.67E+07     0.99727      9.1403E-05    9.67E+07     9.1403E-05    
   9.68E+07     0.99727      9.1451E-05    9.68E+07     9.1451E-05    
   9.69E+07     0.99727      9.1349E-05    9.69E+07     9.1349E-05    
   9.7E+07      0.99727      9.1244E-05    9.7E+07      9.1244E-05    
   9.71E+07     0.99727      9.1147E-05    9.71E+07     9.1147E-05    
   9.72E+07     0.99727      9.1045E-05    9.72E+07     9.1045E-05    
   9.73E+07     0.99727      9.0948E-05    9.73E+07     9.0948E-05    
   9.74E+07     0.99727      9.0879E-05    9.74E+07     9.0879E-05    
   9.75E+07     0.99727      9.0778E-05    9.75E+07     9.0778E-05    
   9.76E+07     0.99727      9.0771E-05    9.76E+07     9.0771E-05    
   9.77E+07     0.99727      9.0713E-05    9.77E+07     9.0713E-05    
   9.78E+07     0.99726      9.0842E-05    9.78E+07     9.0842E-05    
   9.79E+07     0.99727      9.0865E-05    9.79E+07     9.0865E-05    
   9.8E+07      0.99727      9.0803E-05    9.8E+07      9.0803E-05    
   9.81E+07     0.99727      9.0708E-05    9.81E+07     9.0708E-05    
   9.82E+07     0.99728      9.0804E-05    9.82E+07     9.0804E-05    
   9.83E+07     0.99728      9.0718E-05    9.83E+07     9.0718E-05    
   9.84E+07     0.99728      9.0626E-05    9.84E+07     9.0626E-05    
   9.85E+07     0.99729      9.0916E-05    9.85E+07     9.0916E-05    
   9.86E+07     0.99729      9.0853E-05    9.86E+07     9.0853E-05    
   9.87E+07     0.99729      9.0774E-05    9.87E+07     9.0774E-05    
   9.88E+07     0.99729      9.0758E-05    9.88E+07     9.0758E-05    
   9.89E+07     0.99729      9.0681E-05    9.89E+07     9.0681E-05    
   9.9E+07      0.99729      9.0582E-05    9.9E+07      9.0582E-05    
   9.91E+07     0.99729      9.0481E-05    9.91E+07     9.0481E-05    
   9.92E+07     0.99729      9.0406E-05    9.92E+07     9.0406E-05    
   9.93E+07     0.99729      9.0312E-05    9.93E+07     9.0312E-05    
   9.94E+07     0.99729      9.0222E-05    9.94E+07     9.0222E-05    
   9.95E+07     0.9973       9.0171E-05    9.95E+07     9.0171E-05    
   9.96E+07     0.9973       9.0076E-05    9.96E+07     9.0076E-05    
   9.97E+07     0.9973       8.9997E-05    9.97E+07     8.9997E-05    
   9.98E+07     0.9973       8.9925E-05    9.98E+07     8.9925E-05    
   9.99E+07     0.9973       8.983E-05     9.99E+07     8.983E-05     
   1E+08        0.9973       8.9861E-05    1E+08        8.9861E-05    
