# This file is written with the intent of being used to plot the data with 
# Gnuplot.  It contains no information regarding how the plot should be 
# formatted.
# =========================================================================
# Research/ArnoldivsPower -f Power1-w50-60.dat -t 100000 -A -c 100 -C 900 -w 50 -b 75 -r  seed = 2984314780
# filename = Power1-w50-60.dat, run = true, power = true, Arnoldi = false, storevectors = 0, raw = false, evectors = 2, evalues = 2, residual = false, arnoldimethod = implicit, tol = 2.22045e-16, verbose = 1, seed = 0, width = 50, bins = 75, acycles = 900, incycles = 100, active = 20, inactive = 0, Iterations = 10, numValues = 2, relaxed = 0, tracks = 100000, ignore_rest = false, version = false, help = false, 

#  1            2            3             4            5             6            7             8            9            
# |-            Power values           -| |-   Power eValues SD   -| |-       FOM-Power      -| |-     Power vector     -| 
#  x-coord      y-coord      error         x-coord      y-coord       x-coord      y-coord       x-coord      y-coord       
   1E+05        0.9861       0             1E+05        0             1.01E+07     0             0.33333      0.0099541     
   2E+05        0.98782      0             2E+05        0             1.02E+07     23461         1            0.016911      
   3E+05        0.98447      0             3E+05        0             1.03E+07     7265          1.6667       0.023495      
   4E+05        0.99194      0             4E+05        0             1.04E+07     5789.5        2.3333       0.029809      
   5E+05        0.99511      0             5E+05        0             1.05E+07     8403.3        3            0.036336      
   6E+05        0.99161      0             6E+05        0             1.06E+07     11560         3.6667       0.042949      
   7E+05        0.99565      0             7E+05        0             1.07E+07     15497         4.3333       0.049123      
   8E+05        0.99336      0             8E+05        0             1.08E+07     19094         5            0.05572       
   9E+05        0.99044      0             9E+05        0             1.09E+07     23913         5.6667       0.061812      
   1E+06        0.99304      0             1E+06        0             1.1E+07      26602         6.3333       0.068081      
   1.1E+06      0.99754      0             1.1E+06      0             1.11E+07     31714         7            0.073555      
   1.2E+06      0.99476      0             1.2E+06      0             1.12E+07     34840         7.6667       0.079561      
   1.3E+06      0.98833      0             1.3E+06      0             1.13E+07     40022         8.3333       0.084774      
   1.4E+06      0.99547      0             1.4E+06      0             1.14E+07     45998         9            0.090463      
   1.5E+06      0.99098      0             1.5E+06      0             1.15E+07     52281         9.6667       0.095952      
   1.6E+06      0.98897      0             1.6E+06      0             1.16E+07     54733         10.333       0.10101       
   1.7E+06      0.99492      0             1.7E+06      0             1.17E+07     44184         11           0.10626       
   1.8E+06      0.99485      0             1.8E+06      0             1.18E+07     49016         11.667       0.11071       
   1.9E+06      0.98948      0             1.9E+06      0             1.19E+07     53619         12.333       0.11482       
   2E+06        0.99304      0             2E+06        0             1.2E+07      55516         13           0.11954       
   2.1E+06      0.99324      0             2.1E+06      0             1.21E+07     57238         13.667       0.12348       
   2.2E+06      0.99436      0             2.2E+06      0             1.22E+07     60897         14.333       0.12795       
   2.3E+06      0.99555      0             2.3E+06      0             1.23E+07     65965         15           0.1317        
   2.4E+06      0.99546      0             2.4E+06      0             1.24E+07     70904         15.667       0.13481       
   2.5E+06      0.99327      0             2.5E+06      0             1.25E+07     74189         16.333       0.13816       
   2.6E+06      0.99766      0             2.6E+06      0             1.26E+07     77576         17           0.14128       
   2.7E+06      0.99575      0             2.7E+06      0             1.27E+07     82729         17.667       0.14452       
   2.8E+06      0.99468      0             2.8E+06      0             1.28E+07     87697         18.333       0.14679       
   2.9E+06      0.99562      0             2.9E+06      0             1.29E+07     87775         19           0.14866       
   3E+06        0.99577      0             3E+06        0             1.3E+07      89792         19.667       0.15081       
   3.1E+06      0.99471      0             3.1E+06      0             1.31E+07     88242         20.333       0.1533        
   3.2E+06      0.99524      0             3.2E+06      0             1.32E+07     91790         21           0.15518       
   3.3E+06      0.99684      0             3.3E+06      0             1.33E+07     91539         21.667       0.15653       
   3.4E+06      0.99077      0             3.4E+06      0             1.34E+07     91813         22.333       0.15747       
   3.5E+06      0.99805      0             3.5E+06      0             1.35E+07     94596         23           0.15838       
   3.6E+06      0.99477      0             3.6E+06      0             1.36E+07     98425         23.667       0.15894       
   3.7E+06      0.99475      0             3.7E+06      0             1.37E+07     1.0267E+05    24.333       0.15928       
   3.8E+06      0.99366      0             3.8E+06      0             1.38E+07     1.02E+05      25           0.16005       
   3.9E+06      0.99439      0             3.9E+06      0             1.39E+07     1.0466E+05    25.667       0.15952       
   4E+06        0.99603      0             4E+06        0             1.4E+07      1.0807E+05    26.333       0.15955       
   4.1E+06      0.99884      0             4.1E+06      0             1.41E+07     1.1254E+05    27           0.15853       
   4.2E+06      0.99929      0             4.2E+06      0             1.42E+07     1.1681E+05    27.667       0.15778       
   4.3E+06      0.99636      0             4.3E+06      0             1.43E+07     1.1696E+05    28.333       0.15646       
   4.4E+06      1.0001       0             4.4E+06      0             1.44E+07     1.2159E+05    29           0.15556       
   4.5E+06      1.0023       0             4.5E+06      0             1.45E+07     1.255E+05     29.667       0.15383       
   4.6E+06      0.99531      0             4.6E+06      0             1.46E+07     1.2659E+05    30.333       0.15123       
   4.7E+06      0.99582      0             4.7E+06      0             1.47E+07     1.1973E+05    31           0.14906       
   4.8E+06      0.99313      0             4.8E+06      0             1.48E+07     1.1491E+05    31.667       0.14687       
   4.9E+06      0.99885      0             4.9E+06      0             1.49E+07     1.1606E+05    32.333       0.14404       
   5E+06        0.99364      0             5E+06        0             1.5E+07      1.2001E+05    33           0.14178       
   5.1E+06      0.99319      0             5.1E+06      0             1.51E+07     1.2009E+05    33.667       0.13908       
   5.2E+06      0.99594      0             5.2E+06      0             1.52E+07     1.1851E+05    34.333       0.1361        
   5.3E+06      0.99628      0             5.3E+06      0             1.53E+07     1.2223E+05    35           0.13285       
   5.4E+06      0.99848      0             5.4E+06      0             1.54E+07     1.2395E+05    35.667       0.12913       
   5.5E+06      0.99346      0             5.5E+06      0             1.55E+07     1.2764E+05    36.333       0.12557       
   5.6E+06      0.99313      0             5.6E+06      0             1.56E+07     1.2962E+05    37           0.12133       
   5.7E+06      0.98973      0             5.7E+06      0             1.57E+07     1.3046E+05    37.667       0.11662       
   5.8E+06      0.99714      0             5.8E+06      0             1.58E+07     1.3408E+05    38.333       0.11192       
   5.9E+06      1.0029       0             5.9E+06      0             1.59E+07     1.378E+05     39           0.10731       
   6E+06        0.99802      0             6E+06        0             1.6E+07      1.2825E+05    39.667       0.10217       
   6.1E+06      0.99953      0             6.1E+06      0             1.61E+07     1.2904E+05    40.333       0.097109      
   6.2E+06      0.99308      0             6.2E+06      0             1.62E+07     1.2429E+05    41           0.091672      
   6.3E+06      0.997        0             6.3E+06      0             1.63E+07     1.2742E+05    41.667       0.085992      
   6.4E+06      0.9954       0             6.4E+06      0             1.64E+07     1.2868E+05    42.333       0.080897      
   6.5E+06      0.99592      0             6.5E+06      0             1.65E+07     1.3185E+05    43           0.074869      
   6.6E+06      1.001        0             6.6E+06      0             1.66E+07     1.3445E+05    43.667       0.06922       
   6.7E+06      0.99345      0             6.7E+06      0             1.67E+07     1.3749E+05    44.333       0.063103      
   6.8E+06      0.9976       0             6.8E+06      0             1.68E+07     1.4064E+05    45           0.056815      
   6.9E+06      1.0003       0             6.9E+06      0             1.69E+07     1.4312E+05    45.667       0.050387      
   7E+06        0.99362      0             7E+06        0             1.7E+07      1.3719E+05    46.333       0.043843      
   7.1E+06      0.99679      0             7.1E+06      0             1.71E+07     1.402E+05     47           0.037456      
   7.2E+06      0.99495      0             7.2E+06      0             1.72E+07     1.4211E+05    47.667       0.031034      
   7.3E+06      0.99835      0             7.3E+06      0             1.73E+07     1.4355E+05    48.333       0.024188      
   7.4E+06      0.99257      0             7.4E+06      0             1.74E+07     1.4017E+05    49           0.01735       
   7.5E+06      0.99523      0             7.5E+06      0             1.75E+07     1.4288E+05    49.667       0.010092      
   7.6E+06      0.99717      0             7.6E+06      0             1.76E+07     1.4314E+05    
   7.7E+06      0.99621      0             7.7E+06      0             1.77E+07     1.4015E+05    
   7.8E+06      0.99418      0             7.8E+06      0             1.78E+07     1.4051E+05    
   7.9E+06      1.0015       0             7.9E+06      0             1.79E+07     1.3657E+05    
   8E+06        0.99701      0             8E+06        0             1.8E+07      1.3825E+05    
   8.1E+06      0.99763      0             8.1E+06      0             1.81E+07     1.3902E+05    
   8.2E+06      0.99521      0             8.2E+06      0             1.82E+07     1.3806E+05    
   8.3E+06      0.99985      0             8.3E+06      0             1.83E+07     1.4067E+05    
   8.4E+06      0.99319      0             8.4E+06      0             1.84E+07     1.4329E+05    
   8.5E+06      0.99575      0             8.5E+06      0             1.85E+07     1.459E+05     
   8.6E+06      0.99247      0             8.6E+06      0             1.86E+07     1.4563E+05    
   8.7E+06      0.99538      0             8.7E+06      0             1.87E+07     1.4644E+05    
   8.8E+06      0.99289      0             8.8E+06      0             1.88E+07     1.4893E+05    
   8.9E+06      0.99591      0             8.9E+06      0             1.89E+07     1.508E+05     
   9E+06        0.99669      0             9E+06        0             1.9E+07      1.4976E+05    
   9.1E+06      0.99445      0             9.1E+06      0             1.91E+07     1.4918E+05    
   9.2E+06      0.99943      0             9.2E+06      0             1.92E+07     1.516E+05     
   9.3E+06      0.99742      0             9.3E+06      0             1.93E+07     1.539E+05     
   9.4E+06      1.0006       0             9.4E+06      0             1.94E+07     1.5458E+05    
   9.5E+06      0.99518      0             9.5E+06      0             1.95E+07     1.5556E+05    
   9.6E+06      0.99915      0             9.6E+06      0             1.96E+07     1.5797E+05    
   9.7E+06      0.99881      0             9.7E+06      0             1.97E+07     1.583E+05     
   9.8E+06      0.99947      0             9.8E+06      0             1.98E+07     1.6057E+05    
   9.9E+06      0.99817      0             9.9E+06      0             1.99E+07     1.6298E+05    
   1E+07        1.0035       0             1E+07        0             2E+07        1.6015E+05    
   1.01E+07     0.99775      6.8239E-09    1.01E+07     6.8239E-09    2.01E+07     1.6224E+05    
   1.02E+07     0.99639      0.00096303    1.02E+07     0.00096303    2.02E+07     1.6444E+05    
   1.03E+07     0.99443      0.0017216     1.03E+07     0.0017216     2.03E+07     1.6682E+05    
   1.04E+07     0.99607      0.001919      1.04E+07     0.001919      2.04E+07     1.6908E+05    
   1.05E+07     0.99651      0.0015851     1.05E+07     0.0015851     2.05E+07     1.7105E+05    
   1.06E+07     0.99679      0.0013449     1.06E+07     0.0013449     2.06E+07     1.7346E+05    
   1.07E+07     0.99688      0.0011558     1.07E+07     0.0011558     2.07E+07     1.7272E+05    
   1.08E+07     0.99664      0.0010363     1.08E+07     0.0010363     2.08E+07     1.7411E+05    
   1.09E+07     0.99661      0.00092167    1.09E+07     0.00092167    2.09E+07     1.75E+05      
   1.1E+07      0.99633      0.00086982    1.1E+07      0.00086982    2.1E+07      1.708E+05     
   1.11E+07     0.99627      0.00079297    1.11E+07     0.00079297    2.11E+07     1.7182E+05    
   1.12E+07     0.99647      0.00075301    1.12E+07     0.00075301    2.12E+07     1.736E+05     
   1.13E+07     0.99655      0.00069941    1.13E+07     0.00069941    2.13E+07     1.7539E+05    
   1.14E+07     0.99656      0.00064948    1.14E+07     0.00064948    2.14E+07     1.7623E+05    
   1.15E+07     0.99658      0.0006065     1.15E+07     0.0006065     2.15E+07     1.77E+05      
   1.16E+07     0.99674      0.00059008    1.16E+07     0.00059008    2.16E+07     1.7855E+05    
   1.17E+07     0.99639      0.00065391    1.17E+07     0.00065391    2.17E+07     1.8074E+05    
   1.18E+07     0.99642      0.00061817    1.18E+07     0.00061817    2.18E+07     1.8297E+05    
   1.19E+07     0.99636      0.0005885     1.19E+07     0.0005885     2.19E+07     1.8512E+05    
   1.2E+07      0.9965       0.00057569    1.2E+07      0.00057569    2.2E+07      1.8737E+05    
   1.21E+07     0.99636      0.00056459    1.21E+07     0.00056459    2.21E+07     1.8302E+05    
   1.22E+07     0.99644      0.00054508    1.22E+07     0.00054508    2.22E+07     1.8451E+05    
   1.23E+07     0.99646      0.00052156    1.23E+07     0.00052156    2.23E+07     1.8651E+05    
   1.24E+07     0.99649      0.00050095    1.24E+07     0.00050095    2.24E+07     1.8863E+05    
   1.25E+07     0.99641      0.00048773    1.25E+07     0.00048773    2.25E+07     1.9081E+05    
   1.26E+07     0.99648      0.00047504    1.26E+07     0.00047504    2.26E+07     1.9217E+05    
   1.27E+07     0.99646      0.00045816    1.27E+07     0.00045816    2.27E+07     1.9436E+05    
   1.28E+07     0.99649      0.00044323    1.28E+07     0.00044323    2.28E+07     1.9573E+05    
   1.29E+07     0.9966       0.00044123    1.29E+07     0.00044123    2.29E+07     1.9624E+05    
   1.3E+07      0.99652      0.00043454    1.3E+07      0.00043454    2.3E+07      1.9748E+05    
   1.31E+07     0.9964       0.00043665    1.31E+07     0.00043665    2.31E+07     1.9946E+05    
   1.32E+07     0.99646      0.00042648    1.32E+07     0.00042648    2.32E+07     1.9808E+05    
   1.33E+07     0.99656      0.00042538    1.33E+07     0.00042538    2.33E+07     2.0004E+05    
   1.34E+07     0.99665      0.00042314    1.34E+07     0.00042314    2.34E+07     2.0218E+05    
   1.35E+07     0.99671      0.00041529    1.35E+07     0.00041529    2.35E+07     1.9968E+05    
   1.36E+07     0.99675      0.00040561    1.36E+07     0.00040561    2.36E+07     2.0177E+05    
   1.37E+07     0.99672      0.00039562    1.37E+07     0.00039562    2.37E+07     1.9836E+05    
   1.38E+07     0.99663      0.00039544    1.38E+07     0.00039544    2.38E+07     2.0039E+05    
   1.39E+07     0.99668      0.00038896    1.39E+07     0.00038896    2.39E+07     1.9898E+05    
   1.4E+07      0.99664      0.00038138    1.4E+07      0.00038138    2.4E+07      1.9929E+05    
   1.41E+07     0.99663      0.00037239    1.41E+07     0.00037239    2.41E+07     2.0121E+05    
   1.42E+07     0.99665      0.00036417    1.42E+07     0.00036417    2.42E+07     2.0307E+05    
   1.43E+07     0.99672      0.00036263    1.43E+07     0.00036263    2.43E+07     2.0413E+05    
   1.44E+07     0.99673      0.00035442    1.44E+07     0.00035442    2.44E+07     2.0612E+05    
   1.45E+07     0.99675      0.00034763    1.45E+07     0.00034763    2.45E+07     2.0573E+05    
   1.46E+07     0.99681      0.00034489    1.46E+07     0.00034489    2.46E+07     1.9967E+05    
   1.47E+07     0.99692      0.0003534     1.47E+07     0.0003534     2.47E+07     1.9947E+05    
   1.48E+07     0.99702      0.00035949    1.48E+07     0.00035949    2.48E+07     2.0041E+05    
   1.49E+07     0.99707      0.00035649    1.49E+07     0.00035649    2.49E+07     2.0114E+05    
   1.5E+07      0.99707      0.00034938    1.5E+07      0.00034938    2.5E+07      2.024E+05     
   1.51E+07     0.99713      0.00034809    1.51E+07     0.00034809    2.51E+07     2.0413E+05    
   1.52E+07     0.99706      0.00034923    1.52E+07     0.00034923    2.52E+07     2.0556E+05    
   1.53E+07     0.99707      0.00034274    1.53E+07     0.00034274    2.53E+07     2.0683E+05    
   1.54E+07     0.99702      0.00033923    1.54E+07     0.00033923    2.54E+07     2.0865E+05    
   1.55E+07     0.99702      0.00033306    1.55E+07     0.00033306    2.55E+07     2.0965E+05    
   1.56E+07     0.99698      0.00032944    1.56E+07     0.00032944    2.56E+07     2.1148E+05    
   1.57E+07     0.99693      0.00032732    1.57E+07     0.00032732    2.57E+07     2.0732E+05    
   1.58E+07     0.99692      0.00032183    1.58E+07     0.00032183    2.58E+07     2.0837E+05    
   1.59E+07     0.99693      0.00031642    1.59E+07     0.00031642    2.59E+07     2.0205E+05    
   1.6E+07      0.99703      0.00032695    1.6E+07      0.00032695    2.6E+07      2.0368E+05    
   1.61E+07     0.99698      0.00032491    1.61E+07     0.00032491    2.61E+07     2.0535E+05    
   1.62E+07     0.99706      0.00033004    1.62E+07     0.00033004    2.62E+07     2.0706E+05    
   1.63E+07     0.99707      0.00032491    1.63E+07     0.00032491    2.63E+07     2.076E+05     
   1.64E+07     0.99711      0.00032231    1.64E+07     0.00032231    2.64E+07     2.0804E+05    
   1.65E+07     0.99712      0.00031744    1.65E+07     0.00031744    2.65E+07     2.0438E+05    
   1.66E+07     0.99714      0.0003134     1.66E+07     0.0003134     2.66E+07     2.0602E+05    
   1.67E+07     0.99715      0.00030896    1.67E+07     0.00030896    2.67E+07     2.0748E+05    
   1.68E+07     0.99714      0.00030456    1.68E+07     0.00030456    2.68E+07     2.0914E+05    
   1.69E+07     0.99717      0.000301      1.69E+07     0.000301      2.69E+07     2.1084E+05    
   1.7E+07      0.99709      0.00030652    1.7E+07      0.00030652    2.7E+07      2.1093E+05    
   1.71E+07     0.9971       0.00030232    1.71E+07     0.00030232    2.71E+07     2.12E+05      
   1.72E+07     0.99707      0.00029938    1.72E+07     0.00029938    2.72E+07     2.1315E+05    
   1.73E+07     0.99704      0.00029701    1.73E+07     0.00029701    2.73E+07     2.1387E+05    
   1.74E+07     0.9971       0.00029969    1.74E+07     0.00029969    2.74E+07     2.1107E+05    
   1.75E+07     0.99709      0.00029597    1.75E+07     0.00029597    2.75E+07     2.072E+05     
   1.76E+07     0.99713      0.00029483    1.76E+07     0.00029483    2.76E+07     2.088E+05     
   1.77E+07     0.99707      0.00029711    1.77E+07     0.00029711    2.77E+07     2.089E+05     
   1.78E+07     0.99703      0.00029589    1.78E+07     0.00029589    2.78E+07     2.0707E+05    
   1.79E+07     0.99696      0.00029928    1.79E+07     0.00029928    2.79E+07     2.0799E+05    
   1.8E+07      0.99699      0.00029659    1.8E+07      0.00029659    2.8E+07      2.0516E+05    
   1.81E+07     0.99702      0.00029494    1.81E+07     0.00029494    2.81E+07     2.0641E+05    
   1.82E+07     0.99707      0.00029513    1.82E+07     0.00029513    2.82E+07     2.0671E+05    
   1.83E+07     0.99707      0.00029158    1.83E+07     0.00029158    2.83E+07     2.0618E+05    
   1.84E+07     0.99707      0.00028811    1.84E+07     0.00028811    2.84E+07     2.0602E+05    
   1.85E+07     0.99707      0.00028472    1.85E+07     0.00028472    2.85E+07     2.0456E+05    
   1.86E+07     0.99711      0.0002842     1.86E+07     0.0002842     2.86E+07     2.0413E+05    
   1.87E+07     0.99708      0.00028266    1.87E+07     0.00028266    2.87E+07     2.0541E+05    
   1.88E+07     0.99709      0.00027953    1.88E+07     0.00027953    2.88E+07     2.0606E+05    
   1.89E+07     0.99711      0.00027702    1.89E+07     0.00027702    2.89E+07     2.0687E+05    
   1.9E+07      0.99715      0.00027724    1.9E+07      0.00027724    2.9E+07      2.0801E+05    
   1.91E+07     0.99719      0.00027704    1.91E+07     0.00027704    2.91E+07     2.075E+05     
   1.92E+07     0.99718      0.00027411    1.92E+07     0.00027411    2.92E+07     2.0888E+05    
   1.93E+07     0.99719      0.00027131    1.93E+07     0.00027131    2.93E+07     2.1033E+05    
   1.94E+07     0.99722      0.00027001    1.94E+07     0.00027001    2.94E+07     2.1174E+05    
   1.95E+07     0.99725      0.00026847    1.95E+07     0.00026847    2.95E+07     2.1316E+05    
   1.96E+07     0.99724      0.00026572    1.96E+07     0.00026572    2.96E+07     2.1441E+05    
   1.97E+07     0.99721      0.00026475    1.97E+07     0.00026475    2.97E+07     2.1323E+05    
   1.98E+07     0.9972       0.00026217    1.98E+07     0.00026217    2.98E+07     2.1459E+05    
   1.99E+07     0.9972       0.00025957    1.99E+07     0.00025957    2.99E+07     2.16E+05      
   2E+07        0.99715      0.00026119    2E+07        0.00026119    3E+07        2.1744E+05    
   2.01E+07     0.99716      0.00025885    2.01E+07     0.00025885    3.01E+07     2.1796E+05    
   2.02E+07     0.99716      0.00025644    2.02E+07     0.00025644    3.02E+07     2.194E+05     
   2.03E+07     0.99715      0.00025397    2.03E+07     0.00025397    3.03E+07     2.2084E+05    
   2.04E+07     0.99716      0.00025164    2.04E+07     0.00025164    3.04E+07     2.2082E+05    
   2.05E+07     0.99717      0.00024957    2.05E+07     0.00024957    3.05E+07     2.2163E+05    
   2.06E+07     0.99717      0.00024722    2.06E+07     0.00024722    3.06E+07     2.2127E+05    
   2.07E+07     0.99721      0.00024714    2.07E+07     0.00024714    3.07E+07     2.2169E+05    
   2.08E+07     0.99723      0.00024556    2.08E+07     0.00024556    3.08E+07     2.227E+05     
   2.09E+07     0.99725      0.00024434    2.09E+07     0.00024434    3.09E+07     2.2055E+05    
   2.1E+07      0.9972       0.00024672    2.1E+07      0.00024672    3.1E+07      2.2103E+05    
   2.11E+07     0.99722      0.00024539    2.11E+07     0.00024539    3.11E+07     2.216E+05     
   2.12E+07     0.99724      0.00024355    2.12E+07     0.00024355    3.12E+07     2.2279E+05    
   2.13E+07     0.99725      0.00024173    2.13E+07     0.00024173    3.13E+07     2.2332E+05    
   2.14E+07     0.99727      0.00024059    2.14E+07     0.00024059    3.14E+07     2.2191E+05    
   2.15E+07     0.99729      0.00023948    2.15E+07     0.00023948    3.15E+07     2.2233E+05    
   2.16E+07     0.99731      0.00023788    2.16E+07     0.00023788    3.16E+07     2.2279E+05    
   2.17E+07     0.99731      0.00023589    2.17E+07     0.00023589    3.17E+07     2.2392E+05    
   2.18E+07     0.99731      0.00023391    2.18E+07     0.00023391    3.18E+07     2.2417E+05    
   2.19E+07     0.9973       0.00023199    2.19E+07     0.00023199    3.19E+07     2.2551E+05    
   2.2E+07      0.9973       0.00023007    2.2E+07      0.00023007    3.2E+07      2.2556E+05    
   2.21E+07     0.99735      0.00023226    2.21E+07     0.00023226    3.21E+07     2.2608E+05    
   2.22E+07     0.99736      0.00023079    2.22E+07     0.00023079    3.22E+07     2.2447E+05    
   2.23E+07     0.99737      0.00022901    2.23E+07     0.00022901    3.23E+07     2.2538E+05    
   2.24E+07     0.99737      0.00022721    2.24E+07     0.00022721    3.24E+07     2.252E+05     
   2.25E+07     0.99737      0.0002254     2.25E+07     0.0002254     3.25E+07     2.2538E+05    
   2.26E+07     0.99736      0.0002241     2.26E+07     0.0002241     3.26E+07     2.2539E+05    
   2.27E+07     0.99736      0.00022234    2.27E+07     0.00022234    3.27E+07     2.2619E+05    
   2.28E+07     0.99734      0.00022105    2.28E+07     0.00022105    3.28E+07     2.2696E+05    
   2.29E+07     0.99736      0.00022028    2.29E+07     0.00022028    3.29E+07     2.2796E+05    
   2.3E+07      0.99735      0.00021911    2.3E+07      0.00021911    3.3E+07      2.2878E+05    
   2.31E+07     0.99736      0.00021754    2.31E+07     0.00021754    3.31E+07     2.3002E+05    
   2.32E+07     0.99738      0.00021781    2.32E+07     0.00021781    3.32E+07     2.3119E+05    
   2.33E+07     0.99739      0.00021628    2.33E+07     0.00021628    3.33E+07     2.3247E+05    
   2.34E+07     0.99739      0.00021466    2.34E+07     0.00021466    3.34E+07     2.3148E+05    
   2.35E+07     0.99742      0.00021554    2.35E+07     0.00021554    3.35E+07     2.3226E+05    
   2.36E+07     0.99742      0.00021396    2.36E+07     0.00021396    3.36E+07     2.3345E+05    
   2.37E+07     0.99739      0.00021533    2.37E+07     0.00021533    3.37E+07     2.3471E+05    
   2.38E+07     0.99739      0.00021378    2.38E+07     0.00021378    3.38E+07     2.358E+05     
   2.39E+07     0.99742      0.00021408    2.39E+07     0.00021408    3.39E+07     2.3499E+05    
   2.4E+07      0.9974       0.00021347    2.4E+07      0.00021347    3.4E+07      2.3525E+05    
   2.41E+07     0.99739      0.00021199    2.41E+07     0.00021199    3.41E+07     2.3638E+05    
   2.42E+07     0.9974       0.00021058    2.42E+07     0.00021058    3.42E+07     2.3764E+05    
   2.43E+07     0.99738      0.0002096     2.43E+07     0.0002096     3.43E+07     2.3889E+05    
   2.44E+07     0.99739      0.00020815    2.44E+07     0.00020815    3.44E+07     2.4E+05       
   2.45E+07     0.99741      0.00020787    2.45E+07     0.00020787    3.45E+07     2.3897E+05    
   2.46E+07     0.99737      0.00021057    2.46E+07     0.00021057    3.46E+07     2.3782E+05    
   2.47E+07     0.99735      0.00021024    2.47E+07     0.00021024    3.47E+07     2.3904E+05    
   2.48E+07     0.99733      0.00020932    2.48E+07     0.00020932    3.48E+07     2.3676E+05    
   2.49E+07     0.99735      0.00020851    2.49E+07     0.00020851    3.49E+07     2.3796E+05    
   2.5E+07      0.99733      0.00020744    2.5E+07      0.00020744    3.5E+07      2.3779E+05    
   2.51E+07     0.99734      0.00020614    2.51E+07     0.00020614    3.51E+07     2.3886E+05    
   2.52E+07     0.99733      0.00020501    2.52E+07     0.00020501    3.52E+07     2.4006E+05    
   2.53E+07     0.99734      0.00020396    2.53E+07     0.00020396    3.53E+07     2.4103E+05    
   2.54E+07     0.99735      0.00020267    2.54E+07     0.00020267    3.54E+07     2.4217E+05    
   2.55E+07     0.99736      0.00020179    2.55E+07     0.00020179    3.55E+07     2.4325E+05    
   2.56E+07     0.99736      0.00020052    2.56E+07     0.00020052    3.56E+07     2.4248E+05    
   2.57E+07     0.99733      0.00020212    2.57E+07     0.00020212    3.57E+07     2.4316E+05    
   2.58E+07     0.99734      0.00020121    2.58E+07     0.00020121    3.58E+07     2.4304E+05    
   2.59E+07     0.99738      0.00020393    2.59E+07     0.00020393    3.59E+07     2.4257E+05    
   2.6E+07      0.99737      0.00020272    2.6E+07      0.00020272    3.6E+07      2.4294E+05    
   2.61E+07     0.99737      0.0002015     2.61E+07     0.0002015     3.61E+07     2.4401E+05    
   2.62E+07     0.99737      0.00020028    2.62E+07     0.00020028    3.62E+07     2.4277E+05    
   2.63E+07     0.99739      0.00019963    2.63E+07     0.00019963    3.63E+07     2.4194E+05    
   2.64E+07     0.9974       0.00019904    2.64E+07     0.00019904    3.64E+07     2.4305E+05    
   2.65E+07     0.99744      0.00020043    2.65E+07     0.00020043    3.65E+07     2.4393E+05    
   2.66E+07     0.99743      0.00019924    2.66E+07     0.00019924    3.66E+07     2.4329E+05    
   2.67E+07     0.99744      0.00019816    2.67E+07     0.00019816    3.67E+07     2.4397E+05    
   2.68E+07     0.99744      0.00019701    2.68E+07     0.00019701    3.68E+07     2.4448E+05    
   2.69E+07     0.99744      0.00019584    2.69E+07     0.00019584    3.69E+07     2.4555E+05    
   2.7E+07      0.99743      0.00019543    2.7E+07      0.00019543    3.7E+07      2.4301E+05    
   2.71E+07     0.99744      0.00019457    2.71E+07     0.00019457    3.71E+07     2.372E+05     
   2.72E+07     0.99745      0.00019368    2.72E+07     0.00019368    3.72E+07     2.3566E+05    
   2.73E+07     0.99746      0.000193      2.73E+07     0.000193      3.73E+07     2.3606E+05    
   2.74E+07     0.99749      0.00019392    2.74E+07     0.00019392    3.74E+07     2.3704E+05    
   2.75E+07     0.99752      0.00019535    2.75E+07     0.00019535    3.75E+07     2.3814E+05    
   2.76E+07     0.99752      0.00019424    2.76E+07     0.00019424    3.76E+07     2.3923E+05    
   2.77E+07     0.99754      0.00019384    2.77E+07     0.00019384    3.77E+07     2.366E+05     
   2.78E+07     0.99751      0.00019435    2.78E+07     0.00019435    3.78E+07     2.3761E+05    
   2.79E+07     0.99752      0.00019356    2.79E+07     0.00019356    3.79E+07     2.3746E+05    
   2.8E+07      0.99755      0.00019455    2.8E+07      0.00019455    3.8E+07      2.3804E+05    
   2.81E+07     0.99756      0.0001936     2.81E+07     0.0001936     3.81E+07     2.3907E+05    
   2.82E+07     0.99754      0.00019312    2.82E+07     0.00019312    3.82E+07     2.3992E+05    
   2.83E+07     0.99752      0.00019302    2.83E+07     0.00019302    3.83E+07     2.4022E+05    
   2.84E+07     0.99751      0.00019275    2.84E+07     0.00019275    3.84E+07     2.4022E+05    
   2.85E+07     0.99753      0.00019309    2.85E+07     0.00019309    3.85E+07     2.3871E+05    
   2.86E+07     0.99751      0.00019296    2.86E+07     0.00019296    3.86E+07     2.3975E+05    
   2.87E+07     0.99752      0.00019202    2.87E+07     0.00019202    3.87E+07     2.4057E+05    
   2.88E+07     0.9975       0.00019136    2.88E+07     0.00019136    3.88E+07     2.4095E+05    
   2.89E+07     0.99749      0.00019065    2.89E+07     0.00019065    3.89E+07     2.4189E+05    
   2.9E+07      0.9975       0.0001898     2.9E+07      0.0001898     3.9E+07      2.4206E+05    
   2.91E+07     0.99752      0.0001897     2.91E+07     0.0001897     3.91E+07     2.4189E+05    
   2.92E+07     0.99752      0.00018874    2.92E+07     0.00018874    3.92E+07     2.4273E+05    
   2.93E+07     0.99752      0.00018776    2.93E+07     0.00018776    3.93E+07     2.4223E+05    
   2.94E+07     0.99752      0.00018681    2.94E+07     0.00018681    3.94E+07     2.3716E+05    
   2.95E+07     0.99753      0.00018587    2.95E+07     0.00018587    3.95E+07     2.3761E+05    
   2.96E+07     0.99752      0.00018501    2.96E+07     0.00018501    3.96E+07     2.3768E+05    
   2.97E+07     0.99754      0.0001852     2.97E+07     0.0001852     3.97E+07     2.3847E+05    
   2.98E+07     0.99755      0.0001843     2.98E+07     0.0001843     3.98E+07     2.3889E+05    
   2.99E+07     0.99755      0.00018339    2.99E+07     0.00018339    3.99E+07     2.3666E+05    
   3E+07        0.99755      0.00018248    3E+07        0.00018248    4E+07        2.3617E+05    
   3.01E+07     0.99754      0.00018194    3.01E+07     0.00018194    4.01E+07     2.3696E+05    
   3.02E+07     0.99754      0.00018104    3.02E+07     0.00018104    4.02E+07     2.3742E+05    
   3.03E+07     0.99754      0.00018015    3.03E+07     0.00018015    4.03E+07     2.3811E+05    
   3.04E+07     0.99752      0.00017986    3.04E+07     0.00017986    4.04E+07     2.39E+05      
   3.05E+07     0.99751      0.00017923    3.05E+07     0.00017923    4.05E+07     2.3995E+05    
   3.06E+07     0.9975       0.00017908    3.06E+07     0.00017908    4.06E+07     2.3924E+05    
   3.07E+07     0.99748      0.00017862    3.07E+07     0.00017862    4.07E+07     2.4017E+05    
   3.08E+07     0.99749      0.00017792    3.08E+07     0.00017792    4.08E+07     2.4111E+05    
   3.09E+07     0.99747      0.00017849    3.09E+07     0.00017849    4.09E+07     2.4161E+05    
   3.1E+07      0.99748      0.000178      3.1E+07      0.000178      4.1E+07      2.4132E+05    
   3.11E+07     0.99747      0.00017749    3.11E+07     0.00017749    4.11E+07     2.4053E+05    
   3.12E+07     0.99747      0.00017673    3.12E+07     0.00017673    4.12E+07     2.3908E+05    
   3.13E+07     0.99746      0.00017623    3.13E+07     0.00017623    4.13E+07     2.3974E+05    
   3.14E+07     0.99748      0.0001765     3.14E+07     0.0001765     4.14E+07     2.4053E+05    
   3.15E+07     0.99749      0.00017606    3.15E+07     0.00017606    4.15E+07     2.4149E+05    
   3.16E+07     0.99748      0.0001756     3.16E+07     0.0001756     4.16E+07     2.4224E+05    
   3.17E+07     0.99748      0.00017487    3.17E+07     0.00017487    4.17E+07     2.431E+05     
   3.18E+07     0.99749      0.00017449    3.18E+07     0.00017449    4.18E+07     2.4382E+05    
   3.19E+07     0.99749      0.0001737     3.19E+07     0.0001737     4.19E+07     2.4474E+05    
   3.2E+07      0.9975       0.00017341    3.2E+07      0.00017341    4.2E+07      2.4567E+05    
   3.21E+07     0.99751      0.00017294    3.21E+07     0.00017294    4.21E+07     2.451E+05     
   3.22E+07     0.99749      0.00017327    3.22E+07     0.00017327    4.22E+07     2.4219E+05    
   3.23E+07     0.99749      0.00017266    3.23E+07     0.00017266    4.23E+07     2.4306E+05    
   3.24E+07     0.9975       0.00017246    3.24E+07     0.00017246    4.24E+07     2.44E+05      
   3.25E+07     0.99749      0.00017212    3.25E+07     0.00017212    4.25E+07     2.4351E+05    
   3.26E+07     0.99747      0.00017185    3.26E+07     0.00017185    4.26E+07     2.4335E+05    
   3.27E+07     0.99747      0.00017128    3.27E+07     0.00017128    4.27E+07     2.4406E+05    
   3.28E+07     0.99747      0.00017072    3.28E+07     0.00017072    4.28E+07     2.4193E+05    
   3.29E+07     0.99747      0.00017009    3.29E+07     0.00017009    4.29E+07     2.4274E+05    
   3.3E+07      0.99746      0.00016953    3.3E+07      0.00016953    4.3E+07      2.4251E+05    
   3.31E+07     0.99746      0.0001688     3.31E+07     0.0001688     4.31E+07     2.4312E+05    
   3.32E+07     0.99747      0.00016812    3.32E+07     0.00016812    4.32E+07     2.426E+05     
   3.33E+07     0.99747      0.0001674     3.33E+07     0.0001674     4.33E+07     2.4314E+05    
   3.34E+07     0.99748      0.00016751    3.34E+07     0.00016751    4.34E+07     2.4373E+05    
   3.35E+07     0.99749      0.00016695    3.35E+07     0.00016695    4.35E+07     2.441E+05     
   3.36E+07     0.99749      0.00016628    3.36E+07     0.00016628    4.36E+07     2.4498E+05    
   3.37E+07     0.9975       0.00016558    3.37E+07     0.00016558    4.37E+07     2.4506E+05    
   3.38E+07     0.9975       0.00016495    3.38E+07     0.00016495    4.38E+07     2.4392E+05    
   3.39E+07     0.99749      0.00016498    3.39E+07     0.00016498    4.39E+07     2.4381E+05    
   3.4E+07      0.99747      0.00016465    3.4E+07      0.00016465    4.4E+07      2.4364E+05    
   3.41E+07     0.99747      0.00016401    3.41E+07     0.00016401    4.41E+07     2.4313E+05    
   3.42E+07     0.99747      0.00016334    3.42E+07     0.00016334    4.42E+07     2.4385E+05    
   3.43E+07     0.99747      0.00016267    3.43E+07     0.00016267    4.43E+07     2.4426E+05    
   3.44E+07     0.99747      0.00016205    3.44E+07     0.00016205    4.44E+07     2.4374E+05    
   3.45E+07     0.99748      0.00016217    3.45E+07     0.00016217    4.45E+07     2.4325E+05    
   3.46E+07     0.99747      0.00016232    3.46E+07     0.00016232    4.46E+07     2.4325E+05    
   3.47E+07     0.99747      0.00016167    3.47E+07     0.00016167    4.47E+07     2.4411E+05    
   3.48E+07     0.99749      0.00016221    3.48E+07     0.00016221    4.48E+07     2.417E+05     
   3.49E+07     0.99749      0.00016156    3.49E+07     0.00016156    4.49E+07     2.398E+05     
   3.5E+07      0.9975       0.00016139    3.5E+07      0.00016139    4.5E+07      2.3959E+05    
   3.51E+07     0.9975       0.0001608     3.51E+07     0.0001608     4.51E+07     2.4011E+05    
   3.52E+07     0.9975       0.00016017    3.52E+07     0.00016017    4.52E+07     2.4093E+05    
   3.53E+07     0.9975       0.00015962    3.53E+07     0.00015962    4.53E+07     2.4146E+05    
   3.54E+07     0.99749      0.00015901    3.54E+07     0.00015901    4.54E+07     2.3988E+05    
   3.55E+07     0.99749      0.00015843    3.55E+07     0.00015843    4.55E+07     2.4061E+05    
   3.56E+07     0.9975       0.00015845    3.56E+07     0.00015845    4.56E+07     2.3915E+05    
   3.57E+07     0.99751      0.00015801    3.57E+07     0.00015801    4.57E+07     2.3981E+05    
   3.58E+07     0.9975       0.00015783    3.58E+07     0.00015783    4.58E+07     2.3975E+05    
   3.59E+07     0.99751      0.00015776    3.59E+07     0.00015776    4.59E+07     2.3989E+05    
   3.6E+07      0.9975       0.00015742    3.6E+07      0.00015742    4.6E+07      2.4071E+05    
   3.61E+07     0.9975       0.00015685    3.61E+07     0.00015685    4.61E+07     2.4083E+05    
   3.62E+07     0.99748      0.00015703    3.62E+07     0.00015703    4.62E+07     2.4164E+05    
   3.63E+07     0.9975       0.00015709    3.63E+07     0.00015709    4.63E+07     2.4176E+05    
   3.64E+07     0.9975       0.00015651    3.64E+07     0.00015651    4.64E+07     2.4008E+05    
   3.65E+07     0.99749      0.00015601    3.65E+07     0.00015601    4.65E+07     2.4043E+05    
   3.66E+07     0.9975       0.000156      3.66E+07     0.000156      4.66E+07     2.4114E+05    
   3.67E+07     0.99751      0.00015557    3.67E+07     0.00015557    4.67E+07     2.4161E+05    
   3.68E+07     0.9975       0.00015519    3.68E+07     0.00015519    4.68E+07     2.4087E+05    
   3.69E+07     0.9975       0.00015464    3.69E+07     0.00015464    4.69E+07     2.4104E+05    
   3.7E+07      0.99748      0.00015523    3.7E+07      0.00015523    4.7E+07      2.418E+05     
   3.71E+07     0.99751      0.00015691    3.71E+07     0.00015691    4.71E+07     2.4217E+05    
   3.72E+07     0.99752      0.00015721    3.72E+07     0.00015721    4.72E+07     2.4288E+05    
   3.73E+07     0.99752      0.00015687    3.73E+07     0.00015687    4.73E+07     2.4319E+05    
   3.74E+07     0.99751      0.00015632    3.74E+07     0.00015632    4.74E+07     2.4236E+05    
   3.75E+07     0.99751      0.00015575    3.75E+07     0.00015575    4.75E+07     2.423E+05     
   3.76E+07     0.99751      0.00015519    3.76E+07     0.00015519    4.76E+07     2.4291E+05    
   3.77E+07     0.99753      0.00015584    3.77E+07     0.00015584    4.77E+07     2.4367E+05    
   3.78E+07     0.99753      0.00015529    3.78E+07     0.00015529    4.78E+07     2.4442E+05    
   3.79E+07     0.99754      0.00015513    3.79E+07     0.00015513    4.79E+07     2.452E+05     
   3.8E+07      0.99755      0.00015474    3.8E+07      0.00015474    4.8E+07      2.4592E+05    
   3.81E+07     0.99755      0.0001542     3.81E+07     0.0001542     4.81E+07     2.4635E+05    
   3.82E+07     0.99755      0.00015372    3.82E+07     0.00015372    4.82E+07     2.4655E+05    
   3.83E+07     0.99754      0.00015342    3.83E+07     0.00015342    4.83E+07     2.4723E+05    
   3.84E+07     0.99755      0.00015322    3.84E+07     0.00015322    4.84E+07     2.4767E+05    
   3.85E+07     0.99757      0.0001535     3.85E+07     0.0001535     4.85E+07     2.4843E+05    
   3.86E+07     0.99757      0.00015297    3.86E+07     0.00015297    4.86E+07     2.4921E+05    
   3.87E+07     0.99756      0.00015251    3.87E+07     0.00015251    4.87E+07     2.4967E+05    
   3.88E+07     0.99757      0.00015219    3.88E+07     0.00015219    4.88E+07     2.5039E+05    
   3.89E+07     0.99757      0.0001517     3.89E+07     0.0001517     4.89E+07     2.5038E+05    
   3.9E+07      0.99756      0.00015145    3.9E+07      0.00015145    4.9E+07      2.5104E+05    
   3.91E+07     0.99757      0.0001513     3.91E+07     0.0001513     4.91E+07     2.5167E+05    
   3.92E+07     0.99757      0.00015085    3.92E+07     0.00015085    4.92E+07     2.5244E+05    
   3.93E+07     0.99755      0.00015081    3.93E+07     0.00015081    4.93E+07     2.5234E+05    
   3.94E+07     0.99753      0.00015222    3.94E+07     0.00015222    4.94E+07     2.5249E+05    
   3.95E+07     0.99752      0.00015188    3.95E+07     0.00015188    4.95E+07     2.5321E+05    
   3.96E+07     0.99751      0.00015166    3.96E+07     0.00015166    4.96E+07     2.5375E+05    
   3.97E+07     0.99752      0.00015122    3.97E+07     0.00015122    4.97E+07     2.5441E+05    
   3.98E+07     0.99753      0.00015089    3.98E+07     0.00015089    4.98E+07     2.5369E+05    
   3.99E+07     0.99751      0.00015141    3.99E+07     0.00015141    4.99E+07     2.538E+05     
   4E+07        0.99752      0.00015137    4E+07        0.00015137    5E+07        2.5434E+05    
   4.01E+07     0.99752      0.00015093    4.01E+07     0.00015093    5.01E+07     2.5391E+05    
   4.02E+07     0.99753      0.0001506     4.02E+07     0.0001506     5.02E+07     2.5465E+05    
   4.03E+07     0.99754      0.00015019    4.03E+07     0.00015019    5.03E+07     2.5325E+05    
   4.04E+07     0.99753      0.00014972    4.04E+07     0.00014972    5.04E+07     2.5397E+05    
   4.05E+07     0.99753      0.00014924    4.05E+07     0.00014924    5.05E+07     2.541E+05     
   4.06E+07     0.99752      0.00014928    4.06E+07     0.00014928    5.06E+07     2.5483E+05    
   4.07E+07     0.99752      0.00014881    4.07E+07     0.00014881    5.07E+07     2.5481E+05    
   4.08E+07     0.99752      0.00014833    4.08E+07     0.00014833    5.08E+07     2.5512E+05    
   4.09E+07     0.99753      0.000148      4.09E+07     0.000148      5.09E+07     2.5582E+05    
   4.1E+07      0.99754      0.0001479     4.1E+07      0.0001479     5.1E+07      2.5604E+05    
   4.11E+07     0.99755      0.00014797    4.11E+07     0.00014797    5.11E+07     2.5665E+05    
   4.12E+07     0.99753      0.00014823    4.12E+07     0.00014823    5.12E+07     2.5665E+05    
   4.13E+07     0.99754      0.00014785    4.13E+07     0.00014785    5.13E+07     2.5468E+05    
   4.14E+07     0.99754      0.00014742    4.14E+07     0.00014742    5.14E+07     2.5526E+05    
   4.15E+07     0.99754      0.00014695    4.15E+07     0.00014695    5.15E+07     2.5578E+05    
   4.16E+07     0.99753      0.00014654    4.16E+07     0.00014654    5.16E+07     2.565E+05     
   4.17E+07     0.99753      0.00014611    4.17E+07     0.00014611    5.17E+07     2.5724E+05    
   4.18E+07     0.99752      0.00014572    4.18E+07     0.00014572    5.18E+07     2.5676E+05    
   4.19E+07     0.99752      0.00014527    4.19E+07     0.00014527    5.19E+07     2.5746E+05    
   4.2E+07      0.99752      0.00014482    4.2E+07      0.00014482    5.2E+07      2.5781E+05    
   4.21E+07     0.99751      0.00014482    4.21E+07     0.00014482    5.21E+07     2.5849E+05    
   4.22E+07     0.99749      0.00014551    4.22E+07     0.00014551    5.22E+07     2.5815E+05    
   4.23E+07     0.99749      0.00014507    4.23E+07     0.00014507    5.23E+07     2.5881E+05    
   4.24E+07     0.99749      0.00014463    4.24E+07     0.00014463    5.24E+07     2.5881E+05    
   4.25E+07     0.99748      0.00014459    4.25E+07     0.00014459    5.25E+07     2.5948E+05    
   4.26E+07     0.99749      0.00014447    4.26E+07     0.00014447    5.26E+07     2.5985E+05    
   4.27E+07     0.99749      0.00014409    4.27E+07     0.00014409    5.27E+07     2.6032E+05    
   4.28E+07     0.99751      0.00014455    4.28E+07     0.00014455    5.28E+07     2.61E+05      
   4.29E+07     0.99751      0.00014414    4.29E+07     0.00014414    5.29E+07     2.6167E+05    
   4.3E+07      0.9975       0.00014404    4.3E+07      0.00014404    5.3E+07      2.621E+05     
   4.31E+07     0.99749      0.00014369    4.31E+07     0.00014369    5.31E+07     2.6282E+05    
   4.32E+07     0.9975       0.00014368    4.32E+07     0.00014368    5.32E+07     2.6088E+05    
   4.33E+07     0.99751      0.00014335    4.33E+07     0.00014335    5.33E+07     2.6155E+05    
   4.34E+07     0.99751      0.00014301    4.34E+07     0.00014301    5.34E+07     2.6193E+05    
   4.35E+07     0.99752      0.00014273    4.35E+07     0.00014273    5.35E+07     2.6257E+05    
   4.36E+07     0.99752      0.00014231    4.36E+07     0.00014231    5.36E+07     2.6273E+05    
   4.37E+07     0.99753      0.00014213    4.37E+07     0.00014213    5.37E+07     2.6342E+05    
   4.38E+07     0.99752      0.00014229    4.38E+07     0.00014229    5.38E+07     2.6411E+05    
   4.39E+07     0.99751      0.00014216    4.39E+07     0.00014216    5.39E+07     2.6483E+05    
   4.4E+07      0.99752      0.00014205    4.4E+07      0.00014205    5.4E+07      2.6524E+05    
   4.41E+07     0.99751      0.00014204    4.41E+07     0.00014204    5.41E+07     2.6553E+05    
   4.42E+07     0.9975       0.00014166    4.42E+07     0.00014166    5.42E+07     2.66E+05      
   4.43E+07     0.9975       0.00014138    4.43E+07     0.00014138    5.43E+07     2.6667E+05    
   4.44E+07     0.99751      0.00014137    4.44E+07     0.00014137    5.44E+07     2.6658E+05    
   4.45E+07     0.9975       0.00014135    4.45E+07     0.00014135    5.45E+07     2.6695E+05    
   4.46E+07     0.99749      0.00014119    4.46E+07     0.00014119    5.46E+07     2.6754E+05    
   4.47E+07     0.99749      0.00014078    4.47E+07     0.00014078    5.47E+07     2.6823E+05    
   4.48E+07     0.9975       0.00014132    4.48E+07     0.00014132    5.48E+07     2.6783E+05    
   4.49E+07     0.99749      0.00014172    4.49E+07     0.00014172    5.49E+07     2.6852E+05    
   4.5E+07      0.9975       0.00014163    4.5E+07      0.00014163    5.5E+07      2.6916E+05    
   4.51E+07     0.99749      0.00014131    4.51E+07     0.00014131    5.51E+07     2.6726E+05    
   4.52E+07     0.99749      0.00014091    4.52E+07     0.00014091    5.52E+07     2.6705E+05    
   4.53E+07     0.9975       0.0001406     4.53E+07     0.0001406     5.53E+07     2.6635E+05    
   4.54E+07     0.99749      0.00014091    4.54E+07     0.00014091    5.54E+07     2.6697E+05    
   4.55E+07     0.99748      0.00014054    4.55E+07     0.00014054    5.55E+07     2.6764E+05    
   4.56E+07     0.99747      0.00014081    4.56E+07     0.00014081    5.56E+07     2.6815E+05    
   4.57E+07     0.99747      0.00014046    4.57E+07     0.00014046    5.57E+07     2.6798E+05    
   4.58E+07     0.99746      0.00014033    4.58E+07     0.00014033    5.58E+07     2.6849E+05    
   4.59E+07     0.99746      0.00014013    4.59E+07     0.00014013    5.59E+07     2.6749E+05    
   4.6E+07      0.99746      0.00013974    4.6E+07      0.00013974    5.6E+07      2.6811E+05    
   4.61E+07     0.99747      0.00013955    4.61E+07     0.00013955    5.61E+07     2.6859E+05    
   4.62E+07     0.99747      0.00013917    4.62E+07     0.00013917    5.62E+07     2.6917E+05    
   4.63E+07     0.99746      0.00013898    4.63E+07     0.00013898    5.63E+07     2.6792E+05    
   4.64E+07     0.99745      0.00013931    4.64E+07     0.00013931    5.64E+07     2.6704E+05    
   4.65E+07     0.99746      0.00013906    4.65E+07     0.00013906    5.65E+07     2.677E+05     
   4.66E+07     0.99746      0.00013871    4.66E+07     0.00013871    5.66E+07     2.6827E+05    
   4.67E+07     0.99746      0.00013842    4.67E+07     0.00013842    5.67E+07     2.6782E+05    
   4.68E+07     0.99745      0.00013848    4.68E+07     0.00013848    5.68E+07     2.6848E+05    
   4.69E+07     0.99746      0.00013828    4.69E+07     0.00013828    5.69E+07     2.6866E+05    
   4.7E+07      0.99746      0.00013791    4.7E+07      0.00013791    5.7E+07      2.6826E+05    
   4.71E+07     0.99745      0.00013766    4.71E+07     0.00013766    5.71E+07     2.689E+05     
   4.72E+07     0.99746      0.00013731    4.72E+07     0.00013731    5.72E+07     2.6885E+05    
   4.73E+07     0.99745      0.00013708    4.73E+07     0.00013708    5.73E+07     2.6897E+05    
   4.74E+07     0.99746      0.00013716    4.74E+07     0.00013716    5.74E+07     2.6786E+05    
   4.75E+07     0.99745      0.00013704    4.75E+07     0.00013704    5.75E+07     2.6746E+05    
   4.76E+07     0.99746      0.00013672    4.76E+07     0.00013672    5.76E+07     2.6799E+05    
   4.77E+07     0.99746      0.00013636    4.77E+07     0.00013636    5.77E+07     2.654E+05     
   4.78E+07     0.99746      0.000136      4.78E+07     0.000136      5.78E+07     2.6596E+05    
   4.79E+07     0.99746      0.00013565    4.79E+07     0.00013565    5.79E+07     2.6622E+05    
   4.8E+07      0.99745      0.00013531    4.8E+07      0.00013531    5.8E+07      2.6549E+05    
   4.81E+07     0.99746      0.00013504    4.81E+07     0.00013504    5.81E+07     2.6593E+05    
   4.82E+07     0.99747      0.00013485    4.82E+07     0.00013485    5.82E+07     2.6655E+05    
   4.83E+07     0.99746      0.00013452    4.83E+07     0.00013452    5.83E+07     2.6716E+05    
   4.84E+07     0.99746      0.00013426    4.84E+07     0.00013426    5.84E+07     2.6741E+05    
   4.85E+07     0.99746      0.00013392    4.85E+07     0.00013392    5.85E+07     2.68E+05      
   4.86E+07     0.99746      0.00013357    4.86E+07     0.00013357    5.86E+07     2.6859E+05    
   4.87E+07     0.99745      0.00013331    4.87E+07     0.00013331    5.87E+07     2.6793E+05    
   4.88E+07     0.99745      0.00013298    4.88E+07     0.00013298    5.88E+07     2.6844E+05    
   4.89E+07     0.99746      0.00013284    4.89E+07     0.00013284    5.89E+07     2.688E+05     
   4.9E+07      0.99746      0.00013253    4.9E+07      0.00013253    5.9E+07      2.6937E+05    
   4.91E+07     0.99745      0.00013223    4.91E+07     0.00013223    5.91E+07     2.6843E+05    
   4.92E+07     0.99745      0.0001319     4.92E+07     0.0001319     5.92E+07     2.69E+05      
   4.93E+07     0.99745      0.00013179    4.93E+07     0.00013179    5.93E+07     2.6963E+05    
   4.94E+07     0.99744      0.00013161    4.94E+07     0.00013161    5.94E+07     2.7014E+05    
   4.95E+07     0.99744      0.00013129    4.95E+07     0.00013129    5.95E+07     2.7049E+05    
   4.96E+07     0.99744      0.00013102    4.96E+07     0.00013102    5.96E+07     2.711E+05     
   4.97E+07     0.99744      0.00013072    4.97E+07     0.00013072    5.97E+07     2.7161E+05    
   4.98E+07     0.99745      0.00013077    4.98E+07     0.00013077    5.98E+07     2.7184E+05    
   4.99E+07     0.99745      0.00013061    4.99E+07     0.00013061    5.99E+07     2.7233E+05    
   5E+07        0.99745      0.00013034    5E+07        0.00013034    6E+07        2.7235E+05    
   5.01E+07     0.99744      0.00013032    5.01E+07     0.00013032    6.01E+07     2.7297E+05    
   5.02E+07     0.99744      0.00013       5.02E+07     0.00013       6.02E+07     2.7344E+05    
   5.03E+07     0.99745      0.00013023    5.03E+07     0.00013023    6.03E+07     2.7371E+05    
   5.04E+07     0.99745      0.00012992    5.04E+07     0.00012992    6.04E+07     2.7297E+05    
   5.05E+07     0.99745      0.00012975    5.05E+07     0.00012975    6.05E+07     2.7221E+05    
   5.06E+07     0.99745      0.00012943    5.06E+07     0.00012943    6.06E+07     2.7208E+05    
   5.07E+07     0.99744      0.00012931    5.07E+07     0.00012931    6.07E+07     2.7269E+05    
   5.08E+07     0.99743      0.00012911    5.08E+07     0.00012911    6.08E+07     2.7242E+05    
   5.09E+07     0.99744      0.0001288     5.09E+07     0.0001288     6.09E+07     2.717E+05     
   5.1E+07      0.99744      0.00012862    5.1E+07      0.00012862    6.1E+07      2.7228E+05    
   5.11E+07     0.99745      0.00012834    5.11E+07     0.00012834    6.11E+07     2.7287E+05    
   5.12E+07     0.99744      0.00012821    5.12E+07     0.00012821    6.12E+07     2.7313E+05    
   5.13E+07     0.99745      0.00012858    5.13E+07     0.00012858    6.13E+07     2.7217E+05    
   5.14E+07     0.99745      0.00012831    5.14E+07     0.00012831    6.14E+07     2.7115E+05    
   5.15E+07     0.99746      0.00012804    5.15E+07     0.00012804    6.15E+07     2.6968E+05    
   5.16E+07     0.99746      0.00012774    5.16E+07     0.00012774    6.16E+07     2.7029E+05    
   5.17E+07     0.99746      0.00012743    5.17E+07     0.00012743    6.17E+07     2.7086E+05    
   5.18E+07     0.99745      0.00012743    5.18E+07     0.00012743    6.18E+07     2.7146E+05    
   5.19E+07     0.99745      0.00012713    5.19E+07     0.00012713    6.19E+07     2.7186E+05    
   5.2E+07      0.99745      0.00012692    5.2E+07      0.00012692    6.2E+07      2.7215E+05    
   5.21E+07     0.99745      0.00012663    5.21E+07     0.00012663    6.21E+07     2.7238E+05    
   5.22E+07     0.99744      0.00012659    5.22E+07     0.00012659    6.22E+07     2.7288E+05    
   5.23E+07     0.99744      0.00012631    5.23E+07     0.00012631    6.23E+07     2.7346E+05    
   5.24E+07     0.99745      0.00012618    5.24E+07     0.00012618    6.24E+07     2.7244E+05    
   5.25E+07     0.99745      0.0001259     5.25E+07     0.0001259     6.25E+07     2.7297E+05    
   5.26E+07     0.99744      0.00012569    5.26E+07     0.00012569    6.26E+07     2.733E+05     
   5.27E+07     0.99744      0.00012546    5.27E+07     0.00012546    6.27E+07     2.7121E+05    
   5.28E+07     0.99744      0.00012517    5.28E+07     0.00012517    6.28E+07     2.7081E+05    
   5.29E+07     0.99744      0.00012489    5.29E+07     0.00012489    6.29E+07     2.7139E+05    
   5.3E+07      0.99744      0.00012467    5.3E+07      0.00012467    6.3E+07      2.7187E+05    
   5.31E+07     0.99744      0.00012438    5.31E+07     0.00012438    6.31E+07     2.7164E+05    
   5.32E+07     0.99745      0.00012473    5.32E+07     0.00012473    6.32E+07     2.7221E+05    
   5.33E+07     0.99746      0.00012445    5.33E+07     0.00012445    6.33E+07     2.7278E+05    
   5.34E+07     0.99745      0.00012424    5.34E+07     0.00012424    6.34E+07     2.7194E+05    
   5.35E+07     0.99745      0.00012398    5.35E+07     0.00012398    6.35E+07     2.7191E+05    
   5.36E+07     0.99744      0.00012382    5.36E+07     0.00012382    6.36E+07     2.7197E+05    
   5.37E+07     0.99744      0.00012354    5.37E+07     0.00012354    6.37E+07     2.7255E+05    
   5.38E+07     0.99744      0.00012327    5.38E+07     0.00012327    6.38E+07     2.7296E+05    
   5.39E+07     0.99744      0.00012299    5.39E+07     0.00012299    6.39E+07     2.7353E+05    
   5.4E+07      0.99745      0.00012278    5.4E+07      0.00012278    6.4E+07      2.7411E+05    
   5.41E+07     0.99745      0.00012259    5.41E+07     0.00012259    6.41E+07     2.7405E+05    
   5.42E+07     0.99745      0.00012237    5.42E+07     0.00012237    6.42E+07     2.742E+05     
   5.43E+07     0.99745      0.0001221     5.43E+07     0.0001221     6.43E+07     2.7419E+05    
   5.44E+07     0.99744      0.00012201    5.44E+07     0.00012201    6.44E+07     2.7476E+05    
   5.45E+07     0.99743      0.00012181    5.45E+07     0.00012181    6.45E+07     2.751E+05     
   5.46E+07     0.99744      0.00012157    5.46E+07     0.00012157    6.46E+07     2.75E+05      
   5.47E+07     0.99744      0.0001213     5.47E+07     0.0001213     6.47E+07     2.7558E+05    
   5.48E+07     0.99745      0.00012128    5.48E+07     0.00012128    6.48E+07     2.7602E+05    
   5.49E+07     0.99745      0.00012101    5.49E+07     0.00012101    6.49E+07     2.7528E+05    
   5.5E+07      0.99745      0.00012076    5.5E+07      0.00012076    6.5E+07      2.7576E+05    
   5.51E+07     0.99746      0.00012107    5.51E+07     0.00012107    6.51E+07     2.7633E+05    
   5.52E+07     0.99747      0.00012101    5.52E+07     0.00012101    6.52E+07     2.7673E+05    
   5.53E+07     0.99748      0.00012106    5.53E+07     0.00012106    6.53E+07     2.7194E+05    
   5.54E+07     0.99747      0.00012081    5.54E+07     0.00012081    6.54E+07     2.7246E+05    
   5.55E+07     0.99747      0.00012055    5.55E+07     0.00012055    6.55E+07     2.7302E+05    
   5.56E+07     0.99748      0.00012033    5.56E+07     0.00012033    6.56E+07     2.7204E+05    
   5.57E+07     0.99747      0.00012026    5.57E+07     0.00012026    6.57E+07     2.7195E+05    
   5.58E+07     0.99747      0.00012003    5.58E+07     0.00012003    6.58E+07     2.7119E+05    
   5.59E+07     0.99746      0.00012015    5.59E+07     0.00012015    6.59E+07     2.7119E+05    
   5.6E+07      0.99746      0.0001199     5.6E+07      0.0001199     6.6E+07      2.7173E+05    
   5.61E+07     0.99746      0.00011969    5.61E+07     0.00011969    6.61E+07     2.7119E+05    
   5.62E+07     0.99746      0.00011945    5.62E+07     0.00011945    6.62E+07     2.7166E+05    
   5.63E+07     0.99747      0.00011962    5.63E+07     0.00011962    6.63E+07     2.7109E+05    
   5.64E+07     0.99746      0.00011971    5.64E+07     0.00011971    6.64E+07     2.7068E+05    
   5.65E+07     0.99746      0.00011946    5.65E+07     0.00011946    6.65E+07     2.7055E+05    
   5.66E+07     0.99746      0.00011922    5.66E+07     0.00011922    6.66E+07     2.7074E+05    
   5.67E+07     0.99747      0.00011922    5.67E+07     0.00011922    6.67E+07     2.7116E+05    
   5.68E+07     0.99747      0.00011897    5.68E+07     0.00011897    6.68E+07     2.7093E+05    
   5.69E+07     0.99747      0.00011882    5.69E+07     0.00011882    6.69E+07     2.71E+05      
   5.7E+07      0.99748      0.00011881    5.7E+07      0.00011881    6.7E+07      2.7131E+05    
   5.71E+07     0.99748      0.00011856    5.71E+07     0.00011856    6.71E+07     2.7148E+05    
   5.72E+07     0.99749      0.00011846    5.72E+07     0.00011846    6.72E+07     2.7191E+05    
   5.73E+07     0.99748      0.00011834    5.73E+07     0.00011834    6.73E+07     2.7154E+05    
   5.74E+07     0.99747      0.00011848    5.74E+07     0.00011848    6.74E+07     2.7205E+05    
   5.75E+07     0.99746      0.00011846    5.75E+07     0.00011846    6.75E+07     2.7258E+05    
   5.76E+07     0.99746      0.00011824    5.76E+07     0.00011824    6.76E+07     2.7304E+05    
   5.77E+07     0.99745      0.00011871    5.77E+07     0.00011871    6.77E+07     2.7333E+05    
   5.78E+07     0.99745      0.00011849    5.78E+07     0.00011849    6.78E+07     2.737E+05     
   5.79E+07     0.99746      0.00011832    5.79E+07     0.00011832    6.79E+07     2.7291E+05    
   5.8E+07      0.99745      0.00011838    5.8E+07      0.00011838    6.8E+07      2.7341E+05    
   5.81E+07     0.99745      0.00011818    5.81E+07     0.00011818    6.81E+07     2.7273E+05    
   5.82E+07     0.99745      0.00011794    5.82E+07     0.00011794    6.82E+07     2.7241E+05    
   5.83E+07     0.99745      0.00011771    5.83E+07     0.00011771    6.83E+07     2.7274E+05    
   5.84E+07     0.99744      0.00011755    5.84E+07     0.00011755    6.84E+07     2.7302E+05    
   5.85E+07     0.99745      0.00011732    5.85E+07     0.00011732    6.85E+07     2.7355E+05    
   5.86E+07     0.99744      0.00011709    5.86E+07     0.00011709    6.86E+07     2.7406E+05    
   5.87E+07     0.99745      0.00011713    5.87E+07     0.00011713    6.87E+07     2.7457E+05    
   5.88E+07     0.99745      0.00011692    5.88E+07     0.00011692    6.88E+07     2.751E+05     
   5.89E+07     0.99745      0.00011674    5.89E+07     0.00011674    6.89E+07     2.7524E+05    
   5.9E+07      0.99745      0.00011652    5.9E+07      0.00011652    6.9E+07      2.7569E+05    
   5.91E+07     0.99746      0.00011663    5.91E+07     0.00011663    6.91E+07     2.719E+05     
   5.92E+07     0.99746      0.0001164     5.92E+07     0.0001164     6.92E+07     2.7225E+05    
   5.93E+07     0.99746      0.00011617    5.93E+07     0.00011617    6.93E+07     2.7238E+05    
   5.94E+07     0.99746      0.00011596    5.94E+07     0.00011596    6.94E+07     2.7098E+05    
   5.95E+07     0.99746      0.00011579    5.95E+07     0.00011579    6.95E+07     2.7141E+05    
   5.96E+07     0.99746      0.00011556    5.96E+07     0.00011556    6.96E+07     2.7184E+05    
   5.97E+07     0.99747      0.00011535    5.97E+07     0.00011535    6.97E+07     2.7215E+05    
   5.98E+07     0.99747      0.00011521    5.98E+07     0.00011521    6.98E+07     2.7229E+05    
   5.99E+07     0.99747      0.00011501    5.99E+07     0.00011501    6.99E+07     2.7254E+05    
   6E+07        0.99748      0.00011491    6E+07        0.00011491    7E+07        2.7305E+05    
   6.01E+07     0.99748      0.00011468    6.01E+07     0.00011468    7.01E+07     2.7323E+05    
   6.02E+07     0.99748      0.00011449    6.02E+07     0.00011449    7.02E+07     2.7374E+05    
   6.03E+07     0.99747      0.00011434    6.03E+07     0.00011434    7.03E+07     2.7225E+05    
   6.04E+07     0.99746      0.0001144     6.04E+07     0.0001144     7.04E+07     2.7269E+05    
   6.05E+07     0.99746      0.00011445    6.05E+07     0.00011445    7.05E+07     2.7159E+05    
   6.06E+07     0.99746      0.00011438    6.06E+07     0.00011438    7.06E+07     2.7204E+05    
   6.07E+07     0.99746      0.00011416    6.07E+07     0.00011416    7.07E+07     2.7214E+05    
   6.08E+07     0.99746      0.00011412    6.08E+07     0.00011412    7.08E+07     2.7095E+05    
   6.09E+07     0.99746      0.00011418    6.09E+07     0.00011418    7.09E+07     2.7123E+05    
   6.1E+07      0.99746      0.00011396    6.1E+07      0.00011396    7.1E+07      2.7173E+05    
   6.11E+07     0.99746      0.00011375    6.11E+07     0.00011375    7.11E+07     2.7183E+05    
   6.12E+07     0.99746      0.0001136     6.12E+07     0.0001136     7.12E+07     2.7128E+05    
   6.13E+07     0.99745      0.00011371    6.13E+07     0.00011371    7.13E+07     2.7173E+05    
   6.14E+07     0.99744      0.00011383    6.14E+07     0.00011383    7.14E+07     2.7211E+05    
   6.15E+07     0.99745      0.00011404    6.15E+07     0.00011404    7.15E+07     2.7259E+05    
   6.16E+07     0.99745      0.00011382    6.16E+07     0.00011382    7.16E+07     2.7228E+05    
   6.17E+07     0.99745      0.00011361    6.17E+07     0.00011361    7.17E+07     2.7269E+05    
   6.18E+07     0.99745      0.00011339    6.18E+07     0.00011339    7.18E+07     2.722E+05     
   6.19E+07     0.99745      0.00011321    6.19E+07     0.00011321    7.19E+07     2.7267E+05    
   6.2E+07      0.99745      0.00011306    6.2E+07      0.00011306    7.2E+07      2.7133E+05    
   6.21E+07     0.99745      0.00011292    6.21E+07     0.00011292    7.21E+07     2.7158E+05    
   6.22E+07     0.99745      0.00011273    6.22E+07     0.00011273    7.22E+07     2.7116E+05    
   6.23E+07     0.99745      0.00011252    6.23E+07     0.00011252    7.23E+07     2.715E+05     
   6.24E+07     0.99746      0.00011264    6.24E+07     0.00011264    7.24E+07     2.7065E+05    
   6.25E+07     0.99746      0.00011244    6.25E+07     0.00011244    7.25E+07     2.6992E+05    
   6.26E+07     0.99745      0.00011228    6.26E+07     0.00011228    7.26E+07     2.7041E+05    
   6.27E+07     0.99747      0.00011262    6.27E+07     0.00011262    7.27E+07     2.708E+05     
   6.28E+07     0.99746      0.00011261    6.28E+07     0.00011261    7.28E+07     2.7127E+05    
   6.29E+07     0.99746      0.0001124     6.29E+07     0.0001124     7.29E+07     2.7121E+05    
   6.3E+07      0.99746      0.00011222    6.3E+07      0.00011222    7.3E+07      2.7164E+05    
   6.31E+07     0.99747      0.00011217    6.31E+07     0.00011217    7.31E+07     2.6833E+05    
   6.32E+07     0.99747      0.00011197    6.32E+07     0.00011197    7.32E+07     2.6872E+05    
   6.33E+07     0.99747      0.00011176    6.33E+07     0.00011176    7.33E+07     2.6917E+05    
   6.34E+07     0.99746      0.00011184    6.34E+07     0.00011184    7.34E+07     2.6912E+05    
   6.35E+07     0.99745      0.00011176    6.35E+07     0.00011176    7.35E+07     2.6832E+05    
   6.36E+07     0.99745      0.00011166    6.36E+07     0.00011166    7.36E+07     2.6821E+05    
   6.37E+07     0.99745      0.00011145    6.37E+07     0.00011145    7.37E+07     2.6767E+05    
   6.38E+07     0.99745      0.00011128    6.38E+07     0.00011128    7.38E+07     2.6765E+05    
   6.39E+07     0.99745      0.00011108    6.39E+07     0.00011108    7.39E+07     2.6813E+05    
   6.4E+07      0.99745      0.00011087    6.4E+07      0.00011087    7.4E+07      2.6858E+05    
   6.41E+07     0.99744      0.0001108     6.41E+07     0.0001108     7.41E+07     2.68E+05      
   6.42E+07     0.99745      0.00011068    6.42E+07     0.00011068    7.42E+07     2.6786E+05    
   6.43E+07     0.99744      0.0001106     6.43E+07     0.0001106     7.43E+07     2.6812E+05    
   6.44E+07     0.99744      0.00011039    6.44E+07     0.00011039    7.44E+07     2.6859E+05    
   6.45E+07     0.99744      0.00011024    6.45E+07     0.00011024    7.45E+07     2.6906E+05    
   6.46E+07     0.99745      0.00011018    6.46E+07     0.00011018    7.46E+07     2.6874E+05    
   6.47E+07     0.99745      0.00010997    6.47E+07     0.00010997    7.47E+07     2.678E+05     
   6.48E+07     0.99745      0.0001098     6.48E+07     0.0001098     7.48E+07     2.6825E+05    
   6.49E+07     0.99746      0.00010986    6.49E+07     0.00010986    7.49E+07     2.684E+05     
   6.5E+07      0.99746      0.00010968    6.5E+07      0.00010968    7.5E+07      2.6666E+05    
   6.51E+07     0.99746      0.00010948    6.51E+07     0.00010948    7.51E+07     2.6711E+05    
   6.52E+07     0.99746      0.00010932    6.52E+07     0.00010932    7.52E+07     2.6747E+05    
   6.53E+07     0.99747      0.00011019    6.53E+07     0.00011019    7.53E+07     2.6682E+05    
   6.54E+07     0.99747      0.00011       6.54E+07     0.00011       7.54E+07     2.6714E+05    
   6.55E+07     0.99748      0.0001098     6.55E+07     0.0001098     7.55E+07     2.674E+05     
   6.56E+07     0.99748      0.00010992    6.56E+07     0.00010992    7.56E+07     2.6782E+05    
   6.57E+07     0.99748      0.00010985    6.57E+07     0.00010985    7.57E+07     2.6828E+05    
   6.58E+07     0.99749      0.00010992    6.58E+07     0.00010992    7.58E+07     2.687E+05     
   6.59E+07     0.99748      0.00010984    6.59E+07     0.00010984    7.59E+07     2.6863E+05    
   6.6E+07      0.99748      0.00010965    6.6E+07      0.00010965    7.6E+07      2.6902E+05    
   6.61E+07     0.99747      0.00010967    6.61E+07     0.00010967    7.61E+07     2.6929E+05    
   6.62E+07     0.99747      0.00010949    6.62E+07     0.00010949    7.62E+07     2.697E+05     
   6.63E+07     0.99747      0.00010953    6.63E+07     0.00010953    7.63E+07     2.6839E+05    
   6.64E+07     0.99746      0.00010953    6.64E+07     0.00010953    7.64E+07     2.6885E+05    
   6.65E+07     0.99746      0.00010947    6.65E+07     0.00010947    7.65E+07     2.684E+05     
   6.66E+07     0.99745      0.00010935    6.66E+07     0.00010935    7.66E+07     2.684E+05     
   6.67E+07     0.99745      0.00010918    6.67E+07     0.00010918    7.67E+07     2.6884E+05    
   6.68E+07     0.99744      0.00010915    6.68E+07     0.00010915    7.68E+07     2.6849E+05    
   6.69E+07     0.99745      0.00010905    6.69E+07     0.00010905    7.69E+07     2.6893E+05    
   6.7E+07      0.99744      0.0001089     6.7E+07      0.0001089     7.7E+07      2.6908E+05    
   6.71E+07     0.99745      0.00010879    6.71E+07     0.00010879    7.71E+07     2.6953E+05    
   6.72E+07     0.99745      0.00010862    6.72E+07     0.00010862    7.72E+07     2.6997E+05    
   6.73E+07     0.99746      0.00010862    6.73E+07     0.00010862    7.73E+07     2.6949E+05    
   6.74E+07     0.99746      0.00010843    6.74E+07     0.00010843    7.74E+07     2.6949E+05    
   6.75E+07     0.99746      0.00010825    6.75E+07     0.00010825    7.75E+07     2.6932E+05    
   6.76E+07     0.99746      0.00010807    6.76E+07     0.00010807    7.76E+07     2.6968E+05    
   6.77E+07     0.99746      0.00010794    6.77E+07     0.00010794    7.77E+07     2.7013E+05    
   6.78E+07     0.99746      0.00010778    6.78E+07     0.00010778    7.78E+07     2.6994E+05    
   6.79E+07     0.99747      0.00010786    6.79E+07     0.00010786    7.79E+07     2.6944E+05    
   6.8E+07      0.99747      0.00010768    6.8E+07      0.00010768    7.8E+07      2.6905E+05    
   6.81E+07     0.99748      0.00010774    6.81E+07     0.00010774    7.81E+07     2.6747E+05    
   6.82E+07     0.99749      0.00010772    6.82E+07     0.00010772    7.82E+07     2.6681E+05    
   6.83E+07     0.99749      0.00010758    6.83E+07     0.00010758    7.83E+07     2.6725E+05    
   6.84E+07     0.99749      0.00010744    6.84E+07     0.00010744    7.84E+07     2.6711E+05    
   6.85E+07     0.99749      0.00010726    6.85E+07     0.00010726    7.85E+07     2.6646E+05    
   6.86E+07     0.99749      0.00010708    6.86E+07     0.00010708    7.86E+07     2.6683E+05    
   6.87E+07     0.99749      0.0001069     6.87E+07     0.0001069     7.87E+07     2.6725E+05    
   6.88E+07     0.99749      0.00010672    6.88E+07     0.00010672    7.88E+07     2.6759E+05    
   6.89E+07     0.99749      0.00010662    6.89E+07     0.00010662    7.89E+07     2.6743E+05    
   6.9E+07      0.99749      0.00010645    6.9E+07      0.00010645    7.9E+07      2.6782E+05    
   6.91E+07     0.99751      0.00010711    6.91E+07     0.00010711    7.91E+07     2.6703E+05    
   6.92E+07     0.99751      0.00010697    6.92E+07     0.00010697    7.92E+07     2.6746E+05    
   6.93E+07     0.9975       0.00010686    6.93E+07     0.00010686    7.93E+07     2.6745E+05    
   6.94E+07     0.99751      0.00010706    6.94E+07     0.00010706    7.94E+07     2.6747E+05    
   6.95E+07     0.99751      0.00010689    6.95E+07     0.00010689    7.95E+07     2.6788E+05    
   6.96E+07     0.99751      0.00010673    6.96E+07     0.00010673    7.96E+07     2.6796E+05    
   6.97E+07     0.99751      0.00010659    6.97E+07     0.00010659    7.97E+07     2.6797E+05    
   6.98E+07     0.99751      0.00010649    6.98E+07     0.00010649    7.98E+07     2.6797E+05    
   6.99E+07     0.99751      0.00010636    6.99E+07     0.00010636    7.99E+07     2.6812E+05    
   7E+07        0.99751      0.00010619    7E+07        0.00010619    8E+07        2.6811E+05    
   7.01E+07     0.99751      0.00010608    7.01E+07     0.00010608    8.01E+07     2.6851E+05    
   7.02E+07     0.99751      0.0001059     7.02E+07     0.0001059     8.02E+07     2.6697E+05    
   7.03E+07     0.99752      0.00010612    7.03E+07     0.00010612    8.03E+07     2.6739E+05    
   7.04E+07     0.99752      0.00010595    7.04E+07     0.00010595    8.04E+07     2.6754E+05    
   7.05E+07     0.99753      0.00010609    7.05E+07     0.00010609    8.05E+07     2.6543E+05    
   7.06E+07     0.99753      0.00010593    7.06E+07     0.00010593    8.06E+07     2.654E+05     
   7.07E+07     0.99752      0.00010584    7.07E+07     0.00010584    8.07E+07     2.6579E+05    
   7.08E+07     0.99752      0.00010599    7.08E+07     0.00010599    8.08E+07     2.6615E+05    
   7.09E+07     0.99751      0.00010586    7.09E+07     0.00010586    8.09E+07     2.6657E+05    
   7.1E+07      0.99751      0.00010569    7.1E+07      0.00010569    8.1E+07      2.6674E+05    
   7.11E+07     0.99751      0.0001056     7.11E+07     0.0001056     8.11E+07     2.6713E+05    
   7.12E+07     0.9975       0.00010563    7.12E+07     0.00010563    8.12E+07     2.6755E+05    
   7.13E+07     0.9975       0.00010547    7.13E+07     0.00010547    8.13E+07     2.6761E+05    
   7.14E+07     0.9975       0.00010532    7.14E+07     0.00010532    8.14E+07     2.6793E+05    
   7.15E+07     0.9975       0.00010515    7.15E+07     0.00010515    8.15E+07     2.6815E+05    
   7.16E+07     0.99749      0.00010514    7.16E+07     0.00010514    8.16E+07     2.6821E+05    
   7.17E+07     0.99749      0.00010498    7.17E+07     0.00010498    8.17E+07     2.6851E+05    
   7.18E+07     0.99748      0.00010501    7.18E+07     0.00010501    8.18E+07     2.6886E+05    
   7.19E+07     0.99749      0.00010484    7.19E+07     0.00010484    8.19E+07     2.6911E+05    
   7.2E+07      0.99749      0.00010503    7.2E+07      0.00010503    8.2E+07      2.6948E+05    
   7.21E+07     0.9975       0.0001049     7.21E+07     0.0001049     8.21E+07     2.6907E+05    
   7.22E+07     0.99749      0.00010491    7.22E+07     0.00010491    8.22E+07     2.6946E+05    
   7.23E+07     0.99749      0.00010478    7.23E+07     0.00010478    8.23E+07     2.698E+05     
   7.24E+07     0.99749      0.00010487    7.24E+07     0.00010487    8.24E+07     2.7021E+05    
   7.25E+07     0.99749      0.00010493    7.25E+07     0.00010493    8.25E+07     2.7039E+05    
   7.26E+07     0.99749      0.00010477    7.26E+07     0.00010477    8.26E+07     2.7078E+05    
   7.27E+07     0.99749      0.00010462    7.27E+07     0.00010462    8.27E+07     2.6971E+05    
   7.28E+07     0.99749      0.00010446    7.28E+07     0.00010446    8.28E+07     2.6963E+05    
   7.29E+07     0.9975       0.0001044     7.29E+07     0.0001044     8.29E+07     2.7004E+05    
   7.3E+07      0.99749      0.00010424    7.3E+07      0.00010424    8.3E+07      2.7044E+05    
   7.31E+07     0.99748      0.00010481    7.31E+07     0.00010481    8.31E+07     2.7085E+05    
   7.32E+07     0.99748      0.00010466    7.32E+07     0.00010466    8.32E+07     2.7063E+05    
   7.33E+07     0.99748      0.0001045     7.33E+07     0.0001045     8.33E+07     2.705E+05     
   7.34E+07     0.99748      0.00010444    7.34E+07     0.00010444    8.34E+07     2.7045E+05    
   7.35E+07     0.99749      0.00010453    7.35E+07     0.00010453    8.35E+07     2.7056E+05    
   7.36E+07     0.99749      0.00010448    7.36E+07     0.00010448    8.36E+07     2.7096E+05    
   7.37E+07     0.99748      0.00010451    7.37E+07     0.00010451    8.37E+07     2.7135E+05    
   7.38E+07     0.99749      0.00010444    7.38E+07     0.00010444    8.38E+07     2.7158E+05    
   7.39E+07     0.99749      0.00010428    7.39E+07     0.00010428    8.39E+07     2.7115E+05    
   7.4E+07      0.99749      0.00010412    7.4E+07      0.00010412    8.4E+07      2.7139E+05    
   7.41E+07     0.99749      0.00010416    7.41E+07     0.00010416    8.41E+07     2.7119E+05    
   7.42E+07     0.99749      0.00010411    7.42E+07     0.00010411    8.42E+07     2.7019E+05    
   7.43E+07     0.99749      0.00010399    7.43E+07     0.00010399    8.43E+07     2.6891E+05    
   7.44E+07     0.99749      0.00010383    7.44E+07     0.00010383    8.44E+07     2.69E+05      
   7.45E+07     0.99749      0.00010367    7.45E+07     0.00010367    8.45E+07     2.6939E+05    
   7.46E+07     0.99749      0.00010366    7.46E+07     0.00010366    8.46E+07     2.6977E+05    
   7.47E+07     0.99748      0.00010378    7.47E+07     0.00010378    8.47E+07     2.7016E+05    
   7.48E+07     0.99748      0.00010362    7.48E+07     0.00010362    8.48E+07     2.681E+05     
   7.49E+07     0.99748      0.00010352    7.49E+07     0.00010352    8.49E+07     2.6836E+05    
   7.5E+07      0.99749      0.00010379    7.5E+07      0.00010379    8.5E+07      2.6876E+05    
   7.51E+07     0.99749      0.00010363    7.51E+07     0.00010363    8.51E+07     2.6862E+05    
   7.52E+07     0.99749      0.00010349    7.52E+07     0.00010349    8.52E+07     2.6898E+05    
   7.53E+07     0.99749      0.00010355    7.53E+07     0.00010355    8.53E+07     2.6937E+05    
   7.54E+07     0.99749      0.00010342    7.54E+07     0.00010342    8.54E+07     2.6768E+05    
   7.55E+07     0.9975       0.0001033     7.55E+07     0.0001033     8.55E+07     2.6733E+05    
   7.56E+07     0.9975       0.00010315    7.56E+07     0.00010315    8.56E+07     2.6762E+05    
   7.57E+07     0.9975       0.00010299    7.57E+07     0.00010299    8.57E+07     2.6796E+05    
   7.58E+07     0.99749      0.00010284    7.58E+07     0.00010284    8.58E+07     2.681E+05     
   7.59E+07     0.9975       0.00010279    7.59E+07     0.00010279    8.59E+07     2.6763E+05    
   7.6E+07      0.9975       0.00010265    7.6E+07      0.00010265    8.6E+07      2.6792E+05    
   7.61E+07     0.9975       0.00010253    7.61E+07     0.00010253    8.61E+07     2.6827E+05    
   7.62E+07     0.9975       0.00010238    7.62E+07     0.00010238    8.62E+07     2.6865E+05    
   7.63E+07     0.99749      0.00010256    7.63E+07     0.00010256    8.63E+07     2.677E+05     
   7.64E+07     0.99749      0.00010241    7.64E+07     0.00010241    8.64E+07     2.6592E+05    
   7.65E+07     0.99748      0.00010243    7.65E+07     0.00010243    8.65E+07     2.6482E+05    
   7.66E+07     0.99749      0.00010236    7.66E+07     0.00010236    8.66E+07     2.6514E+05    
   7.67E+07     0.99749      0.00010221    7.67E+07     0.00010221    8.67E+07     2.655E+05     
   7.68E+07     0.99748      0.00010221    7.68E+07     0.00010221    8.68E+07     2.6586E+05    
   7.69E+07     0.99748      0.00010206    7.69E+07     0.00010206    8.69E+07     2.6586E+05    
   7.7E+07      0.99748      0.00010196    7.7E+07      0.00010196    8.7E+07      2.6618E+05    
   7.71E+07     0.99748      0.00010181    7.71E+07     0.00010181    8.71E+07     2.6555E+05    
   7.72E+07     0.99748      0.00010166    7.72E+07     0.00010166    8.72E+07     2.6568E+05    
   7.73E+07     0.99747      0.00010169    7.73E+07     0.00010169    8.73E+07     2.6601E+05    
   7.74E+07     0.99748      0.00010162    7.74E+07     0.00010162    8.74E+07     2.6569E+05    
   7.75E+07     0.99748      0.00010159    7.75E+07     0.00010159    8.75E+07     2.6565E+05    
   7.76E+07     0.99748      0.00010145    7.76E+07     0.00010145    8.76E+07     2.66E+05      
   7.77E+07     0.99748      0.0001013     7.77E+07     0.0001013     8.77E+07     2.6611E+05    
   7.78E+07     0.99748      0.00010127    7.78E+07     0.00010127    8.78E+07     2.6648E+05    
   7.79E+07     0.99749      0.0001013     7.79E+07     0.0001013     8.79E+07     2.6679E+05    
   7.8E+07      0.9975       0.00010131    7.8E+07      0.00010131    8.8E+07      2.6697E+05    
   7.81E+07     0.99749      0.00010154    7.81E+07     0.00010154    8.81E+07     2.6681E+05    
   7.82E+07     0.99749      0.0001016     7.82E+07     0.0001016     8.82E+07     2.6719E+05    
   7.83E+07     0.99749      0.00010146    7.83E+07     0.00010146    8.83E+07     2.6753E+05    
   7.84E+07     0.9975       0.00010142    7.84E+07     0.00010142    8.84E+07     2.6789E+05    
   7.85E+07     0.99749      0.00010147    7.85E+07     0.00010147    8.85E+07     2.6825E+05    
   7.86E+07     0.99749      0.00010133    7.86E+07     0.00010133    8.86E+07     2.6788E+05    
   7.87E+07     0.99749      0.00010119    7.87E+07     0.00010119    8.87E+07     2.682E+05     
   7.88E+07     0.99749      0.00010106    7.88E+07     0.00010106    8.88E+07     2.682E+05     
   7.89E+07     0.99749      0.00010103    7.89E+07     0.00010103    8.89E+07     2.6749E+05    
   7.9E+07      0.99749      0.00010089    7.9E+07      0.00010089    8.9E+07      2.6736E+05    
   7.91E+07     0.9975       0.00010098    7.91E+07     0.00010098    8.91E+07     2.6773E+05    
   7.92E+07     0.9975       0.00010083    7.92E+07     0.00010083    8.92E+07     2.6808E+05    
   7.93E+07     0.99749      0.00010077    7.93E+07     0.00010077    8.93E+07     2.6808E+05    
   7.94E+07     0.9975       0.0001007     7.94E+07     0.0001007     8.94E+07     2.6829E+05    
   7.95E+07     0.9975       0.00010056    7.95E+07     0.00010056    8.95E+07     2.6835E+05    
   7.96E+07     0.99749      0.00010048    7.96E+07     0.00010048    8.96E+07     2.6862E+05    
   7.97E+07     0.9975       0.00010042    7.97E+07     0.00010042    8.97E+07     2.6882E+05    
   7.98E+07     0.9975       0.00010035    7.98E+07     0.00010035    8.98E+07     2.69E+05      
   7.99E+07     0.9975       0.00010026    7.99E+07     0.00010026    8.99E+07     2.6869E+05    
   8E+07        0.99749      0.0001002     8E+07        0.0001002     9E+07        2.6855E+05    
   8.01E+07     0.99749      0.00010006    8.01E+07     0.00010006    9.01E+07     2.6813E+05    
   8.02E+07     0.99748      0.00010029    8.02E+07     0.00010029    9.02E+07     2.6841E+05    
   8.03E+07     0.99748      0.00010015    8.03E+07     0.00010015    9.03E+07     2.684E+05     
   8.04E+07     0.99748      0.00010006    8.04E+07     0.00010006    9.04E+07     2.6838E+05    
   8.05E+07     0.99749      0.00010039    8.05E+07     0.00010039    9.05E+07     2.6874E+05    
   8.06E+07     0.99749      0.00010033    8.06E+07     0.00010033    9.06E+07     2.6888E+05    
   8.07E+07     0.9975       0.0001002     8.07E+07     0.0001002     9.07E+07     2.6921E+05    
   8.08E+07     0.99749      0.00010007    8.08E+07     0.00010007    9.08E+07     2.694E+05     
   8.09E+07     0.99749      9.9927E-05    8.09E+07     9.9927E-05    9.09E+07     2.6837E+05    
   8.1E+07      0.9975       9.9833E-05    8.1E+07      9.9833E-05    9.1E+07      2.6856E+05    
   8.11E+07     0.9975       9.9699E-05    8.11E+07     9.9699E-05    9.11E+07     2.6815E+05    
   8.12E+07     0.9975       9.9559E-05    8.12E+07     9.9559E-05    9.12E+07     2.6852E+05    
   8.13E+07     0.99749      9.9487E-05    8.13E+07     9.9487E-05    9.13E+07     2.6887E+05    
   8.14E+07     0.99749      9.9365E-05    8.14E+07     9.9365E-05    9.14E+07     2.6883E+05    
   8.15E+07     0.9975       9.9263E-05    8.15E+07     9.9263E-05    9.15E+07     2.6873E+05    
   8.16E+07     0.99749      9.9191E-05    8.16E+07     9.9191E-05    9.16E+07     2.6895E+05    
   8.17E+07     0.99749      9.9074E-05    8.17E+07     9.9074E-05    9.17E+07     2.6828E+05    
   8.18E+07     0.99749      9.8951E-05    8.18E+07     9.8951E-05    9.18E+07     2.6864E+05    
   8.19E+07     0.99749      9.8843E-05    8.19E+07     9.8843E-05    9.19E+07     2.6897E+05    
   8.2E+07      0.99749      9.8714E-05    8.2E+07      9.8714E-05    9.2E+07      2.6927E+05    
   8.21E+07     0.99749      9.8728E-05    8.21E+07     9.8728E-05    9.21E+07     2.696E+05     
   8.22E+07     0.99749      9.8597E-05    8.22E+07     9.8597E-05    9.22E+07     2.6941E+05    
   8.23E+07     0.99749      9.8474E-05    8.23E+07     9.8474E-05    9.23E+07     2.6948E+05    
   8.24E+07     0.99749      9.8338E-05    8.24E+07     9.8338E-05    9.24E+07     2.6945E+05    
   8.25E+07     0.99749      9.8248E-05    8.25E+07     9.8248E-05    9.25E+07     2.6858E+05    
   8.26E+07     0.99749      9.8117E-05    8.26E+07     9.8117E-05    9.26E+07     2.6892E+05    
   8.27E+07     0.99748      9.8251E-05    8.27E+07     9.8251E-05    9.27E+07     2.6926E+05    
   8.28E+07     0.99748      9.8203E-05    8.28E+07     9.8203E-05    9.28E+07     2.6895E+05    
   8.29E+07     0.99748      9.8069E-05    8.29E+07     9.8069E-05    9.29E+07     2.6877E+05    
   8.3E+07      0.99748      9.7938E-05    8.3E+07      9.7938E-05    9.3E+07      2.6907E+05    
   8.31E+07     0.99748      9.7805E-05    8.31E+07     9.7805E-05    9.31E+07     2.6936E+05    
   8.32E+07     0.99749      9.7782E-05    8.32E+07     9.7782E-05    9.32E+07     2.6962E+05    
   8.33E+07     0.99749      9.7747E-05    8.33E+07     9.7747E-05    9.33E+07     2.6905E+05    
   8.34E+07     0.99749      9.7699E-05    8.34E+07     9.7699E-05    9.34E+07     2.6941E+05    
   8.35E+07     0.99749      9.7621E-05    8.35E+07     9.7621E-05    9.35E+07     2.6935E+05    
   8.36E+07     0.99749      9.7488E-05    8.36E+07     9.7488E-05    9.36E+07     2.6967E+05    
   8.37E+07     0.99749      9.7357E-05    8.37E+07     9.7357E-05    9.37E+07     2.6974E+05    
   8.38E+07     0.99749      9.7257E-05    8.38E+07     9.7257E-05    9.38E+07     2.6986E+05    
   8.39E+07     0.9975       9.7276E-05    8.39E+07     9.7276E-05    9.39E+07     2.6924E+05    
   8.4E+07      0.99749      9.7174E-05    8.4E+07      9.7174E-05    9.4E+07      2.6792E+05    
   8.41E+07     0.9975       9.7152E-05    8.41E+07     9.7152E-05    9.41E+07     2.6796E+05    
   8.42E+07     0.99751      9.7273E-05    8.42E+07     9.7273E-05    9.42E+07     2.6821E+05    
   8.43E+07     0.9975       9.7446E-05    8.43E+07     9.7446E-05    9.43E+07     2.6808E+05    
   8.44E+07     0.99749      9.7373E-05    8.44E+07     9.7373E-05    9.44E+07     2.6833E+05    
   8.45E+07     0.99749      9.7244E-05    8.45E+07     9.7244E-05    9.45E+07     2.6857E+05    
   8.46E+07     0.99749      9.7118E-05    8.46E+07     9.7118E-05    9.46E+07     2.6891E+05    
   8.47E+07     0.99749      9.699E-05     8.47E+07     9.699E-05     9.47E+07     2.6922E+05    
   8.48E+07     0.99748      9.7305E-05    8.48E+07     9.7305E-05    9.48E+07     2.6953E+05    
   8.49E+07     0.99748      9.7199E-05    8.49E+07     9.7199E-05    9.49E+07     2.6965E+05    
   8.5E+07      0.99748      9.7069E-05    8.5E+07      9.7069E-05    9.5E+07      2.698E+05     
   8.51E+07     0.99749      9.7037E-05    8.51E+07     9.7037E-05    9.51E+07     2.6966E+05    
   8.52E+07     0.99748      9.6915E-05    8.52E+07     9.6915E-05    9.52E+07     2.6963E+05    
   8.53E+07     0.99748      9.6787E-05    8.53E+07     9.6787E-05    9.53E+07     2.6955E+05    
   8.54E+07     0.99749      9.7034E-05    8.54E+07     9.7034E-05    9.54E+07     2.6839E+05    
   8.55E+07     0.99749      9.7041E-05    8.55E+07     9.7041E-05    9.55E+07     2.6848E+05    
   8.56E+07     0.99749      9.6932E-05    8.56E+07     9.6932E-05    9.56E+07     2.6837E+05    
   8.57E+07     0.99749      9.6815E-05    8.57E+07     9.6815E-05    9.57E+07     2.685E+05     
   8.58E+07     0.99749      9.6732E-05    8.58E+07     9.6732E-05    9.58E+07     2.6848E+05    
   8.59E+07     0.9975       9.676E-05     8.59E+07     9.676E-05     9.59E+07     2.6879E+05    
   8.6E+07      0.99749      9.6653E-05    8.6E+07      9.6653E-05    9.6E+07      2.6889E+05    
   8.61E+07     0.99749      9.6534E-05    8.61E+07     9.6534E-05    9.61E+07     2.6878E+05    
   8.62E+07     0.99749      9.6407E-05    8.62E+07     9.6407E-05    9.62E+07     2.6913E+05    
   8.63E+07     0.99749      9.6523E-05    8.63E+07     9.6523E-05    9.63E+07     2.6932E+05    
   8.64E+07     0.99748      9.6788E-05    8.64E+07     9.6788E-05    9.64E+07     2.6942E+05    
   8.65E+07     0.99748      9.6933E-05    8.65E+07     9.6933E-05    9.65E+07     2.6925E+05    
   8.66E+07     0.99749      9.6817E-05    8.66E+07     9.6817E-05    9.66E+07     2.6847E+05    
   8.67E+07     0.99749      9.6696E-05    8.67E+07     9.6696E-05    9.67E+07     2.6766E+05    
   8.68E+07     0.99749      9.6576E-05    8.68E+07     9.6576E-05    9.68E+07     2.6769E+05    
   8.69E+07     0.99748      9.6519E-05    8.69E+07     9.6519E-05    9.69E+07     2.6797E+05    
   8.7E+07      0.99748      9.6405E-05    8.7E+07      9.6405E-05    9.7E+07      2.6831E+05    
   8.71E+07     0.99748      9.6463E-05    8.71E+07     9.6463E-05    9.71E+07     2.6637E+05    
   8.72E+07     0.99748      9.6385E-05    8.72E+07     9.6385E-05    9.72E+07     2.667E+05     
   8.73E+07     0.99748      9.627E-05     8.73E+07     9.627E-05     9.73E+07     2.6693E+05    
   8.74E+07     0.99749      9.6273E-05    8.74E+07     9.6273E-05    9.74E+07     2.6633E+05    
   8.75E+07     0.99748      9.6219E-05    8.75E+07     9.6219E-05    9.75E+07     2.6643E+05    
   8.76E+07     0.99748      9.6101E-05    8.76E+07     9.6101E-05    9.76E+07     2.6676E+05    
   8.77E+07     0.99748      9.6026E-05    8.77E+07     9.6026E-05    9.77E+07     2.6709E+05    
   8.78E+07     0.99748      9.5903E-05    8.78E+07     9.5903E-05    9.78E+07     2.6743E+05    
   8.79E+07     0.99748      9.5793E-05    8.79E+07     9.5793E-05    9.79E+07     2.6761E+05    
   8.8E+07      0.99748      9.5706E-05    8.8E+07      9.5706E-05    9.8E+07      2.6717E+05    
   8.81E+07     0.99748      9.568E-05     8.81E+07     9.568E-05     9.81E+07     2.6747E+05    
   8.82E+07     0.99748      9.5558E-05    8.82E+07     9.5558E-05    9.82E+07     2.6761E+05    
   8.83E+07     0.99748      9.5442E-05    8.83E+07     9.5442E-05    9.83E+07     2.6794E+05    
   8.84E+07     0.99748      9.5323E-05    8.84E+07     9.5323E-05    9.84E+07     2.6827E+05    
   8.85E+07     0.99748      9.5206E-05    8.85E+07     9.5206E-05    9.85E+07     2.6844E+05    
   8.86E+07     0.99749      9.5218E-05    8.86E+07     9.5218E-05    9.86E+07     2.686E+05     
   8.87E+07     0.99749      9.5107E-05    8.87E+07     9.5107E-05    9.87E+07     2.688E+05     
   8.88E+07     0.99749      9.5053E-05    8.88E+07     9.5053E-05    9.88E+07     2.6908E+05    
   8.89E+07     0.99749      9.5126E-05    8.89E+07     9.5126E-05    9.89E+07     2.6941E+05    
   8.9E+07      0.99748      9.5095E-05    8.9E+07      9.5095E-05    9.9E+07      2.6958E+05    
   8.91E+07     0.99748      9.4976E-05    8.91E+07     9.4976E-05    9.91E+07     2.6937E+05    
   8.92E+07     0.99748      9.4861E-05    8.92E+07     9.4861E-05    9.92E+07     2.6947E+05    
   8.93E+07     0.99748      9.4807E-05    8.93E+07     9.4807E-05    9.93E+07     2.6972E+05    
   8.94E+07     0.99748      9.4717E-05    8.94E+07     9.4717E-05    9.94E+07     2.6942E+05    
   8.95E+07     0.99748      9.4654E-05    8.95E+07     9.4654E-05    9.95E+07     2.6942E+05    
   8.96E+07     0.99748      9.4552E-05    8.96E+07     9.4552E-05    9.96E+07     2.6923E+05    
   8.97E+07     0.99748      9.4464E-05    8.97E+07     9.4464E-05    9.97E+07     2.6876E+05    
   8.98E+07     0.99748      9.4381E-05    8.98E+07     9.4381E-05    9.98E+07     2.6884E+05    
   8.99E+07     0.99749      9.4382E-05    8.99E+07     9.4382E-05    9.99E+07     2.6877E+05    
   9E+07        0.99749      9.4353E-05    9E+07        9.4353E-05    1E+08        2.6899E+05    
   9.01E+07     0.99749      9.4374E-05    9.01E+07     9.4374E-05    
   9.02E+07     0.99748      9.4274E-05    9.02E+07     9.4274E-05    
   9.03E+07     0.99748      9.4224E-05    9.03E+07     9.4224E-05    
   9.04E+07     0.99748      9.4174E-05    9.04E+07     9.4174E-05    
   9.05E+07     0.99748      9.4057E-05    9.05E+07     9.4057E-05    
   9.06E+07     0.99748      9.3982E-05    9.06E+07     9.3982E-05    
   9.07E+07     0.99748      9.3872E-05    9.07E+07     9.3872E-05    
   9.08E+07     0.99748      9.3788E-05    9.08E+07     9.3788E-05    
   9.09E+07     0.99749      9.3915E-05    9.09E+07     9.3915E-05    
   9.1E+07      0.99748      9.3831E-05    9.1E+07      9.3831E-05    
   9.11E+07     0.99748      9.385E-05     9.11E+07     9.385E-05     
   9.12E+07     0.99748      9.3735E-05    9.12E+07     9.3735E-05    
   9.13E+07     0.99748      9.362E-05     9.13E+07     9.362E-05     
   9.14E+07     0.99748      9.3577E-05    9.14E+07     9.3577E-05    
   9.15E+07     0.99749      9.3543E-05    9.15E+07     9.3543E-05    
   9.16E+07     0.99748      9.3454E-05    9.16E+07     9.3454E-05    
   9.17E+07     0.99748      9.3519E-05    9.17E+07     9.3519E-05    
   9.18E+07     0.99748      9.3405E-05    9.18E+07     9.3405E-05    
   9.19E+07     0.99748      9.3296E-05    9.19E+07     9.3296E-05    
   9.2E+07      0.99748      9.3193E-05    9.2E+07      9.3193E-05    
   9.21E+07     0.99748      9.3086E-05    9.21E+07     9.3086E-05    
   9.22E+07     0.99748      9.3067E-05    9.22E+07     9.3067E-05    
   9.23E+07     0.99748      9.3003E-05    9.23E+07     9.3003E-05    
   9.24E+07     0.99749      9.2958E-05    9.24E+07     9.2958E-05    
   9.25E+07     0.99748      9.3059E-05    9.25E+07     9.3059E-05    
   9.26E+07     0.99748      9.2947E-05    9.26E+07     9.2947E-05    
   9.27E+07     0.99748      9.284E-05     9.27E+07     9.284E-05     
   9.28E+07     0.99748      9.2842E-05    9.28E+07     9.2842E-05    
   9.29E+07     0.99747      9.2824E-05    9.29E+07     9.2824E-05    
   9.3E+07      0.99747      9.2721E-05    9.3E+07      9.2721E-05    
   9.31E+07     0.99747      9.2621E-05    9.31E+07     9.2621E-05    
   9.32E+07     0.99747      9.2527E-05    9.32E+07     9.2527E-05    
   9.33E+07     0.99747      9.2575E-05    9.33E+07     9.2575E-05    
   9.34E+07     0.99747      9.2464E-05    9.34E+07     9.2464E-05    
   9.35E+07     0.99746      9.2424E-05    9.35E+07     9.2424E-05    
   9.36E+07     0.99746      9.232E-05     9.36E+07     9.232E-05     
   9.37E+07     0.99747      9.2259E-05    9.37E+07     9.2259E-05    
   9.38E+07     0.99747      9.219E-05     9.38E+07     9.219E-05     
   9.39E+07     0.99746      9.2246E-05    9.39E+07     9.2246E-05    
   9.4E+07      0.99747      9.2423E-05    9.4E+07      9.2423E-05    
   9.41E+07     0.99747      9.2367E-05    9.41E+07     9.2367E-05    
   9.42E+07     0.99747      9.2275E-05    9.42E+07     9.2275E-05    
   9.43E+07     0.99747      9.2247E-05    9.43E+07     9.2247E-05    
   9.44E+07     0.99747      9.2156E-05    9.44E+07     9.2156E-05    
   9.45E+07     0.99747      9.2066E-05    9.45E+07     9.2066E-05    
   9.46E+07     0.99747      9.1959E-05    9.46E+07     9.1959E-05    
   9.47E+07     0.99747      9.1855E-05    9.47E+07     9.1855E-05    
   9.48E+07     0.99747      9.1754E-05    9.48E+07     9.1754E-05    
   9.49E+07     0.99747      9.1686E-05    9.49E+07     9.1686E-05    
   9.5E+07      0.99747      9.1613E-05    9.5E+07      9.1613E-05    
   9.51E+07     0.99746      9.1588E-05    9.51E+07     9.1588E-05    
   9.52E+07     0.99747      9.1544E-05    9.52E+07     9.1544E-05    
   9.53E+07     0.99747      9.151E-05     9.53E+07     9.151E-05     
   9.54E+07     0.99746      9.1658E-05    9.54E+07     9.1658E-05    
   9.55E+07     0.99746      9.1596E-05    9.55E+07     9.1596E-05    
   9.56E+07     0.99747      9.1565E-05    9.56E+07     9.1565E-05    
   9.57E+07     0.99746      9.1494E-05    9.57E+07     9.1494E-05    
   9.58E+07     0.99746      9.145E-05     9.58E+07     9.145E-05     
   9.59E+07     0.99746      9.135E-05     9.59E+07     9.135E-05     
   9.6E+07      0.99746      9.1283E-05    9.6E+07      9.1283E-05    
   9.61E+07     0.99745      9.1256E-05    9.61E+07     9.1256E-05    
   9.62E+07     0.99745      9.115E-05     9.62E+07     9.115E-05     
   9.63E+07     0.99746      9.1069E-05    9.63E+07     9.1069E-05    
   9.64E+07     0.99745      9.0999E-05    9.64E+07     9.0999E-05    
   9.65E+07     0.99746      9.0982E-05    9.65E+07     9.0982E-05    
   9.66E+07     0.99746      9.1066E-05    9.66E+07     9.1066E-05    
   9.67E+07     0.99746      9.1156E-05    9.67E+07     9.1156E-05    
   9.68E+07     0.99746      9.1104E-05    9.68E+07     9.1104E-05    
   9.69E+07     0.99746      9.1008E-05    9.69E+07     9.1008E-05    
   9.7E+07      0.99746      9.0905E-05    9.7E+07      9.0905E-05    
   9.71E+07     0.99745      9.1189E-05    9.71E+07     9.1189E-05    
   9.72E+07     0.99745      9.1085E-05    9.72E+07     9.1085E-05    
   9.73E+07     0.99746      9.0998E-05    9.73E+07     9.0998E-05    
   9.74E+07     0.99746      9.1054E-05    9.74E+07     9.1054E-05    
   9.75E+07     0.99746      9.0989E-05    9.75E+07     9.0989E-05    
   9.76E+07     0.99746      9.0887E-05    9.76E+07     9.0887E-05    
   9.77E+07     0.99746      9.0784E-05    9.77E+07     9.0784E-05    
   9.78E+07     0.99746      9.0681E-05    9.78E+07     9.0681E-05    
   9.79E+07     0.99746      9.0603E-05    9.79E+07     9.0603E-05    
   9.8E+07      0.99746      9.0632E-05    9.8E+07      9.0632E-05    
   9.81E+07     0.99746      9.0535E-05    9.81E+07     9.0535E-05    
   9.82E+07     0.99745      9.0464E-05    9.82E+07     9.0464E-05    
   9.83E+07     0.99745      9.0363E-05    9.83E+07     9.0363E-05    
   9.84E+07     0.99745      9.026E-05     9.84E+07     9.026E-05     
   9.85E+07     0.99745      9.0187E-05    9.85E+07     9.0187E-05    
   9.86E+07     0.99745      9.0113E-05    9.86E+07     9.0113E-05    
   9.87E+07     0.99745      9.0034E-05    9.87E+07     9.0034E-05    
   9.88E+07     0.99746      8.9942E-05    9.88E+07     8.9942E-05    
   9.89E+07     0.99746      8.9841E-05    9.89E+07     8.9841E-05    
   9.9E+07      0.99746      8.9766E-05    9.9E+07      8.9766E-05    
   9.91E+07     0.99746      8.9756E-05    9.91E+07     8.9756E-05    
   9.92E+07     0.99746      8.9694E-05    9.92E+07     8.9694E-05    
   9.93E+07     0.99746      8.9607E-05    9.93E+07     8.9607E-05    
   9.94E+07     0.99746      8.9611E-05    9.94E+07     8.9611E-05    
   9.95E+07     0.99747      8.9567E-05    9.95E+07     8.9567E-05    
   9.96E+07     0.99746      8.9554E-05    9.96E+07     8.9554E-05    
   9.97E+07     0.99747      8.9586E-05    9.97E+07     8.9586E-05    
   9.98E+07     0.99747      8.9528E-05    9.98E+07     8.9528E-05    
   9.99E+07     0.99747      8.9494E-05    9.99E+07     8.9494E-05    
   1E+08        0.99747      8.9412E-05    1E+08        8.9412E-05    
