# This file is written with the intent of being used to plot the data with 
# Gnuplot.  It contains no information regarding how the plot should be 
# formatted.
# =========================================================================
# Research/ArnoldivsPower -f Power1-w50-5.dat -t 100000 -A -c 100 -C 900 -w 50 -b 75 -r  seed = 3337329255
# filename = Power1-w50-5.dat, run = true, power = true, Arnoldi = false, storevectors = 0, raw = false, evectors = 2, evalues = 2, residual = false, arnoldimethod = implicit, tol = 2.22045e-16, verbose = 1, seed = 0, width = 50, bins = 75, acycles = 900, incycles = 100, active = 20, inactive = 0, Iterations = 10, numValues = 2, relaxed = 0, tracks = 100000, ignore_rest = false, version = false, help = false, 

#  1            2            3             4            5             6            7             8            9            
# |-            Power values           -| |-   Power eValues SD   -| |-       FOM-Power      -| |-     Power vector     -| 
#  x-coord      y-coord      error         x-coord      y-coord       x-coord      y-coord       x-coord      y-coord       
   1E+05        0.981        0             1E+05        0             1.01E+07     0             0.33333      0.009679      
   2E+05        0.98695      0             2E+05        0             1.02E+07     1.5204E+05    1            0.016325      
   3E+05        0.98989      0             3E+05        0             1.03E+07     20994         1.6667       0.022719      
   4E+05        0.99431      0             4E+05        0             1.04E+07     29487         2.3333       0.029051      
   5E+05        0.99198      0             5E+05        0             1.05E+07     24133         3            0.035521      
   6E+05        0.99473      0             6E+05        0             1.06E+07     27820         3.6667       0.041513      
   7E+05        0.98911      0             7E+05        0             1.07E+07     28797         4.3333       0.047748      
   8E+05        0.99491      0             8E+05        0             1.08E+07     11896         5            0.053742      
   9E+05        0.99267      0             9E+05        0             1.09E+07     12383         5.6667       0.059915      
   1E+06        0.99256      0             1E+06        0             1.1E+07      14540         6.3333       0.065528      
   1.1E+06      0.99214      0             1.1E+06      0             1.11E+07     17197         7            0.071658      
   1.2E+06      0.99308      0             1.2E+06      0             1.12E+07     20080         7.6667       0.07742       
   1.3E+06      0.99381      0             1.3E+06      0             1.13E+07     19934         8.3333       0.083219      
   1.4E+06      0.9936       0             1.4E+06      0             1.14E+07     22093         9            0.088436      
   1.5E+06      0.995        0             1.5E+06      0             1.15E+07     24950         9.6667       0.093991      
   1.6E+06      0.99524      0             1.6E+06      0             1.16E+07     28087         10.333       0.099143      
   1.7E+06      0.99271      0             1.7E+06      0             1.17E+07     31143         11           0.10445       
   1.8E+06      0.99396      0             1.8E+06      0             1.18E+07     34565         11.667       0.10917       
   1.9E+06      0.99287      0             1.9E+06      0             1.19E+07     34607         12.333       0.11459       
   2E+06        0.99731      0             2E+06        0             1.2E+07      37485         13           0.11888       
   2.1E+06      0.99551      0             2.1E+06      0             1.21E+07     39627         13.667       0.12344       
   2.2E+06      0.99521      0             2.2E+06      0             1.22E+07     42916         14.333       0.12767       
   2.3E+06      0.9971       0             2.3E+06      0             1.23E+07     43575         15           0.13157       
   2.4E+06      0.99866      0             2.4E+06      0             1.24E+07     46209         15.667       0.13525       
   2.5E+06      0.99414      0             2.5E+06      0             1.25E+07     48825         16.333       0.13949       
   2.6E+06      0.99594      0             2.6E+06      0             1.26E+07     51305         17           0.14256       
   2.7E+06      0.99704      0             2.7E+06      0             1.27E+07     54874         17.667       0.14527       
   2.8E+06      0.98985      0             2.8E+06      0             1.28E+07     58267         18.333       0.14796       
   2.9E+06      0.99314      0             2.9E+06      0             1.29E+07     61713         19           0.15063       
   3E+06        0.99164      0             3E+06        0             1.3E+07      65457         19.667       0.15275       
   3.1E+06      0.99737      0             3.1E+06      0             1.31E+07     58482         20.333       0.15419       
   3.2E+06      0.99677      0             3.2E+06      0             1.32E+07     57981         21           0.15582       
   3.3E+06      0.99482      0             3.3E+06      0             1.33E+07     59985         21.667       0.15729       
   3.4E+06      0.99814      0             3.4E+06      0             1.34E+07     61835         22.333       0.15861       
   3.5E+06      0.99977      0             3.5E+06      0             1.35E+07     64908         23           0.15986       
   3.6E+06      0.9977       0             3.6E+06      0             1.36E+07     67379         23.667       0.16047       
   3.7E+06      1.0016       0             3.7E+06      0             1.37E+07     69250         24.333       0.16093       
   3.8E+06      1.0003       0             3.8E+06      0             1.38E+07     70102         25           0.16137       
   3.9E+06      0.99923      0             3.9E+06      0             1.39E+07     64689         25.667       0.16107       
   4E+06        0.9948       0             4E+06        0             1.4E+07      67579         26.333       0.16048       
   4.1E+06      0.9944       0             4.1E+06      0             1.41E+07     69359         27           0.15988       
   4.2E+06      0.99461      0             4.2E+06      0             1.42E+07     70723         27.667       0.1587        
   4.3E+06      0.99578      0             4.3E+06      0             1.43E+07     73623         28.333       0.15754       
   4.4E+06      0.99334      0             4.4E+06      0             1.44E+07     75880         29           0.15629       
   4.5E+06      0.99706      0             4.5E+06      0             1.45E+07     77002         29.667       0.15446       
   4.6E+06      0.99794      0             4.6E+06      0             1.46E+07     75842         30.333       0.15253       
   4.7E+06      0.99453      0             4.7E+06      0             1.47E+07     76938         31           0.15015       
   4.8E+06      0.99864      0             4.8E+06      0             1.48E+07     79675         31.667       0.14743       
   4.9E+06      0.99284      0             4.9E+06      0             1.49E+07     78400         32.333       0.14459       
   5E+06        0.99758      0             5E+06        0             1.5E+07      79087         33           0.14239       
   5.1E+06      0.99282      0             5.1E+06      0             1.51E+07     77367         33.667       0.13952       
   5.2E+06      0.99528      0             5.2E+06      0             1.52E+07     79075         34.333       0.13564       
   5.3E+06      0.9971       0             5.3E+06      0             1.53E+07     81007         35           0.13181       
   5.4E+06      0.99827      0             5.4E+06      0             1.54E+07     81495         35.667       0.12852       
   5.5E+06      0.99813      0             5.5E+06      0             1.55E+07     83880         36.333       0.12435       
   5.6E+06      0.99615      0             5.6E+06      0             1.56E+07     82740         37           0.12002       
   5.7E+06      1.0025       0             5.7E+06      0             1.57E+07     81910         37.667       0.11534       
   5.8E+06      0.99719      0             5.8E+06      0             1.58E+07     84130         38.333       0.11085       
   5.9E+06      1.0028       0             5.9E+06      0             1.59E+07     84039         39           0.10627       
   6E+06        0.99955      0             6E+06        0             1.6E+07      86322         39.667       0.10125       
   6.1E+06      0.99879      0             6.1E+06      0             1.61E+07     84595         40.333       0.096032      
   6.2E+06      0.99735      0             6.2E+06      0             1.62E+07     84277         41           0.090767      
   6.3E+06      0.99399      0             6.3E+06      0             1.63E+07     86282         41.667       0.085164      
   6.4E+06      0.99495      0             6.4E+06      0             1.64E+07     86073         42.333       0.079776      
   6.5E+06      0.99707      0             6.5E+06      0             1.65E+07     88187         43           0.07367       
   6.6E+06      0.9976       0             6.6E+06      0             1.66E+07     89791         43.667       0.06758       
   6.7E+06      0.99511      0             6.7E+06      0             1.67E+07     91941         44.333       0.061484      
   6.8E+06      1            0             6.8E+06      0             1.68E+07     91698         45           0.055372      
   6.9E+06      0.99754      0             6.9E+06      0             1.69E+07     92626         45.667       0.049111      
   7E+06        0.99697      0             7E+06        0             1.7E+07      92882         46.333       0.042824      
   7.1E+06      0.99531      0             7.1E+06      0             1.71E+07     94945         47           0.036499      
   7.2E+06      0.99565      0             7.2E+06      0             1.72E+07     96993         47.667       0.029943      
   7.3E+06      0.99929      0             7.3E+06      0             1.73E+07     99055         48.333       0.023473      
   7.4E+06      1.0009       0             7.4E+06      0             1.74E+07     1.0048E+05    49           0.016813      
   7.5E+06      0.99677      0             7.5E+06      0             1.75E+07     1.0263E+05    49.667       0.009839      
   7.6E+06      0.99953      0             7.6E+06      0             1.76E+07     1.0352E+05    
   7.7E+06      0.99616      0             7.7E+06      0             1.77E+07     1.0506E+05    
   7.8E+06      0.99512      0             7.8E+06      0             1.78E+07     1.0566E+05    
   7.9E+06      0.99602      0             7.9E+06      0             1.79E+07     1.0774E+05    
   8E+06        0.99855      0             8E+06        0             1.8E+07      1.0905E+05    
   8.1E+06      0.99568      0             8.1E+06      0             1.81E+07     1.0933E+05    
   8.2E+06      1.0016       0             8.2E+06      0             1.82E+07     1.1138E+05    
   8.3E+06      0.99752      0             8.3E+06      0             1.83E+07     1.1165E+05    
   8.4E+06      0.9996       0             8.4E+06      0             1.84E+07     1.1341E+05    
   8.5E+06      0.99933      0             8.5E+06      0             1.85E+07     1.1514E+05    
   8.6E+06      0.99959      0             8.6E+06      0             1.86E+07     1.1657E+05    
   8.7E+06      0.99155      0             8.7E+06      0             1.87E+07     1.1827E+05    
   8.8E+06      0.9985       0             8.8E+06      0             1.88E+07     1.2031E+05    
   8.9E+06      0.99826      0             8.9E+06      0             1.89E+07     1.2067E+05    
   9E+06        0.99733      0             9E+06        0             1.9E+07      1.2276E+05    
   9.1E+06      0.99936      0             9.1E+06      0             1.91E+07     1.2475E+05    
   9.2E+06      1.0044       0             9.2E+06      0             1.92E+07     1.2686E+05    
   9.3E+06      0.99695      0             9.3E+06      0             1.93E+07     1.2642E+05    
   9.4E+06      0.99388      0             9.4E+06      0             1.94E+07     1.2847E+05    
   9.5E+06      0.99835      0             9.5E+06      0             1.95E+07     1.2712E+05    
   9.6E+06      0.9999       0             9.6E+06      0             1.96E+07     1.2869E+05    
   9.7E+06      0.99537      0             9.7E+06      0             1.97E+07     1.3071E+05    
   9.8E+06      0.98684      0             9.8E+06      0             1.98E+07     1.2805E+05    
   9.9E+06      0.99763      0             9.9E+06      0             1.99E+07     1.2997E+05    
   1E+07        0.99498      0             1E+07        0             2E+07        1.3184E+05    
   1.01E+07     0.99323      NAN           1.01E+07     NAN           2.01E+07     1.3352E+05    
   1.02E+07     0.99375      0.00036872    1.02E+07     0.00036872    2.02E+07     1.3306E+05    
   1.03E+07     0.99492      0.00098752    1.03E+07     0.00098752    2.03E+07     1.3347E+05    
   1.04E+07     0.99535      0.00082846    1.04E+07     0.00082846    2.04E+07     1.3059E+05    
   1.05E+07     0.99465      0.00091148    1.05E+07     0.00091148    2.05E+07     1.3149E+05    
   1.06E+07     0.99424      0.00084486    1.06E+07     0.00084486    2.06E+07     1.3325E+05    
   1.07E+07     0.99467      0.00082665    1.07E+07     0.00082665    2.07E+07     1.3487E+05    
   1.08E+07     0.9958       0.0012795     1.08E+07     0.0012795     2.08E+07     1.3675E+05    
   1.09E+07     0.99635      0.0012485     1.09E+07     0.0012485     2.09E+07     1.3811E+05    
   1.1E+07      0.99659      0.001147      1.1E+07      0.001147      2.1E+07      1.3734E+05    
   1.11E+07     0.99672      0.0010501     1.11E+07     0.0010501     2.11E+07     1.3906E+05    
   1.12E+07     0.99662      0.00096753    1.12E+07     0.00096753    2.12E+07     1.4087E+05    
   1.13E+07     0.99623      0.00096619    1.13E+07     0.00096619    2.13E+07     1.4269E+05    
   1.14E+07     0.99641      0.00091386    1.14E+07     0.00091386    2.14E+07     1.4217E+05    
   1.15E+07     0.99649      0.00085591    1.15E+07     0.00085591    2.15E+07     1.4402E+05    
   1.16E+07     0.99645      0.0008033     1.16E+07     0.0008033     2.16E+07     1.4452E+05    
   1.17E+07     0.99652      0.00075894    1.17E+07     0.00075894    2.17E+07     1.4446E+05    
   1.18E+07     0.99655      0.00071742    1.18E+07     0.00071742    2.18E+07     1.3974E+05    
   1.19E+07     0.99677      0.00071383    1.19E+07     0.00071383    2.19E+07     1.3992E+05    
   1.2E+07      0.99669      0.00068312    1.2E+07      0.00068312    2.2E+07      1.4056E+05    
   1.21E+07     0.99657      0.00066146    1.21E+07     0.00066146    2.21E+07     1.4166E+05    
   1.22E+07     0.99661      0.00063308    1.22E+07     0.00063308    2.22E+07     1.4306E+05    
   1.23E+07     0.99677      0.00062564    1.23E+07     0.00062564    2.23E+07     1.4413E+05    
   1.24E+07     0.99669      0.00060518    1.24E+07     0.00060518    2.24E+07     1.4565E+05    
   1.25E+07     0.99661      0.00058598    1.25E+07     0.00058598    2.25E+07     1.4679E+05    
   1.26E+07     0.9967       0.00056944    1.26E+07     0.00056944    2.26E+07     1.4632E+05    
   1.27E+07     0.99669      0.00054836    1.27E+07     0.00054836    2.27E+07     1.4797E+05    
   1.28E+07     0.99666      0.00053013    1.28E+07     0.00053013    2.28E+07     1.4819E+05    
   1.29E+07     0.99669      0.00051292    1.29E+07     0.00051292    2.29E+07     1.4947E+05    
   1.3E+07      0.99667      0.00049611    1.3E+07      0.00049611    2.3E+07      1.5075E+05    
   1.31E+07     0.99688      0.00052292    1.31E+07     0.00052292    2.31E+07     1.5067E+05    
   1.32E+07     0.99702      0.00052312    1.32E+07     0.00052312    2.32E+07     1.5197E+05    
   1.33E+07     0.99709      0.00051237    1.33E+07     0.00051237    2.33E+07     1.5355E+05    
   1.34E+07     0.99701      0.00050273    1.34E+07     0.00050273    2.34E+07     1.5345E+05    
   1.35E+07     0.99704      0.0004889     1.35E+07     0.0004889     2.35E+07     1.5077E+05    
   1.36E+07     0.99699      0.00047802    1.36E+07     0.00047802    2.36E+07     1.5086E+05    
   1.37E+07     0.99705      0.00046973    1.37E+07     0.00046973    2.37E+07     1.5242E+05    
   1.38E+07     0.99714      0.00046514    1.38E+07     0.00046514    2.38E+07     1.5396E+05    
   1.39E+07     0.99697      0.00048248    1.39E+07     0.00048248    2.39E+07     1.5368E+05    
   1.4E+07      0.99697      0.00047044    1.4E+07      0.00047044    2.4E+07      1.548E+05     
   1.41E+07     0.99703      0.00046258    1.41E+07     0.00046258    2.41E+07     1.5639E+05    
   1.42E+07     0.99696      0.00045654    1.42E+07     0.00045654    2.42E+07     1.5772E+05    
   1.43E+07     0.99696      0.00044594    1.43E+07     0.00044594    2.43E+07     1.5853E+05    
   1.44E+07     0.997        0.00043779    1.44E+07     0.00043779    2.44E+07     1.5444E+05    
   1.45E+07     0.99706      0.00043234    1.45E+07     0.00043234    2.45E+07     1.5369E+05    
   1.46E+07     0.99716      0.00043419    1.46E+07     0.00043419    2.46E+07     1.5465E+05    
   1.47E+07     0.99723      0.00042958    1.47E+07     0.00042958    2.47E+07     1.5532E+05    
   1.48E+07     0.99722      0.00042076    1.48E+07     0.00042076    2.48E+07     1.5682E+05    
   1.49E+07     0.99712      0.0004224     1.49E+07     0.0004224     2.49E+07     1.5607E+05    
   1.5E+07      0.99719      0.0004192     1.5E+07      0.0004192     2.5E+07      1.536E+05     
   1.51E+07     0.99709      0.00042238    1.51E+07     0.00042238    2.51E+07     1.5455E+05    
   1.52E+07     0.99713      0.00041645    1.52E+07     0.00041645    2.52E+07     1.5585E+05    
   1.53E+07     0.99717      0.0004099     1.53E+07     0.0004099     2.53E+07     1.5682E+05    
   1.54E+07     0.99723      0.00040739    1.54E+07     0.00040739    2.54E+07     1.5822E+05    
   1.55E+07     0.99722      0.00040007    1.55E+07     0.00040007    2.55E+07     1.595E+05     
   1.56E+07     0.99714      0.00040156    1.56E+07     0.00040156    2.56E+07     1.6085E+05    
   1.57E+07     0.99706      0.0004021     1.57E+07     0.0004021     2.57E+07     1.5987E+05    
   1.58E+07     0.99708      0.00039554    1.58E+07     0.00039554    2.58E+07     1.5773E+05    
   1.59E+07     0.99701      0.00039448    1.59E+07     0.00039448    2.59E+07     1.5813E+05    
   1.6E+07      0.99702      0.00038806    1.6E+07      0.00038806    2.6E+07      1.5907E+05    
   1.61E+07     0.99694      0.00039063    1.61E+07     0.00039063    2.61E+07     1.6033E+05    
   1.62E+07     0.99701      0.00039019    1.62E+07     0.00039019    2.62E+07     1.6171E+05    
   1.63E+07     0.99699      0.00038447    1.63E+07     0.00038447    2.63E+07     1.6308E+05    
   1.64E+07     0.99705      0.00038372    1.64E+07     0.00038372    2.64E+07     1.6411E+05    
   1.65E+07     0.99705      0.00037781    1.65E+07     0.00037781    2.65E+07     1.6406E+05    
   1.66E+07     0.99708      0.00037325    1.66E+07     0.00037325    2.66E+07     1.6362E+05    
   1.67E+07     0.99709      0.00036779    1.67E+07     0.00036779    2.67E+07     1.5778E+05    
   1.68E+07     0.99715      0.00036716    1.68E+07     0.00036716    2.68E+07     1.5725E+05    
   1.69E+07     0.99719      0.00036412    1.69E+07     0.00036412    2.69E+07     1.5791E+05    
   1.7E+07      0.99714      0.00036251    1.7E+07      0.00036251    2.7E+07      1.5918E+05    
   1.71E+07     0.99715      0.00035753    1.71E+07     0.00035753    2.71E+07     1.6039E+05    
   1.72E+07     0.99716      0.00035269    1.72E+07     0.00035269    2.72E+07     1.607E+05     
   1.73E+07     0.99716      0.0003479     1.73E+07     0.0003479     2.73E+07     1.6187E+05    
   1.74E+07     0.99714      0.0003444     1.74E+07     0.0003444     2.74E+07     1.6317E+05    
   1.75E+07     0.99714      0.00033983    1.75E+07     0.00033983    2.75E+07     1.6435E+05    
   1.76E+07     0.99718      0.00033737    1.76E+07     0.00033737    2.76E+07     1.6539E+05    
   1.77E+07     0.99715      0.00033384    1.77E+07     0.00033384    2.77E+07     1.6474E+05    
   1.78E+07     0.99711      0.00033195    1.78E+07     0.00033195    2.78E+07     1.6565E+05    
   1.79E+07     0.9971       0.00032785    1.79E+07     0.00032785    2.79E+07     1.6682E+05    
   1.8E+07      0.99708      0.00032498    1.8E+07      0.00032498    2.8E+07      1.6776E+05    
   1.81E+07     0.99712      0.00032351    1.81E+07     0.00032351    2.81E+07     1.6758E+05    
   1.82E+07     0.99711      0.00031964    1.82E+07     0.00031964    2.82E+07     1.6885E+05    
   1.83E+07     0.99715      0.00031838    1.83E+07     0.00031838    2.83E+07     1.6963E+05    
   1.84E+07     0.99717      0.00031506    1.84E+07     0.00031506    2.84E+07     1.7088E+05    
   1.85E+07     0.99715      0.0003118     1.85E+07     0.0003118     2.85E+07     1.7111E+05    
   1.86E+07     0.99713      0.00030907    1.86E+07     0.00030907    2.86E+07     1.7236E+05    
   1.87E+07     0.99714      0.00030605    1.87E+07     0.00030605    2.87E+07     1.7324E+05    
   1.88E+07     0.99715      0.00030266    1.88E+07     0.00030266    2.88E+07     1.7387E+05    
   1.89E+07     0.99712      0.00030124    1.89E+07     0.00030124    2.89E+07     1.75E+05      
   1.9E+07      0.99712      0.00029789    1.9E+07      0.00029789    2.9E+07      1.6809E+05    
   1.91E+07     0.99711      0.0002947     1.91E+07     0.0002947     2.91E+07     1.6918E+05    
   1.92E+07     0.99711      0.0002915     1.92E+07     0.0002915     2.92E+07     1.6972E+05    
   1.93E+07     0.99707      0.00029115    1.93E+07     0.00029115    2.93E+07     1.7084E+05    
   1.94E+07     0.99707      0.00028807    1.94E+07     0.00028807    2.94E+07     1.7181E+05    
   1.95E+07     0.99712      0.00028888    1.95E+07     0.00028888    2.95E+07     1.7291E+05    
   1.96E+07     0.99714      0.0002864     1.96E+07     0.0002864     2.96E+07     1.7402E+05    
   1.97E+07     0.99714      0.00028345    1.97E+07     0.00028345    2.97E+07     1.7494E+05    
   1.98E+07     0.99709      0.00028557    1.98E+07     0.00028557    2.98E+07     1.7569E+05    
   1.99E+07     0.99709      0.00028276    1.99E+07     0.00028276    2.99E+07     1.7622E+05    
   2E+07        0.99708      0.00028004    2E+07        0.00028004    3E+07        1.7672E+05    
   2.01E+07     0.99707      0.00027761    2.01E+07     0.00027761    3.01E+07     1.7757E+05    
   2.02E+07     0.99711      0.00027733    2.02E+07     0.00027733    3.02E+07     1.7726E+05    
   2.03E+07     0.99714      0.00027624    2.03E+07     0.00027624    3.03E+07     1.7506E+05    
   2.04E+07     0.99708      0.00027859    2.04E+07     0.00027859    3.04E+07     1.759E+05     
   2.05E+07     0.99711      0.00027698    2.05E+07     0.00027698    3.05E+07     1.7652E+05    
   2.06E+07     0.99711      0.00027437    2.06E+07     0.00027437    3.06E+07     1.7741E+05    
   2.07E+07     0.9971       0.00027208    2.07E+07     0.00027208    3.07E+07     1.7645E+05    
   2.08E+07     0.9971       0.00026956    2.08E+07     0.00026956    3.08E+07     1.7735E+05    
   2.09E+07     0.99711      0.00026762    2.09E+07     0.00026762    3.09E+07     1.7845E+05    
   2.1E+07      0.99708      0.0002676     2.1E+07      0.0002676     3.1E+07      1.7855E+05    
   2.11E+07     0.99709      0.00026533    2.11E+07     0.00026533    3.11E+07     1.7742E+05    
   2.12E+07     0.99708      0.00026297    2.12E+07     0.00026297    3.12E+07     1.7839E+05    
   2.13E+07     0.99708      0.0002607     2.13E+07     0.0002607     3.13E+07     1.7878E+05    
   2.14E+07     0.99705      0.00026047    2.14E+07     0.00026047    3.14E+07     1.7736E+05    
   2.15E+07     0.99705      0.00025821    2.15E+07     0.00025821    3.15E+07     1.6983E+05    
   2.16E+07     0.99707      0.00025719    2.16E+07     0.00025719    3.16E+07     1.7074E+05    
   2.17E+07     0.9971       0.00025664    2.17E+07     0.00025664    3.17E+07     1.7151E+05    
   2.18E+07     0.99716      0.00026029    2.18E+07     0.00026029    3.18E+07     1.7214E+05    
   2.19E+07     0.99713      0.00025951    2.19E+07     0.00025951    3.19E+07     1.7292E+05    
   2.2E+07      0.99711      0.00025835    2.2E+07      0.00025835    3.2E+07      1.7391E+05    
   2.21E+07     0.99712      0.00025676    2.21E+07     0.00025676    3.21E+07     1.7495E+05    
   2.22E+07     0.99713      0.00025487    2.22E+07     0.00025487    3.22E+07     1.7564E+05    
   2.23E+07     0.99712      0.00025334    2.23E+07     0.00025334    3.23E+07     1.767E+05     
   2.24E+07     0.99713      0.00025147    2.24E+07     0.00025147    3.24E+07     1.7759E+05    
   2.25E+07     0.99711      0.00024992    2.25E+07     0.00024992    3.25E+07     1.7857E+05    
   2.26E+07     0.99714      0.00024972    2.26E+07     0.00024972    3.26E+07     1.7909E+05    
   2.27E+07     0.99714      0.00024778    2.27E+07     0.00024778    3.27E+07     1.798E+05     
   2.28E+07     0.99716      0.00024707    2.28E+07     0.00024707    3.28E+07     1.7957E+05    
   2.29E+07     0.99715      0.00024546    2.29E+07     0.00024546    3.29E+07     1.8054E+05    
   2.3E+07      0.99716      0.00024385    2.3E+07      0.00024385    3.3E+07      1.815E+05     
   2.31E+07     0.99719      0.00024338    2.31E+07     0.00024338    3.31E+07     1.8223E+05    
   2.32E+07     0.99718      0.00024183    2.32E+07     0.00024183    3.32E+07     1.8148E+05    
   2.33E+07     0.99718      0.00024009    2.33E+07     0.00024009    3.33E+07     1.8229E+05    
   2.34E+07     0.99716      0.00023963    2.34E+07     0.00023963    3.34E+07     1.8304E+05    
   2.35E+07     0.9972       0.00024126    2.35E+07     0.00024126    3.35E+07     1.8362E+05    
   2.36E+07     0.99722      0.00024067    2.36E+07     0.00024067    3.36E+07     1.8459E+05    
   2.37E+07     0.99722      0.00023894    2.37E+07     0.00023894    3.37E+07     1.8536E+05    
   2.38E+07     0.99721      0.00023725    2.38E+07     0.00023725    3.38E+07     1.8501E+05    
   2.39E+07     0.99724      0.00023699    2.39E+07     0.00023699    3.39E+07     1.8484E+05    
   2.4E+07      0.99725      0.00023563    2.4E+07      0.00023563    3.4E+07      1.8576E+05    
   2.41E+07     0.99725      0.00023396    2.41E+07     0.00023396    3.41E+07     1.8532E+05    
   2.42E+07     0.99726      0.00023242    2.42E+07     0.00023242    3.42E+07     1.8541E+05    
   2.43E+07     0.99724      0.00023137    2.43E+07     0.00023137    3.43E+07     1.8641E+05    
   2.44E+07     0.99729      0.00023393    2.44E+07     0.00023393    3.44E+07     1.8331E+05    
   2.45E+07     0.99732      0.00023403    2.45E+07     0.00023403    3.45E+07     1.8383E+05    
   2.46E+07     0.9973       0.00023278    2.46E+07     0.00023278    3.46E+07     1.8456E+05    
   2.47E+07     0.99732      0.00023183    2.47E+07     0.00023183    3.47E+07     1.8551E+05    
   2.48E+07     0.99732      0.00023027    2.48E+07     0.00023027    3.48E+07     1.8627E+05    
   2.49E+07     0.99735      0.00023035    2.49E+07     0.00023035    3.49E+07     1.8714E+05    
   2.5E+07      0.99738      0.00023175    2.5E+07      0.00023175    3.5E+07      1.8738E+05    
   2.51E+07     0.9974       0.00023051    2.51E+07     0.00023051    3.51E+07     1.8749E+05    
   2.52E+07     0.9974       0.00022911    2.52E+07     0.00022911    3.52E+07     1.8686E+05    
   2.53E+07     0.99741      0.00022794    2.53E+07     0.00022794    3.53E+07     1.8671E+05    
   2.54E+07     0.99741      0.0002265     2.54E+07     0.0002265     3.54E+07     1.8764E+05    
   2.55E+07     0.99741      0.00022509    2.55E+07     0.00022509    3.55E+07     1.8788E+05    
   2.56E+07     0.99741      0.00022373    2.56E+07     0.00022373    3.56E+07     1.8855E+05    
   2.57E+07     0.99744      0.00022398    2.57E+07     0.00022398    3.57E+07     1.8951E+05    
   2.58E+07     0.9974       0.00022508    2.58E+07     0.00022508    3.58E+07     1.9018E+05    
   2.59E+07     0.99739      0.0002243     2.59E+07     0.0002243     3.59E+07     1.9069E+05    
   2.6E+07      0.99738      0.00022323    2.6E+07      0.00022323    3.6E+07      1.9064E+05    
   2.61E+07     0.99738      0.00022193    2.61E+07     0.00022193    3.61E+07     1.9143E+05    
   2.62E+07     0.99738      0.00022056    2.62E+07     0.00022056    3.62E+07     1.9133E+05    
   2.63E+07     0.99738      0.00021923    2.63E+07     0.00021923    3.63E+07     1.9227E+05    
   2.64E+07     0.99737      0.00021811    2.64E+07     0.00021811    3.64E+07     1.9275E+05    
   2.65E+07     0.99739      0.00021775    2.65E+07     0.00021775    3.65E+07     1.9354E+05    
   2.66E+07     0.99737      0.00021763    2.66E+07     0.00021763    3.66E+07     1.9447E+05    
   2.67E+07     0.99741      0.00022118    2.67E+07     0.00022118    3.67E+07     1.9461E+05    
   2.68E+07     0.99744      0.00022113    2.68E+07     0.00022113    3.68E+07     1.9419E+05    
   2.69E+07     0.99745      0.00022027    2.69E+07     0.00022027    3.69E+07     1.95E+05      
   2.7E+07      0.99745      0.00021898    2.7E+07      0.00021898    3.7E+07      1.9484E+05    
   2.71E+07     0.99745      0.0002177     2.71E+07     0.0002177     3.71E+07     1.957E+05     
   2.72E+07     0.99747      0.00021709    2.72E+07     0.00021709    3.72E+07     1.9601E+05    
   2.73E+07     0.99746      0.00021592    2.73E+07     0.00021592    3.73E+07     1.9657E+05    
   2.74E+07     0.99746      0.00021468    2.74E+07     0.00021468    3.74E+07     1.967E+05     
   2.75E+07     0.99746      0.00021346    2.75E+07     0.00021346    3.75E+07     1.9671E+05    
   2.76E+07     0.99745      0.00021242    2.76E+07     0.00021242    3.76E+07     1.9761E+05    
   2.77E+07     0.99748      0.00021243    2.77E+07     0.00021243    3.77E+07     1.97E+05      
   2.78E+07     0.99747      0.00021148    2.78E+07     0.00021148    3.78E+07     1.979E+05     
   2.79E+07     0.99747      0.00021032    2.79E+07     0.00021032    3.79E+07     1.9828E+05    
   2.8E+07      0.99748      0.00020937    2.8E+07      0.00020937    3.8E+07      1.9888E+05    
   2.81E+07     0.9975       0.00020912    2.81E+07     0.00020912    3.81E+07     1.9811E+05    
   2.82E+07     0.9975       0.00020798    2.82E+07     0.00020798    3.82E+07     1.979E+05     
   2.83E+07     0.99749      0.0002071     2.83E+07     0.0002071     3.83E+07     1.9807E+05    
   2.84E+07     0.99748      0.00020598    2.84E+07     0.00020598    3.84E+07     1.9864E+05    
   2.85E+07     0.99747      0.00020548    2.85E+07     0.00020548    3.85E+07     1.9939E+05    
   2.86E+07     0.99747      0.00020439    2.86E+07     0.00020439    3.86E+07     1.9998E+05    
   2.87E+07     0.99747      0.00020347    2.87E+07     0.00020347    3.87E+07     2.0084E+05    
   2.88E+07     0.99749      0.00020276    2.88E+07     0.00020276    3.88E+07     2.0118E+05    
   2.89E+07     0.99748      0.00020176    2.89E+07     0.00020176    3.89E+07     2.0135E+05    
   2.9E+07      0.99744      0.00020552    2.9E+07      0.00020552    3.9E+07      2.0162E+05    
   2.91E+07     0.99744      0.00020449    2.91E+07     0.00020449    3.91E+07     2.0214E+05    
   2.92E+07     0.99745      0.00020381    2.92E+07     0.00020381    3.92E+07     2.0273E+05    
   2.93E+07     0.99745      0.00020281    2.93E+07     0.00020281    3.93E+07     2.0353E+05    
   2.94E+07     0.99744      0.00020188    2.94E+07     0.00020188    3.94E+07     2.0437E+05    
   2.95E+07     0.99744      0.00020089    2.95E+07     0.00020089    3.95E+07     2.0416E+05    
   2.96E+07     0.99744      0.00019992    2.96E+07     0.00019992    3.96E+07     2.0242E+05    
   2.97E+07     0.99745      0.00019907    2.97E+07     0.00019907    3.97E+07     2.008E+05     
   2.98E+07     0.99744      0.00019831    2.98E+07     0.00019831    3.98E+07     2.0084E+05    
   2.99E+07     0.99743      0.00019769    2.99E+07     0.00019769    3.99E+07     2.0165E+05    
   3E+07        0.99744      0.00019705    3E+07        0.00019705    4E+07        2.012E+05     
   3.01E+07     0.99743      0.00019627    3.01E+07     0.00019627    4.01E+07     2.0197E+05    
   3.02E+07     0.99745      0.00019611    3.02E+07     0.00019611    4.02E+07     2.0217E+05    
   3.03E+07     0.99748      0.00019701    3.03E+07     0.00019701    4.03E+07     2.0208E+05    
   3.04E+07     0.99748      0.00019617    3.04E+07     0.00019617    4.04E+07     2.0288E+05    
   3.05E+07     0.99749      0.00019552    3.05E+07     0.00019552    4.05E+07     2.0369E+05    
   3.06E+07     0.9975       0.00019472    3.06E+07     0.00019472    4.06E+07     2.0381E+05    
   3.07E+07     0.99752      0.00019493    3.07E+07     0.00019493    4.07E+07     2.0466E+05    
   3.08E+07     0.99753      0.0001941     3.08E+07     0.0001941     4.08E+07     2.0503E+05    
   3.09E+07     0.99753      0.00019318    3.09E+07     0.00019318    4.09E+07     2.057E+05     
   3.1E+07      0.99754      0.00019282    3.1E+07      0.00019282    4.1E+07      2.0653E+05    
   3.11E+07     0.99752      0.00019312    3.11E+07     0.00019312    4.11E+07     2.0639E+05    
   3.12E+07     0.99753      0.00019226    3.12E+07     0.00019226    4.12E+07     2.056E+05     
   3.13E+07     0.99751      0.00019173    3.13E+07     0.00019173    4.13E+07     2.0613E+05    
   3.14E+07     0.99754      0.00019221    3.14E+07     0.00019221    4.14E+07     2.0512E+05    
   3.15E+07     0.99749      0.00019612    3.15E+07     0.00019612    4.15E+07     2.0589E+05    
   3.16E+07     0.9975       0.00019523    3.16E+07     0.00019523    4.16E+07     2.0634E+05    
   3.17E+07     0.99749      0.00019448    3.17E+07     0.00019448    4.17E+07     2.0706E+05    
   3.18E+07     0.99748      0.00019383    3.18E+07     0.00019383    4.18E+07     2.0691E+05    
   3.19E+07     0.99747      0.00019309    3.19E+07     0.00019309    4.19E+07     2.0598E+05    
   3.2E+07      0.99747      0.00019221    3.2E+07      0.00019221    4.2E+07      2.068E+05     
   3.21E+07     0.99747      0.00019134    3.21E+07     0.00019134    4.21E+07     2.0665E+05    
   3.22E+07     0.99746      0.00019068    3.22E+07     0.00019068    4.22E+07     2.0737E+05    
   3.23E+07     0.99746      0.00018983    3.23E+07     0.00018983    4.23E+07     2.0816E+05    
   3.24E+07     0.99747      0.00018902    3.24E+07     0.00018902    4.24E+07     2.0879E+05    
   3.25E+07     0.99746      0.00018822    3.25E+07     0.00018822    4.25E+07     2.0923E+05    
   3.26E+07     0.99747      0.00018765    3.26E+07     0.00018765    4.26E+07     2.0824E+05    
   3.27E+07     0.99748      0.00018701    3.27E+07     0.00018701    4.27E+07     2.0849E+05    
   3.28E+07     0.99749      0.00018679    3.28E+07     0.00018679    4.28E+07     2.0787E+05    
   3.29E+07     0.99749      0.00018601    3.29E+07     0.00018601    4.29E+07     2.0834E+05    
   3.3E+07      0.99749      0.00018524    3.3E+07      0.00018524    4.3E+07      2.0908E+05    
   3.31E+07     0.9975       0.0001846     3.31E+07     0.0001846     4.31E+07     2.0962E+05    
   3.32E+07     0.99748      0.00018466    3.32E+07     0.00018466    4.32E+07     2.0985E+05    
   3.33E+07     0.99748      0.00018398    3.33E+07     0.00018398    4.33E+07     2.0996E+05    
   3.34E+07     0.99748      0.00018332    3.34E+07     0.00018332    4.34E+07     2.0804E+05    
   3.35E+07     0.99749      0.00018277    3.35E+07     0.00018277    4.35E+07     2.0802E+05    
   3.36E+07     0.99749      0.000182      3.36E+07     0.000182      4.36E+07     2.0876E+05    
   3.37E+07     0.99749      0.00018136    3.37E+07     0.00018136    4.37E+07     2.0741E+05    
   3.38E+07     0.9975       0.00018125    3.38E+07     0.00018125    4.38E+07     2.0766E+05    
   3.39E+07     0.99749      0.00018108    3.39E+07     0.00018108    4.39E+07     2.0828E+05    
   3.4E+07      0.99748      0.00018035    3.4E+07      0.00018035    4.4E+07      2.0584E+05    
   3.41E+07     0.9975       0.00018029    3.41E+07     0.00018029    4.41E+07     2.0653E+05    
   3.42E+07     0.99749      0.00017999    3.42E+07     0.00017999    4.42E+07     2.0721E+05    
   3.43E+07     0.99749      0.00017925    3.43E+07     0.00017925    4.43E+07     2.0654E+05    
   3.44E+07     0.99751      0.00018048    3.44E+07     0.00018048    4.44E+07     2.0722E+05    
   3.45E+07     0.99752      0.00017995    3.45E+07     0.00017995    4.45E+07     2.0786E+05    
   3.46E+07     0.99753      0.00017935    3.46E+07     0.00017935    4.46E+07     2.0808E+05    
   3.47E+07     0.99753      0.00017863    3.47E+07     0.00017863    4.47E+07     2.0861E+05    
   3.48E+07     0.99752      0.000178      3.48E+07     0.000178      4.48E+07     2.0935E+05    
   3.49E+07     0.99752      0.00017733    3.49E+07     0.00017733    4.49E+07     2.0973E+05    
   3.5E+07      0.99753      0.00017697    3.5E+07      0.00017697    4.5E+07      2.0983E+05    
   3.51E+07     0.99752      0.00017667    3.51E+07     0.00017667    4.51E+07     2.1057E+05    
   3.52E+07     0.99753      0.0001767     3.52E+07     0.0001767     4.52E+07     2.1026E+05    
   3.53E+07     0.99755      0.00017652    3.53E+07     0.00017652    4.53E+07     2.1067E+05    
   3.54E+07     0.99755      0.00017584    3.54E+07     0.00017584    4.54E+07     2.1138E+05    
   3.55E+07     0.99754      0.00017549    3.55E+07     0.00017549    4.55E+07     2.1205E+05    
   3.56E+07     0.99753      0.00017491    3.56E+07     0.00017491    4.56E+07     2.1268E+05    
   3.57E+07     0.99753      0.00017423    3.57E+07     0.00017423    4.57E+07     2.122E+05     
   3.58E+07     0.99754      0.00017368    3.58E+07     0.00017368    4.58E+07     2.1214E+05    
   3.59E+07     0.99753      0.00017322    3.59E+07     0.00017322    4.59E+07     2.124E+05     
   3.6E+07      0.99754      0.00017297    3.6E+07      0.00017297    4.6E+07      2.1302E+05    
   3.61E+07     0.99755      0.00017238    3.61E+07     0.00017238    4.61E+07     2.1345E+05    
   3.62E+07     0.99754      0.00017219    3.62E+07     0.00017219    4.62E+07     2.1412E+05    
   3.63E+07     0.99753      0.00017154    3.63E+07     0.00017154    4.63E+07     2.1441E+05    
   3.64E+07     0.99753      0.00017107    3.64E+07     0.00017107    4.64E+07     2.1512E+05    
   3.65E+07     0.99753      0.0001705     3.65E+07     0.0001705     4.65E+07     2.1442E+05    
   3.66E+07     0.99753      0.00016986    3.66E+07     0.00016986    4.66E+07     2.1506E+05    
   3.67E+07     0.99754      0.00016957    3.67E+07     0.00016957    4.67E+07     2.1438E+05    
   3.68E+07     0.99756      0.00016954    3.68E+07     0.00016954    4.68E+07     2.1449E+05    
   3.69E+07     0.99755      0.00016892    3.69E+07     0.00016892    4.69E+07     2.1478E+05    
   3.7E+07      0.99757      0.00016877    3.7E+07      0.00016877    4.7E+07      2.1434E+05    
   3.71E+07     0.99756      0.00016817    3.71E+07     0.00016817    4.71E+07     2.144E+05     
   3.72E+07     0.99757      0.00016782    3.72E+07     0.00016782    4.72E+07     2.1491E+05    
   3.73E+07     0.99758      0.00016732    3.73E+07     0.00016732    4.73E+07     2.1505E+05    
   3.74E+07     0.99759      0.00016705    3.74E+07     0.00016705    4.74E+07     2.157E+05     
   3.75E+07     0.9976       0.00016682    3.75E+07     0.00016682    4.75E+07     2.1472E+05    
   3.76E+07     0.9976       0.00016623    3.76E+07     0.00016623    4.76E+07     2.1425E+05    
   3.77E+07     0.99759      0.00016624    3.77E+07     0.00016624    4.77E+07     2.1452E+05    
   3.78E+07     0.99759      0.00016565    3.78E+07     0.00016565    4.78E+07     2.1332E+05    
   3.79E+07     0.99758      0.00016527    3.79E+07     0.00016527    4.79E+07     2.1392E+05    
   3.8E+07      0.99759      0.00016481    3.8E+07      0.00016481    4.8E+07      2.1434E+05    
   3.81E+07     0.9976       0.00016487    3.81E+07     0.00016487    4.81E+07     2.1426E+05    
   3.82E+07     0.99761      0.00016475    3.82E+07     0.00016475    4.82E+07     2.136E+05     
   3.83E+07     0.9976       0.00016445    3.83E+07     0.00016445    4.83E+07     2.1351E+05    
   3.84E+07     0.9976       0.000164      3.84E+07     0.000164      4.84E+07     2.1246E+05    
   3.85E+07     0.9976       0.00016345    3.85E+07     0.00016345    4.85E+07     2.1313E+05    
   3.86E+07     0.99759      0.00016301    3.86E+07     0.00016301    4.86E+07     2.1058E+05    
   3.87E+07     0.99759      0.00016245    3.87E+07     0.00016245    4.87E+07     2.111E+05     
   3.88E+07     0.9976       0.00016211    3.88E+07     0.00016211    4.88E+07     2.1141E+05    
   3.89E+07     0.99761      0.00016181    3.89E+07     0.00016181    4.89E+07     2.1167E+05    
   3.9E+07      0.9976       0.0001615     3.9E+07      0.0001615     4.9E+07      2.1217E+05    
   3.91E+07     0.99759      0.00016109    3.91E+07     0.00016109    4.91E+07     2.1274E+05    
   3.92E+07     0.9976       0.00016064    3.92E+07     0.00016064    4.92E+07     2.0986E+05    
   3.93E+07     0.9976       0.0001601     3.93E+07     0.0001601     4.93E+07     2.0949E+05    
   3.94E+07     0.9976       0.00015957    3.94E+07     0.00015957    4.94E+07     2.1003E+05    
   3.95E+07     0.99761      0.00015946    3.95E+07     0.00015946    4.95E+07     2.106E+05     
   3.96E+07     0.99759      0.00015994    3.96E+07     0.00015994    4.96E+07     2.1018E+05    
   3.97E+07     0.99761      0.00016035    3.97E+07     0.00016035    4.97E+07     2.1064E+05    
   3.98E+07     0.99762      0.00016014    3.98E+07     0.00016014    4.98E+07     2.1119E+05    
   3.99E+07     0.99762      0.00015961    3.99E+07     0.00015961    4.99E+07     2.0919E+05    
   4E+07        0.99763      0.00015959    4E+07        0.00015959    5E+07        2.0946E+05    
   4.01E+07     0.99763      0.00015907    4.01E+07     0.00015907    5.01E+07     2.1002E+05    
   4.02E+07     0.99764      0.00015879    4.02E+07     0.00015879    5.02E+07     2.1019E+05    
   4.03E+07     0.99763      0.00015863    4.03E+07     0.00015863    5.03E+07     2.1081E+05    
   4.04E+07     0.99762      0.00015812    4.04E+07     0.00015812    5.04E+07     2.1055E+05    
   4.05E+07     0.99763      0.00015761    4.05E+07     0.00015761    5.05E+07     2.111E+05     
   4.06E+07     0.99763      0.00015737    4.06E+07     0.00015737    5.06E+07     2.0981E+05    
   4.07E+07     0.99763      0.00015686    4.07E+07     0.00015686    5.07E+07     2.0986E+05    
   4.08E+07     0.99764      0.00015653    4.08E+07     0.00015653    5.08E+07     2.104E+05     
   4.09E+07     0.99764      0.00015605    4.09E+07     0.00015605    5.09E+07     2.1089E+05    
   4.1E+07      0.99764      0.00015556    4.1E+07      0.00015556    5.1E+07      2.1062E+05    
   4.11E+07     0.99765      0.00015541    4.11E+07     0.00015541    5.11E+07     2.1123E+05    
   4.12E+07     0.99766      0.00015553    4.12E+07     0.00015553    5.12E+07     2.1135E+05    
   4.13E+07     0.99766      0.00015512    4.13E+07     0.00015512    5.13E+07     2.1126E+05    
   4.14E+07     0.99767      0.00015532    4.14E+07     0.00015532    5.14E+07     2.1177E+05    
   4.15E+07     0.99767      0.00015484    4.15E+07     0.00015484    5.15E+07     2.1209E+05    
   4.16E+07     0.99767      0.00015449    4.16E+07     0.00015449    5.16E+07     2.1031E+05    
   4.17E+07     0.99767      0.00015404    4.17E+07     0.00015404    5.17E+07     2.1073E+05    
   4.18E+07     0.99768      0.00015392    4.18E+07     0.00015392    5.18E+07     2.1117E+05    
   4.19E+07     0.99769      0.00015408    4.19E+07     0.00015408    5.19E+07     2.1174E+05    
   4.2E+07      0.99769      0.0001536     4.2E+07      0.0001536     5.2E+07      2.1225E+05    
   4.21E+07     0.99768      0.00015344    4.21E+07     0.00015344    5.21E+07     2.1281E+05    
   4.22E+07     0.99769      0.000153      4.22E+07     0.000153      5.22E+07     2.1332E+05    
   4.23E+07     0.99769      0.00015254    4.23E+07     0.00015254    5.23E+07     2.1392E+05    
   4.24E+07     0.99768      0.00015213    4.24E+07     0.00015213    5.24E+07     2.1449E+05    
   4.25E+07     0.99769      0.00015177    4.25E+07     0.00015177    5.25E+07     2.1486E+05    
   4.26E+07     0.99768      0.00015195    4.26E+07     0.00015195    5.26E+07     2.1541E+05    
   4.27E+07     0.99768      0.00015169    4.27E+07     0.00015169    5.27E+07     2.1591E+05    
   4.28E+07     0.99767      0.00015174    4.28E+07     0.00015174    5.28E+07     2.1574E+05    
   4.29E+07     0.99767      0.00015136    4.29E+07     0.00015136    5.29E+07     2.1615E+05    
   4.3E+07      0.99766      0.00015092    4.3E+07      0.00015092    5.3E+07      2.1668E+05    
   4.31E+07     0.99766      0.00015055    4.31E+07     0.00015055    5.31E+07     2.1264E+05    
   4.32E+07     0.99767      0.00015029    4.32E+07     0.00015029    5.32E+07     2.1273E+05    
   4.33E+07     0.99767      0.00015007    4.33E+07     0.00015007    5.33E+07     2.13E+05      
   4.34E+07     0.99766      0.00015058    4.34E+07     0.00015058    5.34E+07     2.1348E+05    
   4.35E+07     0.99765      0.00015042    4.35E+07     0.00015042    5.35E+07     2.1223E+05    
   4.36E+07     0.99765      0.00014998    4.36E+07     0.00014998    5.36E+07     2.1273E+05    
   4.37E+07     0.99763      0.00015029    4.37E+07     0.00015029    5.37E+07     2.132E+05     
   4.38E+07     0.99763      0.00015003    4.38E+07     0.00015003    5.38E+07     2.1312E+05    
   4.39E+07     0.99762      0.00014964    4.39E+07     0.00014964    5.39E+07     2.1341E+05    
   4.4E+07      0.9976       0.00015036    4.4E+07      0.00015036    5.4E+07      2.1157E+05    
   4.41E+07     0.99761      0.00014994    4.41E+07     0.00014994    5.41E+07     2.1215E+05    
   4.42E+07     0.9976       0.00014953    4.42E+07     0.00014953    5.42E+07     2.1266E+05    
   4.43E+07     0.99762      0.00014961    4.43E+07     0.00014961    5.43E+07     2.1308E+05    
   4.44E+07     0.99762      0.0001492     4.44E+07     0.0001492     5.44E+07     2.1298E+05    
   4.45E+07     0.99762      0.00014881    4.45E+07     0.00014881    5.45E+07     2.1357E+05    
   4.46E+07     0.99761      0.00014853    4.46E+07     0.00014853    5.46E+07     2.14E+05      
   4.47E+07     0.99761      0.00014816    4.47E+07     0.00014816    5.47E+07     2.1366E+05    
   4.48E+07     0.9976       0.00014774    4.48E+07     0.00014774    5.48E+07     2.1395E+05    
   4.49E+07     0.99761      0.00014741    4.49E+07     0.00014741    5.49E+07     2.1434E+05    
   4.5E+07      0.9976       0.00014722    4.5E+07      0.00014722    5.5E+07      2.1462E+05    
   4.51E+07     0.9976       0.0001468     4.51E+07     0.0001468     5.51E+07     2.1518E+05    
   4.52E+07     0.99759      0.00014675    4.52E+07     0.00014675    5.52E+07     2.1542E+05    
   4.53E+07     0.9976       0.00014643    4.53E+07     0.00014643    5.53E+07     2.1484E+05    
   4.54E+07     0.99759      0.00014603    4.54E+07     0.00014603    5.54E+07     2.1444E+05    
   4.55E+07     0.9976       0.00014563    4.55E+07     0.00014563    5.55E+07     2.1499E+05    
   4.56E+07     0.9976       0.00014527    4.56E+07     0.00014527    5.56E+07     2.1557E+05    
   4.57E+07     0.99761      0.00014525    4.57E+07     0.00014525    5.57E+07     2.1603E+05    
   4.58E+07     0.9976       0.00014512    4.58E+07     0.00014512    5.58E+07     2.1614E+05    
   4.59E+07     0.99759      0.00014488    4.59E+07     0.00014488    5.59E+07     2.1638E+05    
   4.6E+07      0.99759      0.00014451    4.6E+07      0.00014451    5.6E+07      2.1696E+05    
   4.61E+07     0.99759      0.0001442     4.61E+07     0.0001442     5.61E+07     2.1706E+05    
   4.62E+07     0.99759      0.00014381    4.62E+07     0.00014381    5.62E+07     2.1705E+05    
   4.63E+07     0.99759      0.00014356    4.63E+07     0.00014356    5.63E+07     2.1754E+05    
   4.64E+07     0.99759      0.00014317    4.64E+07     0.00014317    5.64E+07     2.1694E+05    
   4.65E+07     0.99758      0.00014324    4.65E+07     0.00014324    5.65E+07     2.1697E+05    
   4.66E+07     0.99758      0.00014288    4.66E+07     0.00014288    5.66E+07     2.1724E+05    
   4.67E+07     0.99757      0.00014296    4.67E+07     0.00014296    5.67E+07     2.1773E+05    
   4.68E+07     0.99758      0.00014277    4.68E+07     0.00014277    5.68E+07     2.1722E+05    
   4.69E+07     0.99759      0.00014252    4.69E+07     0.00014252    5.69E+07     2.168E+05     
   4.7E+07      0.99758      0.0001425     4.7E+07      0.0001425     5.7E+07      2.1604E+05    
   4.71E+07     0.99757      0.00014233    4.71E+07     0.00014233    5.71E+07     2.1655E+05    
   4.72E+07     0.99757      0.00014201    4.72E+07     0.00014201    5.72E+07     2.1706E+05    
   4.73E+07     0.99758      0.00014183    4.73E+07     0.00014183    5.73E+07     2.1714E+05    
   4.74E+07     0.99758      0.00014145    4.74E+07     0.00014145    5.74E+07     2.1618E+05    
   4.75E+07     0.99759      0.00014162    4.75E+07     0.00014162    5.75E+07     2.162E+05     
   4.76E+07     0.99758      0.00014164    4.76E+07     0.00014164    5.76E+07     2.1619E+05    
   4.77E+07     0.99758      0.0001414     4.77E+07     0.0001414     5.77E+07     2.1674E+05    
   4.78E+07     0.99759      0.00014164    4.78E+07     0.00014164    5.78E+07     2.1719E+05    
   4.79E+07     0.99759      0.00014128    4.79E+07     0.00014128    5.79E+07     2.1618E+05    
   4.8E+07      0.99759      0.00014101    4.8E+07      0.00014101    5.8E+07      2.1659E+05    
   4.81E+07     0.9976       0.00014088    4.81E+07     0.00014088    5.81E+07     2.1703E+05    
   4.82E+07     0.99759      0.00014094    4.82E+07     0.00014094    5.82E+07     2.1719E+05    
   4.83E+07     0.9976       0.00014083    4.83E+07     0.00014083    5.83E+07     2.1766E+05    
   4.84E+07     0.99759      0.00014103    4.84E+07     0.00014103    5.84E+07     2.1758E+05    
   4.85E+07     0.99759      0.00014067    4.85E+07     0.00014067    5.85E+07     2.1584E+05    
   4.86E+07     0.9976       0.00014135    4.86E+07     0.00014135    5.86E+07     2.1565E+05    
   4.87E+07     0.9976       0.00014103    4.87E+07     0.00014103    5.87E+07     2.1611E+05    
   4.88E+07     0.99759      0.00014078    4.88E+07     0.00014078    5.88E+07     2.1519E+05    
   4.89E+07     0.9976       0.00014055    4.89E+07     0.00014055    5.89E+07     2.1569E+05    
   4.9E+07      0.9976       0.00014024    4.9E+07      0.00014024    5.9E+07      2.1616E+05    
   4.91E+07     0.9976       0.00013991    4.91E+07     0.00013991    5.91E+07     2.1665E+05    
   4.92E+07     0.99758      0.00014072    4.92E+07     0.00014072    5.92E+07     2.1717E+05    
   4.93E+07     0.99757      0.00014071    4.93E+07     0.00014071    5.93E+07     2.1739E+05    
   4.94E+07     0.99757      0.00014037    4.94E+07     0.00014037    5.94E+07     2.1777E+05    
   4.95E+07     0.99758      0.00014005    4.95E+07     0.00014005    5.95E+07     2.1666E+05    
   4.96E+07     0.99757      0.00014004    4.96E+07     0.00014004    5.96E+07     2.1482E+05    
   4.97E+07     0.99756      0.00013976    4.97E+07     0.00013976    5.97E+07     2.1496E+05    
   4.98E+07     0.99756      0.00013942    4.98E+07     0.00013942    5.98E+07     2.1501E+05    
   4.99E+07     0.99758      0.00013995    4.99E+07     0.00013995    5.99E+07     2.1483E+05    
   5E+07        0.99757      0.00013971    5E+07        0.00013971    6E+07        2.1532E+05    
   5.01E+07     0.99757      0.0001394     5.01E+07     0.0001394     6.01E+07     2.1579E+05    
   5.02E+07     0.99756      0.00013918    5.02E+07     0.00013918    6.02E+07     2.1619E+05    
   5.03E+07     0.99756      0.00013884    5.03E+07     0.00013884    6.03E+07     2.1559E+05    
   5.04E+07     0.99755      0.00013879    5.04E+07     0.00013879    6.04E+07     2.1521E+05    
   5.05E+07     0.99755      0.00013848    5.05E+07     0.00013848    6.05E+07     2.1549E+05    
   5.06E+07     0.99754      0.00013875    5.06E+07     0.00013875    6.06E+07     2.1596E+05    
   5.07E+07     0.99755      0.0001386     5.07E+07     0.0001386     6.07E+07     2.1609E+05    
   5.08E+07     0.99754      0.00013827    5.08E+07     0.00013827    6.08E+07     2.1644E+05    
   5.09E+07     0.99755      0.00013798    5.09E+07     0.00013798    6.09E+07     2.166E+05     
   5.1E+07      0.99756      0.00013792    5.1E+07      0.00013792    6.1E+07      2.1644E+05    
   5.11E+07     0.99755      0.00013759    5.11E+07     0.00013759    6.11E+07     2.169E+05     
   5.12E+07     0.99756      0.00013742    5.12E+07     0.00013742    6.12E+07     2.1739E+05    
   5.13E+07     0.99755      0.00013732    5.13E+07     0.00013732    6.13E+07     2.1632E+05    
   5.14E+07     0.99756      0.00013701    5.14E+07     0.00013701    6.14E+07     2.145E+05     
   5.15E+07     0.99755      0.00013677    5.15E+07     0.00013677    6.15E+07     2.1489E+05    
   5.16E+07     0.99757      0.00013722    5.16E+07     0.00013722    6.16E+07     2.1482E+05    
   5.17E+07     0.99757      0.00013695    5.17E+07     0.00013695    6.17E+07     2.1517E+05    
   5.18E+07     0.99757      0.00013666    5.18E+07     0.00013666    6.18E+07     2.1561E+05    
   5.19E+07     0.99756      0.00013635    5.19E+07     0.00013635    6.19E+07     2.1526E+05    
   5.2E+07      0.99756      0.00013606    5.2E+07      0.00013606    6.2E+07      2.1496E+05    
   5.21E+07     0.99756      0.00013574    5.21E+07     0.00013574    6.21E+07     2.1542E+05    
   5.22E+07     0.99756      0.00013544    5.22E+07     0.00013544    6.22E+07     2.1521E+05    
   5.23E+07     0.99756      0.00013512    5.23E+07     0.00013512    6.23E+07     2.1561E+05    
   5.24E+07     0.99756      0.00013482    5.24E+07     0.00013482    6.24E+07     2.1591E+05    
   5.25E+07     0.99757      0.00013457    5.25E+07     0.00013457    6.25E+07     2.1617E+05    
   5.26E+07     0.99757      0.00013426    5.26E+07     0.00013426    6.26E+07     2.1606E+05    
   5.27E+07     0.99757      0.00013398    5.27E+07     0.00013398    6.27E+07     2.1649E+05    
   5.28E+07     0.99758      0.00013391    5.28E+07     0.00013391    6.28E+07     2.166E+05     
   5.29E+07     0.99757      0.00013366    5.29E+07     0.00013366    6.29E+07     2.1702E+05    
   5.3E+07      0.99758      0.00013336    5.3E+07      0.00013336    6.3E+07      2.1652E+05    
   5.31E+07     0.99756      0.0001345     5.31E+07     0.0001345     6.31E+07     2.1671E+05    
   5.32E+07     0.99756      0.00013434    5.32E+07     0.00013434    6.32E+07     2.1717E+05    
   5.33E+07     0.99757      0.00013413    5.33E+07     0.00013413    6.33E+07     2.1763E+05    
   5.34E+07     0.99757      0.00013385    5.34E+07     0.00013385    6.34E+07     2.1788E+05    
   5.35E+07     0.99756      0.00013412    5.35E+07     0.00013412    6.35E+07     2.1809E+05    
   5.36E+07     0.99756      0.00013384    5.36E+07     0.00013384    6.36E+07     2.1848E+05    
   5.37E+07     0.99756      0.00013357    5.37E+07     0.00013357    6.37E+07     2.1878E+05    
   5.38E+07     0.99756      0.00013345    5.38E+07     0.00013345    6.38E+07     2.1908E+05    
   5.39E+07     0.99756      0.00013325    5.39E+07     0.00013325    6.39E+07     2.1922E+05    
   5.4E+07      0.99758      0.0001337     5.4E+07      0.0001337     6.4E+07      2.1966E+05    
   5.41E+07     0.99758      0.0001334     5.41E+07     0.0001334     6.41E+07     2.2001E+05    
   5.42E+07     0.99758      0.0001331     5.42E+07     0.0001331     6.42E+07     2.2042E+05    
   5.43E+07     0.99757      0.00013285    5.43E+07     0.00013285    6.43E+07     2.2077E+05    
   5.44E+07     0.99756      0.00013276    5.44E+07     0.00013276    6.44E+07     2.2116E+05    
   5.45E+07     0.99756      0.00013246    5.45E+07     0.00013246    6.45E+07     2.2131E+05    
   5.46E+07     0.99757      0.00013218    5.46E+07     0.00013218    6.46E+07     2.2178E+05    
   5.47E+07     0.99758      0.00013217    5.47E+07     0.00013217    6.47E+07     2.2128E+05    
   5.48E+07     0.99758      0.00013197    5.48E+07     0.00013197    6.48E+07     2.2138E+05    
   5.49E+07     0.99758      0.00013173    5.49E+07     0.00013173    6.49E+07     2.2163E+05    
   5.5E+07      0.99758      0.00013151    5.5E+07      0.00013151    6.5E+07      2.2211E+05    
   5.51E+07     0.99758      0.00013122    5.51E+07     0.00013122    6.51E+07     2.2225E+05    
   5.52E+07     0.99758      0.00013103    5.52E+07     0.00013103    6.52E+07     2.2153E+05    
   5.53E+07     0.99758      0.00013109    5.53E+07     0.00013109    6.53E+07     2.2196E+05    
   5.54E+07     0.99758      0.00013109    5.54E+07     0.00013109    6.54E+07     2.214E+05     
   5.55E+07     0.99758      0.0001308     5.55E+07     0.0001308     6.55E+07     2.2164E+05    
   5.56E+07     0.99758      0.00013051    5.56E+07     0.00013051    6.56E+07     2.2158E+05    
   5.57E+07     0.99758      0.00013026    5.57E+07     0.00013026    6.57E+07     2.2202E+05    
   5.58E+07     0.99757      0.00013009    5.58E+07     0.00013009    6.58E+07     2.2202E+05    
   5.59E+07     0.99758      0.0001299     5.59E+07     0.0001299     6.59E+07     2.2168E+05    
   5.6E+07      0.99758      0.00012962    5.6E+07      0.00012962    6.6E+07      2.2212E+05    
   5.61E+07     0.99759      0.00012948    5.61E+07     0.00012948    6.61E+07     2.2248E+05    
   5.62E+07     0.99758      0.00012936    5.62E+07     0.00012936    6.62E+07     2.2281E+05    
   5.63E+07     0.99758      0.00012909    5.63E+07     0.00012909    6.63E+07     2.2315E+05    
   5.64E+07     0.99757      0.00012916    5.64E+07     0.00012916    6.64E+07     2.2321E+05    
   5.65E+07     0.99756      0.00012904    5.65E+07     0.00012904    6.65E+07     2.2129E+05    
   5.66E+07     0.99756      0.00012884    5.66E+07     0.00012884    6.66E+07     2.2168E+05    
   5.67E+07     0.99756      0.00012859    5.67E+07     0.00012859    6.67E+07     2.2196E+05    
   5.68E+07     0.99757      0.00012863    5.68E+07     0.00012863    6.68E+07     2.2231E+05    
   5.69E+07     0.99758      0.00012864    5.69E+07     0.00012864    6.69E+07     2.2267E+05    
   5.7E+07      0.99757      0.00012873    5.7E+07      0.00012873    6.7E+07      2.2312E+05    
   5.71E+07     0.99757      0.00012847    5.71E+07     0.00012847    6.71E+07     2.2336E+05    
   5.72E+07     0.99757      0.00012821    5.72E+07     0.00012821    6.72E+07     2.2175E+05    
   5.73E+07     0.99756      0.00012808    5.73E+07     0.00012808    6.73E+07     2.2222E+05    
   5.74E+07     0.99757      0.00012823    5.74E+07     0.00012823    6.74E+07     2.2265E+05    
   5.75E+07     0.99757      0.00012812    5.75E+07     0.00012812    6.75E+07     2.2311E+05    
   5.76E+07     0.99757      0.00012801    5.76E+07     0.00012801    6.76E+07     2.2302E+05    
   5.77E+07     0.99758      0.00012774    5.77E+07     0.00012774    6.77E+07     2.2176E+05    
   5.78E+07     0.99758      0.0001275     5.78E+07     0.0001275     6.78E+07     2.2199E+05    
   5.79E+07     0.99757      0.00012768    5.79E+07     0.00012768    6.79E+07     2.2244E+05    
   5.8E+07      0.99757      0.00012745    5.8E+07      0.00012745    6.8E+07      2.2287E+05    
   5.81E+07     0.99757      0.00012722    5.81E+07     0.00012722    6.81E+07     2.2307E+05    
   5.82E+07     0.99756      0.00012706    5.82E+07     0.00012706    6.82E+07     2.2342E+05    
   5.83E+07     0.99756      0.0001268     5.83E+07     0.0001268     6.83E+07     2.2384E+05    
   5.84E+07     0.99757      0.00012672    5.84E+07     0.00012672    6.84E+07     2.2426E+05    
   5.85E+07     0.99756      0.00012712    5.85E+07     0.00012712    6.85E+07     2.247E+05     
   5.86E+07     0.99756      0.00012707    5.86E+07     0.00012707    6.86E+07     2.2384E+05    
   5.87E+07     0.99756      0.00012681    5.87E+07     0.00012681    6.87E+07     2.2428E+05    
   5.88E+07     0.99755      0.00012698    5.88E+07     0.00012698    6.88E+07     2.247E+05     
   5.89E+07     0.99755      0.00012672    5.89E+07     0.00012672    6.89E+07     2.2508E+05    
   5.9E+07      0.99755      0.00012649    5.9E+07      0.00012649    6.9E+07      2.2197E+05    
   5.91E+07     0.99755      0.00012623    5.91E+07     0.00012623    6.91E+07     2.2129E+05    
   5.92E+07     0.99755      0.00012598    5.92E+07     0.00012598    6.92E+07     2.2136E+05    
   5.93E+07     0.99755      0.00012581    5.93E+07     0.00012581    6.93E+07     2.2178E+05    
   5.94E+07     0.99755      0.0001256     5.94E+07     0.0001256     6.94E+07     2.2128E+05    
   5.95E+07     0.99753      0.0001258     5.95E+07     0.0001258     6.95E+07     2.2153E+05    
   5.96E+07     0.99752      0.00012623    5.96E+07     0.00012623    6.96E+07     2.1848E+05    
   5.97E+07     0.99753      0.00012609    5.97E+07     0.00012609    6.97E+07     2.1873E+05    
   5.98E+07     0.99753      0.00012597    5.98E+07     0.00012597    6.98E+07     2.1889E+05    
   5.99E+07     0.99754      0.00012591    5.99E+07     0.00012591    6.99E+07     2.1931E+05    
   6E+07        0.99754      0.00012566    6E+07        0.00012566    7E+07        2.1941E+05    
   6.01E+07     0.99754      0.00012542    6.01E+07     0.00012542    7.01E+07     2.1895E+05    
   6.02E+07     0.99754      0.0001252     6.02E+07     0.0001252     7.02E+07     2.1894E+05    
   6.03E+07     0.99753      0.00012527    6.03E+07     0.00012527    7.03E+07     2.1896E+05    
   6.04E+07     0.99754      0.00012527    6.04E+07     0.00012527    7.04E+07     2.1789E+05    
   6.05E+07     0.99754      0.00012509    6.05E+07     0.00012509    7.05E+07     2.1829E+05    
   6.06E+07     0.99754      0.00012486    6.06E+07     0.00012486    7.06E+07     2.1864E+05    
   6.07E+07     0.99754      0.00012471    6.07E+07     0.00012471    7.07E+07     2.1801E+05    
   6.08E+07     0.99753      0.0001245     6.08E+07     0.0001245     7.08E+07     2.18E+05      
   6.09E+07     0.99753      0.00012436    6.09E+07     0.00012436    7.09E+07     2.1843E+05    
   6.1E+07      0.99752      0.0001243     6.1E+07      0.0001243     7.1E+07      2.1863E+05    
   6.11E+07     0.99752      0.00012406    6.11E+07     0.00012406    7.11E+07     2.1855E+05    
   6.12E+07     0.99752      0.00012382    6.12E+07     0.00012382    7.12E+07     2.1893E+05    
   6.13E+07     0.99751      0.00012403    6.13E+07     0.00012403    7.13E+07     2.1803E+05    
   6.14E+07     0.9975       0.00012445    6.14E+07     0.00012445    7.14E+07     2.1843E+05    
   6.15E+07     0.9975       0.00012423    6.15E+07     0.00012423    7.15E+07     2.1867E+05    
   6.16E+07     0.99749      0.00012415    6.16E+07     0.00012415    7.16E+07     2.1878E+05    
   6.17E+07     0.9975       0.00012396    6.17E+07     0.00012396    7.17E+07     2.1916E+05    
   6.18E+07     0.9975       0.00012373    6.18E+07     0.00012373    7.18E+07     2.1935E+05    
   6.19E+07     0.99751      0.00012373    6.19E+07     0.00012373    7.19E+07     2.1965E+05    
   6.2E+07      0.99751      0.00012372    6.2E+07      0.00012372    7.2E+07      2.2005E+05    
   6.21E+07     0.99751      0.00012348    6.21E+07     0.00012348    7.21E+07     2.2029E+05    
   6.22E+07     0.99752      0.00012345    6.22E+07     0.00012345    7.22E+07     2.1968E+05    
   6.23E+07     0.99752      0.00012322    6.23E+07     0.00012322    7.23E+07     2.1867E+05    
   6.24E+07     0.99752      0.00012305    6.24E+07     0.00012305    7.24E+07     2.1905E+05    
   6.25E+07     0.99752      0.00012287    6.25E+07     0.00012287    7.25E+07     2.1893E+05    
   6.26E+07     0.99751      0.00012281    6.26E+07     0.00012281    7.26E+07     2.1934E+05    
   6.27E+07     0.99751      0.00012258    6.27E+07     0.00012258    7.27E+07     2.1887E+05    
   6.28E+07     0.99752      0.00012246    6.28E+07     0.00012246    7.28E+07     2.1916E+05    
   6.29E+07     0.99752      0.00012225    6.29E+07     0.00012225    7.29E+07     2.1951E+05    
   6.3E+07      0.99752      0.00012229    6.3E+07      0.00012229    7.3E+07      2.1947E+05    
   6.31E+07     0.99752      0.00012213    6.31E+07     0.00012213    7.31E+07     2.1918E+05    
   6.32E+07     0.99752      0.00012191    6.32E+07     0.00012191    7.32E+07     2.1903E+05    
   6.33E+07     0.99752      0.00012169    6.33E+07     0.00012169    7.33E+07     2.194E+05     
   6.34E+07     0.99753      0.00012152    6.34E+07     0.00012152    7.34E+07     2.1848E+05    
   6.35E+07     0.99753      0.00012137    6.35E+07     0.00012137    7.35E+07     2.1886E+05    
   6.36E+07     0.99753      0.00012115    6.36E+07     0.00012115    7.36E+07     2.1919E+05    
   6.37E+07     0.99752      0.00012098    6.37E+07     0.00012098    7.37E+07     2.1952E+05    
   6.38E+07     0.99753      0.0001208     6.38E+07     0.0001208     7.38E+07     2.1988E+05    
   6.39E+07     0.99753      0.00012067    6.39E+07     0.00012067    7.39E+07     2.2029E+05    
   6.4E+07      0.99753      0.00012045    6.4E+07      0.00012045    7.4E+07      2.2061E+05    
   6.41E+07     0.99754      0.00012027    6.41E+07     0.00012027    7.41E+07     2.21E+05      
   6.42E+07     0.99754      0.00012006    6.42E+07     0.00012006    7.42E+07     2.1994E+05    
   6.43E+07     0.99754      0.00011986    6.43E+07     0.00011986    7.43E+07     2.2031E+05    
   6.44E+07     0.99754      0.00011966    6.44E+07     0.00011966    7.44E+07     2.204E+05     
   6.45E+07     0.99753      0.00011953    6.45E+07     0.00011953    7.45E+07     2.2048E+05    
   6.46E+07     0.99753      0.00011932    6.46E+07     0.00011932    7.46E+07     2.2082E+05    
   6.47E+07     0.99752      0.00011936    6.47E+07     0.00011936    7.47E+07     2.2105E+05    
   6.48E+07     0.99752      0.00011924    6.48E+07     0.00011924    7.48E+07     2.2138E+05    
   6.49E+07     0.99752      0.00011908    6.49E+07     0.00011908    7.49E+07     2.2155E+05    
   6.5E+07      0.99752      0.00011886    6.5E+07      0.00011886    7.5E+07      2.2179E+05    
   6.51E+07     0.99751      0.00011873    6.51E+07     0.00011873    7.51E+07     2.1958E+05    
   6.52E+07     0.99752      0.00011883    6.52E+07     0.00011883    7.52E+07     2.1994E+05    
   6.53E+07     0.99752      0.00011862    6.53E+07     0.00011862    7.53E+07     2.2029E+05    
   6.54E+07     0.99753      0.00011869    6.54E+07     0.00011869    7.54E+07     2.1893E+05    
   6.55E+07     0.99752      0.00011853    6.55E+07     0.00011853    7.55E+07     2.1891E+05    
   6.56E+07     0.99752      0.00011846    6.56E+07     0.00011846    7.56E+07     2.1889E+05    
   6.57E+07     0.99752      0.00011825    6.57E+07     0.00011825    7.57E+07     2.1918E+05    
   6.58E+07     0.99753      0.00011817    6.58E+07     0.00011817    7.58E+07     2.1921E+05    
   6.59E+07     0.99753      0.00011817    6.59E+07     0.00011817    7.59E+07     2.1868E+05    
   6.6E+07      0.99753      0.00011796    6.6E+07      0.00011796    7.6E+07      2.1906E+05    
   6.61E+07     0.99753      0.00011778    6.61E+07     0.00011778    7.61E+07     2.1888E+05    
   6.62E+07     0.99754      0.0001176     6.62E+07     0.0001176     7.62E+07     2.1888E+05    
   6.63E+07     0.99753      0.00011743    6.63E+07     0.00011743    7.63E+07     2.1913E+05    
   6.64E+07     0.99753      0.00011731    6.64E+07     0.00011731    7.64E+07     2.1949E+05    
   6.65E+07     0.99754      0.00011774    6.65E+07     0.00011774    7.65E+07     2.1949E+05    
   6.66E+07     0.99754      0.00011754    6.66E+07     0.00011754    7.66E+07     2.1805E+05    
   6.67E+07     0.99754      0.00011738    6.67E+07     0.00011738    7.67E+07     2.1735E+05    
   6.68E+07     0.99754      0.00011719    6.68E+07     0.00011719    7.68E+07     2.1746E+05    
   6.69E+07     0.99754      0.00011701    6.69E+07     0.00011701    7.69E+07     2.1656E+05    
   6.7E+07      0.99754      0.00011681    6.7E+07      0.00011681    7.7E+07      2.1633E+05    
   6.71E+07     0.99754      0.00011666    6.71E+07     0.00011666    7.71E+07     2.1666E+05    
   6.72E+07     0.99753      0.00011698    6.72E+07     0.00011698    7.72E+07     2.169E+05     
   6.73E+07     0.99753      0.00011678    6.73E+07     0.00011678    7.73E+07     2.1678E+05    
   6.74E+07     0.99753      0.00011658    6.74E+07     0.00011658    7.74E+07     2.1714E+05    
   6.75E+07     0.99753      0.00011638    6.75E+07     0.00011638    7.75E+07     2.1751E+05    
   6.76E+07     0.99753      0.0001163     6.76E+07     0.0001163     7.76E+07     2.1766E+05    
   6.77E+07     0.99754      0.00011655    6.77E+07     0.00011655    7.77E+07     2.1689E+05    
   6.78E+07     0.99754      0.0001164     6.78E+07     0.0001164     7.78E+07     2.1697E+05    
   6.79E+07     0.99754      0.0001162     6.79E+07     0.0001162     7.79E+07     2.1709E+05    
   6.8E+07      0.99754      0.000116      6.8E+07      0.000116      7.8E+07      2.174E+05     
   6.81E+07     0.99755      0.00011586    6.81E+07     0.00011586    7.81E+07     2.1775E+05    
   6.82E+07     0.99755      0.00011569    6.82E+07     0.00011569    7.82E+07     2.1802E+05    
   6.83E+07     0.99755      0.00011549    6.83E+07     0.00011549    7.83E+07     2.1834E+05    
   6.84E+07     0.99755      0.0001153     6.84E+07     0.0001153     7.84E+07     2.1839E+05    
   6.85E+07     0.99755      0.0001151     6.85E+07     0.0001151     7.85E+07     2.1871E+05    
   6.86E+07     0.99756      0.00011524    6.86E+07     0.00011524    7.86E+07     2.1905E+05    
   6.87E+07     0.99756      0.00011504    6.87E+07     0.00011504    7.87E+07     2.1939E+05    
   6.88E+07     0.99756      0.00011485    6.88E+07     0.00011485    7.88E+07     2.197E+05     
   6.89E+07     0.99756      0.00011467    6.89E+07     0.00011467    7.89E+07     2.1978E+05    
   6.9E+07      0.99755      0.00011539    6.9E+07      0.00011539    7.9E+07      2.1996E+05    
   6.91E+07     0.99754      0.00011548    6.91E+07     0.00011548    7.91E+07     2.1999E+05    
   6.92E+07     0.99754      0.00011537    6.92E+07     0.00011537    7.92E+07     2.2029E+05    
   6.93E+07     0.99754      0.00011519    6.93E+07     0.00011519    7.93E+07     2.2038E+05    
   6.94E+07     0.99753      0.00011523    6.94E+07     0.00011523    7.94E+07     2.1931E+05    
   6.95E+07     0.99754      0.00011509    6.95E+07     0.00011509    7.95E+07     2.1961E+05    
   6.96E+07     0.99755      0.00011579    6.96E+07     0.00011579    7.96E+07     2.199E+05     
   6.97E+07     0.99755      0.00011564    6.97E+07     0.00011564    7.97E+07     2.2006E+05    
   6.98E+07     0.99756      0.00011552    6.98E+07     0.00011552    7.98E+07     2.2043E+05    
   6.99E+07     0.99756      0.00011533    6.99E+07     0.00011533    7.99E+07     2.2039E+05    
   7E+07        0.99756      0.00011521    7E+07        0.00011521    8E+07        2.2061E+05    
   7.01E+07     0.99755      0.00011525    7.01E+07     0.00011525    8.01E+07     2.2091E+05    
   7.02E+07     0.99754      0.00011517    7.02E+07     0.00011517    8.02E+07     2.2123E+05    
   7.03E+07     0.99755      0.00011509    7.03E+07     0.00011509    8.03E+07     2.2068E+05    
   7.04E+07     0.99754      0.00011527    7.04E+07     0.00011527    8.04E+07     2.207E+05     
   7.05E+07     0.99754      0.00011509    7.05E+07     0.00011509    8.05E+07     2.2097E+05    
   7.06E+07     0.99754      0.00011491    7.06E+07     0.00011491    8.06E+07     2.2111E+05    
   7.07E+07     0.99753      0.000115      7.07E+07     0.000115      8.07E+07     2.2141E+05    
   7.08E+07     0.99752      0.00011491    7.08E+07     0.00011491    8.08E+07     2.212E+05     
   7.09E+07     0.99752      0.00011472    7.09E+07     0.00011472    8.09E+07     2.2147E+05    
   7.1E+07      0.99753      0.00011459    7.1E+07      0.00011459    8.1E+07      2.2162E+05    
   7.11E+07     0.99753      0.00011453    7.11E+07     0.00011453    8.11E+07     2.2186E+05    
   7.12E+07     0.99753      0.00011434    7.12E+07     0.00011434    8.12E+07     2.2222E+05    
   7.13E+07     0.99752      0.0001145     7.13E+07     0.0001145     8.13E+07     2.2243E+05    
   7.14E+07     0.99752      0.00011432    7.14E+07     0.00011432    8.14E+07     2.2252E+05    
   7.15E+07     0.99752      0.00011418    7.15E+07     0.00011418    8.15E+07     2.2276E+05    
   7.16E+07     0.99752      0.00011407    7.16E+07     0.00011407    8.16E+07     2.2263E+05    
   7.17E+07     0.99752      0.00011389    7.17E+07     0.00011389    8.17E+07     2.2298E+05    
   7.18E+07     0.99752      0.00011376    7.18E+07     0.00011376    8.18E+07     2.2198E+05    
   7.19E+07     0.99752      0.00011361    7.19E+07     0.00011361    8.19E+07     2.2189E+05    
   7.2E+07      0.99752      0.00011343    7.2E+07      0.00011343    8.2E+07      2.217E+05     
   7.21E+07     0.99751      0.00011328    7.21E+07     0.00011328    8.21E+07     2.2191E+05    
   7.22E+07     0.99751      0.00011336    7.22E+07     0.00011336    8.22E+07     2.2186E+05    
   7.23E+07     0.99751      0.00011354    7.23E+07     0.00011354    8.23E+07     2.2206E+05    
   7.24E+07     0.99751      0.00011337    7.24E+07     0.00011337    8.24E+07     2.2236E+05    
   7.25E+07     0.99751      0.00011331    7.25E+07     0.00011331    8.25E+07     2.2185E+05    
   7.26E+07     0.99751      0.00011313    7.26E+07     0.00011313    8.26E+07     2.221E+05     
   7.27E+07     0.9975       0.00011317    7.27E+07     0.00011317    8.27E+07     2.2207E+05    
   7.28E+07     0.9975       0.00011303    7.28E+07     0.00011303    8.28E+07     2.2229E+05    
   7.29E+07     0.9975       0.00011285    7.29E+07     0.00011285    8.29E+07     2.2264E+05    
   7.3E+07      0.9975       0.00011279    7.3E+07      0.00011279    8.3E+07      2.2291E+05    
   7.31E+07     0.99749      0.00011279    7.31E+07     0.00011279    8.31E+07     2.2279E+05    
   7.32E+07     0.99749      0.00011275    7.32E+07     0.00011275    8.32E+07     2.2271E+05    
   7.33E+07     0.99749      0.00011257    7.33E+07     0.00011257    8.33E+07     2.2271E+05    
   7.34E+07     0.9975       0.00011273    7.34E+07     0.00011273    8.34E+07     2.2301E+05    
   7.35E+07     0.99749      0.00011256    7.35E+07     0.00011256    8.35E+07     2.2325E+05    
   7.36E+07     0.9975       0.00011239    7.36E+07     0.00011239    8.36E+07     2.2343E+05    
   7.37E+07     0.9975       0.00011223    7.37E+07     0.00011223    8.37E+07     2.2376E+05    
   7.38E+07     0.9975       0.00011207    7.38E+07     0.00011207    8.38E+07     2.2399E+05    
   7.39E+07     0.9975       0.00011189    7.39E+07     0.00011189    8.39E+07     2.2318E+05    
   7.4E+07      0.9975       0.00011174    7.4E+07      0.00011174    8.4E+07      2.2291E+05    
   7.41E+07     0.9975       0.00011157    7.41E+07     0.00011157    8.41E+07     2.2326E+05    
   7.42E+07     0.99749      0.00011173    7.42E+07     0.00011173    8.42E+07     2.2263E+05    
   7.43E+07     0.99749      0.00011157    7.43E+07     0.00011157    8.43E+07     2.2297E+05    
   7.44E+07     0.99748      0.00011147    7.44E+07     0.00011147    8.44E+07     2.2291E+05    
   7.45E+07     0.99748      0.00011137    7.45E+07     0.00011137    8.45E+07     2.2213E+05    
   7.46E+07     0.99748      0.00011121    7.46E+07     0.00011121    8.46E+07     2.2243E+05    
   7.47E+07     0.99748      0.00011108    7.47E+07     0.00011108    8.47E+07     2.2257E+05    
   7.48E+07     0.99748      0.00011092    7.48E+07     0.00011092    8.48E+07     2.2282E+05    
   7.49E+07     0.99747      0.0001108     7.49E+07     0.0001108     8.49E+07     2.2187E+05    
   7.5E+07      0.99747      0.00011066    7.5E+07      0.00011066    8.5E+07      2.2217E+05    
   7.51E+07     0.99746      0.00011115    7.51E+07     0.00011115    8.51E+07     2.2235E+05    
   7.52E+07     0.99746      0.00011099    7.52E+07     0.00011099    8.52E+07     2.2269E+05    
   7.53E+07     0.99746      0.00011082    7.53E+07     0.00011082    8.53E+07     2.2289E+05    
   7.54E+07     0.99747      0.00011109    7.54E+07     0.00011109    8.54E+07     2.2299E+05    
   7.55E+07     0.99747      0.00011102    7.55E+07     0.00011102    8.55E+07     2.2325E+05    
   7.56E+07     0.99747      0.00011096    7.56E+07     0.00011096    8.56E+07     2.2341E+05    
   7.57E+07     0.99747      0.0001108     7.57E+07     0.0001108     8.57E+07     2.2297E+05    
   7.58E+07     0.99747      0.00011073    7.58E+07     0.00011073    8.58E+07     2.2328E+05    
   7.59E+07     0.99748      0.00011079    7.59E+07     0.00011079    8.59E+07     2.2353E+05    
   7.6E+07      0.99748      0.00011062    7.6E+07      0.00011062    8.6E+07      2.238E+05     
   7.61E+07     0.99749      0.0001106     7.61E+07     0.0001106     8.61E+07     2.2252E+05    
   7.62E+07     0.99749      0.00011053    7.62E+07     0.00011053    8.62E+07     2.2245E+05    
   7.63E+07     0.9975       0.00011039    7.63E+07     0.00011039    8.63E+07     2.2248E+05    
   7.64E+07     0.9975       0.00011023    7.64E+07     0.00011023    8.64E+07     2.2279E+05    
   7.65E+07     0.99749      0.00011015    7.65E+07     0.00011015    8.65E+07     2.2313E+05    
   7.66E+07     0.99748      0.00011044    7.66E+07     0.00011044    8.66E+07     2.2327E+05    
   7.67E+07     0.99747      0.00011055    7.67E+07     0.00011055    8.67E+07     2.2257E+05    
   7.68E+07     0.99748      0.00011045    7.68E+07     0.00011045    8.68E+07     2.2276E+05    
   7.69E+07     0.99749      0.0001106     7.69E+07     0.0001106     8.69E+07     2.2193E+05    
   7.7E+07      0.99748      0.00011059    7.7E+07      0.00011059    8.7E+07      2.2169E+05    
   7.71E+07     0.99748      0.00011044    7.71E+07     0.00011044    8.71E+07     2.2087E+05    
   7.72E+07     0.99748      0.0001103     7.72E+07     0.0001103     8.72E+07     2.2117E+05    
   7.73E+07     0.99748      0.00011026    7.73E+07     0.00011026    8.73E+07     2.2105E+05    
   7.74E+07     0.99748      0.0001101     7.74E+07     0.0001101     8.74E+07     2.2135E+05    
   7.75E+07     0.99748      0.00010994    7.75E+07     0.00010994    8.75E+07     2.216E+05     
   7.76E+07     0.99749      0.00010983    7.76E+07     0.00010983    8.76E+07     2.2181E+05    
   7.77E+07     0.9975       0.00010994    7.77E+07     0.00010994    8.77E+07     2.2199E+05    
   7.78E+07     0.9975       0.00010985    7.78E+07     0.00010985    8.78E+07     2.2162E+05    
   7.79E+07     0.9975       0.00010975    7.79E+07     0.00010975    8.79E+07     2.2186E+05    
   7.8E+07      0.9975       0.0001096     7.8E+07      0.0001096     8.8E+07      2.2207E+05    
   7.81E+07     0.9975       0.00010944    7.81E+07     0.00010944    8.81E+07     2.2237E+05    
   7.82E+07     0.9975       0.00010931    7.82E+07     0.00010931    8.82E+07     2.2211E+05    
   7.83E+07     0.9975       0.00010916    7.83E+07     0.00010916    8.83E+07     2.2205E+05    
   7.84E+07     0.99751      0.00010908    7.84E+07     0.00010908    8.84E+07     2.2229E+05    
   7.85E+07     0.9975       0.00010892    7.85E+07     0.00010892    8.85E+07     2.226E+05     
   7.86E+07     0.99751      0.00010877    7.86E+07     0.00010877    8.86E+07     2.2276E+05    
   7.87E+07     0.99751      0.00010862    7.87E+07     0.00010862    8.87E+07     2.23E+05      
   7.88E+07     0.99751      0.00010848    7.88E+07     0.00010848    8.88E+07     2.2293E+05    
   7.89E+07     0.9975       0.00010838    7.89E+07     0.00010838    8.89E+07     2.2274E+05    
   7.9E+07      0.9975       0.00010827    7.9E+07      0.00010827    8.9E+07      2.2223E+05    
   7.91E+07     0.9975       0.00010819    7.91E+07     0.00010819    8.91E+07     2.2149E+05    
   7.92E+07     0.9975       0.00010805    7.92E+07     0.00010805    8.92E+07     2.2173E+05    
   7.93E+07     0.9975       0.00010795    7.93E+07     0.00010795    8.93E+07     2.2202E+05    
   7.94E+07     0.99749      0.00010815    7.94E+07     0.00010815    8.94E+07     2.2154E+05    
   7.95E+07     0.99748      0.00010801    7.95E+07     0.00010801    8.95E+07     2.2182E+05    
   7.96E+07     0.99748      0.00010787    7.96E+07     0.00010787    8.96E+07     2.2188E+05    
   7.97E+07     0.99748      0.00010776    7.97E+07     0.00010776    8.97E+07     2.2216E+05    
   7.98E+07     0.99748      0.0001076     7.98E+07     0.0001076     8.98E+07     2.2247E+05    
   7.99E+07     0.99748      0.00010755    7.99E+07     0.00010755    8.99E+07     2.2277E+05    
   8E+07        0.99748      0.00010743    8E+07        0.00010743    9E+07        2.2308E+05    
   8.01E+07     0.99748      0.00010729    8.01E+07     0.00010729    9.01E+07     2.234E+05     
   8.02E+07     0.99748      0.00010714    8.02E+07     0.00010714    9.02E+07     2.2301E+05    
   8.03E+07     0.99748      0.00010721    8.03E+07     0.00010721    9.03E+07     2.233E+05     
   8.04E+07     0.99749      0.00010714    8.04E+07     0.00010714    9.04E+07     2.2346E+05    
   8.05E+07     0.99749      0.00010701    8.05E+07     0.00010701    9.05E+07     2.2332E+05    
   8.06E+07     0.99749      0.0001069     8.06E+07     0.0001069     9.06E+07     2.2357E+05    
   8.07E+07     0.99749      0.00010677    8.07E+07     0.00010677    9.07E+07     2.2378E+05    
   8.08E+07     0.99748      0.00010675    8.08E+07     0.00010675    9.08E+07     2.2387E+05    
   8.09E+07     0.99748      0.00010662    8.09E+07     0.00010662    9.09E+07     2.2338E+05    
   8.1E+07      0.99749      0.00010651    8.1E+07      0.00010651    9.1E+07      2.2367E+05    
   8.11E+07     0.99749      0.00010639    8.11E+07     0.00010639    9.11E+07     2.2377E+05    
   8.12E+07     0.99749      0.00010625    8.12E+07     0.00010625    9.12E+07     2.2408E+05    
   8.13E+07     0.99749      0.00010613    8.13E+07     0.00010613    9.13E+07     2.2432E+05    
   8.14E+07     0.99749      0.00010603    8.14E+07     0.00010603    9.14E+07     2.226E+05     
   8.15E+07     0.99749      0.00010591    8.15E+07     0.00010591    9.15E+07     2.2261E+05    
   8.16E+07     0.9975       0.00010588    8.16E+07     0.00010588    9.16E+07     2.2223E+05    
   8.17E+07     0.9975       0.00010573    8.17E+07     0.00010573    9.17E+07     2.2252E+05    
   8.18E+07     0.99749      0.0001059     8.18E+07     0.0001059     9.18E+07     2.2252E+05    
   8.19E+07     0.99748      0.00010586    8.19E+07     0.00010586    9.19E+07     2.2278E+05    
   8.2E+07      0.99749      0.00010584    8.2E+07      0.00010584    9.2E+07      2.2306E+05    
   8.21E+07     0.99749      0.00010573    8.21E+07     0.00010573    9.21E+07     2.2313E+05    
   8.22E+07     0.99749      0.00010568    8.22E+07     0.00010568    9.22E+07     2.2335E+05    
   8.23E+07     0.99748      0.00010556    8.23E+07     0.00010556    9.23E+07     2.2327E+05    
   8.24E+07     0.99749      0.00010543    8.24E+07     0.00010543    9.24E+07     2.2322E+05    
   8.25E+07     0.99749      0.00010549    8.25E+07     0.00010549    9.25E+07     2.2352E+05    
   8.26E+07     0.99749      0.00010536    8.26E+07     0.00010536    9.26E+07     2.2332E+05    
   8.27E+07     0.99749      0.0001053     8.27E+07     0.0001053     9.27E+07     2.2265E+05    
   8.28E+07     0.9975       0.00010519    8.28E+07     0.00010519    9.28E+07     2.2296E+05    
   8.29E+07     0.9975       0.00010505    8.29E+07     0.00010505    9.29E+07     2.2326E+05    
   8.3E+07      0.9975       0.00010491    8.3E+07      0.00010491    9.3E+07      2.2352E+05    
   8.31E+07     0.99749      0.00010488    8.31E+07     0.00010488    9.31E+07     2.2361E+05    
   8.32E+07     0.9975       0.00010484    8.32E+07     0.00010484    9.32E+07     2.2391E+05    
   8.33E+07     0.99749      0.00010478    8.33E+07     0.00010478    9.33E+07     2.2328E+05    
   8.34E+07     0.99749      0.00010463    8.34E+07     0.00010463    9.34E+07     2.2359E+05    
   8.35E+07     0.99749      0.00010452    8.35E+07     0.00010452    9.35E+07     2.2314E+05    
   8.36E+07     0.9975       0.00010441    8.36E+07     0.00010441    9.36E+07     2.2316E+05    
   8.37E+07     0.9975       0.00010428    8.37E+07     0.00010428    9.37E+07     2.2347E+05    
   8.38E+07     0.99749      0.00010415    8.38E+07     0.00010415    9.38E+07     2.2376E+05    
   8.39E+07     0.9975       0.00010428    8.39E+07     0.00010428    9.39E+07     2.2356E+05    
   8.4E+07      0.9975       0.00010428    8.4E+07      0.00010428    9.4E+07      2.2375E+05    
   8.41E+07     0.9975       0.00010414    8.41E+07     0.00010414    9.41E+07     2.2401E+05    
   8.42E+07     0.9975       0.00010422    8.42E+07     0.00010422    9.42E+07     2.2381E+05    
   8.43E+07     0.9975       0.00010408    8.43E+07     0.00010408    9.43E+07     2.2409E+05    
   8.44E+07     0.99751      0.00010404    8.44E+07     0.00010404    9.44E+07     2.2409E+05    
   8.45E+07     0.99751      0.00010416    8.45E+07     0.00010416    9.45E+07     2.2431E+05    
   8.46E+07     0.99752      0.00010402    8.46E+07     0.00010402    9.46E+07     2.2437E+05    
   8.47E+07     0.99752      0.00010393    8.47E+07     0.00010393    9.47E+07     2.2451E+05    
   8.48E+07     0.99752      0.00010382    8.48E+07     0.00010382    9.48E+07     2.2474E+05    
   8.49E+07     0.99751      0.00010398    8.49E+07     0.00010398    9.49E+07     2.2459E+05    
   8.5E+07      0.99751      0.00010384    8.5E+07      0.00010384    9.5E+07      2.2489E+05    
   8.51E+07     0.99751      0.00010374    8.51E+07     0.00010374    9.51E+07     2.2507E+05    
   8.52E+07     0.99751      0.0001036     8.52E+07     0.0001036     9.52E+07     2.2535E+05    
   8.53E+07     0.99751      0.00010349    8.53E+07     0.00010349    9.53E+07     2.2542E+05    
   8.54E+07     0.99751      0.0001034     8.54E+07     0.0001034     9.54E+07     2.257E+05     
   8.55E+07     0.99751      0.00010328    8.55E+07     0.00010328    9.55E+07     2.2597E+05    
   8.56E+07     0.99752      0.00010319    8.56E+07     0.00010319    9.56E+07     2.2605E+05    
   8.57E+07     0.99752      0.00010323    8.57E+07     0.00010323    9.57E+07     2.2617E+05    
   8.58E+07     0.99752      0.0001031     8.58E+07     0.0001031     9.58E+07     2.2647E+05    
   8.59E+07     0.99752      0.00010298    8.59E+07     0.00010298    9.59E+07     2.2541E+05    
   8.6E+07      0.99752      0.00010286    8.6E+07      0.00010286    9.6E+07      2.2553E+05    
   8.61E+07     0.99751      0.0001031     8.61E+07     0.0001031     9.61E+07     2.2405E+05    
   8.62E+07     0.99752      0.00010305    8.62E+07     0.00010305    9.62E+07     2.2426E+05    
   8.63E+07     0.99751      0.00010298    8.63E+07     0.00010298    9.63E+07     2.2455E+05    
   8.64E+07     0.99751      0.00010285    8.64E+07     0.00010285    9.64E+07     2.2458E+05    
   8.65E+07     0.99751      0.00010272    8.65E+07     0.00010272    9.65E+07     2.2485E+05    
   8.66E+07     0.99752      0.00010262    8.66E+07     0.00010262    9.66E+07     2.2484E+05    
   8.67E+07     0.99752      0.00010272    8.67E+07     0.00010272    9.67E+07     2.2513E+05    
   8.68E+07     0.99753      0.00010262    8.68E+07     0.00010262    9.68E+07     2.2529E+05    
   8.69E+07     0.99752      0.00010276    8.69E+07     0.00010276    9.69E+07     2.2544E+05    
   8.7E+07      0.99751      0.00010275    8.7E+07      0.00010275    9.7E+07      2.2571E+05    
   8.71E+07     0.99751      0.00010288    8.71E+07     0.00010288    9.71E+07     2.243E+05     
   8.72E+07     0.99751      0.00010275    8.72E+07     0.00010275    9.72E+07     2.24E+05      
   8.73E+07     0.9975       0.00010272    8.73E+07     0.00010272    9.73E+07     2.2388E+05    
   8.74E+07     0.9975       0.00010259    8.74E+07     0.00010259    9.74E+07     2.2415E+05    
   8.75E+07     0.9975       0.00010247    8.75E+07     0.00010247    9.75E+07     2.2438E+05    
   8.76E+07     0.9975       0.00010237    8.76E+07     0.00010237    9.76E+07     2.2374E+05    
   8.77E+07     0.9975       0.00010227    8.77E+07     0.00010227    9.77E+07     2.2401E+05    
   8.78E+07     0.99751      0.0001023     8.78E+07     0.0001023     9.78E+07     2.2339E+05    
   8.79E+07     0.99751      0.00010218    8.79E+07     0.00010218    9.79E+07     2.2366E+05    
   8.8E+07      0.99751      0.00010208    8.8E+07      0.00010208    9.8E+07      2.2366E+05    
   8.81E+07     0.99751      0.00010195    8.81E+07     0.00010195    9.81E+07     2.2388E+05    
   8.82E+07     0.9975       0.00010195    8.82E+07     0.00010195    9.82E+07     2.2384E+05    
   8.83E+07     0.99751      0.0001019     8.83E+07     0.0001019     9.83E+07     2.2327E+05    
   8.84E+07     0.99751      0.00010179    8.84E+07     0.00010179    9.84E+07     2.2348E+05    
   8.85E+07     0.99751      0.00010166    8.85E+07     0.00010166    9.85E+07     2.2365E+05    
   8.86E+07     0.99751      0.00010157    8.86E+07     0.00010157    9.86E+07     2.2386E+05    
   8.87E+07     0.99751      0.00010145    8.87E+07     0.00010145    9.87E+07     2.2411E+05    
   8.88E+07     0.99751      0.00010141    8.88E+07     0.00010141    9.88E+07     2.243E+05     
   8.89E+07     0.99751      0.0001014     8.89E+07     0.0001014     9.89E+07     2.2425E+05    
   8.9E+07      0.99752      0.00010146    8.9E+07      0.00010146    9.9E+07      2.2447E+05    
   8.91E+07     0.99751      0.00010157    8.91E+07     0.00010157    9.91E+07     2.245E+05     
   8.92E+07     0.99751      0.00010146    8.92E+07     0.00010146    9.92E+07     2.2475E+05    
   8.93E+07     0.99751      0.00010133    8.93E+07     0.00010133    9.93E+07     2.2458E+05    
   8.94E+07     0.99752      0.00010139    8.94E+07     0.00010139    9.94E+07     2.2486E+05    
   8.95E+07     0.99752      0.00010126    8.95E+07     0.00010126    9.95E+07     2.2499E+05    
   8.96E+07     0.99752      0.00010119    8.96E+07     0.00010119    9.96E+07     2.2523E+05    
   8.97E+07     0.99752      0.00010108    8.97E+07     0.00010108    9.97E+07     2.2552E+05    
   8.98E+07     0.99752      0.00010095    8.98E+07     0.00010095    9.98E+07     2.2568E+05    
   8.99E+07     0.99752      0.00010082    8.99E+07     0.00010082    9.99E+07     2.2585E+05    
   9E+07        0.99752      0.0001007     9E+07        0.0001007     1E+08        2.261E+05     
   9.01E+07     0.99752      0.00010057    9.01E+07     0.00010057    
   9.02E+07     0.99751      0.0001006     9.02E+07     0.0001006     
   9.03E+07     0.99751      0.00010048    9.03E+07     0.00010048    
   9.04E+07     0.99751      0.00010039    9.04E+07     0.00010039    
   9.05E+07     0.99751      0.00010036    9.05E+07     0.00010036    
   9.06E+07     0.99751      0.00010025    9.06E+07     0.00010025    
   9.07E+07     0.99751      0.00010015    9.07E+07     0.00010015    
   9.08E+07     0.99751      0.00010007    9.08E+07     0.00010007    
   9.09E+07     0.99751      0.00010013    9.09E+07     0.00010013    
   9.1E+07      0.99751      0.00010001    9.1E+07      0.00010001    
   9.11E+07     0.99751      9.9924E-05    9.11E+07     9.9924E-05    
   9.12E+07     0.99751      9.9801E-05    9.12E+07     9.9801E-05    
   9.13E+07     0.99752      9.9696E-05    9.13E+07     9.9696E-05    
   9.14E+07     0.99751      0.00010003    9.14E+07     0.00010003    
   9.15E+07     0.9975       9.9964E-05    9.15E+07     9.9964E-05    
   9.16E+07     0.9975       9.9997E-05    9.16E+07     9.9997E-05    
   9.17E+07     0.9975       9.9877E-05    9.17E+07     9.9877E-05    
   9.18E+07     0.9975       9.9826E-05    9.18E+07     9.9826E-05    
   9.19E+07     0.9975       9.9707E-05    9.19E+07     9.9707E-05    
   9.2E+07      0.9975       9.9593E-05    9.2E+07      9.9593E-05    
   9.21E+07     0.9975       9.9522E-05    9.21E+07     9.9522E-05    
   9.22E+07     0.99749      9.9422E-05    9.22E+07     9.9422E-05    
   9.23E+07     0.99749      9.9381E-05    9.23E+07     9.9381E-05    
   9.24E+07     0.99749      9.9341E-05    9.24E+07     9.9341E-05    
   9.25E+07     0.99749      9.922E-05     9.25E+07     9.922E-05     
   9.26E+07     0.99749      9.9215E-05    9.26E+07     9.9215E-05    
   9.27E+07     0.9975       9.9304E-05    9.27E+07     9.9304E-05    
   9.28E+07     0.9975       9.9184E-05    9.28E+07     9.9184E-05    
   9.29E+07     0.99749      9.9066E-05    9.29E+07     9.9066E-05    
   9.3E+07      0.9975       9.8955E-05    9.3E+07      9.8955E-05    
   9.31E+07     0.9975       9.8873E-05    9.31E+07     9.8873E-05    
   9.32E+07     0.9975       9.8755E-05    9.32E+07     9.8755E-05    
   9.33E+07     0.99751      9.8844E-05    9.33E+07     9.8844E-05    
   9.34E+07     0.99751      9.8725E-05    9.34E+07     9.8725E-05    
   9.35E+07     0.99751      9.877E-05     9.35E+07     9.877E-05     
   9.36E+07     0.99751      9.871E-05     9.36E+07     9.871E-05     
   9.37E+07     0.99751      9.8593E-05    9.37E+07     9.8593E-05    
   9.38E+07     0.99751      9.8476E-05    9.38E+07     9.8476E-05    
   9.39E+07     0.99752      9.8465E-05    9.39E+07     9.8465E-05    
   9.4E+07      0.99752      9.8368E-05    9.4E+07      9.8368E-05    
   9.41E+07     0.99752      9.8261E-05    9.41E+07     9.8261E-05    
   9.42E+07     0.99751      9.8253E-05    9.42E+07     9.8253E-05    
   9.43E+07     0.99751      9.8137E-05    9.43E+07     9.8137E-05    
   9.44E+07     0.99751      9.8086E-05    9.44E+07     9.8086E-05    
   9.45E+07     0.99751      9.7988E-05    9.45E+07     9.7988E-05    
   9.46E+07     0.99751      9.7926E-05    9.46E+07     9.7926E-05    
   9.47E+07     0.99751      9.7841E-05    9.47E+07     9.7841E-05    
   9.48E+07     0.99751      9.774E-05     9.48E+07     9.774E-05     
   9.49E+07     0.99751      9.7719E-05    9.49E+07     9.7719E-05    
   9.5E+07      0.99751      9.7605E-05    9.5E+07      9.7605E-05    
   9.51E+07     0.99751      9.7509E-05    9.51E+07     9.7509E-05    
   9.52E+07     0.99751      9.7399E-05    9.52E+07     9.7399E-05    
   9.53E+07     0.9975       9.7332E-05    9.53E+07     9.7332E-05    
   9.54E+07     0.9975       9.7223E-05    9.54E+07     9.7223E-05    
   9.55E+07     0.9975       9.7112E-05    9.55E+07     9.7112E-05    
   9.56E+07     0.9975       9.7045E-05    9.56E+07     9.7045E-05    
   9.57E+07     0.9975       9.6969E-05    9.57E+07     9.6969E-05    
   9.58E+07     0.9975       9.6856E-05    9.58E+07     9.6856E-05    
   9.59E+07     0.99751      9.7032E-05    9.59E+07     9.7032E-05    
   9.6E+07      0.9975       9.6953E-05    9.6E+07      9.6953E-05    
   9.61E+07     0.99751      9.7219E-05    9.61E+07     9.7219E-05    
   9.62E+07     0.99751      9.7126E-05    9.62E+07     9.7126E-05    
   9.63E+07     0.99751      9.7016E-05    9.63E+07     9.7016E-05    
   9.64E+07     0.99752      9.6953E-05    9.64E+07     9.6953E-05    
   9.65E+07     0.99752      9.6847E-05    9.65E+07     9.6847E-05    
   9.66E+07     0.99752      9.6799E-05    9.66E+07     9.6799E-05    
   9.67E+07     0.99752      9.6687E-05    9.67E+07     9.6687E-05    
   9.68E+07     0.99752      9.66E-05      9.68E+07     9.66E-05      
   9.69E+07     0.99752      9.6519E-05    9.69E+07     9.6519E-05    
   9.7E+07      0.99752      9.6411E-05    9.7E+07      9.6411E-05    
   9.71E+07     0.99753      9.6667E-05    9.71E+07     9.6667E-05    
   9.72E+07     0.99753      9.6675E-05    9.72E+07     9.6675E-05    
   9.73E+07     0.99754      9.6654E-05    9.73E+07     9.6654E-05    
   9.74E+07     0.99754      9.6545E-05    9.74E+07     9.6545E-05    
   9.75E+07     0.99754      9.6449E-05    9.75E+07     9.6449E-05    
   9.76E+07     0.99754      9.6533E-05    9.76E+07     9.6533E-05    
   9.77E+07     0.99754      9.6429E-05    9.77E+07     9.6429E-05    
   9.78E+07     0.99755      9.6514E-05    9.78E+07     9.6514E-05    
   9.79E+07     0.99755      9.6407E-05    9.79E+07     9.6407E-05    
   9.8E+07      0.99755      9.6356E-05    9.8E+07      9.6356E-05    
   9.81E+07     0.99755      9.6259E-05    9.81E+07     9.6259E-05    
   9.82E+07     0.99755      9.6222E-05    9.82E+07     9.6222E-05    
   9.83E+07     0.99754      9.6294E-05    9.83E+07     9.6294E-05    
   9.84E+07     0.99754      9.6198E-05    9.84E+07     9.6198E-05    
   9.85E+07     0.99754      9.6114E-05    9.85E+07     9.6114E-05    
   9.86E+07     0.99754      9.6021E-05    9.86E+07     9.6021E-05    
   9.87E+07     0.99754      9.592E-05     9.87E+07     9.592E-05     
   9.88E+07     0.99754      9.5829E-05    9.88E+07     9.5829E-05    
   9.89E+07     0.99754      9.5792E-05    9.89E+07     9.5792E-05    
   9.9E+07      0.99754      9.5699E-05    9.9E+07      9.5699E-05    
   9.91E+07     0.99754      9.5644E-05    9.91E+07     9.5644E-05    
   9.92E+07     0.99753      9.5539E-05    9.92E+07     9.5539E-05    
   9.93E+07     0.99754      9.5526E-05    9.93E+07     9.5526E-05    
   9.94E+07     0.99754      9.542E-05     9.94E+07     9.542E-05     
   9.95E+07     0.99754      9.5348E-05    9.95E+07     9.5348E-05    
   9.96E+07     0.99754      9.5242E-05    9.96E+07     9.5242E-05    
   9.97E+07     0.99754      9.5136E-05    9.97E+07     9.5136E-05    
   9.98E+07     0.99753      9.5055E-05    9.98E+07     9.5055E-05    
   9.99E+07     0.99754      9.4974E-05    9.99E+07     9.4974E-05    
   1E+08        0.99754      9.4868E-05    1E+08        9.4868E-05    
