# This file is written with the intent of being used to plot the data with 
# Gnuplot.  It contains no information regarding how the plot should be 
# formatted.
# =========================================================================
# Research/ArnoldivsPower -f Power1-w50-59.dat -t 100000 -A -c 100 -C 900 -w 50 -b 75 -r  seed = 2729659217
# filename = Power1-w50-59.dat, run = true, power = true, Arnoldi = false, storevectors = 0, raw = false, evectors = 2, evalues = 2, residual = false, arnoldimethod = implicit, tol = 2.22045e-16, verbose = 1, seed = 0, width = 50, bins = 75, acycles = 900, incycles = 100, active = 20, inactive = 0, Iterations = 10, numValues = 2, relaxed = 0, tracks = 100000, ignore_rest = false, version = false, help = false, 

#  1            2            3             4            5             6            7             8            9            
# |-            Power values           -| |-   Power eValues SD   -| |-       FOM-Power      -| |-     Power vector     -| 
#  x-coord      y-coord      error         x-coord      y-coord       x-coord      y-coord       x-coord      y-coord       
   1E+05        0.98716      0             1E+05        0             1.01E+07     0             0.33333      0.010057      
   2E+05        0.98754      0             2E+05        0             1.02E+07     18133         1            0.017323      
   3E+05        0.98723      0             3E+05        0             1.03E+07     8688.8        1.6667       0.023987      
   4E+05        0.98822      0             4E+05        0             1.04E+07     12591         2.3333       0.030991      
   5E+05        0.99153      0             5E+05        0             1.05E+07     19330         3            0.037689      
   6E+05        0.98906      0             6E+05        0             1.06E+07     25123         3.6667       0.044251      
   7E+05        0.99331      0             7E+05        0             1.07E+07     32401         4.3333       0.050887      
   8E+05        0.98771      0             8E+05        0             1.08E+07     41855         5            0.057225      
   9E+05        0.99496      0             9E+05        0             1.09E+07     45763         5.6667       0.063521      
   1E+06        0.98831      0             1E+06        0             1.1E+07      55178         6.3333       0.069801      
   1.1E+06      0.99031      0             1.1E+06      0             1.11E+07     65472         7            0.075971      
   1.2E+06      0.99651      0             1.2E+06      0             1.12E+07     52734         7.6667       0.081731      
   1.3E+06      0.99419      0             1.3E+06      0             1.13E+07     54402         8.3333       0.087642      
   1.4E+06      0.99154      0             1.4E+06      0             1.14E+07     53329         9            0.093457      
   1.5E+06      0.99604      0             1.5E+06      0             1.15E+07     59163         9.6667       0.099155      
   1.6E+06      0.99277      0             1.6E+06      0             1.16E+07     64842         10.333       0.10431       
   1.7E+06      0.99486      0             1.7E+06      0             1.17E+07     48675         11           0.10934       
   1.8E+06      0.99986      0             1.8E+06      0             1.18E+07     51536         11.667       0.11426       
   1.9E+06      0.99819      0             1.9E+06      0             1.19E+07     47222         12.333       0.1183        
   2E+06        0.99504      0             2E+06        0             1.2E+07      51600         13           0.12242       
   2.1E+06      0.99328      0             2.1E+06      0             1.21E+07     54122         13.667       0.12633       
   2.2E+06      0.98959      0             2.2E+06      0             1.22E+07     53766         14.333       0.13052       
   2.3E+06      0.99988      0             2.3E+06      0             1.23E+07     57726         15           0.13366       
   2.4E+06      0.99619      0             2.4E+06      0             1.24E+07     57534         15.667       0.13811       
   2.5E+06      0.99489      0             2.5E+06      0             1.25E+07     56579         16.333       0.14129       
   2.6E+06      0.9932       0             2.6E+06      0             1.26E+07     58479         17           0.14432       
   2.7E+06      0.99971      0             2.7E+06      0             1.27E+07     57550         17.667       0.14696       
   2.8E+06      0.99564      0             2.8E+06      0             1.28E+07     61369         18.333       0.14988       
   2.9E+06      0.99252      0             2.9E+06      0             1.29E+07     63597         19           0.15186       
   3E+06        0.99693      0             3E+06        0             1.3E+07      65681         19.667       0.1537        
   3.1E+06      0.99506      0             3.1E+06      0             1.31E+07     66488         20.333       0.1559        
   3.2E+06      0.99723      0             3.2E+06      0             1.32E+07     68348         21           0.15762       
   3.3E+06      0.99348      0             3.3E+06      0             1.33E+07     71716         21.667       0.15855       
   3.4E+06      0.99525      0             3.4E+06      0             1.34E+07     69822         22.333       0.15898       
   3.5E+06      0.99623      0             3.5E+06      0             1.35E+07     71721         23           0.1594        
   3.6E+06      0.99727      0             3.6E+06      0             1.36E+07     73503         23.667       0.16013       
   3.7E+06      0.9932       0             3.7E+06      0             1.37E+07     70889         24.333       0.16033       
   3.8E+06      0.99477      0             3.8E+06      0             1.38E+07     73436         25           0.15996       
   3.9E+06      1.0003       0             3.9E+06      0             1.39E+07     76360         25.667       0.15952       
   4E+06        0.99293      0             4E+06        0             1.4E+07      78465         26.333       0.15892       
   4.1E+06      0.99299      0             4.1E+06      0             1.41E+07     81333         27           0.15763       
   4.2E+06      0.99378      0             4.2E+06      0             1.42E+07     83451         27.667       0.15637       
   4.3E+06      0.99351      0             4.3E+06      0             1.43E+07     86822         28.333       0.15512       
   4.4E+06      0.99607      0             4.4E+06      0             1.44E+07     88352         29           0.15334       
   4.5E+06      1.0002       0             4.5E+06      0             1.45E+07     91026         29.667       0.15202       
   4.6E+06      0.99447      0             4.6E+06      0             1.46E+07     93201         30.333       0.15003       
   4.7E+06      0.99272      0             4.7E+06      0             1.47E+07     91645         31           0.14783       
   4.8E+06      0.99808      0             4.8E+06      0             1.48E+07     93032         31.667       0.1454        
   4.9E+06      1.0003       0             4.9E+06      0             1.49E+07     96083         32.333       0.14235       
   5E+06        0.99694      0             5E+06        0             1.5E+07      98262         33           0.13939       
   5.1E+06      0.99603      0             5.1E+06      0             1.51E+07     98179         33.667       0.13602       
   5.2E+06      1.0003       0             5.2E+06      0             1.52E+07     98040         34.333       0.13272       
   5.3E+06      0.99967      0             5.3E+06      0             1.53E+07     1.0114E+05    35           0.12917       
   5.4E+06      1.0014       0             5.4E+06      0             1.54E+07     1.0275E+05    35.667       0.12494       
   5.5E+06      0.99425      0             5.5E+06      0             1.55E+07     98855         36.333       0.12085       
   5.6E+06      0.99802      0             5.6E+06      0             1.56E+07     92878         37           0.1169        
   5.7E+06      0.9963       0             5.7E+06      0             1.57E+07     95504         37.667       0.11251       
   5.8E+06      0.99652      0             5.8E+06      0             1.58E+07     97573         38.333       0.10804       
   5.9E+06      1.0005       0             5.9E+06      0             1.59E+07     1.0006E+05    39           0.10333       
   6E+06        0.99875      0             6E+06        0             1.6E+07      1.0254E+05    39.667       0.098093      
   6.1E+06      0.99518      0             6.1E+06      0             1.61E+07     1.0293E+05    40.333       0.093243      
   6.2E+06      0.99696      0             6.2E+06      0             1.62E+07     1.0567E+05    41           0.08825       
   6.3E+06      1            0             6.3E+06      0             1.63E+07     1.0415E+05    41.667       0.082929      
   6.4E+06      0.99893      0             6.4E+06      0             1.64E+07     1.0627E+05    42.333       0.077852      
   6.5E+06      0.9993       0             6.5E+06      0             1.65E+07     1.0883E+05    43           0.072546      
   6.6E+06      0.99838      0             6.6E+06      0             1.66E+07     1.111E+05     43.667       0.066659      
   6.7E+06      0.99422      0             6.7E+06      0             1.67E+07     1.1182E+05    44.333       0.060873      
   6.8E+06      0.99661      0             6.8E+06      0             1.68E+07     1.1428E+05    45           0.055201      
   6.9E+06      0.9893       0             6.9E+06      0             1.69E+07     1.1598E+05    45.667       0.049058      
   7E+06        0.99713      0             7E+06        0             1.7E+07      1.1688E+05    46.333       0.042667      
   7.1E+06      0.99715      0             7.1E+06      0             1.71E+07     1.1774E+05    47           0.036216      
   7.2E+06      0.99302      0             7.2E+06      0             1.72E+07     1.1978E+05    47.667       0.029843      
   7.3E+06      0.9997       0             7.3E+06      0             1.73E+07     1.2187E+05    48.333       0.023131      
   7.4E+06      0.99728      0             7.4E+06      0             1.74E+07     1.2435E+05    49           0.016686      
   7.5E+06      0.99703      0             7.5E+06      0             1.75E+07     1.2636E+05    49.667       0.0097695     
   7.6E+06      0.99511      0             7.6E+06      0             1.76E+07     1.2364E+05    
   7.7E+06      1.0006       0             7.7E+06      0             1.77E+07     1.251E+05     
   7.8E+06      0.99537      0             7.8E+06      0             1.78E+07     1.2699E+05    
   7.9E+06      0.99887      0             7.9E+06      0             1.79E+07     1.2945E+05    
   8E+06        0.99711      0             8E+06        0             1.8E+07      1.32E+05      
   8.1E+06      0.9965       0             8.1E+06      0             1.81E+07     1.3257E+05    
   8.2E+06      0.99759      0             8.2E+06      0             1.82E+07     1.3464E+05    
   8.3E+06      0.99778      0             8.3E+06      0             1.83E+07     1.3692E+05    
   8.4E+06      0.99847      0             8.4E+06      0             1.84E+07     1.3741E+05    
   8.5E+06      0.9941       0             8.5E+06      0             1.85E+07     1.3931E+05    
   8.6E+06      1.002        0             8.6E+06      0             1.86E+07     1.4161E+05    
   8.7E+06      0.99612      0             8.7E+06      0             1.87E+07     1.4403E+05    
   8.8E+06      0.99716      0             8.8E+06      0             1.88E+07     1.4592E+05    
   8.9E+06      1.0002       0             8.9E+06      0             1.89E+07     1.4842E+05    
   9E+06        0.99703      0             9E+06        0             1.9E+07      1.429E+05     
   9.1E+06      0.99474      0             9.1E+06      0             1.91E+07     1.3664E+05    
   9.2E+06      0.99713      0             9.2E+06      0             1.92E+07     1.3624E+05    
   9.3E+06      0.99674      0             9.3E+06      0             1.93E+07     1.3825E+05    
   9.4E+06      0.9945       0             9.4E+06      0             1.94E+07     1.4051E+05    
   9.5E+06      0.99591      0             9.5E+06      0             1.95E+07     1.4004E+05    
   9.6E+06      0.99448      0             9.6E+06      0             1.96E+07     1.417E+05     
   9.7E+06      0.99906      0             9.7E+06      0             1.97E+07     1.4336E+05    
   9.8E+06      0.9974       0             9.8E+06      0             1.98E+07     1.4559E+05    
   9.9E+06      1.0026       0             9.9E+06      0             1.99E+07     1.474E+05     
   1E+07        0.99976      0             1E+07        0             2E+07        1.4872E+05    
   1.01E+07     0.99398      NAN           1.01E+07     NAN           2.01E+07     1.5092E+05    
   1.02E+07     0.99553      0.0010964     1.02E+07     0.0010964     2.02E+07     1.5083E+05    
   1.03E+07     0.99724      0.001576      1.03E+07     0.001576      2.03E+07     1.528E+05     
   1.04E+07     0.99787      0.0013027     1.04E+07     0.0013027     2.04E+07     1.5438E+05    
   1.05E+07     0.99777      0.001046      1.05E+07     0.001046      2.05E+07     1.5565E+05    
   1.06E+07     0.99747      0.00091317    1.06E+07     0.00091317    2.06E+07     1.5731E+05    
   1.07E+07     0.99729      0.00080029    1.07E+07     0.00080029    2.07E+07     1.5921E+05    
   1.08E+07     0.99732      0.00070083    1.08E+07     0.00070083    2.08E+07     1.6113E+05    
   1.09E+07     0.99757      0.00066712    1.09E+07     0.00066712    2.09E+07     1.6183E+05    
   1.1E+07      0.9975       0.00060465    1.1E+07      0.00060465    2.1E+07      1.627E+05     
   1.11E+07     0.99744      0.00055255    1.11E+07     0.00055255    2.11E+07     1.6441E+05    
   1.12E+07     0.9978       0.00061288    1.12E+07     0.00061288    2.12E+07     1.6029E+05    
   1.13E+07     0.99801      0.0006007     1.13E+07     0.0006007     2.13E+07     1.6186E+05    
   1.14E+07     0.99825      0.00060391    1.14E+07     0.00060391    2.14E+07     1.6355E+05    
   1.15E+07     0.99834      0.00057081    1.15E+07     0.00057081    2.15E+07     1.6549E+05    
   1.16E+07     0.99844      0.00054285    1.16E+07     0.00054285    2.16E+07     1.6746E+05    
   1.17E+07     0.99881      0.00062381    1.17E+07     0.00062381    2.17E+07     1.6868E+05    
   1.18E+07     0.99867      0.00060354    1.18E+07     0.00060354    2.18E+07     1.6905E+05    
   1.19E+07     0.99841      0.00062782    1.19E+07     0.00062782    2.19E+07     1.7111E+05    
   1.2E+07      0.99836      0.00059804    1.2E+07      0.00059804    2.2E+07      1.7164E+05    
   1.21E+07     0.99824      0.00058148    1.21E+07     0.00058148    2.21E+07     1.631E+05     
   1.22E+07     0.99806      0.00058098    1.22E+07     0.00058098    2.22E+07     1.6361E+05    
   1.23E+07     0.99801      0.00055819    1.23E+07     0.00055819    2.23E+07     1.6493E+05    
   1.24E+07     0.99785      0.00055683    1.24E+07     0.00055683    2.24E+07     1.6367E+05    
   1.25E+07     0.99769      0.00055921    1.25E+07     0.00055921    2.25E+07     1.6557E+05    
   1.26E+07     0.99758      0.00054783    1.26E+07     0.00054783    2.26E+07     1.6592E+05    
   1.27E+07     0.99742      0.00054994    1.27E+07     0.00054994    2.27E+07     1.6767E+05    
   1.28E+07     0.99741      0.00053044    1.28E+07     0.00053044    2.28E+07     1.6838E+05    
   1.29E+07     0.99749      0.00051901    1.29E+07     0.00051901    2.29E+07     1.7019E+05    
   1.3E+07      0.99758      0.00050872    1.3E+07      0.00050872    2.3E+07      1.7185E+05    
   1.31E+07     0.99769      0.00050359    1.31E+07     0.00050359    2.31E+07     1.7142E+05    
   1.32E+07     0.9976       0.00049478    1.32E+07     0.00049478    2.32E+07     1.7254E+05    
   1.33E+07     0.99757      0.00048118    1.33E+07     0.00048118    2.33E+07     1.7296E+05    
   1.34E+07     0.99743      0.0004858     1.34E+07     0.0004858     2.34E+07     1.7196E+05    
   1.35E+07     0.99736      0.00047749    1.35E+07     0.00047749    2.35E+07     1.7375E+05    
   1.36E+07     0.99728      0.00046986    1.36E+07     0.00046986    2.36E+07     1.6581E+05    
   1.37E+07     0.99715      0.00047667    1.37E+07     0.00047667    2.37E+07     1.6652E+05    
   1.38E+07     0.99719      0.00046658    1.38E+07     0.00046658    2.38E+07     1.6262E+05    
   1.39E+07     0.99723      0.00045587    1.39E+07     0.00045587    2.39E+07     1.6285E+05    
   1.4E+07      0.99729      0.00044801    1.4E+07      0.00044801    2.4E+07      1.6449E+05    
   1.41E+07     0.99732      0.00043845    1.41E+07     0.00043845    2.41E+07     1.6502E+05    
   1.42E+07     0.99727      0.00043129    1.42E+07     0.00043129    2.42E+07     1.6667E+05    
   1.43E+07     0.99727      0.00042133    1.43E+07     0.00042133    2.43E+07     1.6639E+05    
   1.44E+07     0.99734      0.00041616    1.44E+07     0.00041616    2.44E+07     1.6724E+05    
   1.45E+07     0.99737      0.00040856    1.45E+07     0.00040856    2.45E+07     1.6873E+05    
   1.46E+07     0.99733      0.00040236    1.46E+07     0.00040236    2.46E+07     1.6972E+05    
   1.47E+07     0.99742      0.00040435    1.47E+07     0.00040435    2.47E+07     1.71E+05      
   1.48E+07     0.99748      0.0003999     1.48E+07     0.0003999     2.48E+07     1.7261E+05    
   1.49E+07     0.99746      0.00039215    1.49E+07     0.00039215    2.49E+07     1.7391E+05    
   1.5E+07      0.9975       0.00038646    1.5E+07      0.00038646    2.5E+07      1.7537E+05    
   1.51E+07     0.99743      0.00038531    1.51E+07     0.00038531    2.51E+07     1.7699E+05    
   1.52E+07     0.9975       0.00038429    1.52E+07     0.00038429    2.52E+07     1.7804E+05    
   1.53E+07     0.9975       0.00037705    1.53E+07     0.00037705    2.53E+07     1.7942E+05    
   1.54E+07     0.99745      0.00037285    1.54E+07     0.00037285    2.54E+07     1.8034E+05    
   1.55E+07     0.99755      0.00037887    1.55E+07     0.00037887    2.55E+07     1.78E+05      
   1.56E+07     0.99744      0.0003896     1.56E+07     0.0003896     2.56E+07     1.783E+05     
   1.57E+07     0.99743      0.00038292    1.57E+07     0.00038292    2.57E+07     1.7669E+05    
   1.58E+07     0.99739      0.00037762    1.58E+07     0.00037762    2.58E+07     1.728E+05     
   1.59E+07     0.99737      0.00037171    1.59E+07     0.00037171    2.59E+07     1.7425E+05    
   1.6E+07      0.99739      0.00036601    1.6E+07      0.00036601    2.6E+07      1.7429E+05    
   1.61E+07     0.99745      0.00036411    1.61E+07     0.00036411    2.61E+07     1.7533E+05    
   1.62E+07     0.99745      0.00035824    1.62E+07     0.00035824    2.62E+07     1.7632E+05    
   1.63E+07     0.99752      0.00035971    1.63E+07     0.00035971    2.63E+07     1.7675E+05    
   1.64E+07     0.9975       0.000355      1.64E+07     0.000355      2.64E+07     1.7554E+05    
   1.65E+07     0.99749      0.0003496     1.65E+07     0.0003496     2.65E+07     1.7615E+05    
   1.66E+07     0.99747      0.00034494    1.66E+07     0.00034494    2.66E+07     1.7658E+05    
   1.67E+07     0.99742      0.00034278    1.67E+07     0.00034278    2.67E+07     1.7803E+05    
   1.68E+07     0.99744      0.00033804    1.68E+07     0.00033804    2.68E+07     1.7922E+05    
   1.69E+07     0.99747      0.00033455    1.69E+07     0.00033455    2.69E+07     1.8043E+05    
   1.7E+07      0.99751      0.00033223    1.7E+07      0.00033223    2.7E+07      1.8089E+05    
   1.71E+07     0.99747      0.00033003    1.71E+07     0.00033003    2.71E+07     1.8164E+05    
   1.72E+07     0.99745      0.00032624    1.72E+07     0.00032624    2.72E+07     1.8294E+05    
   1.73E+07     0.99742      0.00032248    1.73E+07     0.00032248    2.73E+07     1.8394E+05    
   1.74E+07     0.99741      0.00031829    1.74E+07     0.00031829    2.74E+07     1.8413E+05    
   1.75E+07     0.99744      0.00031483    1.75E+07     0.00031483    2.75E+07     1.8123E+05    
   1.76E+07     0.99737      0.00031735    1.76E+07     0.00031735    2.76E+07     1.8258E+05    
   1.77E+07     0.99734      0.00031459    1.77E+07     0.00031459    2.77E+07     1.7939E+05    
   1.78E+07     0.99732      0.00031132    1.78E+07     0.00031132    2.78E+07     1.7951E+05    
   1.79E+07     0.99733      0.00030748    1.79E+07     0.00030748    2.79E+07     1.799E+05     
   1.8E+07      0.99733      0.00030364    1.8E+07      0.00030364    2.8E+07      1.8088E+05    
   1.81E+07     0.99729      0.00030213    1.81E+07     0.00030213    2.81E+07     1.8204E+05    
   1.82E+07     0.99727      0.00029896    1.82E+07     0.00029896    2.82E+07     1.8045E+05    
   1.83E+07     0.99728      0.00029562    1.83E+07     0.00029562    2.83E+07     1.7802E+05    
   1.84E+07     0.99732      0.00029427    1.84E+07     0.00029427    2.84E+07     1.7926E+05    
   1.85E+07     0.9973       0.00029146    1.85E+07     0.00029146    2.85E+07     1.8052E+05    
   1.86E+07     0.99731      0.00028829    1.86E+07     0.00028829    2.86E+07     1.8158E+05    
   1.87E+07     0.99732      0.00028508    1.87E+07     0.00028508    2.87E+07     1.7988E+05    
   1.88E+07     0.9973       0.00028246    1.88E+07     0.00028246    2.88E+07     1.7852E+05    
   1.89E+07     0.9973       0.00027933    1.89E+07     0.00027933    2.89E+07     1.7721E+05    
   1.9E+07      0.99737      0.00028391    1.9E+07      0.00028391    2.9E+07      1.7763E+05    
   1.91E+07     0.9973       0.00028955    1.91E+07     0.00028955    2.91E+07     1.7888E+05    
   1.92E+07     0.99734      0.00028921    1.92E+07     0.00028921    2.92E+07     1.8001E+05    
   1.93E+07     0.99733      0.00028635    1.93E+07     0.00028635    2.93E+07     1.8123E+05    
   1.94E+07     0.99733      0.0002833     1.94E+07     0.0002833     2.94E+07     1.823E+05     
   1.95E+07     0.99729      0.00028304    1.95E+07     0.00028304    2.95E+07     1.8189E+05    
   1.96E+07     0.99727      0.00028064    1.96E+07     0.00028064    2.96E+07     1.8306E+05    
   1.97E+07     0.99729      0.00027829    1.97E+07     0.00027829    2.97E+07     1.8322E+05    
   1.98E+07     0.99729      0.00027545    1.98E+07     0.00027545    2.98E+07     1.8443E+05    
   1.99E+07     0.99727      0.00027305    1.99E+07     0.00027305    2.99E+07     1.8418E+05    
   2E+07        0.99725      0.00027113    2E+07        0.00027113    3E+07        1.8496E+05    
   2.01E+07     0.99726      0.00026847    2.01E+07     0.00026847    3.01E+07     1.8557E+05    
   2.02E+07     0.99722      0.00026789    2.02E+07     0.00026789    3.02E+07     1.8592E+05    
   2.03E+07     0.99721      0.00026549    2.03E+07     0.00026549    3.03E+07     1.8699E+05    
   2.04E+07     0.9972       0.00026345    2.04E+07     0.00026345    3.04E+07     1.8728E+05    
   2.05E+07     0.99722      0.00026173    2.05E+07     0.00026173    3.05E+07     1.8743E+05    
   2.06E+07     0.99723      0.0002597     2.06E+07     0.0002597     3.06E+07     1.8863E+05    
   2.07E+07     0.99722      0.00025752    2.07E+07     0.00025752    3.07E+07     1.8976E+05    
   2.08E+07     0.99723      0.00025533    2.08E+07     0.00025533    3.08E+07     1.9097E+05    
   2.09E+07     0.99726      0.00025416    2.09E+07     0.00025416    3.09E+07     1.9218E+05    
   2.1E+07      0.99728      0.00025287    2.1E+07      0.00025287    3.1E+07      1.9334E+05    
   2.11E+07     0.99727      0.00025095    2.11E+07     0.00025095    3.11E+07     1.937E+05     
   2.12E+07     0.99722      0.00025355    2.12E+07     0.00025355    3.12E+07     1.9491E+05    
   2.13E+07     0.9972       0.00025166    2.13E+07     0.00025166    3.13E+07     1.9526E+05    
   2.14E+07     0.99719      0.00024977    2.14E+07     0.00024977    3.14E+07     1.9498E+05    
   2.15E+07     0.99718      0.00024771    2.15E+07     0.00024771    3.15E+07     1.959E+05     
   2.16E+07     0.99718      0.00024568    2.16E+07     0.00024568    3.16E+07     1.9604E+05    
   2.17E+07     0.99719      0.0002442     2.17E+07     0.0002442     3.17E+07     1.972E+05     
   2.18E+07     0.99717      0.00024337    2.18E+07     0.00024337    3.18E+07     1.9763E+05    
   2.19E+07     0.99717      0.00024134    2.19E+07     0.00024134    3.19E+07     1.9844E+05    
   2.2E+07      0.99715      0.00024041    2.2E+07      0.00024041    3.2E+07      1.9885E+05    
   2.21E+07     0.99721      0.00024604    2.21E+07     0.00024604    3.21E+07     1.9737E+05    
   2.22E+07     0.99719      0.00024511    2.22E+07     0.00024511    3.22E+07     1.9821E+05    
   2.23E+07     0.9972       0.00024356    2.23E+07     0.00024356    3.23E+07     1.9938E+05    
   2.24E+07     0.99717      0.00024395    2.24E+07     0.00024395    3.24E+07     2.0048E+05    
   2.25E+07     0.99717      0.000242      2.25E+07     0.000242      3.25E+07     2.016E+05     
   2.26E+07     0.99719      0.00024119    2.26E+07     0.00024119    3.26E+07     1.9951E+05    
   2.27E+07     0.9972       0.0002394     2.27E+07     0.0002394     3.27E+07     2.0039E+05    
   2.28E+07     0.99718      0.00023836    2.28E+07     0.00023836    3.28E+07     2.0041E+05    
   2.29E+07     0.99718      0.00023656    2.29E+07     0.00023656    3.29E+07     2.0147E+05    
   2.3E+07      0.99717      0.00023489    2.3E+07      0.00023489    3.3E+07      2.026E+05     
   2.31E+07     0.9972       0.00023467    2.31E+07     0.00023467    3.31E+07     2.037E+05     
   2.32E+07     0.99722      0.0002334     2.32E+07     0.0002334     3.32E+07     2.03E+05      
   2.33E+07     0.99719      0.00023262    2.33E+07     0.00023262    3.33E+07     2.0409E+05    
   2.34E+07     0.99722      0.00023277    2.34E+07     0.00023277    3.34E+07     2.0516E+05    
   2.35E+07     0.99723      0.00023107    2.35E+07     0.00023107    3.35E+07     2.0549E+05    
   2.36E+07     0.99728      0.00023603    2.36E+07     0.00023603    3.36E+07     2.0485E+05    
   2.37E+07     0.99726      0.00023503    2.37E+07     0.00023503    3.37E+07     2.0525E+05    
   2.38E+07     0.99722      0.00023731    2.38E+07     0.00023731    3.38E+07     2.0619E+05    
   2.39E+07     0.9972       0.00023664    2.39E+07     0.00023664    3.39E+07     2.0649E+05    
   2.4E+07      0.9972       0.00023496    2.4E+07      0.00023496    3.4E+07      2.021E+05     
   2.41E+07     0.99718      0.0002341     2.41E+07     0.0002341     3.41E+07     1.9915E+05    
   2.42E+07     0.99718      0.00023245    2.42E+07     0.00023245    3.42E+07     1.9872E+05    
   2.43E+07     0.9972       0.00023214    2.43E+07     0.00023214    3.43E+07     1.9959E+05    
   2.44E+07     0.99719      0.00023107    2.44E+07     0.00023107    3.44E+07     1.9955E+05    
   2.45E+07     0.99719      0.00022957    2.45E+07     0.00022957    3.45E+07     1.9993E+05    
   2.46E+07     0.99718      0.00022844    2.46E+07     0.00022844    3.46E+07     1.9679E+05    
   2.47E+07     0.99719      0.0002271     2.47E+07     0.0002271     3.47E+07     1.9758E+05    
   2.48E+07     0.99719      0.00022558    2.48E+07     0.00022558    3.48E+07     1.9789E+05    
   2.49E+07     0.9972       0.00022428    2.49E+07     0.00022428    3.49E+07     1.9862E+05    
   2.5E+07      0.9972       0.00022289    2.5E+07      0.00022289    3.5E+07      1.9963E+05    
   2.51E+07     0.9972       0.00022142    2.51E+07     0.00022142    3.51E+07     2.0007E+05    
   2.52E+07     0.99719      0.00022032    2.52E+07     0.00022032    3.52E+07     2.0019E+05    
   2.53E+07     0.9972       0.00021903    2.53E+07     0.00021903    3.53E+07     2.0109E+05    
   2.54E+07     0.99721      0.00021805    2.54E+07     0.00021805    3.54E+07     2.0187E+05    
   2.55E+07     0.99724      0.00021904    2.55E+07     0.00021904    3.55E+07     2.0275E+05    
   2.56E+07     0.99723      0.00021836    2.56E+07     0.00021836    3.56E+07     2.0331E+05    
   2.57E+07     0.99726      0.00021893    2.57E+07     0.00021893    3.57E+07     2.0356E+05    
   2.58E+07     0.99722      0.00022094    2.58E+07     0.00022094    3.58E+07     2.0455E+05    
   2.59E+07     0.99721      0.00021959    2.59E+07     0.00021959    3.59E+07     2.0535E+05    
   2.6E+07      0.99723      0.00021913    2.6E+07      0.00021913    3.6E+07      2.0629E+05    
   2.61E+07     0.99722      0.00021806    2.61E+07     0.00021806    3.61E+07     2.0729E+05    
   2.62E+07     0.99723      0.00021703    2.62E+07     0.00021703    3.62E+07     2.0826E+05    
   2.63E+07     0.99722      0.00021635    2.63E+07     0.00021635    3.63E+07     2.0555E+05    
   2.64E+07     0.99724      0.00021666    2.64E+07     0.00021666    3.64E+07     2.0408E+05    
   2.65E+07     0.99723      0.00021587    2.65E+07     0.00021587    3.65E+07     2.0504E+05    
   2.66E+07     0.99721      0.0002152     2.66E+07     0.0002152     3.66E+07     2.0417E+05    
   2.67E+07     0.99721      0.00021392    2.67E+07     0.00021392    3.67E+07     2.0513E+05    
   2.68E+07     0.99722      0.0002128     2.68E+07     0.0002128     3.68E+07     2.0542E+05    
   2.69E+07     0.99723      0.00021168    2.69E+07     0.00021168    3.69E+07     2.0615E+05    
   2.7E+07      0.99724      0.00021102    2.7E+07      0.00021102    3.7E+07      2.071E+05     
   2.71E+07     0.99725      0.00021019    2.71E+07     0.00021019    3.71E+07     2.0769E+05    
   2.72E+07     0.99726      0.00020905    2.72E+07     0.00020905    3.72E+07     2.0749E+05    
   2.73E+07     0.99725      0.00020809    2.73E+07     0.00020809    3.73E+07     2.0843E+05    
   2.74E+07     0.99723      0.0002076     2.74E+07     0.0002076     3.74E+07     2.0763E+05    
   2.75E+07     0.9972       0.00020887    2.75E+07     0.00020887    3.75E+07     2.0665E+05    
   2.76E+07     0.9972       0.00020771    2.76E+07     0.00020771    3.76E+07     2.0746E+05    
   2.77E+07     0.99723      0.00020916    2.77E+07     0.00020916    3.77E+07     2.0816E+05    
   2.78E+07     0.99725      0.00020871    2.78E+07     0.00020871    3.78E+07     2.0886E+05    
   2.79E+07     0.99723      0.00020811    2.79E+07     0.00020811    3.79E+07     2.094E+05     
   2.8E+07      0.99724      0.00020717    2.8E+07      0.00020717    3.8E+07      2.1009E+05    
   2.81E+07     0.99725      0.00020613    2.81E+07     0.00020613    3.81E+07     2.0995E+05    
   2.82E+07     0.99727      0.00020666    2.82E+07     0.00020666    3.82E+07     2.0676E+05    
   2.83E+07     0.9973       0.0002077     2.83E+07     0.0002077     3.83E+07     2.0487E+05    
   2.84E+07     0.9973       0.00020661    2.84E+07     0.00020661    3.84E+07     2.0497E+05    
   2.85E+07     0.9973       0.00020552    2.85E+07     0.00020552    3.85E+07     2.0582E+05    
   2.86E+07     0.9973       0.00020455    2.86E+07     0.00020455    3.86E+07     2.067E+05     
   2.87E+07     0.99733      0.00020516    2.87E+07     0.00020516    3.87E+07     2.0753E+05    
   2.88E+07     0.99731      0.00020558    2.88E+07     0.00020558    3.88E+07     2.0838E+05    
   2.89E+07     0.99728      0.00020597    2.89E+07     0.00020597    3.89E+07     2.0922E+05    
   2.9E+07      0.99727      0.00020536    2.9E+07      0.00020536    3.9E+07      2.0963E+05    
   2.91E+07     0.99727      0.00020429    2.91E+07     0.00020429    3.91E+07     2.0993E+05    
   2.92E+07     0.99726      0.0002033     2.92E+07     0.0002033     3.92E+07     2.1068E+05    
   2.93E+07     0.99726      0.00020227    2.93E+07     0.00020227    3.93E+07     2.1154E+05    
   2.94E+07     0.99726      0.00020132    2.94E+07     0.00020132    3.94E+07     2.1182E+05    
   2.95E+07     0.99728      0.0002012     2.95E+07     0.0002012     3.95E+07     2.1178E+05    
   2.96E+07     0.99728      0.00020022    2.96E+07     0.00020022    3.96E+07     2.1218E+05    
   2.97E+07     0.99727      0.00019979    2.97E+07     0.00019979    3.97E+07     2.125E+05     
   2.98E+07     0.99726      0.00019879    2.98E+07     0.00019879    3.98E+07     2.1295E+05    
   2.99E+07     0.99728      0.00019858    2.99E+07     0.00019858    3.99E+07     2.1384E+05    
   3E+07        0.99729      0.00019783    3E+07        0.00019783    4E+07        2.1472E+05    
   3.01E+07     0.9973       0.00019718    3.01E+07     0.00019718    4.01E+07     2.156E+05     
   3.02E+07     0.99732      0.00019666    3.02E+07     0.00019666    4.02E+07     2.1649E+05    
   3.03E+07     0.99732      0.00019574    3.03E+07     0.00019574    4.03E+07     2.1658E+05    
   3.04E+07     0.99734      0.00019527    3.04E+07     0.00019527    4.04E+07     2.1747E+05    
   3.05E+07     0.99732      0.00019487    3.05E+07     0.00019487    4.05E+07     2.1826E+05    
   3.06E+07     0.99732      0.00019393    3.06E+07     0.00019393    4.06E+07     2.1872E+05    
   3.07E+07     0.99732      0.00019303    3.07E+07     0.00019303    4.07E+07     2.1955E+05    
   3.08E+07     0.99732      0.0001921     3.08E+07     0.0001921     4.08E+07     2.2035E+05    
   3.09E+07     0.99731      0.00019118    3.09E+07     0.00019118    4.09E+07     2.2115E+05    
   3.1E+07      0.99731      0.0001903     3.1E+07      0.0001903     4.1E+07      2.2112E+05    
   3.11E+07     0.9973       0.0001898     3.11E+07     0.0001898     4.11E+07     2.218E+05     
   3.12E+07     0.9973       0.00018891    3.12E+07     0.00018891    4.12E+07     2.2268E+05    
   3.13E+07     0.99731      0.00018844    3.13E+07     0.00018844    4.13E+07     2.2309E+05    
   3.14E+07     0.99733      0.00018826    3.14E+07     0.00018826    4.14E+07     2.2374E+05    
   3.15E+07     0.99732      0.00018752    3.15E+07     0.00018752    4.15E+07     2.2456E+05    
   3.16E+07     0.99734      0.00018716    3.16E+07     0.00018716    4.16E+07     2.2543E+05    
   3.17E+07     0.99734      0.00018631    3.17E+07     0.00018631    4.17E+07     2.247E+05     
   3.18E+07     0.99733      0.00018581    3.18E+07     0.00018581    4.18E+07     2.2518E+05    
   3.19E+07     0.99733      0.00018514    3.19E+07     0.00018514    4.19E+07     2.2593E+05    
   3.2E+07      0.99732      0.00018465    3.2E+07      0.00018465    4.2E+07      2.2678E+05    
   3.21E+07     0.9973       0.00018505    3.21E+07     0.00018505    4.21E+07     2.2765E+05    
   3.22E+07     0.99731      0.00018437    3.22E+07     0.00018437    4.22E+07     2.2791E+05    
   3.23E+07     0.99731      0.00018354    3.23E+07     0.00018354    4.23E+07     2.2756E+05    
   3.24E+07     0.99731      0.00018274    3.24E+07     0.00018274    4.24E+07     2.2754E+05    
   3.25E+07     0.9973       0.00018195    3.25E+07     0.00018195    4.25E+07     2.2739E+05    
   3.26E+07     0.99728      0.00018262    3.26E+07     0.00018262    4.26E+07     2.2814E+05    
   3.27E+07     0.99729      0.00018194    3.27E+07     0.00018194    4.27E+07     2.2887E+05    
   3.28E+07     0.99727      0.00018165    3.28E+07     0.00018165    4.28E+07     2.2966E+05    
   3.29E+07     0.99728      0.00018089    3.29E+07     0.00018089    4.29E+07     2.3053E+05    
   3.3E+07      0.99728      0.00018011    3.3E+07      0.00018011    4.3E+07      2.3101E+05    
   3.31E+07     0.99728      0.00017935    3.31E+07     0.00017935    4.31E+07     2.3181E+05    
   3.32E+07     0.9973       0.00017939    3.32E+07     0.00017939    4.32E+07     2.3248E+05    
   3.33E+07     0.99729      0.00017864    3.33E+07     0.00017864    4.33E+07     2.3302E+05    
   3.34E+07     0.9973       0.0001779     3.34E+07     0.0001779     4.34E+07     2.3374E+05    
   3.35E+07     0.99731      0.00017749    3.35E+07     0.00017749    4.35E+07     2.3426E+05    
   3.36E+07     0.99732      0.0001775     3.36E+07     0.0001775     4.36E+07     2.3478E+05    
   3.37E+07     0.99733      0.00017706    3.37E+07     0.00017706    4.37E+07     2.3251E+05    
   3.38E+07     0.99733      0.0001764     3.38E+07     0.0001764     4.38E+07     2.3334E+05    
   3.39E+07     0.99734      0.00017601    3.39E+07     0.00017601    4.39E+07     2.3181E+05    
   3.4E+07      0.99737      0.00017765    3.4E+07      0.00017765    4.4E+07      2.2942E+05    
   3.41E+07     0.99739      0.00017869    3.41E+07     0.00017869    4.41E+07     2.2984E+05    
   3.42E+07     0.99738      0.00017861    3.42E+07     0.00017861    4.42E+07     2.3016E+05    
   3.43E+07     0.99738      0.00017796    3.43E+07     0.00017796    4.43E+07     2.3088E+05    
   3.44E+07     0.9974       0.00017772    3.44E+07     0.00017772    4.44E+07     2.3153E+05    
   3.45E+07     0.99739      0.00017726    3.45E+07     0.00017726    4.45E+07     2.2886E+05    
   3.46E+07     0.99736      0.00017841    3.46E+07     0.00017841    4.46E+07     2.2965E+05    
   3.47E+07     0.99736      0.0001778     3.47E+07     0.0001778     4.47E+07     2.3043E+05    
   3.48E+07     0.99737      0.00017739    3.48E+07     0.00017739    4.48E+07     2.3123E+05    
   3.49E+07     0.99737      0.0001768     3.49E+07     0.0001768     4.49E+07     2.319E+05     
   3.5E+07      0.99737      0.0001761     3.5E+07      0.0001761     4.5E+07      2.3027E+05    
   3.51E+07     0.99736      0.00017565    3.51E+07     0.00017565    4.51E+07     2.3085E+05    
   3.52E+07     0.99735      0.00017535    3.52E+07     0.00017535    4.52E+07     2.3163E+05    
   3.53E+07     0.99735      0.00017471    3.53E+07     0.00017471    4.53E+07     2.2764E+05    
   3.54E+07     0.99735      0.00017412    3.54E+07     0.00017412    4.54E+07     2.2691E+05    
   3.55E+07     0.99735      0.00017349    3.55E+07     0.00017349    4.55E+07     2.2748E+05    
   3.56E+07     0.99736      0.00017301    3.56E+07     0.00017301    4.56E+07     2.2826E+05    
   3.57E+07     0.99735      0.00017266    3.57E+07     0.00017266    4.57E+07     2.2785E+05    
   3.58E+07     0.99735      0.00017199    3.58E+07     0.00017199    4.58E+07     2.2863E+05    
   3.59E+07     0.99735      0.00017142    3.59E+07     0.00017142    4.59E+07     2.2874E+05    
   3.6E+07      0.99735      0.00017079    3.6E+07      0.00017079    4.6E+07      2.2564E+05    
   3.61E+07     0.99735      0.00017014    3.61E+07     0.00017014    4.61E+07     2.2625E+05    
   3.62E+07     0.99735      0.0001695     3.62E+07     0.0001695     4.62E+07     2.2553E+05    
   3.63E+07     0.99737      0.00017037    3.63E+07     0.00017037    4.63E+07     2.2564E+05    
   3.64E+07     0.99735      0.00017075    3.64E+07     0.00017075    4.64E+07     2.2599E+05    
   3.65E+07     0.99736      0.00017012    3.65E+07     0.00017012    4.65E+07     2.235E+05     
   3.66E+07     0.99737      0.00017024    3.66E+07     0.00017024    4.66E+07     2.2381E+05    
   3.67E+07     0.99737      0.00016961    3.67E+07     0.00016961    4.67E+07     2.2382E+05    
   3.68E+07     0.99738      0.00016926    3.68E+07     0.00016926    4.68E+07     2.2331E+05    
   3.69E+07     0.99739      0.00016872    3.69E+07     0.00016872    4.69E+07     2.2246E+05    
   3.7E+07      0.99739      0.00016811    3.7E+07      0.00016811    4.7E+07      2.2318E+05    
   3.71E+07     0.99738      0.00016763    3.71E+07     0.00016763    4.71E+07     2.2334E+05    
   3.72E+07     0.9974       0.00016749    3.72E+07     0.00016749    4.72E+07     2.2321E+05    
   3.73E+07     0.9974       0.00016689    3.73E+07     0.00016689    4.73E+07     2.2393E+05    
   3.74E+07     0.99741      0.00016699    3.74E+07     0.00016699    4.74E+07     2.2424E+05    
   3.75E+07     0.9974       0.00016715    3.75E+07     0.00016715    4.75E+07     2.2437E+05    
   3.76E+07     0.9974       0.0001666     3.76E+07     0.0001666     4.76E+07     2.2481E+05    
   3.77E+07     0.9974       0.0001661     3.77E+07     0.0001661     4.77E+07     2.2475E+05    
   3.78E+07     0.99739      0.0001656     3.78E+07     0.0001656     4.78E+07     2.2514E+05    
   3.79E+07     0.9974       0.00016517    3.79E+07     0.00016517    4.79E+07     2.2528E+05    
   3.8E+07      0.99739      0.00016468    3.8E+07      0.00016468    4.8E+07      2.2329E+05    
   3.81E+07     0.9974       0.00016452    3.81E+07     0.00016452    4.81E+07     2.2344E+05    
   3.82E+07     0.99738      0.00016556    3.82E+07     0.00016556    4.82E+07     2.2214E+05    
   3.83E+07     0.9974       0.0001661     3.83E+07     0.0001661     4.83E+07     2.2276E+05    
   3.84E+07     0.99741      0.00016584    3.84E+07     0.00016584    4.84E+07     2.2338E+05    
   3.85E+07     0.99741      0.00016528    3.85E+07     0.00016528    4.85E+07     2.2306E+05    
   3.86E+07     0.99741      0.00016471    3.86E+07     0.00016471    4.86E+07     2.2332E+05    
   3.87E+07     0.99741      0.00016417    3.87E+07     0.00016417    4.87E+07     2.2398E+05    
   3.88E+07     0.99741      0.00016361    3.88E+07     0.00016361    4.88E+07     2.2448E+05    
   3.89E+07     0.99741      0.00016307    3.89E+07     0.00016307    4.89E+07     2.25E+05      
   3.9E+07      0.99742      0.0001627     3.9E+07      0.0001627     4.9E+07      2.2461E+05    
   3.91E+07     0.99743      0.00016238    3.91E+07     0.00016238    4.91E+07     2.2502E+05    
   3.92E+07     0.99743      0.00016188    3.92E+07     0.00016188    4.92E+07     2.2558E+05    
   3.93E+07     0.99743      0.00016133    3.93E+07     0.00016133    4.93E+07     2.2627E+05    
   3.94E+07     0.99744      0.00016102    3.94E+07     0.00016102    4.94E+07     2.2695E+05    
   3.95E+07     0.99745      0.00016082    3.95E+07     0.00016082    4.95E+07     2.2691E+05    
   3.96E+07     0.99744      0.00016047    3.96E+07     0.00016047    4.96E+07     2.2725E+05    
   3.97E+07     0.99745      0.00016014    3.97E+07     0.00016014    4.97E+07     2.2778E+05    
   3.98E+07     0.99746      0.00015977    3.98E+07     0.00015977    4.98E+07     2.2818E+05    
   3.99E+07     0.99746      0.00015924    3.99E+07     0.00015924    4.99E+07     2.2879E+05    
   4E+07        0.99746      0.00015871    4E+07        0.00015871    5E+07        2.282E+05     
   4.01E+07     0.99746      0.00015819    4.01E+07     0.00015819    5.01E+07     2.2808E+05    
   4.02E+07     0.99746      0.00015767    4.02E+07     0.00015767    5.02E+07     2.2866E+05    
   4.03E+07     0.99747      0.00015744    4.03E+07     0.00015744    5.03E+07     2.2853E+05    
   4.04E+07     0.99747      0.00015692    4.04E+07     0.00015692    5.04E+07     2.2779E+05    
   4.05E+07     0.99747      0.00015643    4.05E+07     0.00015643    5.05E+07     2.2843E+05    
   4.06E+07     0.99746      0.00015608    4.06E+07     0.00015608    5.06E+07     2.2554E+05    
   4.07E+07     0.99746      0.00015559    4.07E+07     0.00015559    5.07E+07     2.2619E+05    
   4.08E+07     0.99746      0.00015511    4.08E+07     0.00015511    5.08E+07     2.2504E+05    
   4.09E+07     0.99746      0.00015465    4.09E+07     0.00015465    5.09E+07     2.2568E+05    
   4.1E+07      0.99747      0.00015446    4.1E+07      0.00015446    5.1E+07      2.2583E+05    
   4.11E+07     0.99746      0.00015404    4.11E+07     0.00015404    5.11E+07     2.2639E+05    
   4.12E+07     0.99746      0.00015354    4.12E+07     0.00015354    5.12E+07     2.27E+05      
   4.13E+07     0.99747      0.00015321    4.13E+07     0.00015321    5.13E+07     2.2707E+05    
   4.14E+07     0.99747      0.0001528     4.14E+07     0.0001528     5.14E+07     2.2685E+05    
   4.15E+07     0.99748      0.00015234    4.15E+07     0.00015234    5.15E+07     2.275E+05     
   4.16E+07     0.99748      0.00015186    4.16E+07     0.00015186    5.16E+07     2.2765E+05    
   4.17E+07     0.99747      0.00015192    4.17E+07     0.00015192    5.17E+07     2.282E+05     
   4.18E+07     0.99747      0.00015158    4.18E+07     0.00015158    5.18E+07     2.2875E+05    
   4.19E+07     0.99747      0.00015114    4.19E+07     0.00015114    5.19E+07     2.2938E+05    
   4.2E+07      0.99747      0.00015068    4.2E+07      0.00015068    5.2E+07      2.2978E+05    
   4.21E+07     0.99747      0.00015021    4.21E+07     0.00015021    5.21E+07     2.2978E+05    
   4.22E+07     0.99746      0.00014994    4.22E+07     0.00014994    5.22E+07     2.3043E+05    
   4.23E+07     0.99747      0.00014988    4.23E+07     0.00014988    5.23E+07     2.308E+05     
   4.24E+07     0.99746      0.00014971    4.24E+07     0.00014971    5.24E+07     2.3002E+05    
   4.25E+07     0.99747      0.00014958    4.25E+07     0.00014958    5.25E+07     2.3024E+05    
   4.26E+07     0.99747      0.00014916    4.26E+07     0.00014916    5.26E+07     2.3063E+05    
   4.27E+07     0.99747      0.00014874    4.27E+07     0.00014874    5.27E+07     2.3116E+05    
   4.28E+07     0.99747      0.00014831    4.28E+07     0.00014831    5.28E+07     2.3033E+05    
   4.29E+07     0.99747      0.00014786    4.29E+07     0.00014786    5.29E+07     2.3081E+05    
   4.3E+07      0.99748      0.00014753    4.3E+07      0.00014753    5.3E+07      2.3096E+05    
   4.31E+07     0.99748      0.0001471     4.31E+07     0.0001471     5.31E+07     2.316E+05     
   4.32E+07     0.99749      0.00014672    4.32E+07     0.00014672    5.32E+07     2.3219E+05    
   4.33E+07     0.99748      0.00014638    4.33E+07     0.00014638    5.33E+07     2.3262E+05    
   4.34E+07     0.99748      0.00014598    4.34E+07     0.00014598    5.34E+07     2.3196E+05    
   4.35E+07     0.99747      0.00014563    4.35E+07     0.00014563    5.35E+07     2.3144E+05    
   4.36E+07     0.99748      0.0001453     4.36E+07     0.0001453     5.36E+07     2.3181E+05    
   4.37E+07     0.99746      0.00014584    4.37E+07     0.00014584    5.37E+07     2.3236E+05    
   4.38E+07     0.99746      0.00014542    4.38E+07     0.00014542    5.38E+07     2.3281E+05    
   4.39E+07     0.99747      0.00014573    4.39E+07     0.00014573    5.39E+07     2.3099E+05    
   4.4E+07      0.99749      0.00014632    4.4E+07      0.00014632    5.4E+07      2.3159E+05    
   4.41E+07     0.9975       0.00014601    4.41E+07     0.00014601    5.41E+07     2.3068E+05    
   4.42E+07     0.99749      0.00014575    4.42E+07     0.00014575    5.42E+07     2.3111E+05    
   4.43E+07     0.99749      0.00014535    4.43E+07     0.00014535    5.43E+07     2.3114E+05    
   4.44E+07     0.99748      0.00014499    4.44E+07     0.00014499    5.44E+07     2.3169E+05    
   4.45E+07     0.9975       0.00014567    4.45E+07     0.00014567    5.45E+07     2.323E+05     
   4.46E+07     0.9975       0.00014525    4.46E+07     0.00014525    5.46E+07     2.3288E+05    
   4.47E+07     0.9975       0.00014484    4.47E+07     0.00014484    5.47E+07     2.3127E+05    
   4.48E+07     0.9975       0.00014442    4.48E+07     0.00014442    5.48E+07     2.3154E+05    
   4.49E+07     0.9975       0.00014405    4.49E+07     0.00014405    5.49E+07     2.3104E+05    
   4.5E+07      0.99749      0.0001444     4.5E+07      0.0001444     5.5E+07      2.3125E+05    
   4.51E+07     0.99749      0.00014406    4.51E+07     0.00014406    5.51E+07     2.3185E+05    
   4.52E+07     0.99749      0.00014365    4.52E+07     0.00014365    5.52E+07     2.3199E+05    
   4.53E+07     0.99746      0.00014475    4.53E+07     0.00014475    5.53E+07     2.322E+05     
   4.54E+07     0.99745      0.00014482    4.54E+07     0.00014482    5.54E+07     2.3276E+05    
   4.55E+07     0.99745      0.00014448    4.55E+07     0.00014448    5.55E+07     2.3331E+05    
   4.56E+07     0.99745      0.00014407    4.56E+07     0.00014407    5.56E+07     2.3389E+05    
   4.57E+07     0.99746      0.00014404    4.57E+07     0.00014404    5.57E+07     2.3411E+05    
   4.58E+07     0.99746      0.00014364    4.58E+07     0.00014364    5.58E+07     2.3391E+05    
   4.59E+07     0.99745      0.00014345    4.59E+07     0.00014345    5.59E+07     2.3432E+05    
   4.6E+07      0.99743      0.00014427    4.6E+07      0.00014427    5.6E+07      2.3384E+05    
   4.61E+07     0.99744      0.00014391    4.61E+07     0.00014391    5.61E+07     2.344E+05     
   4.62E+07     0.99745      0.00014399    4.62E+07     0.00014399    5.62E+07     2.35E+05      
   4.63E+07     0.99745      0.0001438     4.63E+07     0.0001438     5.63E+07     2.3506E+05    
   4.64E+07     0.99746      0.00014353    4.64E+07     0.00014353    5.64E+07     2.3352E+05    
   4.65E+07     0.99748      0.00014417    4.65E+07     0.00014417    5.65E+07     2.3411E+05    
   4.66E+07     0.99747      0.00014392    4.66E+07     0.00014392    5.66E+07     2.3461E+05    
   4.67E+07     0.99748      0.00014376    4.67E+07     0.00014376    5.67E+07     2.3518E+05    
   4.68E+07     0.99749      0.00014377    4.68E+07     0.00014377    5.68E+07     2.3505E+05    
   4.69E+07     0.99748      0.00014389    4.69E+07     0.00014389    5.69E+07     2.3564E+05    
   4.7E+07      0.99748      0.0001435     4.7E+07      0.0001435     5.7E+07      2.3598E+05    
   4.71E+07     0.99747      0.00014329    4.71E+07     0.00014329    5.71E+07     2.3657E+05    
   4.72E+07     0.99746      0.00014318    4.72E+07     0.00014318    5.72E+07     2.3664E+05    
   4.73E+07     0.99746      0.0001428     4.73E+07     0.0001428     5.73E+07     2.3718E+05    
   4.74E+07     0.99746      0.00014255    4.74E+07     0.00014255    5.74E+07     2.3695E+05    
   4.75E+07     0.99745      0.00014236    4.75E+07     0.00014236    5.75E+07     2.3731E+05    
   4.76E+07     0.99745      0.00014207    4.76E+07     0.00014207    5.76E+07     2.3689E+05    
   4.77E+07     0.99745      0.00014194    4.77E+07     0.00014194    5.77E+07     2.3736E+05    
   4.78E+07     0.99746      0.00014166    4.78E+07     0.00014166    5.78E+07     2.3761E+05    
   4.79E+07     0.99747      0.00014147    4.79E+07     0.00014147    5.79E+07     2.3755E+05    
   4.8E+07      0.99748      0.00014195    4.8E+07      0.00014195    5.8E+07      2.3808E+05    
   4.81E+07     0.99747      0.00014175    4.81E+07     0.00014175    5.81E+07     2.3821E+05    
   4.82E+07     0.99749      0.00014201    4.82E+07     0.00014201    5.82E+07     2.3582E+05    
   4.83E+07     0.99749      0.00014166    4.83E+07     0.00014166    5.83E+07     2.3639E+05    
   4.84E+07     0.99749      0.00014132    4.84E+07     0.00014132    5.84E+07     2.3683E+05    
   4.85E+07     0.99748      0.00014127    4.85E+07     0.00014127    5.85E+07     2.3725E+05    
   4.86E+07     0.99747      0.00014105    4.86E+07     0.00014105    5.86E+07     2.3762E+05    
   4.87E+07     0.99747      0.00014069    4.87E+07     0.00014069    5.87E+07     2.3805E+05    
   4.88E+07     0.99747      0.00014039    4.88E+07     0.00014039    5.88E+07     2.3859E+05    
   4.89E+07     0.99747      0.00014008    4.89E+07     0.00014008    5.89E+07     2.3914E+05    
   4.9E+07      0.99748      0.00014007    4.9E+07      0.00014007    5.9E+07      2.3881E+05    
   4.91E+07     0.99748      0.00013979    4.91E+07     0.00013979    5.91E+07     2.3938E+05    
   4.92E+07     0.99747      0.00013947    4.92E+07     0.00013947    5.92E+07     2.3985E+05    
   4.93E+07     0.99747      0.00013912    4.93E+07     0.00013912    5.93E+07     2.404E+05     
   4.94E+07     0.99747      0.00013877    4.94E+07     0.00013877    5.94E+07     2.4087E+05    
   4.95E+07     0.99748      0.00013864    4.95E+07     0.00013864    5.95E+07     2.4077E+05    
   4.96E+07     0.99747      0.0001384     4.96E+07     0.0001384     5.96E+07     2.4088E+05    
   4.97E+07     0.99747      0.0001381     4.97E+07     0.0001381     5.97E+07     2.414E+05     
   4.98E+07     0.99746      0.00013783    4.98E+07     0.00013783    5.98E+07     2.4138E+05    
   4.99E+07     0.99747      0.00013751    4.99E+07     0.00013751    5.99E+07     2.4194E+05    
   5E+07        0.99746      0.00013755    5E+07        0.00013755    6E+07        2.425E+05     
   5.01E+07     0.99745      0.00013745    5.01E+07     0.00013745    6.01E+07     2.3872E+05    
   5.02E+07     0.99745      0.00013714    5.02E+07     0.00013714    6.02E+07     2.3822E+05    
   5.03E+07     0.99744      0.00013704    5.03E+07     0.00013704    6.03E+07     2.3872E+05    
   5.04E+07     0.99743      0.00013712    5.04E+07     0.00013712    6.04E+07     2.3798E+05    
   5.05E+07     0.99743      0.00013679    5.05E+07     0.00013679    6.05E+07     2.385E+05     
   5.06E+07     0.99745      0.00013753    5.06E+07     0.00013753    6.06E+07     2.3902E+05    
   5.07E+07     0.99745      0.0001372     5.07E+07     0.0001372     6.07E+07     2.3879E+05    
   5.08E+07     0.99747      0.00013741    5.08E+07     0.00013741    6.08E+07     2.3898E+05    
   5.09E+07     0.99746      0.00013708    5.09E+07     0.00013708    6.09E+07     2.3929E+05    
   5.1E+07      0.99746      0.0001369     5.1E+07      0.0001369     6.1E+07      2.398E+05     
   5.11E+07     0.99746      0.0001366     5.11E+07     0.0001366     6.11E+07     2.3984E+05    
   5.12E+07     0.99746      0.00013628    5.12E+07     0.00013628    6.12E+07     2.4036E+05    
   5.13E+07     0.99747      0.00013612    5.13E+07     0.00013612    6.13E+07     2.3959E+05    
   5.14E+07     0.99746      0.00013606    5.14E+07     0.00013606    6.14E+07     2.4002E+05    
   5.15E+07     0.99746      0.00013573    5.15E+07     0.00013573    6.15E+07     2.4005E+05    
   5.16E+07     0.99745      0.00013555    5.16E+07     0.00013555    6.16E+07     2.3999E+05    
   5.17E+07     0.99745      0.00013525    5.17E+07     0.00013525    6.17E+07     2.4047E+05    
   5.18E+07     0.99744      0.00013496    5.18E+07     0.00013496    6.18E+07     2.4097E+05    
   5.19E+07     0.99744      0.00013465    5.19E+07     0.00013465    6.19E+07     2.4072E+05    
   5.2E+07      0.99745      0.0001344     5.2E+07      0.0001344     6.2E+07      2.4098E+05    
   5.21E+07     0.99746      0.00013427    5.21E+07     0.00013427    6.21E+07     2.4145E+05    
   5.22E+07     0.99746      0.00013395    5.22E+07     0.00013395    6.22E+07     2.4152E+05    
   5.23E+07     0.99746      0.00013371    5.23E+07     0.00013371    6.23E+07     2.4117E+05    
   5.24E+07     0.99745      0.00013381    5.24E+07     0.00013381    6.24E+07     2.4004E+05    
   5.25E+07     0.99745      0.0001336     5.25E+07     0.0001336     6.25E+07     2.4056E+05    
   5.26E+07     0.99745      0.00013336    5.26E+07     0.00013336    6.26E+07     2.4106E+05    
   5.27E+07     0.99745      0.00013308    5.27E+07     0.00013308    6.27E+07     2.4081E+05    
   5.28E+07     0.99746      0.0001332     5.28E+07     0.0001332     6.28E+07     2.4083E+05    
   5.29E+07     0.99746      0.00013293    5.29E+07     0.00013293    6.29E+07     2.4132E+05    
   5.3E+07      0.99747      0.00013276    5.3E+07      0.00013276    6.3E+07      2.4108E+05    
   5.31E+07     0.99747      0.00013245    5.31E+07     0.00013245    6.31E+07     2.4034E+05    
   5.32E+07     0.99746      0.00013216    5.32E+07     0.00013216    6.32E+07     2.4085E+05    
   5.33E+07     0.99747      0.00013191    5.33E+07     0.00013191    6.33E+07     2.4128E+05    
   5.34E+07     0.99746      0.00013197    5.34E+07     0.00013197    6.34E+07     2.4166E+05    
   5.35E+07     0.99745      0.000132      5.35E+07     0.000132      6.35E+07     2.4168E+05    
   5.36E+07     0.99745      0.00013177    5.36E+07     0.00013177    6.36E+07     2.422E+05     
   5.37E+07     0.99745      0.00013149    5.37E+07     0.00013149    6.37E+07     2.4272E+05    
   5.38E+07     0.99744      0.00013124    5.38E+07     0.00013124    6.38E+07     2.4324E+05    
   5.39E+07     0.99746      0.00013163    5.39E+07     0.00013163    6.39E+07     2.4362E+05    
   5.4E+07      0.99746      0.00013134    5.4E+07      0.00013134    6.4E+07      2.4413E+05    
   5.41E+07     0.99745      0.00013148    5.41E+07     0.00013148    6.41E+07     2.4439E+05    
   5.42E+07     0.99745      0.00013123    5.42E+07     0.00013123    6.42E+07     2.4338E+05    
   5.43E+07     0.99744      0.0001311     5.43E+07     0.0001311     6.43E+07     2.4309E+05    
   5.44E+07     0.99744      0.00013082    5.44E+07     0.00013082    6.44E+07     2.4053E+05    
   5.45E+07     0.99744      0.00013053    5.45E+07     0.00013053    6.45E+07     2.3945E+05    
   5.46E+07     0.99744      0.00013025    5.46E+07     0.00013025    6.46E+07     2.3993E+05    
   5.47E+07     0.99745      0.00013058    5.47E+07     0.00013058    6.47E+07     2.4035E+05    
   5.48E+07     0.99745      0.00013038    5.48E+07     0.00013038    6.48E+07     2.3986E+05    
   5.49E+07     0.99746      0.00013041    5.49E+07     0.00013041    6.49E+07     2.3926E+05    
   5.5E+07      0.99746      0.00013023    5.5E+07      0.00013023    6.5E+07      2.3966E+05    
   5.51E+07     0.99746      0.00012994    5.51E+07     0.00012994    6.51E+07     2.4016E+05    
   5.52E+07     0.99746      0.00012978    5.52E+07     0.00012978    6.52E+07     2.4061E+05    
   5.53E+07     0.99745      0.00012961    5.53E+07     0.00012961    6.53E+07     2.4089E+05    
   5.54E+07     0.99745      0.00012933    5.54E+07     0.00012933    6.54E+07     2.4102E+05    
   5.55E+07     0.99746      0.00012906    5.55E+07     0.00012906    6.55E+07     2.4116E+05    
   5.56E+07     0.99745      0.00012879    5.56E+07     0.00012879    6.56E+07     2.3983E+05    
   5.57E+07     0.99745      0.00012861    5.57E+07     0.00012861    6.57E+07     2.4008E+05    
   5.58E+07     0.99746      0.00012855    5.58E+07     0.00012855    6.58E+07     2.4053E+05    
   5.59E+07     0.99746      0.00012832    5.59E+07     0.00012832    6.59E+07     2.4074E+05    
   5.6E+07      0.99745      0.00012833    5.6E+07      0.00012833    6.6E+07      2.4118E+05    
   5.61E+07     0.99745      0.00012807    5.61E+07     0.00012807    6.61E+07     2.4107E+05    
   5.62E+07     0.99745      0.00012779    5.62E+07     0.00012779    6.62E+07     2.4081E+05    
   5.63E+07     0.99746      0.00012766    5.63E+07     0.00012766    6.63E+07     2.4124E+05    
   5.64E+07     0.99747      0.00012797    5.64E+07     0.00012797    6.64E+07     2.4162E+05    
   5.65E+07     0.99747      0.00012769    5.65E+07     0.00012769    6.65E+07     2.4211E+05    
   5.66E+07     0.99747      0.00012744    5.66E+07     0.00012744    6.66E+07     2.4248E+05    
   5.67E+07     0.99746      0.00012717    5.67E+07     0.00012717    6.67E+07     2.4251E+05    
   5.68E+07     0.99747      0.00012709    5.68E+07     0.00012709    6.68E+07     2.4069E+05    
   5.69E+07     0.99747      0.00012682    5.69E+07     0.00012682    6.69E+07     2.4062E+05    
   5.7E+07      0.99747      0.00012662    5.7E+07      0.00012662    6.7E+07      2.4053E+05    
   5.71E+07     0.99747      0.00012635    5.71E+07     0.00012635    6.71E+07     2.4084E+05    
   5.72E+07     0.99747      0.00012621    5.72E+07     0.00012621    6.72E+07     2.4129E+05    
   5.73E+07     0.99747      0.00012596    5.73E+07     0.00012596    6.73E+07     2.4114E+05    
   5.74E+07     0.99748      0.00012591    5.74E+07     0.00012591    6.74E+07     2.4141E+05    
   5.75E+07     0.99747      0.00012571    5.75E+07     0.00012571    6.75E+07     2.4174E+05    
   5.76E+07     0.99747      0.00012571    5.76E+07     0.00012571    6.76E+07     2.4154E+05    
   5.77E+07     0.99747      0.00012547    5.77E+07     0.00012547    6.77E+07     2.4057E+05    
   5.78E+07     0.99746      0.0001253     5.78E+07     0.0001253     6.78E+07     2.4012E+05    
   5.79E+07     0.99746      0.00012521    5.79E+07     0.00012521    6.79E+07     2.4055E+05    
   5.8E+07      0.99746      0.00012496    5.8E+07      0.00012496    6.8E+07      2.4095E+05    
   5.81E+07     0.99745      0.00012481    5.81E+07     0.00012481    6.81E+07     2.4143E+05    
   5.82E+07     0.99744      0.00012534    5.82E+07     0.00012534    6.82E+07     2.4135E+05    
   5.83E+07     0.99744      0.00012508    5.83E+07     0.00012508    6.83E+07     2.4182E+05    
   5.84E+07     0.99744      0.00012485    5.84E+07     0.00012485    6.84E+07     2.4228E+05    
   5.85E+07     0.99744      0.00012463    5.85E+07     0.00012463    6.85E+07     2.4274E+05    
   5.86E+07     0.99744      0.00012443    5.86E+07     0.00012443    6.86E+07     2.432E+05     
   5.87E+07     0.99744      0.00012421    5.87E+07     0.00012421    6.87E+07     2.4336E+05    
   5.88E+07     0.99744      0.00012397    5.88E+07     0.00012397    6.88E+07     2.4382E+05    
   5.89E+07     0.99744      0.00012371    5.89E+07     0.00012371    6.89E+07     2.4402E+05    
   5.9E+07      0.99743      0.0001237     5.9E+07      0.0001237     6.9E+07      2.4449E+05    
   5.91E+07     0.99744      0.00012344    5.91E+07     0.00012344    6.91E+07     2.4479E+05    
   5.92E+07     0.99744      0.00012322    5.92E+07     0.00012322    6.92E+07     2.4455E+05    
   5.93E+07     0.99744      0.00012297    5.93E+07     0.00012297    6.93E+07     2.4482E+05    
   5.94E+07     0.99744      0.00012275    5.94E+07     0.00012275    6.94E+07     2.4494E+05    
   5.95E+07     0.99745      0.00012267    5.95E+07     0.00012267    6.95E+07     2.4429E+05    
   5.96E+07     0.99744      0.00012254    5.96E+07     0.00012254    6.96E+07     2.4473E+05    
   5.97E+07     0.99744      0.00012231    5.97E+07     0.00012231    6.97E+07     2.4464E+05    
   5.98E+07     0.99744      0.00012221    5.98E+07     0.00012221    6.98E+07     2.451E+05     
   5.99E+07     0.99744      0.00012196    5.99E+07     0.00012196    6.99E+07     2.45E+05      
   6E+07        0.99744      0.00012172    6E+07        0.00012172    7E+07        2.4537E+05    
   6.01E+07     0.99745      0.00012258    6.01E+07     0.00012258    7.01E+07     2.4514E+05    
   6.02E+07     0.99745      0.0001226     6.02E+07     0.0001226     7.02E+07     2.456E+05     
   6.03E+07     0.99745      0.00012237    6.03E+07     0.00012237    7.03E+07     2.4593E+05    
   6.04E+07     0.99746      0.00012246    6.04E+07     0.00012246    7.04E+07     2.441E+05     
   6.05E+07     0.99745      0.00012223    6.05E+07     0.00012223    7.05E+07     2.4389E+05    
   6.06E+07     0.99746      0.00012199    6.06E+07     0.00012199    7.06E+07     2.4403E+05    
   6.07E+07     0.99745      0.00012195    6.07E+07     0.00012195    7.07E+07     2.4394E+05    
   6.08E+07     0.99744      0.0001218     6.08E+07     0.0001218     7.08E+07     2.4431E+05    
   6.09E+07     0.99744      0.00012162    6.09E+07     0.00012162    7.09E+07     2.4454E+05    
   6.1E+07      0.99744      0.00012139    6.1E+07      0.00012139    7.1E+07      2.447E+05     
   6.11E+07     0.99743      0.00012128    6.11E+07     0.00012128    7.11E+07     2.4506E+05    
   6.12E+07     0.99743      0.00012105    6.12E+07     0.00012105    7.12E+07     2.455E+05     
   6.13E+07     0.99744      0.00012114    6.13E+07     0.00012114    7.13E+07     2.4583E+05    
   6.14E+07     0.99744      0.00012094    6.14E+07     0.00012094    7.14E+07     2.4629E+05    
   6.15E+07     0.99743      0.00012082    6.15E+07     0.00012082    7.15E+07     2.4663E+05    
   6.16E+07     0.99744      0.00012074    6.16E+07     0.00012074    7.16E+07     2.47E+05      
   6.17E+07     0.99744      0.00012052    6.17E+07     0.00012052    7.17E+07     2.4745E+05    
   6.18E+07     0.99744      0.00012029    6.18E+07     0.00012029    7.18E+07     2.4783E+05    
   6.19E+07     0.99744      0.00012026    6.19E+07     0.00012026    7.19E+07     2.4803E+05    
   6.2E+07      0.99743      0.0001201     6.2E+07      0.0001201     7.2E+07      2.4848E+05    
   6.21E+07     0.99743      0.00011988    6.21E+07     0.00011988    7.21E+07     2.48E+05      
   6.22E+07     0.99744      0.00011977    6.22E+07     0.00011977    7.22E+07     2.4844E+05    
   6.23E+07     0.99743      0.00011976    6.23E+07     0.00011976    7.23E+07     2.4889E+05    
   6.24E+07     0.99744      0.00011994    6.24E+07     0.00011994    7.24E+07     2.4934E+05    
   6.25E+07     0.99744      0.00011971    6.25E+07     0.00011971    7.25E+07     2.4975E+05    
   6.26E+07     0.99744      0.0001195     6.26E+07     0.0001195     7.26E+07     2.4968E+05    
   6.27E+07     0.99745      0.00011946    6.27E+07     0.00011946    7.27E+07     2.5013E+05    
   6.28E+07     0.99745      0.00011936    6.28E+07     0.00011936    7.28E+07     2.5041E+05    
   6.29E+07     0.99745      0.00011914    6.29E+07     0.00011914    7.29E+07     2.5063E+05    
   6.3E+07      0.99746      0.00011911    6.3E+07      0.00011911    7.3E+07      2.5103E+05    
   6.31E+07     0.99747      0.0001192     6.31E+07     0.0001192     7.31E+07     2.5101E+05    
   6.32E+07     0.99747      0.00011897    6.32E+07     0.00011897    7.32E+07     2.5144E+05    
   6.33E+07     0.99746      0.00011877    6.33E+07     0.00011877    7.33E+07     2.4931E+05    
   6.34E+07     0.99747      0.00011859    6.34E+07     0.00011859    7.34E+07     2.4964E+05    
   6.35E+07     0.99746      0.00011849    6.35E+07     0.00011849    7.35E+07     2.5007E+05    
   6.36E+07     0.99746      0.00011827    6.36E+07     0.00011827    7.36E+07     2.4989E+05    
   6.37E+07     0.99746      0.00011805    6.37E+07     0.00011805    7.37E+07     2.5033E+05    
   6.38E+07     0.99746      0.00011783    6.38E+07     0.00011783    7.38E+07     2.4899E+05    
   6.39E+07     0.99746      0.00011765    6.39E+07     0.00011765    7.39E+07     2.4909E+05    
   6.4E+07      0.99746      0.00011743    6.4E+07      0.00011743    7.4E+07      2.4855E+05    
   6.41E+07     0.99746      0.00011727    6.41E+07     0.00011727    7.41E+07     2.4863E+05    
   6.42E+07     0.99747      0.00011742    6.42E+07     0.00011742    7.42E+07     2.4861E+05    
   6.43E+07     0.99746      0.0001174     6.43E+07     0.0001174     7.43E+07     2.4784E+05    
   6.44E+07     0.99748      0.00011793    6.44E+07     0.00011793    7.44E+07     2.4812E+05    
   6.45E+07     0.99749      0.00011811    6.45E+07     0.00011811    7.45E+07     2.4794E+05    
   6.46E+07     0.99749      0.0001179     6.46E+07     0.0001179     7.46E+07     2.4834E+05    
   6.47E+07     0.99749      0.0001177     6.47E+07     0.0001177     7.47E+07     2.4875E+05    
   6.48E+07     0.9975       0.00011773    6.48E+07     0.00011773    7.48E+07     2.4874E+05    
   6.49E+07     0.99749      0.00011778    6.49E+07     0.00011778    7.49E+07     2.4825E+05    
   6.5E+07      0.99749      0.0001176     6.5E+07      0.0001176     7.5E+07      2.4867E+05    
   6.51E+07     0.99749      0.00011738    6.51E+07     0.00011738    7.51E+07     2.486E+05     
   6.52E+07     0.99749      0.00011718    6.52E+07     0.00011718    7.52E+07     2.4855E+05    
   6.53E+07     0.9975       0.00011702    6.53E+07     0.00011702    7.53E+07     2.4826E+05    
   6.54E+07     0.99749      0.0001169     6.54E+07     0.0001169     7.54E+07     2.4861E+05    
   6.55E+07     0.9975       0.00011678    6.55E+07     0.00011678    7.55E+07     2.4899E+05    
   6.56E+07     0.99749      0.00011701    6.56E+07     0.00011701    7.56E+07     2.4941E+05    
   6.57E+07     0.99748      0.00011686    6.57E+07     0.00011686    7.57E+07     2.4869E+05    
   6.58E+07     0.99748      0.00011666    6.58E+07     0.00011666    7.58E+07     2.4506E+05    
   6.59E+07     0.99748      0.00011652    6.59E+07     0.00011652    7.59E+07     2.4542E+05    
   6.6E+07      0.99748      0.00011633    6.6E+07      0.00011633    7.6E+07      2.4576E+05    
   6.61E+07     0.99748      0.00011627    6.61E+07     0.00011627    7.61E+07     2.4565E+05    
   6.62E+07     0.99748      0.00011623    6.62E+07     0.00011623    7.62E+07     2.4602E+05    
   6.63E+07     0.99748      0.00011604    6.63E+07     0.00011604    7.63E+07     2.4644E+05    
   6.64E+07     0.99748      0.00011586    6.64E+07     0.00011586    7.64E+07     2.4588E+05    
   6.65E+07     0.99748      0.00011566    6.65E+07     0.00011566    7.65E+07     2.4599E+05    
   6.66E+07     0.99748      0.00011548    6.66E+07     0.00011548    7.66E+07     2.4641E+05    
   6.67E+07     0.99748      0.00011539    6.67E+07     0.00011539    7.67E+07     2.4673E+05    
   6.68E+07     0.99749      0.00011574    6.68E+07     0.00011574    7.68E+07     2.4692E+05    
   6.69E+07     0.99749      0.00011567    6.69E+07     0.00011567    7.69E+07     2.4726E+05    
   6.7E+07      0.99749      0.0001156     6.7E+07      0.0001156     7.7E+07      2.4763E+05    
   6.71E+07     0.99749      0.00011544    6.71E+07     0.00011544    7.71E+07     2.4804E+05    
   6.72E+07     0.99749      0.00011525    6.72E+07     0.00011525    7.72E+07     2.4846E+05    
   6.73E+07     0.99749      0.0001152     6.73E+07     0.0001152     7.73E+07     2.4885E+05    
   6.74E+07     0.9975       0.00011505    6.74E+07     0.00011505    7.74E+07     2.4857E+05    
   6.75E+07     0.9975       0.00011488    6.75E+07     0.00011488    7.75E+07     2.4862E+05    
   6.76E+07     0.99751      0.00011484    6.76E+07     0.00011484    7.76E+07     2.4904E+05    
   6.77E+07     0.9975       0.00011499    6.77E+07     0.00011499    7.77E+07     2.4926E+05    
   6.78E+07     0.99749      0.00011501    6.78E+07     0.00011501    7.78E+07     2.4961E+05    
   6.79E+07     0.99749      0.00011483    6.79E+07     0.00011483    7.79E+07     2.4955E+05    
   6.8E+07      0.99749      0.00011465    6.8E+07      0.00011465    7.8E+07      2.4922E+05    
   6.81E+07     0.99749      0.00011445    6.81E+07     0.00011445    7.81E+07     2.4962E+05    
   6.82E+07     0.99749      0.00011438    6.82E+07     0.00011438    7.82E+07     2.5002E+05    
   6.83E+07     0.99749      0.00011419    6.83E+07     0.00011419    7.83E+07     2.4964E+05    
   6.84E+07     0.99749      0.00011399    6.84E+07     0.00011399    7.84E+07     2.4998E+05    
   6.85E+07     0.9975       0.0001138     6.85E+07     0.0001138     7.85E+07     2.4981E+05    
   6.86E+07     0.9975       0.00011361    6.86E+07     0.00011361    7.86E+07     2.5018E+05    
   6.87E+07     0.9975       0.00011349    6.87E+07     0.00011349    7.87E+07     2.5027E+05    
   6.88E+07     0.9975       0.0001133     6.88E+07     0.0001133     7.88E+07     2.5061E+05    
   6.89E+07     0.9975       0.00011317    6.89E+07     0.00011317    7.89E+07     2.5097E+05    
   6.9E+07      0.9975       0.00011298    6.9E+07      0.00011298    7.9E+07      2.5123E+05    
   6.91E+07     0.99751      0.00011283    6.91E+07     0.00011283    7.91E+07     2.5024E+05    
   6.92E+07     0.99751      0.0001128     6.92E+07     0.0001128     7.92E+07     2.5043E+05    
   6.93E+07     0.99751      0.00011266    6.93E+07     0.00011266    7.93E+07     2.5065E+05    
   6.94E+07     0.99751      0.00011255    6.94E+07     0.00011255    7.94E+07     2.5102E+05    
   6.95E+07     0.99751      0.00011262    6.95E+07     0.00011262    7.95E+07     2.512E+05     
   6.96E+07     0.99751      0.00011243    6.96E+07     0.00011243    7.96E+07     2.5161E+05    
   6.97E+07     0.99752      0.00011237    6.97E+07     0.00011237    7.97E+07     2.5183E+05    
   6.98E+07     0.99752      0.00011219    6.98E+07     0.00011219    7.98E+07     2.5207E+05    
   6.99E+07     0.99751      0.00011213    6.99E+07     0.00011213    7.99E+07     2.5224E+05    
   7E+07        0.99751      0.00011197    7E+07        0.00011197    8E+07        2.5258E+05    
   7.01E+07     0.99752      0.00011194    7.01E+07     0.00011194    8.01E+07     2.5122E+05    
   7.02E+07     0.99752      0.00011175    7.02E+07     0.00011175    8.02E+07     2.5018E+05    
   7.03E+07     0.99752      0.0001116     7.03E+07     0.0001116     8.03E+07     2.5057E+05    
   7.04E+07     0.99751      0.00011194    7.04E+07     0.00011194    8.04E+07     2.4984E+05    
   7.05E+07     0.99751      0.0001119     7.05E+07     0.0001119     8.05E+07     2.4926E+05    
   7.06E+07     0.9975       0.00011179    7.06E+07     0.00011179    8.06E+07     2.4957E+05    
   7.07E+07     0.9975       0.00011173    7.07E+07     0.00011173    8.07E+07     2.4918E+05    
   7.08E+07     0.99749      0.00011157    7.08E+07     0.00011157    8.08E+07     2.4955E+05    
   7.09E+07     0.9975       0.00011143    7.09E+07     0.00011143    8.09E+07     2.4992E+05    
   7.1E+07      0.99749      0.00011132    7.1E+07      0.00011132    8.1E+07      2.5028E+05    
   7.11E+07     0.9975       0.00011116    7.11E+07     0.00011116    8.11E+07     2.5056E+05    
   7.12E+07     0.99749      0.00011098    7.12E+07     0.00011098    8.12E+07     2.5068E+05    
   7.13E+07     0.9975       0.00011082    7.13E+07     0.00011082    8.13E+07     2.51E+05      
   7.14E+07     0.9975       0.00011064    7.14E+07     0.00011064    8.14E+07     2.5135E+05    
   7.15E+07     0.9975       0.00011049    7.15E+07     0.00011049    8.15E+07     2.5158E+05    
   7.16E+07     0.9975       0.00011033    7.16E+07     0.00011033    8.16E+07     2.5196E+05    
   7.17E+07     0.9975       0.00011015    7.17E+07     0.00011015    8.17E+07     2.5148E+05    
   7.18E+07     0.9975       0.00010999    7.18E+07     0.00010999    8.18E+07     2.5146E+05    
   7.19E+07     0.9975       0.00010987    7.19E+07     0.00010987    8.19E+07     2.5165E+05    
   7.2E+07      0.9975       0.00010969    7.2E+07      0.00010969    8.2E+07      2.5122E+05    
   7.21E+07     0.99751      0.00010972    7.21E+07     0.00010972    8.21E+07     2.5161E+05    
   7.22E+07     0.99751      0.00010955    7.22E+07     0.00010955    8.22E+07     2.5167E+05    
   7.23E+07     0.99751      0.00010938    7.23E+07     0.00010938    8.23E+07     2.5198E+05    
   7.24E+07     0.99751      0.0001092     7.24E+07     0.0001092     8.24E+07     2.5237E+05    
   7.25E+07     0.99751      0.00010904    7.25E+07     0.00010904    8.25E+07     2.5263E+05    
   7.26E+07     0.9975       0.00010897    7.26E+07     0.00010897    8.26E+07     2.5297E+05    
   7.27E+07     0.99751      0.0001088     7.27E+07     0.0001088     8.27E+07     2.5313E+05    
   7.28E+07     0.9975       0.00010867    7.28E+07     0.00010867    8.28E+07     2.5351E+05    
   7.29E+07     0.99751      0.00010854    7.29E+07     0.00010854    8.29E+07     2.5335E+05    
   7.3E+07      0.9975       0.00010838    7.3E+07      0.00010838    8.3E+07      2.5341E+05    
   7.31E+07     0.9975       0.00010831    7.31E+07     0.00010831    8.31E+07     2.5361E+05    
   7.32E+07     0.9975       0.00010814    7.32E+07     0.00010814    8.32E+07     2.54E+05      
   7.33E+07     0.99751      0.00010853    7.33E+07     0.00010853    8.33E+07     2.5386E+05    
   7.34E+07     0.99751      0.00010839    7.34E+07     0.00010839    8.34E+07     2.5266E+05    
   7.35E+07     0.99751      0.00010822    7.35E+07     0.00010822    8.35E+07     2.5305E+05    
   7.36E+07     0.99751      0.00010818    7.36E+07     0.00010818    8.36E+07     2.5295E+05    
   7.37E+07     0.99751      0.00010801    7.37E+07     0.00010801    8.37E+07     2.526E+05     
   7.38E+07     0.9975       0.00010823    7.38E+07     0.00010823    8.38E+07     2.5296E+05    
   7.39E+07     0.9975       0.00010813    7.39E+07     0.00010813    8.39E+07     2.5334E+05    
   7.4E+07      0.99751      0.00010818    7.4E+07      0.00010818    8.4E+07      2.5367E+05    
   7.41E+07     0.9975       0.00010809    7.41E+07     0.00010809    8.41E+07     2.5401E+05    
   7.42E+07     0.99751      0.00010802    7.42E+07     0.00010802    8.42E+07     2.5383E+05    
   7.43E+07     0.9975       0.00010811    7.43E+07     0.00010811    8.43E+07     2.5393E+05    
   7.44E+07     0.9975       0.00010798    7.44E+07     0.00010798    8.44E+07     2.5429E+05    
   7.45E+07     0.9975       0.00010795    7.45E+07     0.00010795    8.45E+07     2.5355E+05    
   7.46E+07     0.99751      0.00010779    7.46E+07     0.00010779    8.46E+07     2.5393E+05    
   7.47E+07     0.99751      0.00010763    7.47E+07     0.00010763    8.47E+07     2.541E+05     
   7.48E+07     0.99751      0.00010755    7.48E+07     0.00010755    8.48E+07     2.542E+05     
   7.49E+07     0.99752      0.00010759    7.49E+07     0.00010759    8.49E+07     2.5451E+05    
   7.5E+07      0.99752      0.00010742    7.5E+07      0.00010742    8.5E+07      2.5389E+05    
   7.51E+07     0.99752      0.00010737    7.51E+07     0.00010737    8.51E+07     2.5377E+05    
   7.52E+07     0.99753      0.0001073     7.52E+07     0.0001073     8.52E+07     2.541E+05     
   7.53E+07     0.99753      0.0001073     7.53E+07     0.0001073     8.53E+07     2.5419E+05    
   7.54E+07     0.99753      0.00010715    7.54E+07     0.00010715    8.54E+07     2.5452E+05    
   7.55E+07     0.99753      0.000107      7.55E+07     0.000107      8.55E+07     2.5445E+05    
   7.56E+07     0.99753      0.00010683    7.56E+07     0.00010683    8.56E+07     2.5466E+05    
   7.57E+07     0.99754      0.00010692    7.57E+07     0.00010692    8.57E+07     2.5451E+05    
   7.58E+07     0.99755      0.00010764    7.58E+07     0.00010764    8.58E+07     2.547E+05     
   7.59E+07     0.99755      0.00010749    7.59E+07     0.00010749    8.59E+07     2.5435E+05    
   7.6E+07      0.99755      0.00010734    7.6E+07      0.00010734    8.6E+07      2.5469E+05    
   7.61E+07     0.99756      0.00010729    7.61E+07     0.00010729    8.61E+07     2.55E+05      
   7.62E+07     0.99756      0.00010714    7.62E+07     0.00010714    8.62E+07     2.5483E+05    
   7.63E+07     0.99756      0.00010698    7.63E+07     0.00010698    8.63E+07     2.55E+05      
   7.64E+07     0.99756      0.00010703    7.64E+07     0.00010703    8.64E+07     2.5482E+05    
   7.65E+07     0.99757      0.00010694    7.65E+07     0.00010694    8.65E+07     2.549E+05     
   7.66E+07     0.99757      0.00010678    7.66E+07     0.00010678    8.66E+07     2.5471E+05    
   7.67E+07     0.99757      0.00010664    7.67E+07     0.00010664    8.67E+07     2.5455E+05    
   7.68E+07     0.99757      0.00010653    7.68E+07     0.00010653    8.68E+07     2.549E+05     
   7.69E+07     0.99757      0.00010639    7.69E+07     0.00010639    8.69E+07     2.5527E+05    
   7.7E+07      0.99757      0.00010624    7.7E+07      0.00010624    8.7E+07      2.541E+05     
   7.71E+07     0.99757      0.00010608    7.71E+07     0.00010608    8.71E+07     2.5446E+05    
   7.72E+07     0.99757      0.00010592    7.72E+07     0.00010592    8.72E+07     2.5385E+05    
   7.73E+07     0.99757      0.00010577    7.73E+07     0.00010577    8.73E+07     2.5403E+05    
   7.74E+07     0.99756      0.00010576    7.74E+07     0.00010576    8.74E+07     2.5419E+05    
   7.75E+07     0.99756      0.00010568    7.75E+07     0.00010568    8.75E+07     2.5455E+05    
   7.76E+07     0.99756      0.00010552    7.76E+07     0.00010552    8.76E+07     2.5491E+05    
   7.77E+07     0.99756      0.00010541    7.77E+07     0.00010541    8.77E+07     2.5516E+05    
   7.78E+07     0.99756      0.00010527    7.78E+07     0.00010527    8.78E+07     2.555E+05     
   7.79E+07     0.99756      0.00010521    7.79E+07     0.00010521    8.79E+07     2.5585E+05    
   7.8E+07      0.99756      0.00010521    7.8E+07      0.00010521    8.8E+07      2.5572E+05    
   7.81E+07     0.99756      0.00010506    7.81E+07     0.00010506    8.81E+07     2.5607E+05    
   7.82E+07     0.99756      0.00010491    7.82E+07     0.00010491    8.82E+07     2.5626E+05    
   7.83E+07     0.99756      0.00010492    7.83E+07     0.00010492    8.83E+07     2.5641E+05    
   7.84E+07     0.99756      0.00010478    7.84E+07     0.00010478    8.84E+07     2.557E+05     
   7.85E+07     0.99756      0.00010475    7.85E+07     0.00010475    8.85E+07     2.5594E+05    
   7.86E+07     0.99756      0.00010461    7.86E+07     0.00010461    8.86E+07     2.5629E+05    
   7.87E+07     0.99755      0.00010452    7.87E+07     0.00010452    8.87E+07     2.5663E+05    
   7.88E+07     0.99755      0.00010439    7.88E+07     0.00010439    8.88E+07     2.5664E+05    
   7.89E+07     0.99755      0.00010425    7.89E+07     0.00010425    8.89E+07     2.5699E+05    
   7.9E+07      0.99755      0.00010412    7.9E+07      0.00010412    8.9E+07      2.5735E+05    
   7.91E+07     0.99755      0.00010426    7.91E+07     0.00010426    8.91E+07     2.5728E+05    
   7.92E+07     0.99756      0.00010416    7.92E+07     0.00010416    8.92E+07     2.5707E+05    
   7.93E+07     0.99755      0.00010405    7.93E+07     0.00010405    8.93E+07     2.5713E+05    
   7.94E+07     0.99755      0.00010391    7.94E+07     0.00010391    8.94E+07     2.5719E+05    
   7.95E+07     0.99756      0.00010379    7.95E+07     0.00010379    8.95E+07     2.5741E+05    
   7.96E+07     0.99756      0.00010365    7.96E+07     0.00010365    8.96E+07     2.5774E+05    
   7.97E+07     0.99756      0.00010353    7.97E+07     0.00010353    8.97E+07     2.5762E+05    
   7.98E+07     0.99756      0.00010342    7.98E+07     0.00010342    8.98E+07     2.5793E+05    
   7.99E+07     0.99755      0.00010332    7.99E+07     0.00010332    8.99E+07     2.5776E+05    
   8E+07        0.99755      0.00010318    8E+07        0.00010318    9E+07        2.578E+05     
   8.01E+07     0.99756      0.0001034     8.01E+07     0.0001034     9.01E+07     2.5816E+05    
   8.02E+07     0.99756      0.00010355    8.02E+07     0.00010355    9.02E+07     2.5821E+05    
   8.03E+07     0.99756      0.0001034     8.03E+07     0.0001034     9.03E+07     2.5804E+05    
   8.04E+07     0.99756      0.00010349    8.04E+07     0.00010349    9.04E+07     2.5835E+05    
   8.05E+07     0.99756      0.00010355    8.05E+07     0.00010355    9.05E+07     2.5843E+05    
   8.06E+07     0.99756      0.00010342    8.06E+07     0.00010342    9.06E+07     2.5832E+05    
   8.07E+07     0.99756      0.00010343    8.07E+07     0.00010343    9.07E+07     2.5796E+05    
   8.08E+07     0.99756      0.00010329    8.08E+07     0.00010329    9.08E+07     2.5822E+05    
   8.09E+07     0.99756      0.00010315    8.09E+07     0.00010315    9.09E+07     2.5853E+05    
   8.1E+07      0.99756      0.00010302    8.1E+07      0.00010302    9.1E+07      2.5874E+05    
   8.11E+07     0.99756      0.00010289    8.11E+07     0.00010289    9.11E+07     2.5909E+05    
   8.12E+07     0.99756      0.0001028     8.12E+07     0.0001028     9.12E+07     2.5944E+05    
   8.13E+07     0.99756      0.00010267    8.13E+07     0.00010267    9.13E+07     2.5975E+05    
   8.14E+07     0.99756      0.00010254    8.14E+07     0.00010254    9.14E+07     2.601E+05     
   8.15E+07     0.99756      0.00010243    8.15E+07     0.00010243    9.15E+07     2.6045E+05    
   8.16E+07     0.99756      0.00010229    8.16E+07     0.00010229    9.16E+07     2.608E+05     
   8.17E+07     0.99756      0.00010232    8.17E+07     0.00010232    9.17E+07     2.6083E+05    
   8.18E+07     0.99756      0.00010226    8.18E+07     0.00010226    9.18E+07     2.6096E+05    
   8.19E+07     0.99756      0.00010216    8.19E+07     0.00010216    9.19E+07     2.6129E+05    
   8.2E+07      0.99755      0.00010219    8.2E+07      0.00010219    9.2E+07      2.6151E+05    
   8.21E+07     0.99755      0.00010205    8.21E+07     0.00010205    9.21E+07     2.6174E+05    
   8.22E+07     0.99755      0.00010197    8.22E+07     0.00010197    9.22E+07     2.6204E+05    
   8.23E+07     0.99755      0.00010185    8.23E+07     0.00010185    9.23E+07     2.6237E+05    
   8.24E+07     0.99754      0.00010171    8.24E+07     0.00010171    9.24E+07     2.6202E+05    
   8.25E+07     0.99755      0.00010159    8.25E+07     0.00010159    9.25E+07     2.6224E+05    
   8.26E+07     0.99755      0.00010146    8.26E+07     0.00010146    9.26E+07     2.6244E+05    
   8.27E+07     0.99755      0.00010137    8.27E+07     0.00010137    9.27E+07     2.6247E+05    
   8.28E+07     0.99754      0.00010123    8.28E+07     0.00010123    9.28E+07     2.6276E+05    
   8.29E+07     0.99754      0.0001012     8.29E+07     0.0001012     9.29E+07     2.6275E+05    
   8.3E+07      0.99754      0.00010113    8.3E+07      0.00010113    9.3E+07      2.631E+05     
   8.31E+07     0.99754      0.00010103    8.31E+07     0.00010103    9.31E+07     2.634E+05     
   8.32E+07     0.99754      0.00010089    8.32E+07     0.00010089    9.32E+07     2.6333E+05    
   8.33E+07     0.99755      0.00010085    8.33E+07     0.00010085    9.33E+07     2.6349E+05    
   8.34E+07     0.99754      0.00010103    8.34E+07     0.00010103    9.34E+07     2.6379E+05    
   8.35E+07     0.99754      0.00010089    8.35E+07     0.00010089    9.35E+07     2.6377E+05    
   8.36E+07     0.99754      0.00010085    8.36E+07     0.00010085    9.36E+07     2.6405E+05    
   8.37E+07     0.99755      0.00010086    8.37E+07     0.00010086    9.37E+07     2.6381E+05    
   8.38E+07     0.99755      0.00010073    8.38E+07     0.00010073    9.38E+07     2.6398E+05    
   8.39E+07     0.99755      0.00010059    8.39E+07     0.00010059    9.39E+07     2.6392E+05    
   8.4E+07      0.99754      0.00010047    8.4E+07      0.00010047    9.4E+07      2.6419E+05    
   8.41E+07     0.99754      0.00010034    8.41E+07     0.00010034    9.41E+07     2.6439E+05    
   8.42E+07     0.99754      0.00010031    8.42E+07     0.00010031    9.42E+07     2.6379E+05    
   8.43E+07     0.99754      0.00010023    8.43E+07     0.00010023    9.43E+07     2.6403E+05    
   8.44E+07     0.99754      0.0001001     8.44E+07     0.0001001     9.44E+07     2.6356E+05    
   8.45E+07     0.99753      0.00010019    8.45E+07     0.00010019    9.45E+07     2.6372E+05    
   8.46E+07     0.99753      0.00010006    8.46E+07     0.00010006    9.46E+07     2.6406E+05    
   8.47E+07     0.99753      9.9963E-05    8.47E+07     9.9963E-05    9.47E+07     2.6438E+05    
   8.48E+07     0.99753      9.9884E-05    8.48E+07     9.9884E-05    9.48E+07     2.6472E+05    
   8.49E+07     0.99753      9.9764E-05    8.49E+07     9.9764E-05    9.49E+07     2.6493E+05    
   8.5E+07      0.99754      9.9827E-05    8.5E+07      9.9827E-05    9.5E+07      2.6522E+05    
   8.51E+07     0.99754      9.9791E-05    8.51E+07     9.9791E-05    9.51E+07     2.6473E+05    
   8.52E+07     0.99755      9.967E-05     8.52E+07     9.967E-05     9.52E+07     2.6483E+05    
   8.53E+07     0.99755      9.9592E-05    8.53E+07     9.9592E-05    9.53E+07     2.642E+05     
   8.54E+07     0.99755      9.9469E-05    8.54E+07     9.9469E-05    9.54E+07     2.6425E+05    
   8.55E+07     0.99755      9.9423E-05    8.55E+07     9.9423E-05    9.55E+07     2.6406E+05    
   8.56E+07     0.99756      9.9325E-05    8.56E+07     9.9325E-05    9.56E+07     2.644E+05     
   8.57E+07     0.99756      9.9296E-05    8.57E+07     9.9296E-05    9.57E+07     2.6428E+05    
   8.58E+07     0.99756      9.9202E-05    8.58E+07     9.9202E-05    9.58E+07     2.6462E+05    
   8.59E+07     0.99756      9.921E-05     8.59E+07     9.921E-05     9.59E+07     2.6437E+05    
   8.6E+07      0.99756      9.9087E-05    8.6E+07      9.9087E-05    9.6E+07      2.6471E+05    
   8.61E+07     0.99756      9.8969E-05    8.61E+07     9.8969E-05    9.61E+07     2.6425E+05    
   8.62E+07     0.99757      9.8946E-05    8.62E+07     9.8946E-05    9.62E+07     2.6318E+05    
   8.63E+07     0.99757      9.8853E-05    8.63E+07     9.8853E-05    9.63E+07     2.631E+05     
   8.64E+07     0.99756      9.8831E-05    8.64E+07     9.8831E-05    9.64E+07     2.6332E+05    
   8.65E+07     0.99757      9.8759E-05    8.65E+07     9.8759E-05    9.65E+07     2.6363E+05    
   8.66E+07     0.99756      9.8739E-05    8.66E+07     9.8739E-05    9.66E+07     2.6396E+05    
   8.67E+07     0.99756      9.8713E-05    8.67E+07     9.8713E-05    9.67E+07     2.64E+05      
   8.68E+07     0.99756      9.8586E-05    8.68E+07     9.8586E-05    9.68E+07     2.6376E+05    
   8.69E+07     0.99756      9.8459E-05    8.69E+07     9.8459E-05    9.69E+07     2.6299E+05    
   8.7E+07      0.99755      9.8628E-05    8.7E+07      9.8628E-05    9.7E+07      2.6329E+05    
   8.71E+07     0.99755      9.8502E-05    8.71E+07     9.8502E-05    9.71E+07     2.6336E+05    
   8.72E+07     0.99754      9.8564E-05    8.72E+07     9.8564E-05    9.72E+07     2.6235E+05    
   8.73E+07     0.99755      9.8472E-05    8.73E+07     9.8472E-05    9.73E+07     2.6198E+05    
   8.74E+07     0.99755      9.8385E-05    8.74E+07     9.8385E-05    9.74E+07     2.6203E+05    
   8.75E+07     0.99755      9.8259E-05    8.75E+07     9.8259E-05    9.75E+07     2.6211E+05    
   8.76E+07     0.99755      9.8133E-05    8.76E+07     9.8133E-05    9.76E+07     2.6228E+05    
   8.77E+07     0.99755      9.8028E-05    8.77E+07     9.8028E-05    9.77E+07     2.626E+05     
   8.78E+07     0.99755      9.7908E-05    8.78E+07     9.7908E-05    9.78E+07     2.6291E+05    
   8.79E+07     0.99755      9.7785E-05    8.79E+07     9.7785E-05    9.79E+07     2.6323E+05    
   8.8E+07      0.99754      9.7753E-05    8.8E+07      9.7753E-05    9.8E+07      2.6331E+05    
   8.81E+07     0.99754      9.763E-05     8.81E+07     9.763E-05     9.81E+07     2.6362E+05    
   8.82E+07     0.99754      9.7539E-05    8.82E+07     9.7539E-05    9.82E+07     2.6395E+05    
   8.83E+07     0.99755      9.7456E-05    8.83E+07     9.7456E-05    9.83E+07     2.6407E+05    
   8.84E+07     0.99755      9.7535E-05    8.84E+07     9.7535E-05    9.84E+07     2.6435E+05    
   8.85E+07     0.99756      9.7429E-05    8.85E+07     9.7429E-05    9.85E+07     2.646E+05     
   8.86E+07     0.99756      9.7306E-05    8.86E+07     9.7306E-05    9.86E+07     2.6472E+05    
   8.87E+07     0.99755      9.7187E-05    8.87E+07     9.7187E-05    9.87E+07     2.6186E+05    
   8.88E+07     0.99756      9.7131E-05    8.88E+07     9.7131E-05    9.88E+07     2.6214E+05    
   8.89E+07     0.99756      9.7008E-05    8.89E+07     9.7008E-05    9.89E+07     2.6246E+05    
   8.9E+07      0.99756      9.6888E-05    8.9E+07      9.6888E-05    9.9E+07      2.615E+05     
   8.91E+07     0.99755      9.6846E-05    8.91E+07     9.6846E-05    9.91E+07     2.6176E+05    
   8.92E+07     0.99756      9.6832E-05    8.92E+07     9.6832E-05    9.92E+07     2.6155E+05    
   8.93E+07     0.99756      9.6765E-05    8.93E+07     9.6765E-05    9.93E+07     2.6182E+05    
   8.94E+07     0.99755      9.6701E-05    8.94E+07     9.6701E-05    9.94E+07     2.6198E+05    
   8.95E+07     0.99756      9.6604E-05    8.95E+07     9.6604E-05    9.95E+07     2.6195E+05    
   8.96E+07     0.99755      9.649E-05     8.96E+07     9.649E-05     9.96E+07     2.6199E+05    
   8.97E+07     0.99755      9.6456E-05    8.97E+07     9.6456E-05    9.97E+07     2.6229E+05    
   8.98E+07     0.99755      9.6344E-05    8.98E+07     9.6344E-05    9.98E+07     2.6232E+05    
   8.99E+07     0.99755      9.6324E-05    8.99E+07     9.6324E-05    9.99E+07     2.6242E+05    
   9E+07        0.99754      9.6262E-05    9E+07        9.6262E-05    1E+08        2.6226E+05    
   9.01E+07     0.99754      9.6142E-05    9.01E+07     9.6142E-05    
   9.02E+07     0.99754      9.6078E-05    9.02E+07     9.6078E-05    
   9.03E+07     0.99754      9.6057E-05    9.03E+07     9.6057E-05    
   9.04E+07     0.99753      9.5945E-05    9.04E+07     9.5945E-05    
   9.05E+07     0.99753      9.5879E-05    9.05E+07     9.5879E-05    
   9.06E+07     0.99753      9.5845E-05    9.06E+07     9.5845E-05    
   9.07E+07     0.99753      9.5858E-05    9.07E+07     9.5858E-05    
   9.08E+07     0.99753      9.5757E-05    9.08E+07     9.5757E-05    
   9.09E+07     0.99754      9.5648E-05    9.09E+07     9.5648E-05    
   9.1E+07      0.99753      9.5554E-05    9.1E+07      9.5554E-05    
   9.11E+07     0.99753      9.5437E-05    9.11E+07     9.5437E-05    
   9.12E+07     0.99753      9.5321E-05    9.12E+07     9.5321E-05    
   9.13E+07     0.99753      9.5212E-05    9.13E+07     9.5212E-05    
   9.14E+07     0.99753      9.5097E-05    9.14E+07     9.5097E-05    
   9.15E+07     0.99753      9.4981E-05    9.15E+07     9.4981E-05    
   9.16E+07     0.99753      9.4865E-05    9.16E+07     9.4865E-05    
   9.17E+07     0.99754      9.4808E-05    9.17E+07     9.4808E-05    
   9.18E+07     0.99754      9.4732E-05    9.18E+07     9.4732E-05    
   9.19E+07     0.99754      9.462E-05     9.19E+07     9.462E-05     
   9.2E+07      0.99754      9.4528E-05    9.2E+07      9.4528E-05    
   9.21E+07     0.99754      9.4436E-05    9.21E+07     9.4436E-05    
   9.22E+07     0.99753      9.4331E-05    9.22E+07     9.4331E-05    
   9.23E+07     0.99753      9.4219E-05    9.23E+07     9.4219E-05    
   9.24E+07     0.99754      9.4231E-05    9.24E+07     9.4231E-05    
   9.25E+07     0.99754      9.414E-05     9.25E+07     9.414E-05     
   9.26E+07     0.99754      9.4053E-05    9.26E+07     9.4053E-05    
   9.27E+07     0.99755      9.3994E-05    9.27E+07     9.3994E-05    
   9.28E+07     0.99755      9.3892E-05    9.28E+07     9.3892E-05    
   9.29E+07     0.99755      9.3844E-05    9.29E+07     9.3844E-05    
   9.3E+07      0.99755      9.3731E-05    9.3E+07      9.3731E-05    
   9.31E+07     0.99755      9.3626E-05    9.31E+07     9.3626E-05    
   9.32E+07     0.99755      9.3587E-05    9.32E+07     9.3587E-05    
   9.33E+07     0.99754      9.3508E-05    9.33E+07     9.3508E-05    
   9.34E+07     0.99754      9.3406E-05    9.34E+07     9.3406E-05    
   9.35E+07     0.99754      9.3359E-05    9.35E+07     9.3359E-05    
   9.36E+07     0.99754      9.326E-05     9.36E+07     9.326E-05     
   9.37E+07     0.99755      9.3251E-05    9.37E+07     9.3251E-05    
   9.38E+07     0.99754      9.3172E-05    9.38E+07     9.3172E-05    
   9.39E+07     0.99755      9.3132E-05    9.39E+07     9.3132E-05    
   9.4E+07      0.99755      9.3035E-05    9.4E+07      9.3035E-05    
   9.41E+07     0.99755      9.295E-05     9.41E+07     9.295E-05     
   9.42E+07     0.99756      9.3007E-05    9.42E+07     9.3007E-05    
   9.43E+07     0.99756      9.2916E-05    9.43E+07     9.2916E-05    
   9.44E+07     0.99755      9.2948E-05    9.44E+07     9.2948E-05    
   9.45E+07     0.99755      9.2869E-05    9.45E+07     9.2869E-05    
   9.46E+07     0.99755      9.2761E-05    9.46E+07     9.2761E-05    
   9.47E+07     0.99755      9.2656E-05    9.47E+07     9.2656E-05    
   9.48E+07     0.99755      9.2549E-05    9.48E+07     9.2549E-05    
   9.49E+07     0.99755      9.2461E-05    9.49E+07     9.2461E-05    
   9.5E+07      0.99755      9.2362E-05    9.5E+07      9.2362E-05    
   9.51E+07     0.99755      9.2399E-05    9.51E+07     9.2399E-05    
   9.52E+07     0.99755      9.2334E-05    9.52E+07     9.2334E-05    
   9.53E+07     0.99755      9.2393E-05    9.53E+07     9.2393E-05    
   9.54E+07     0.99756      9.2336E-05    9.54E+07     9.2336E-05    
   9.55E+07     0.99756      9.2322E-05    9.55E+07     9.2322E-05    
   9.56E+07     0.99756      9.2214E-05    9.56E+07     9.2214E-05    
   9.57E+07     0.99756      9.2186E-05    9.57E+07     9.2186E-05    
   9.58E+07     0.99756      9.2078E-05    9.58E+07     9.2078E-05    
   9.59E+07     0.99756      9.2074E-05    9.59E+07     9.2074E-05    
   9.6E+07      0.99756      9.1967E-05    9.6E+07      9.1967E-05    
   9.61E+07     0.99756      9.1999E-05    9.61E+07     9.1999E-05    
   9.62E+07     0.99755      9.2138E-05    9.62E+07     9.2138E-05    
   9.63E+07     0.99754      9.2103E-05    9.63E+07     9.2103E-05    
   9.64E+07     0.99755      9.2017E-05    9.64E+07     9.2017E-05    
   9.65E+07     0.99755      9.1914E-05    9.65E+07     9.1914E-05    
   9.66E+07     0.99755      9.1808E-05    9.66E+07     9.1808E-05    
   9.67E+07     0.99754      9.1754E-05    9.67E+07     9.1754E-05    
   9.68E+07     0.99755      9.1748E-05    9.68E+07     9.1748E-05    
   9.69E+07     0.99754      9.1835E-05    9.69E+07     9.1835E-05    
   9.7E+07      0.99754      9.1734E-05    9.7E+07      9.1734E-05    
   9.71E+07     0.99754      9.1675E-05    9.71E+07     9.1675E-05    
   9.72E+07     0.99754      9.1804E-05    9.72E+07     9.1804E-05    
   9.73E+07     0.99753      9.1823E-05    9.73E+07     9.1823E-05    
   9.74E+07     0.99753      9.176E-05     9.74E+07     9.176E-05     
   9.75E+07     0.99753      9.1699E-05    9.75E+07     9.1699E-05    
   9.76E+07     0.99753      9.1623E-05    9.76E+07     9.1623E-05    
   9.77E+07     0.99753      9.152E-05     9.77E+07     9.152E-05     
   9.78E+07     0.99753      9.1419E-05    9.78E+07     9.1419E-05    
   9.79E+07     0.99753      9.1315E-05    9.79E+07     9.1315E-05    
   9.8E+07      0.99753      9.1255E-05    9.8E+07      9.1255E-05    
   9.81E+07     0.99753      9.1155E-05    9.81E+07     9.1155E-05    
   9.82E+07     0.99753      9.1052E-05    9.82E+07     9.1052E-05    
   9.83E+07     0.99753      9.0983E-05    9.83E+07     9.0983E-05    
   9.84E+07     0.99753      9.0889E-05    9.84E+07     9.0889E-05    
   9.85E+07     0.99753      9.0801E-05    9.85E+07     9.0801E-05    
   9.86E+07     0.99752      9.0734E-05    9.86E+07     9.0734E-05    
   9.87E+07     0.99753      9.118E-05     9.87E+07     9.118E-05     
   9.88E+07     0.99754      9.1086E-05    9.88E+07     9.1086E-05    
   9.89E+07     0.99754      9.0984E-05    9.89E+07     9.0984E-05    
   9.9E+07      0.99754      9.1105E-05    9.9E+07      9.1105E-05    
   9.91E+07     0.99754      9.1013E-05    9.91E+07     9.1013E-05    
   9.92E+07     0.99754      9.1004E-05    9.92E+07     9.1004E-05    
   9.93E+07     0.99754      9.0911E-05    9.93E+07     9.0911E-05    
   9.94E+07     0.99754      9.0838E-05    9.94E+07     9.0838E-05    
   9.95E+07     0.99754      9.0798E-05    9.95E+07     9.0798E-05    
   9.96E+07     0.99755      9.0743E-05    9.96E+07     9.0743E-05    
   9.97E+07     0.99755      9.0646E-05    9.97E+07     9.0646E-05    
   9.98E+07     0.99754      9.0596E-05    9.98E+07     9.0596E-05    
   9.99E+07     0.99754      9.0532E-05    9.99E+07     9.0532E-05    
   1E+08        0.99754      9.0514E-05    1E+08        9.0514E-05    
