                              OUTSN3


 NREG   NQ   NB
    2   16    1

  REG   NC        DX      TCS1      TCS2      TCS3     SCS11     SCS12
    1   16   .062500   .110000  3.330000  1.110000   .060000   .010000
    2   16   .062500   .550000   .670000  1.110000   .030000   .530000

     SCS13     SCS22     SCS23     SCS33      FCS1      FCS2      FCS3
   .000000  2.890000   .010000   .980000   .040000   .000000   .240000
   .010000   .030000   .630000  1.080000   .000000   .000000   .000000

NMAXI           EPSI
  100    .0500000000

NMAXO           EPSF           EPSK
  100    .0000100000    .0000010000

    M   N1   N2   N3        DF       RDF        DK       RDK         K
    1    8    9   52  2.104134  2.104134   .052067   .052067  1.052067
    2    5    3    2   .161236   .076628   .084816  1.628985  1.136883
    3    7    5   46   .057560   .356989   .032719   .385767  1.104163
    4    7   10   35   .018283   .317631   .010094   .308491  1.094070
    5    7   11   45   .005381   .294318   .002944   .291623  1.097013
    6    7    5   31   .002640   .490558   .001448   .491900  1.098461
    7    7    5   41   .000080   .030264   .000044   .030298  1.098417
    8    7   10   56   .000284  3.557732   .000156  3.562500  1.098261
    9    7    7   39   .000037   .130499   .000020   .128909  1.098241
   10    7   13   49   .000029   .794697   .000016   .804734  1.098257
   11    7    5   35   .000008   .286400   .000005   .286765  1.098262
   12    7    7   40   .000001   .177405   .000001   .179487  1.098261

       X       F1(X)       F2(X)       F3(X)       FS(X)
   .0313   6.4829182    .5068336   6.7258900   1.8735320
   .0938   6.4749740    .5125302   6.7382802   1.8761880
   .1563   6.4590350    .5240303   6.7631280   1.8815133
   .2188   6.4350000    .5415512   6.8005752   1.8895394
   .2813   6.4027150    .5654294   6.8508370   1.9003110
   .3438   6.3619760    .5961331   6.9142180   1.9138930
   .4063   6.3125220    .6342839   6.9911300   1.9303734
   .4688   6.2540380    .6806884   7.0821123   1.9498700
   .5313   6.1861481    .7363890   7.1878962   1.9725430
   .5938   6.1084170    .8027437   7.3094892   1.9986160
   .6563   6.0203420    .8815620   7.4483423   2.0284171
   .7188   5.9213500    .9753360   7.6066890   2.0624610
   .7813   5.8107860   1.0876584   7.7881670   2.1015932
   .8438   5.6879080   1.2239903   7.9990660   2.1472940
   .9063   5.5518600   1.3929040   8.2507880   2.2022650
   .9688   5.4016461   1.6921083   8.5646991   2.2715952
  1.0313   4.9617370   1.9421390   8.9182071    .0000000
  1.0938   4.3286743   2.0052320   9.2368090    .0000000
  1.1563   3.8491122   2.0269220   9.4947360    .0000000
  1.2188   3.4807183   2.0253963   9.7109622    .0000000
  1.2813   3.1937590   2.0115182   9.8962530    .0000000
  1.3438   2.9672951   1.9917162  10.0569510    .0000000
  1.4063   2.7865390   1.9697580  10.1969720    .0000000
  1.4688   2.6410150   1.9478250  10.3188620    .0000000
  1.5313   2.5232722   1.9271630  10.4243510    .0000000
  1.5938   2.4280000   1.9084730  10.5146800    .0000000
  1.6563   2.3514000   1.8921440  10.5907410    .0000000
  1.7188   2.2907590   1.8783841  10.6532320    .0000000
  1.7813   2.2441490   1.8673063  10.7026700    .0000000
  1.8438   2.2102210   1.8589682  10.7394300    .0000000
  1.9063   2.1880650   1.8533983  10.7637900    .0000000
  1.9688   2.1771220   1.8506110  10.7759300    .0000000

  REGION        F1AV        F2AV        F3AV
       1   6.1169770    .8346358   7.3138320
       2   2.9138643   1.9348100  10.1871600

        B1        B2        B3
  -.000002  0.000000  -.000002
