# This file is written with the intent of being used to plot the data with 
# Gnuplot.  It contains no information regarding how the plot should be 
# formatted.
# =========================================================================
# Research/ArnoldivsPower -f Power2-86.dat -t 500000 -A -c 50 -C 150 -w 20 -b 75 -r  seed = 2770699580
# filename = Power2-86.dat, run = true, power = true, Arnoldi = false, storevectors = 0, raw = false, evectors = 2, evalues = 2, residual = false, arnoldimethod = implicit, tol = 2.22045e-16, verbose = 1, seed = 0, width = 20, bins = 75, acycles = 150, incycles = 50, active = 20, inactive = 0, Iterations = 10, numValues = 2, relaxed = 0, tracks = 500000, ignore_rest = false, version = false, help = false, 

#  1            2            3             4            5             6            7             8            9            
# |-            Power values           -| |-   Power eValues SD   -| |-       FOM-Power      -| |-     Power vector     -| 
#  x-coord      y-coord      error         x-coord      y-coord       x-coord      y-coord       x-coord      y-coord       
   5E+05        0.95724      0             5E+05        0             2.55E+07     0             0.13333      0.01758       
   1E+06        0.97015      0             1E+06        0             2.6E+07      22103         0.4          0.02475       
   1.5E+06      0.9719       0             1.5E+06      0             2.65E+07     16455         0.66667      0.031169      
   2E+06        0.9736       0             2E+06        0             2.7E+07      28626         0.93333      0.037208      
   2.5E+06      0.9765       0             2.5E+06      0             2.75E+07     43657         1.2          0.043565      
   3E+06        0.97854      0             3E+06        0             2.8E+07      36333         1.4667       0.049326      
   3.5E+06      0.98009      0             3.5E+06      0             2.85E+07     33192         1.7333       0.05506       
   4E+06        0.98113      0             4E+06        0             2.9E+07      42336         2            0.060616      
   4.5E+06      0.97984      0             4.5E+06      0             2.95E+07     48872         2.2667       0.066145      
   5E+06        0.98207      0             5E+06        0             3E+07        42536         2.5333       0.071834      
   5.5E+06      0.98179      0             5.5E+06      0             3.05E+07     33111         2.8          0.077021      
   6E+06        0.98248      0             6E+06        0             3.1E+07      38607         3.0667       0.082342      
   6.5E+06      0.98391      0             6.5E+06      0             3.15E+07     44192         3.3333       0.087294      
   7E+06        0.98313      0             7E+06        0             3.2E+07      49530         3.6          0.092493      
   7.5E+06      0.98434      0             7.5E+06      0             3.25E+07     44109         3.8667       0.097552      
   8E+06        0.9829       0             8E+06        0             3.3E+07      49389         4.1333       0.10202       
   8.5E+06      0.98367      0             8.5E+06      0             3.35E+07     54083         4.4          0.10675       
   9E+06        0.98358      0             9E+06        0             3.4E+07      55025         4.6667       0.11136       
   9.5E+06      0.9845       0             9.5E+06      0             3.45E+07     59609         4.9333       0.11569       
   1E+07        0.98485      0             1E+07        0             3.5E+07      65065         5.2          0.11957       
   1.05E+07     0.98427      0             1.05E+07     0             3.55E+07     69678         5.4667       0.12339       
   1.1E+07      0.98428      0             1.1E+07      0             3.6E+07      71429         5.7333       0.12728       
   1.15E+07     0.98594      0             1.15E+07     0             3.65E+07     65343         6            0.13116       
   1.2E+07      0.98575      0             1.2E+07      0             3.7E+07      69585         6.2667       0.13442       
   1.25E+07     0.98466      0             1.25E+07     0             3.75E+07     72487         6.5333       0.13725       
   1.3E+07      0.98472      0             1.3E+07      0             3.8E+07      72830         6.8          0.14049       
   1.35E+07     0.98482      0             1.35E+07     0             3.85E+07     77471         7.0667       0.14309       
   1.4E+07      0.98682      0             1.4E+07      0             3.9E+07      82045         7.3333       0.14556       
   1.45E+07     0.98434      0             1.45E+07     0             3.95E+07     84546         7.6          0.14821       
   1.5E+07      0.98517      0             1.5E+07      0             4E+07        89298         7.8667       0.14987       
   1.55E+07     0.98614      0             1.55E+07     0             4.05E+07     91258         8.1333       0.15198       
   1.6E+07      0.98404      0             1.6E+07      0             4.1E+07      91491         8.4          0.15282       
   1.65E+07     0.9849       0             1.65E+07     0             4.15E+07     88465         8.6667       0.15447       
   1.7E+07      0.98486      0             1.7E+07      0             4.2E+07      90680         8.9333       0.15582       
   1.75E+07     0.9864       0             1.75E+07     0             4.25E+07     91824         9.2          0.15639       
   1.8E+07      0.98486      0             1.8E+07      0             4.3E+07      88426         9.4667       0.15722       
   1.85E+07     0.98641      0             1.85E+07     0             4.35E+07     91462         9.7333       0.15758       
   1.9E+07      0.98678      0             1.9E+07      0             4.4E+07      93422         10           0.15775       
   1.95E+07     0.98572      0             1.95E+07     0             4.45E+07     97221         10.267       0.15812       
   2E+07        0.98629      0             2E+07        0             4.5E+07      1.0072E+05    10.533       0.1576        
   2.05E+07     0.98541      0             2.05E+07     0             4.55E+07     1.0292E+05    10.8         0.15672       
   2.1E+07      0.98685      0             2.1E+07      0             4.6E+07      1.0638E+05    11.067       0.15637       
   2.15E+07     0.98634      0             2.15E+07     0             4.65E+07     1.0503E+05    11.333       0.155         
   2.2E+07      0.98619      0             2.2E+07      0             4.7E+07      1.0801E+05    11.6         0.15347       
   2.25E+07     0.98549      0             2.25E+07     0             4.75E+07     1.1155E+05    11.867       0.15208       
   2.3E+07      0.98603      0             2.3E+07      0             4.8E+07      1.1334E+05    12.133       0.15038       
   2.35E+07     0.9846       0             2.35E+07     0             4.85E+07     1.1605E+05    12.4         0.1485        
   2.4E+07      0.9863       0             2.4E+07      0             4.9E+07      1.157E+05     12.667       0.1459        
   2.45E+07     0.98526      0             2.45E+07     0             4.95E+07     1.1469E+05    12.933       0.14337       
   2.5E+07      0.98797      0             2.5E+07      0             5E+07        1.1522E+05    13.2         0.14064       
   2.55E+07     0.98594      NAN           2.55E+07     NAN           5.05E+07     1.1855E+05    13.467       0.13821       
   2.6E+07      0.98676      0.00058422    2.6E+07      0.00058422    5.1E+07      1.2127E+05    13.733       0.13544       
   2.65E+07     0.9861       0.00067026    2.65E+07     0.00067026    5.15E+07     1.2455E+05    14           0.13219       
   2.7E+07      0.98612      0.00050329    2.7E+07      0.00050329    5.2E+07      1.2807E+05    14.267       0.12867       
   2.75E+07     0.98615      0.0004036     2.75E+07     0.0004036     5.25E+07     1.3148E+05    14.533       0.12468       
   2.8E+07      0.98646      0.00043827    2.8E+07      0.00043827    5.3E+07      1.2907E+05    14.8         0.12095       
   2.85E+07     0.98619      0.00045438    2.85E+07     0.00045438    5.35E+07     1.2878E+05    15.067       0.11706       
   2.9E+07      0.98615      0.00039879    2.9E+07      0.00039879    5.4E+07      1.3205E+05    15.333       0.11261       
   2.95E+07     0.98605      0.00036788    2.95E+07     0.00036788    5.45E+07     1.3539E+05    15.6         0.10846       
   3E+07        0.98583      0.00039101    3E+07        0.00039101    5.5E+07      1.3739E+05    15.867       0.10384       
   3.05E+07     0.9861       0.00043947    3.05E+07     0.00043947    5.55E+07     1.3676E+05    16.133       0.098857      
   3.1E+07      0.98608      0.00040356    3.1E+07      0.00040356    5.6E+07      1.3999E+05    16.4         0.094205      
   3.15E+07     0.98611      0.0003741     3.15E+07     0.0003741     5.65E+07     1.4235E+05    16.667       0.088938      
   3.2E+07      0.98606      0.00035057    3.2E+07      0.00035057    5.7E+07      1.4455E+05    16.933       0.084113      
   3.25E+07     0.98624      0.00036847    3.25E+07     0.00036847    5.75E+07     1.464E+05     17.2         0.078545      
   3.3E+07      0.98624      0.00034544    3.3E+07      0.00034544    5.8E+07      1.4722E+05    17.467       0.073037      
   3.35E+07     0.98628      0.00032759    3.35E+07     0.00032759    5.85E+07     1.4672E+05    17.733       0.067297      
   3.4E+07      0.98619      0.00032225    3.4E+07      0.00032225    5.9E+07      1.4977E+05    18           0.061468      
   3.45E+07     0.98615      0.00030726    3.45E+07     0.00030726    5.95E+07     1.5252E+05    18.267       0.056015      
   3.5E+07      0.98616      0.00029199    3.5E+07      0.00029199    6E+07        1.5436E+05    18.533       0.050043      
   3.55E+07     0.98612      0.00028008    3.55E+07     0.00028008    6.05E+07     1.4942E+05    18.8         0.044012      
   3.6E+07      0.98606      0.00027465    3.6E+07      0.00027465    6.1E+07      1.5238E+05    19.067       0.037634      
   3.65E+07     0.98617      0.00028516    3.65E+07     0.00028516    6.15E+07     1.5521E+05    19.333       0.031504      
   3.7E+07      0.98615      0.00027437    3.7E+07      0.00027437    6.2E+07      1.5705E+05    19.6         0.024831      
   3.75E+07     0.9861       0.00026695    3.75E+07     0.00026695    6.25E+07     1.5078E+05    19.867       0.017745      
   3.8E+07      0.98617      0.00026448    3.8E+07      0.00026448    6.3E+07      1.4921E+05    
   3.85E+07     0.98617      0.00025472    3.85E+07     0.00025472    6.35E+07     1.392E+05     
   3.9E+07      0.98618      0.00024588    3.9E+07      0.00024588    6.4E+07      1.4141E+05    
   3.95E+07     0.98614      0.00024062    3.95E+07     0.00024062    6.45E+07     1.4358E+05    
   4E+07        0.98613      0.00023261    4E+07        0.00023261    6.5E+07      1.4491E+05    
   4.05E+07     0.98609      0.00022867    4.05E+07     0.00022867    6.55E+07     1.4433E+05    
   4.1E+07      0.98614      0.00022695    4.1E+07      0.00022695    6.6E+07      1.4641E+05    
   4.15E+07     0.98608      0.00022935    4.15E+07     0.00022935    6.65E+07     1.47E+05      
   4.2E+07      0.98604      0.00022516    4.2E+07      0.00022516    6.7E+07      1.456E+05     
   4.25E+07     0.986        0.00022242    4.25E+07     0.00022242    6.75E+07     1.4742E+05    
   4.3E+07      0.98607      0.00022525    4.3E+07      0.00022525    6.8E+07      1.4781E+05    
   4.35E+07     0.98605      0.0002202     4.35E+07     0.0002202     6.85E+07     1.5008E+05    
   4.4E+07      0.98601      0.00021661    4.4E+07      0.00021661    6.9E+07      1.5205E+05    
   4.45E+07     0.98602      0.00021109    4.45E+07     0.00021109    6.95E+07     1.5212E+05    
   4.5E+07      0.98601      0.00020623    4.5E+07      0.00020623    7E+07        1.5399E+05    
   4.55E+07     0.98603      0.00020286    4.55E+07     0.00020286    7.05E+07     1.5473E+05    
   4.6E+07      0.98602      0.00019843    4.6E+07      0.00019843    7.1E+07      1.5524E+05    
   4.65E+07     0.98598      0.00019857    4.65E+07     0.00019857    7.15E+07     1.5753E+05    
   4.7E+07      0.98599      0.00019474    4.7E+07      0.00019474    7.2E+07      1.5976E+05    
   4.75E+07     0.986        0.0001906     4.75E+07     0.0001906     7.25E+07     1.6193E+05    
   4.8E+07      0.98603      0.00018807    4.8E+07      0.00018807    7.3E+07      1.639E+05     
   4.85E+07     0.98604      0.00018488    4.85E+07     0.00018488    7.35E+07     1.6458E+05    
   4.9E+07      0.98601      0.00018421    4.9E+07      0.00018421    7.4E+07      1.6342E+05    
   4.95E+07     0.98597      0.00018404    4.95E+07     0.00018404    7.45E+07     1.6486E+05    
   5E+07        0.98594      0.00018268    5E+07        0.00018268    7.5E+07      1.6639E+05    
   5.05E+07     0.98594      0.00017919    5.05E+07     0.00017919    7.55E+07     1.6514E+05    
   5.1E+07      0.98592      0.00017628    5.1E+07      0.00017628    7.6E+07      1.6547E+05    
   5.15E+07     0.98593      0.0001731     5.15E+07     0.0001731     7.65E+07     1.6646E+05    
   5.2E+07      0.98593      0.00016989    5.2E+07      0.00016989    7.7E+07      1.6772E+05    
   5.25E+07     0.98593      0.00016684    5.25E+07     0.00016684    7.75E+07     1.691E+05     
   5.3E+07      0.98589      0.00016759    5.3E+07      0.00016759    7.8E+07      1.7004E+05    
   5.35E+07     0.98592      0.00016699    5.35E+07     0.00016699    7.85E+07     1.7152E+05    
   5.4E+07      0.98592      0.00016411    5.4E+07      0.00016411    7.9E+07      1.7182E+05    
   5.45E+07     0.98592      0.00016133    5.45E+07     0.00016133    7.95E+07     1.7053E+05    
   5.5E+07      0.98593      0.00015942    5.5E+07      0.00015942    8E+07        1.7063E+05    
   5.55E+07     0.98591      0.00015903    5.55E+07     0.00015903    8.05E+07     1.7115E+05    
   5.6E+07      0.98591      0.00015647    5.6E+07      0.00015647    8.1E+07      1.7269E+05    
   5.65E+07     0.98592      0.00015447    5.65E+07     0.00015447    8.15E+07     1.7471E+05    
   5.7E+07      0.98591      0.00015259    5.7E+07      0.00015259    8.2E+07      1.767E+05     
   5.75E+07     0.98589      0.00015094    5.75E+07     0.00015094    8.25E+07     1.7867E+05    
   5.8E+07      0.98591      0.00014987    5.8E+07      0.00014987    8.3E+07      1.7897E+05    
   5.85E+07     0.98589      0.00014947    5.85E+07     0.00014947    8.35E+07     1.7807E+05    
   5.9E+07      0.98589      0.0001473     5.9E+07      0.0001473     8.4E+07      1.7997E+05    
   5.95E+07     0.9859       0.00014534    5.95E+07     0.00014534    8.45E+07     1.8099E+05    
   6E+07        0.98588      0.00014384    6E+07        0.00014384    8.5E+07      1.8213E+05    
   6.05E+07     0.98585      0.0001456     6.05E+07     0.0001456     8.55E+07     1.8407E+05    
   6.1E+07      0.98585      0.00014358    6.1E+07      0.00014358    8.6E+07      1.8583E+05    
   6.15E+07     0.98585      0.00014168    6.15E+07     0.00014168    8.65E+07     1.8724E+05    
   6.2E+07      0.98583      0.00014027    6.2E+07      0.00014027    8.7E+07      1.8907E+05    
   6.25E+07     0.98587      0.00014258    6.25E+07     0.00014258    8.75E+07     1.9105E+05    
   6.3E+07      0.98589      0.00014272    6.3E+07      0.00014272    8.8E+07      1.9282E+05    
   6.35E+07     0.98594      0.00014718    6.35E+07     0.00014718    8.85E+07     1.9222E+05    
   6.4E+07      0.98593      0.00014545    6.4E+07      0.00014545    8.9E+07      1.9334E+05    
   6.45E+07     0.98592      0.00014377    6.45E+07     0.00014377    8.95E+07     1.9456E+05    
   6.5E+07      0.98593      0.00014255    6.5E+07      0.00014255    9E+07        1.9642E+05    
   6.55E+07     0.98596      0.00014227    6.55E+07     0.00014227    9.05E+07     1.9681E+05    
   6.6E+07      0.98595      0.00014071    6.6E+07      0.00014071    9.1E+07      1.9812E+05    
   6.65E+07     0.98596      0.00013989    6.65E+07     0.00013989    9.15E+07     1.9751E+05    
   6.7E+07      0.98594      0.00014003    6.7E+07      0.00014003    9.2E+07      1.9899E+05    
   6.75E+07     0.98595      0.00013863    6.75E+07     0.00013863    9.25E+07     2.0088E+05    
   6.8E+07      0.98597      0.00013795    6.8E+07      0.00013795    9.3E+07      2.0125E+05    
   6.85E+07     0.98597      0.00013638    6.85E+07     0.00013638    9.35E+07     2.0236E+05    
   6.9E+07      0.98598      0.00013499    6.9E+07      0.00013499    9.4E+07      2.0136E+05    
   6.95E+07     0.98596      0.00013447    6.95E+07     0.00013447    9.45E+07     2.0218E+05    
   7E+07        0.98597      0.00013317    7E+07        0.00013317    9.5E+07      2.0249E+05    
   7.05E+07     0.98598      0.00013236    7.05E+07     0.00013236    9.55E+07     1.9584E+05    
   7.1E+07      0.98597      0.00013166    7.1E+07      0.00013166    9.6E+07      1.9675E+05    
   7.15E+07     0.98597      0.00013025    7.15E+07     0.00013025    9.65E+07     1.9843E+05    
   7.2E+07      0.98597      0.00012887    7.2E+07      0.00012887    9.7E+07      2.0003E+05    
   7.25E+07     0.98596      0.00012756    7.25E+07     0.00012756    9.75E+07     2.0172E+05    
   7.3E+07      0.98596      0.00012636    7.3E+07      0.00012636    9.8E+07      2.0328E+05    
   7.35E+07     0.98597      0.00012567    7.35E+07     0.00012567    9.85E+07     2.038E+05     
   7.4E+07      0.98599      0.00012568    7.4E+07      0.00012568    9.9E+07      2.0521E+05    
   7.45E+07     0.98598      0.0001247     7.45E+07     0.0001247     9.95E+07     2.0687E+05    
   7.5E+07      0.98599      0.00012369    7.5E+07      0.00012369    1E+08        2.0478E+05    
   7.55E+07     0.98597      0.00012372    7.55E+07     0.00012372    
   7.6E+07      0.98596      0.00012317    7.6E+07      0.00012317    
   7.65E+07     0.98595      0.00012238    7.65E+07     0.00012238    
   7.7E+07      0.98594      0.00012152    7.7E+07      0.00012152    
   7.75E+07     0.98595      0.00012062    7.75E+07     0.00012062    
   7.8E+07      0.98594      0.00011989    7.8E+07      0.00011989    
   7.85E+07     0.98594      0.00011899    7.85E+07     0.00011899    
   7.9E+07      0.98593      0.00011851    7.9E+07      0.00011851    
   7.95E+07     0.98595      0.00011856    7.95E+07     0.00011856    
   8E+07        0.98596      0.00011815    8E+07        0.00011815    
   8.05E+07     0.98597      0.00011761    8.05E+07     0.00011761    
   8.1E+07      0.98597      0.00011671    8.1E+07      0.00011671    
   8.15E+07     0.98597      0.00011567    8.15E+07     0.00011567    
   8.2E+07      0.98597      0.00011466    8.2E+07      0.00011466    
   8.25E+07     0.98596      0.00011368    8.25E+07     0.00011368    
   8.3E+07      0.98598      0.00011324    8.3E+07      0.00011324    
   8.35E+07     0.98596      0.00011318    8.35E+07     0.00011318    
   8.4E+07      0.98596      0.00011224    8.4E+07      0.00011224    
   8.45E+07     0.98595      0.0001116     8.45E+07     0.0001116     
   8.5E+07      0.98595      0.00011092    8.5E+07      0.00011092    
   8.55E+07     0.98595      0.00011       8.55E+07     0.00011       
   8.6E+07      0.98594      0.00010916    8.6E+07      0.00010916    
   8.65E+07     0.98594      0.00010844    8.65E+07     0.00010844    
   8.7E+07      0.98594      0.00010759    8.7E+07      0.00010759    
   8.75E+07     0.98594      0.00010673    8.75E+07     0.00010673    
   8.8E+07      0.98594      0.00010594    8.8E+07      0.00010594    
   8.85E+07     0.98595      0.0001058     8.85E+07     0.0001058     
   8.9E+07      0.98596      0.00010519    8.9E+07      0.00010519    
   8.95E+07     0.98595      0.00010457    8.95E+07     0.00010457    
   9E+07        0.98595      0.00010378    9E+07        0.00010378    
   9.05E+07     0.98594      0.00010339    9.05E+07     0.00010339    
   9.1E+07      0.98593      0.00010277    9.1E+07      0.00010277    
   9.15E+07     0.98592      0.00010265    9.15E+07     0.00010265    
   9.2E+07      0.98592      0.00010198    9.2E+07      0.00010198    
   9.25E+07     0.98592      0.00010122    9.25E+07     0.00010122    
   9.3E+07      0.98593      0.00010086    9.3E+07      0.00010086    
   9.35E+07     0.98593      0.00010031    9.35E+07     0.00010031    
   9.4E+07      0.98592      0.00010029    9.4E+07      0.00010029    
   9.45E+07     0.98591      9.982E-05     9.45E+07     9.982E-05     
   9.5E+07      0.98592      9.9473E-05    9.5E+07      9.9473E-05    
   9.55E+07     0.9859       0.00010088    9.55E+07     0.00010088    
   9.6E+07      0.98589      0.00010038    9.6E+07      0.00010038    
   9.65E+07     0.9859       9.9689E-05    9.65E+07     9.9689E-05    
   9.7E+07      0.98589      9.9034E-05    9.7E+07      9.9034E-05    
   9.75E+07     0.98589      9.8363E-05    9.75E+07     9.8363E-05    
   9.8E+07      0.98589      9.7728E-05    9.8E+07      9.7728E-05    
   9.85E+07     0.98588      9.7354E-05    9.85E+07     9.7354E-05    
   9.9E+07      0.98588      9.6775E-05    9.9E+07      9.6775E-05    
   9.95E+07     0.98588      9.6129E-05    9.95E+07     9.6129E-05    
   1E+08        0.98587      9.6379E-05    1E+08        9.6379E-05    
