# This file is written with the intent of being used to plot the data with 
# Gnuplot.  It contains no information regarding how the plot should be 
# formatted.
# =========================================================================
# Research/ArnoldivsPower -f Power2-68.dat -t 500000 -A -c 50 -C 150 -w 20 -b 75 -r  seed = 3762789271
# filename = Power2-68.dat, run = true, power = true, Arnoldi = false, storevectors = 0, raw = false, evectors = 2, evalues = 2, residual = false, arnoldimethod = implicit, tol = 2.22045e-16, verbose = 1, seed = 0, width = 20, bins = 75, acycles = 150, incycles = 50, active = 20, inactive = 0, Iterations = 10, numValues = 2, relaxed = 0, tracks = 500000, ignore_rest = false, version = false, help = false, 

#  1            2            3             4            5             6            7             8            9            
# |-            Power values           -| |-   Power eValues SD   -| |-       FOM-Power      -| |-     Power vector     -| 
#  x-coord      y-coord      error         x-coord      y-coord       x-coord      y-coord       x-coord      y-coord       
   5E+05        0.95676      0             5E+05        0             2.55E+07     0             0.13333      0.017666      
   1E+06        0.96675      0             1E+06        0             2.6E+07      4003.1        0.4          0.024685      
   1.5E+06      0.97302      0             1.5E+06      0             2.65E+07     8148.5        0.66667      0.031212      
   2E+06        0.97451      0             2E+06        0             2.7E+07      13531         0.93333      0.037536      
   2.5E+06      0.97775      0             2.5E+06      0             2.75E+07     18005         1.2          0.043485      
   3E+06        0.97767      0             3E+06        0             2.8E+07      22040         1.4667       0.049247      
   3.5E+06      0.9785       0             3.5E+06      0             2.85E+07     24308         1.7333       0.055218      
   4E+06        0.97917      0             4E+06        0             2.9E+07      22672         2            0.06108       
   4.5E+06      0.98072      0             4.5E+06      0             2.95E+07     28144         2.2667       0.066802      
   5E+06        0.98183      0             5E+06        0             3E+07        32828         2.5333       0.072195      
   5.5E+06      0.98099      0             5.5E+06      0             3.05E+07     38856         2.8          0.07766       
   6E+06        0.98188      0             6E+06        0             3.1E+07      45216         3.0667       0.082676      
   6.5E+06      0.98186      0             6.5E+06      0             3.15E+07     52084         3.3333       0.087692      
   7E+06        0.98303      0             7E+06        0             3.2E+07      52514         3.6          0.093154      
   7.5E+06      0.98142      0             7.5E+06      0             3.25E+07     56439         3.8667       0.0979        
   8E+06        0.98277      0             8E+06        0             3.3E+07      61868         4.1333       0.10272       
   8.5E+06      0.98479      0             8.5E+06      0             3.35E+07     48503         4.4          0.10741       
   9E+06        0.98258      0             9E+06        0             3.4E+07      53547         4.6667       0.11175       
   9.5E+06      0.98538      0             9.5E+06      0             3.45E+07     55143         4.9333       0.11603       
   1E+07        0.98288      0             1E+07        0             3.5E+07      60161         5.2          0.12024       
   1.05E+07     0.9859       0             1.05E+07     0             3.55E+07     57380         5.4667       0.12426       
   1.1E+07      0.98605      0             1.1E+07      0             3.6E+07      61501         5.7333       0.12792       
   1.15E+07     0.98305      0             1.15E+07     0             3.65E+07     66134         6            0.1313        
   1.2E+07      0.98343      0             1.2E+07      0             3.7E+07      71001         6.2667       0.13455       
   1.25E+07     0.98615      0             1.25E+07     0             3.75E+07     75611         6.5333       0.13777       
   1.3E+07      0.98451      0             1.3E+07      0             3.8E+07      70691         6.8          0.1409        
   1.35E+07     0.98433      0             1.35E+07     0             3.85E+07     74838         7.0667       0.1437        
   1.4E+07      0.9857       0             1.4E+07      0             3.9E+07      64799         7.3333       0.14579       
   1.45E+07     0.98463      0             1.45E+07     0             3.95E+07     68429         7.6          0.14798       
   1.5E+07      0.98306      0             1.5E+07      0             4E+07        69313         7.8667       0.15041       
   1.55E+07     0.98455      0             1.55E+07     0             4.05E+07     72994         8.1333       0.15213       
   1.6E+07      0.98402      0             1.6E+07      0             4.1E+07      76640         8.4          0.15359       
   1.65E+07     0.98426      0             1.65E+07     0             4.15E+07     80390         8.6667       0.15503       
   1.7E+07      0.98535      0             1.7E+07      0             4.2E+07      79643         8.9333       0.15591       
   1.75E+07     0.98472      0             1.75E+07     0             4.25E+07     74246         9.2          0.15667       
   1.8E+07      0.98453      0             1.8E+07      0             4.3E+07      71469         9.4667       0.15759       
   1.85E+07     0.98586      0             1.85E+07     0             4.35E+07     74214         9.7333       0.15777       
   1.9E+07      0.98317      0             1.9E+07      0             4.4E+07      74842         10           0.15807       
   1.95E+07     0.98678      0             1.95E+07     0             4.45E+07     74007         10.267       0.15769       
   2E+07        0.98613      0             2E+07        0             4.5E+07      76532         10.533       0.15773       
   2.05E+07     0.98684      0             2.05E+07     0             4.55E+07     79100         10.8         0.15664       
   2.1E+07      0.98627      0             2.1E+07      0             4.6E+07      81853         11.067       0.15589       
   2.15E+07     0.98427      0             2.15E+07     0             4.65E+07     84266         11.333       0.15494       
   2.2E+07      0.98645      0             2.2E+07      0             4.7E+07      83696         11.6         0.1535        
   2.25E+07     0.98372      0             2.25E+07     0             4.75E+07     80276         11.867       0.15197       
   2.3E+07      0.98626      0             2.3E+07      0             4.8E+07      82869         12.133       0.15012       
   2.35E+07     0.98498      0             2.35E+07     0             4.85E+07     83119         12.4         0.14849       
   2.4E+07      0.98574      0             2.4E+07      0             4.9E+07      85621         12.667       0.14599       
   2.45E+07     0.98716      0             2.45E+07     0             4.95E+07     86420         12.933       0.14375       
   2.5E+07      0.98598      0             2.5E+07      0             5E+07        87556         13.2         0.14096       
   2.55E+07     0.98435      4.5026E-09    2.55E+07     4.5026E-09    5.05E+07     90041         13.467       0.13782       
   2.6E+07      0.98627      0.0013608     2.6E+07      0.0013608     5.1E+07      92136         13.733       0.13505       
   2.65E+07     0.98595      0.00094458    2.65E+07     0.00094458    5.15E+07     94695         14           0.13153       
   2.7E+07      0.98577      0.00072592    2.7E+07      0.00072592    5.2E+07      97265         14.267       0.12785       
   2.75E+07     0.98551      0.00062345    2.75E+07     0.00062345    5.25E+07     99631         14.533       0.12387       
   2.8E+07      0.98574      0.00055848    2.8E+07      0.00055848    5.3E+07      1.0192E+05    14.8         0.11997       
   2.85E+07     0.98598      0.00052713    2.85E+07     0.00052713    5.35E+07     1.0351E+05    15.067       0.11634       
   2.9E+07      0.98567      0.00054102    2.9E+07      0.00054102    5.4E+07      1.0476E+05    15.333       0.11176       
   2.95E+07     0.9857       0.00048143    2.95E+07     0.00048143    5.45E+07     1.0681E+05    15.6         0.10733       
   3E+07        0.98579      0.00044189    3E+07        0.00044189    5.5E+07      1.0839E+05    15.867       0.10288       
   3.05E+07     0.98582      0.00040273    3.05E+07     0.00040273    5.55E+07     1.0737E+05    16.133       0.098192      
   3.1E+07      0.98585      0.00037025    3.1E+07      0.00037025    5.6E+07      1.0907E+05    16.4         0.093293      
   3.15E+07     0.98587      0.00034215    3.15E+07     0.00034215    5.65E+07     1.1007E+05    16.667       0.088204      
   3.2E+07      0.98575      0.00033793    3.2E+07      0.00033793    5.7E+07      1.1242E+05    16.933       0.08313       
   3.25E+07     0.98567      0.00032338    3.25E+07     0.00032338    5.75E+07     1.1439E+05    17.2         0.077827      
   3.3E+07      0.98563      0.00030647    3.3E+07      0.00030647    5.8E+07      1.1594E+05    17.467       0.072215      
   3.35E+07     0.98582      0.00034344    3.35E+07     0.00034344    5.85E+07     1.1776E+05    17.733       0.066716      
   3.4E+07      0.98581      0.0003244     3.4E+07      0.0003244     5.9E+07      1.1955E+05    18           0.061121      
   3.45E+07     0.98589      0.00031731    3.45E+07     0.00031731    5.95E+07     1.2184E+05    18.267       0.055191      
   3.5E+07      0.9859       0.00030151    3.5E+07      0.00030151    6E+07        1.2419E+05    18.533       0.049561      
   3.55E+07     0.98579      0.00030647    3.55E+07     0.00030647    6.05E+07     1.2287E+05    18.8         0.043292      
   3.6E+07      0.98582      0.00029388    3.6E+07      0.00029388    6.1E+07      1.2528E+05    19.067       0.037335      
   3.65E+07     0.98581      0.00028142    3.65E+07     0.00028142    6.15E+07     1.2754E+05    19.333       0.031293      
   3.7E+07      0.98581      0.00026971    3.7E+07      0.00026971    6.2E+07      1.2997E+05    19.6         0.024712      
   3.75E+07     0.98583      0.00025955    3.75E+07     0.00025955    6.25E+07     1.3244E+05    19.867       0.017717      
   3.8E+07      0.98592      0.00026661    3.8E+07      0.00026661    6.3E+07      1.349E+05     
   3.85E+07     0.9859       0.00025739    3.85E+07     0.00025739    6.35E+07     1.2797E+05    
   3.9E+07      0.98602      0.00027474    3.9E+07      0.00027474    6.4E+07      1.2882E+05    
   3.95E+07     0.98604      0.00026561    3.95E+07     0.00026561    6.45E+07     1.311E+05     
   4E+07        0.98598      0.00026224    4E+07        0.00026224    6.5E+07      1.312E+05     
   4.05E+07     0.98598      0.00025389    4.05E+07     0.00025389    6.55E+07     1.2828E+05    
   4.1E+07      0.98599      0.00024625    4.1E+07      0.00024625    6.6E+07      1.304E+05     
   4.15E+07     0.98598      0.00023895    4.15E+07     0.00023895    6.65E+07     1.322E+05     
   4.2E+07      0.98604      0.0002386     4.2E+07      0.0002386     6.7E+07      1.3154E+05    
   4.25E+07     0.98612      0.00024566    4.25E+07     0.00024566    6.75E+07     1.3356E+05    
   4.3E+07      0.98619      0.00024891    4.3E+07      0.00024891    6.8E+07      1.3528E+05    
   4.35E+07     0.98621      0.00024281    4.35E+07     0.00024281    6.85E+07     1.343E+05     
   4.4E+07      0.98625      0.00024041    4.4E+07      0.00024041    6.9E+07      1.3506E+05    
   4.45E+07     0.9862       0.00024039    4.45E+07     0.00024039    6.95E+07     1.3535E+05    
   4.5E+07      0.98618      0.00023504    4.5E+07      0.00023504    7E+07        1.3542E+05    
   4.55E+07     0.98616      0.00022992    4.55E+07     0.00022992    7.05E+07     1.3736E+05    
   4.6E+07      0.98615      0.00022476    4.6E+07      0.00022476    7.1E+07      1.3853E+05    
   4.65E+07     0.98617      0.00022028    4.65E+07     0.00022028    7.15E+07     1.3973E+05    
   4.7E+07      0.98612      0.00021984    4.7E+07      0.00021984    7.2E+07      1.4152E+05    
   4.75E+07     0.98606      0.00022329    4.75E+07     0.00022329    7.25E+07     1.3965E+05    
   4.8E+07      0.98607      0.00021857    4.8E+07      0.00021857    7.3E+07      1.4037E+05    
   4.85E+07     0.98611      0.00021711    4.85E+07     0.00021711    7.35E+07     1.4226E+05    
   4.9E+07      0.98611      0.00021274    4.9E+07      0.00021274    7.4E+07      1.4073E+05    
   4.95E+07     0.98615      0.00021057    4.95E+07     0.00021057    7.45E+07     1.4206E+05    
   5E+07        0.98617      0.00020815    5E+07        0.00020815    7.5E+07      1.4394E+05    
   5.05E+07     0.98618      0.00020418    5.05E+07     0.00020418    7.55E+07     1.4541E+05    
   5.1E+07      0.98616      0.00020086    5.1E+07      0.00020086    7.6E+07      1.4485E+05    
   5.15E+07     0.98616      0.00019714    5.15E+07     0.00019714    7.65E+07     1.4296E+05    
   5.2E+07      0.98616      0.00019355    5.2E+07      0.00019355    7.7E+07      1.4468E+05    
   5.25E+07     0.98615      0.0001903     5.25E+07     0.0001903     7.75E+07     1.4599E+05    
   5.3E+07      0.98616      0.00018724    5.3E+07      0.00018724    7.8E+07      1.471E+05     
   5.35E+07     0.98615      0.00018491    5.35E+07     0.00018491    7.85E+07     1.4879E+05    
   5.4E+07      0.98617      0.00018292    5.4E+07      0.00018292    7.9E+07      1.5042E+05    
   5.45E+07     0.98615      0.00018034    5.45E+07     0.00018034    7.95E+07     1.4644E+05    
   5.5E+07      0.98614      0.00017815    5.5E+07      0.00017815    8E+07        1.481E+05     
   5.55E+07     0.98617      0.00017819    5.55E+07     0.00017819    8.05E+07     1.463E+05     
   5.6E+07      0.98618      0.000176      5.6E+07      0.000176      8.1E+07      1.4781E+05    
   5.65E+07     0.9862       0.0001744     5.65E+07     0.0001744     8.15E+07     1.477E+05     
   5.7E+07      0.9862       0.00017181    5.7E+07      0.00017181    8.2E+07      1.4668E+05    
   5.75E+07     0.98621      0.00016957    5.75E+07     0.00016957    8.25E+07     1.4832E+05    
   5.8E+07      0.98619      0.00016768    5.8E+07      0.00016768    8.3E+07      1.4995E+05    
   5.85E+07     0.98621      0.00016566    5.85E+07     0.00016566    8.35E+07     1.5158E+05    
   5.9E+07      0.98622      0.00016372    5.9E+07      0.00016372    8.4E+07      1.5256E+05    
   5.95E+07     0.98621      0.00016146    5.95E+07     0.00016146    8.45E+07     1.5292E+05    
   6E+07        0.98622      0.00015925    6E+07        0.00015925    8.5E+07      1.5306E+05    
   6.05E+07     0.98619      0.00015942    6.05E+07     0.00015942    8.55E+07     1.5467E+05    
   6.1E+07      0.98619      0.00015722    6.1E+07      0.00015722    8.6E+07      1.5629E+05    
   6.15E+07     0.9862       0.00015519    6.15E+07     0.00015519    8.65E+07     1.5763E+05    
   6.2E+07      0.9862       0.0001531     6.2E+07      0.0001531     8.7E+07      1.5868E+05    
   6.25E+07     0.9862       0.00015106    6.25E+07     0.00015106    8.75E+07     1.6026E+05    
   6.3E+07      0.9862       0.00014907    6.3E+07      0.00014907    8.8E+07      1.618E+05     
   6.35E+07     0.98616      0.00015243    6.35E+07     0.00015243    8.85E+07     1.6335E+05    
   6.4E+07      0.98617      0.00015133    6.4E+07      0.00015133    8.9E+07      1.6493E+05    
   6.45E+07     0.98617      0.00014942    6.45E+07     0.00014942    8.95E+07     1.6349E+05    
   6.5E+07      0.98615      0.00014876    6.5E+07      0.00014876    9E+07        1.6273E+05    
   6.55E+07     0.98612      0.00014987    6.55E+07     0.00014987    9.05E+07     1.6383E+05    
   6.6E+07      0.98613      0.00014808    6.6E+07      0.00014808    9.1E+07      1.6404E+05    
   6.65E+07     0.98612      0.00014649    6.65E+07     0.00014649    9.15E+07     1.6396E+05    
   6.7E+07      0.9861       0.00014632    6.7E+07      0.00014632    9.2E+07      1.5978E+05    
   6.75E+07     0.98609      0.00014466    6.75E+07     0.00014466    9.25E+07     1.6119E+05    
   6.8E+07      0.9861       0.0001432     6.8E+07      0.0001432     9.3E+07      1.626E+05     
   6.85E+07     0.98608      0.00014319    6.85E+07     0.00014319    9.35E+07     1.6365E+05    
   6.9E+07      0.98606      0.00014226    6.9E+07      0.00014226    9.4E+07      1.617E+05     
   6.95E+07     0.98608      0.00014159    6.95E+07     0.00014159    9.45E+07     1.6276E+05    
   7E+07        0.9861       0.00014103    7E+07        0.00014103    9.5E+07      1.5946E+05    
   7.05E+07     0.98609      0.00013954    7.05E+07     0.00013954    9.55E+07     1.6088E+05    
   7.1E+07      0.98608      0.00013844    7.1E+07      0.00013844    9.6E+07      1.6231E+05    
   7.15E+07     0.98609      0.00013736    7.15E+07     0.00013736    9.65E+07     1.6279E+05    
   7.2E+07      0.98609      0.000136      7.2E+07      0.000136      9.7E+07      1.6396E+05    
   7.25E+07     0.98611      0.00013643    7.25E+07     0.00013643    9.75E+07     1.6524E+05    
   7.3E+07      0.98612      0.00013561    7.3E+07      0.00013561    9.8E+07      1.6609E+05    
   7.35E+07     0.98613      0.00013424    7.35E+07     0.00013424    9.85E+07     1.6279E+05    
   7.4E+07      0.98611      0.0001345     7.4E+07      0.0001345     9.9E+07      1.6252E+05    
   7.45E+07     0.98611      0.00013341    7.45E+07     0.00013341    9.95E+07     1.6369E+05    
   7.5E+07      0.98611      0.00013208    7.5E+07      0.00013208    1E+08        1.6393E+05    
   7.55E+07     0.98611      0.00013097    7.55E+07     0.00013097    
   7.6E+07      0.98612      0.00013079    7.6E+07      0.00013079    
   7.65E+07     0.9861       0.0001312     7.65E+07     0.0001312     
   7.7E+07      0.9861       0.00013       7.7E+07      0.00013       
   7.75E+07     0.98609      0.000129      7.75E+07     0.000129      
   7.8E+07      0.98608      0.00012808    7.8E+07      0.00012808    
   7.85E+07     0.98608      0.00012695    7.85E+07     0.00012695    
   7.9E+07      0.98608      0.00012585    7.9E+07      0.00012585    
   7.95E+07     0.98611      0.00012714    7.95E+07     0.00012714    
   8E+07        0.98611      0.00012603    8E+07        0.00012603    
   8.05E+07     0.98613      0.0001264     8.05E+07     0.0001264     
   8.1E+07      0.98612      0.00012536    8.1E+07      0.00012536    
   8.15E+07     0.98614      0.00012501    8.15E+07     0.00012501    
   8.2E+07      0.98612      0.00012507    8.2E+07      0.00012507    
   8.25E+07     0.98612      0.000124      8.25E+07     0.000124      
   8.3E+07      0.98612      0.00012294    8.3E+07      0.00012294    
   8.35E+07     0.98612      0.00012191    8.35E+07     0.00012191    
   8.4E+07      0.98611      0.00012115    8.4E+07      0.00012115    
   8.45E+07     0.98612      0.00012065    8.45E+07     0.00012065    
   8.5E+07      0.98613      0.00012023    8.5E+07      0.00012023    
   8.55E+07     0.98613      0.00011924    8.55E+07     0.00011924    
   8.6E+07      0.98614      0.00011827    8.6E+07      0.00011827    
   8.65E+07     0.98613      0.00011742    8.65E+07     0.00011742    
   8.7E+07      0.98612      0.00011669    8.7E+07      0.00011669    
   8.75E+07     0.98612      0.00011579    8.75E+07     0.00011579    
   8.8E+07      0.98612      0.00011491    8.8E+07      0.00011491    
   8.85E+07     0.98613      0.00011403    8.85E+07     0.00011403    
   8.9E+07      0.98612      0.00011316    8.9E+07      0.00011316    
   8.95E+07     0.98611      0.00011334    8.95E+07     0.00011334    
   9E+07        0.98609      0.00011328    9E+07        0.00011328    
   9.05E+07     0.9861       0.00011258    9.05E+07     0.00011258    
   9.1E+07      0.98609      0.00011219    9.1E+07      0.00011219    
   9.15E+07     0.98608      0.00011191    9.15E+07     0.00011191    
   9.2E+07      0.98606      0.00011306    9.2E+07      0.00011306    
   9.25E+07     0.98606      0.00011225    9.25E+07     0.00011225    
   9.3E+07      0.98606      0.00011146    9.3E+07      0.00011146    
   9.35E+07     0.98605      0.00011081    9.35E+07     0.00011081    
   9.4E+07      0.98607      0.00011116    9.4E+07      0.00011116    
   9.45E+07     0.98606      0.00011051    9.45E+07     0.00011051    
   9.5E+07      0.98608      0.00011135    9.5E+07      0.00011135    
   9.55E+07     0.98608      0.00011056    9.55E+07     0.00011056    
   9.6E+07      0.98608      0.00010978    9.6E+07      0.00010978    
   9.65E+07     0.98607      0.00010933    9.65E+07     0.00010933    
   9.7E+07      0.98608      0.00010865    9.7E+07      0.00010865    
   9.75E+07     0.98608      0.00010794    9.75E+07     0.00010794    
   9.8E+07      0.98607      0.00010739    9.8E+07      0.00010739    
   9.85E+07     0.98606      0.00010819    9.85E+07     0.00010819    
   9.9E+07      0.98604      0.000108      9.9E+07      0.000108      
   9.95E+07     0.98605      0.00010734    9.95E+07     0.00010734    
   1E+08        0.98604      0.00010699    1E+08        0.00010699    
