# This file is written with the intent of being used to plot the data with 
# Gnuplot.  It contains no information regarding how the plot should be 
# formatted.
# =========================================================================
# Research/ArnoldivsPower -f Power2-27.dat -t 500000 -A -c 50 -C 150 -w 20 -b 75 -r  seed = 1332315942
# filename = Power2-27.dat, run = true, power = true, Arnoldi = false, storevectors = 0, raw = false, evectors = 2, evalues = 2, residual = false, arnoldimethod = implicit, tol = 2.22045e-16, verbose = 1, seed = 0, width = 20, bins = 75, acycles = 150, incycles = 50, active = 20, inactive = 0, Iterations = 10, numValues = 2, relaxed = 0, tracks = 500000, ignore_rest = false, version = false, help = false, 

#  1            2            3             4            5             6            7             8            9            
# |-            Power values           -| |-   Power eValues SD   -| |-       FOM-Power      -| |-     Power vector     -| 
#  x-coord      y-coord      error         x-coord      y-coord       x-coord      y-coord       x-coord      y-coord       
   5E+05        0.95694      0             5E+05        0             2.55E+07     0             0.13333      0.017831      
   1E+06        0.96784      0             1E+06        0             2.6E+07      3.4096E+05    0.4          0.024808      
   1.5E+06      0.97013      0             1.5E+06      0             2.65E+07     99001         0.66667      0.031513      
   2E+06        0.97597      0             2E+06        0             2.7E+07      16263         0.93333      0.037689      
   2.5E+06      0.97874      0             2.5E+06      0             2.75E+07     24304         1.2          0.043927      
   3E+06        0.97842      0             3E+06        0             2.8E+07      34147         1.4667       0.050082      
   3.5E+06      0.97937      0             3.5E+06      0             2.85E+07     45011         1.7333       0.055715      
   4E+06        0.97944      0             4E+06        0             2.9E+07      45174         2            0.061687      
   4.5E+06      0.98063      0             4.5E+06      0             2.95E+07     51449         2.2667       0.067335      
   5E+06        0.98164      0             5E+06        0             3E+07        54045         2.5333       0.073057      
   5.5E+06      0.98282      0             5.5E+06      0             3.05E+07     63157         2.8          0.078599      
   6E+06        0.98494      0             6E+06        0             3.1E+07      73046         3.0667       0.08384       
   6.5E+06      0.98212      0             6.5E+06      0             3.15E+07     63379         3.3333       0.088961      
   7E+06        0.98189      0             7E+06        0             3.2E+07      62515         3.6          0.09407       
   7.5E+06      0.98333      0             7.5E+06      0             3.25E+07     66764         3.8667       0.098676      
   8E+06        0.98249      0             8E+06        0             3.3E+07      74115         4.1333       0.10357       
   8.5E+06      0.98328      0             8.5E+06      0             3.35E+07     74155         4.4          0.10804       
   9E+06        0.98538      0             9E+06        0             3.4E+07      62323         4.6667       0.11245       
   9.5E+06      0.98475      0             9.5E+06      0             3.45E+07     68032         4.9333       0.11655       
   1E+07        0.98359      0             1E+07        0             3.5E+07      72569         5.2          0.12054       
   1.05E+07     0.9845       0             1.05E+07     0             3.55E+07     78747         5.4667       0.12508       
   1.1E+07      0.98637      0             1.1E+07      0             3.6E+07      75505         5.7333       0.12882       
   1.15E+07     0.98637      0             1.15E+07     0             3.65E+07     63250         6            0.13223       
   1.2E+07      0.98655      0             1.2E+07      0             3.7E+07      66612         6.2667       0.13565       
   1.25E+07     0.9846       0             1.25E+07     0             3.75E+07     70360         6.5333       0.13855       
   1.3E+07      0.98537      0             1.3E+07      0             3.8E+07      73191         6.8          0.14181       
   1.35E+07     0.98822      0             1.35E+07     0             3.85E+07     77792         7.0667       0.14434       
   1.4E+07      0.98594      0             1.4E+07      0             3.9E+07      82331         7.3333       0.14607       
   1.45E+07     0.98458      0             1.45E+07     0             3.95E+07     86894         7.6          0.1487        
   1.5E+07      0.98697      0             1.5E+07      0             4E+07        91161         7.8667       0.15062       
   1.55E+07     0.98538      0             1.55E+07     0             4.05E+07     93648         8.1333       0.15244       
   1.6E+07      0.98338      0             1.6E+07      0             4.1E+07      93847         8.4          0.15413       
   1.65E+07     0.98378      0             1.65E+07     0             4.15E+07     98510         8.6667       0.15532       
   1.7E+07      0.98444      0             1.7E+07      0             4.2E+07      1.0313E+05    8.9333       0.15631       
   1.75E+07     0.98499      0             1.75E+07     0             4.25E+07     1.079E+05     9.2          0.15714       
   1.8E+07      0.98672      0             1.8E+07      0             4.3E+07      1.1279E+05    9.4667       0.15722       
   1.85E+07     0.98426      0             1.85E+07     0             4.35E+07     1.1713E+05    9.7333       0.15751       
   1.9E+07      0.9867       0             1.9E+07      0             4.4E+07      1.1974E+05    10           0.15783       
   1.95E+07     0.98372      0             1.95E+07     0             4.45E+07     1.2448E+05    10.267       0.15754       
   2E+07        0.98705      0             2E+07        0             4.5E+07      1.2805E+05    10.533       0.15718       
   2.05E+07     0.98545      0             2.05E+07     0             4.55E+07     1.2628E+05    10.8         0.15651       
   2.1E+07      0.98654      0             2.1E+07      0             4.6E+07      1.2712E+05    11.067       0.15531       
   2.15E+07     0.98565      0             2.15E+07     0             4.65E+07     1.3128E+05    11.333       0.15443       
   2.2E+07      0.98521      0             2.2E+07      0             4.7E+07      1.2474E+05    11.6         0.15292       
   2.25E+07     0.9835       0             2.25E+07     0             4.75E+07     1.2217E+05    11.867       0.15154       
   2.3E+07      0.98473      0             2.3E+07      0             4.8E+07      1.1026E+05    12.133       0.14966       
   2.35E+07     0.98622      0             2.35E+07     0             4.85E+07     1.112E+05     12.4         0.14755       
   2.4E+07      0.98521      0             2.4E+07      0             4.9E+07      1.0978E+05    12.667       0.14506       
   2.45E+07     0.98364      0             2.45E+07     0             4.95E+07     1.1273E+05    12.933       0.14251       
   2.5E+07      0.98495      0             2.5E+07      0             5E+07        1.1588E+05    13.2         0.13958       
   2.55E+07     0.98649      5.878E-09     2.55E+07     5.878E-09     5.05E+07     1.1766E+05    13.467       0.13674       
   2.6E+07      0.9867       0.00014858    2.6E+07      0.00014858    5.1E+07      1.1486E+05    13.733       0.13366       
   2.65E+07     0.98638      0.00027299    2.65E+07     0.00027299    5.15E+07     1.1713E+05    14           0.13064       
   2.7E+07      0.98565      0.00066695    2.7E+07      0.00066695    5.2E+07      1.2025E+05    14.267       0.12702       
   2.75E+07     0.98555      0.00054048    2.75E+07     0.00054048    5.25E+07     1.2175E+05    14.533       0.12339       
   2.8E+07      0.98559      0.00045182    2.8E+07      0.00045182    5.3E+07      1.2474E+05    14.8         0.11945       
   2.85E+07     0.98564      0.00038987    2.85E+07     0.00038987    5.35E+07     1.279E+05     15.067       0.11578       
   2.9E+07      0.98545      0.00038577    2.9E+07      0.00038577    5.4E+07      1.3E+05       15.333       0.11134       
   2.95E+07     0.98556      0.00035832    2.95E+07     0.00035832    5.45E+07     1.3321E+05    15.6         0.10721       
   3E+07        0.98543      0.00034655    3E+07        0.00034655    5.5E+07      1.3646E+05    15.867       0.10272       
   3.05E+07     0.98538      0.00031786    3.05E+07     0.00031786    5.55E+07     1.3971E+05    16.133       0.097793      
   3.1E+07      0.98542      0.00029312    3.1E+07      0.00029312    5.6E+07      1.3236E+05    16.4         0.093213      
   3.15E+07     0.98558      0.00031206    3.15E+07     0.00031206    5.65E+07     1.3523E+05    16.667       0.087932      
   3.2E+07      0.98546      0.0003117     3.2E+07      0.0003117     5.7E+07      1.2636E+05    16.933       0.082849      
   3.25E+07     0.98553      0.00029923    3.25E+07     0.00029923    5.75E+07     1.2831E+05    17.2         0.077783      
   3.3E+07      0.98556      0.00028176    3.3E+07      0.00028176    5.8E+07      1.3094E+05    17.467       0.072051      
   3.35E+07     0.98565      0.00027955    3.35E+07     0.00027955    5.85E+07     1.3067E+05    17.733       0.066615      
   3.4E+07      0.9858       0.00030263    3.4E+07      0.00030263    5.9E+07      1.3266E+05    18           0.060989      
   3.45E+07     0.98578      0.00028745    3.45E+07     0.00028745    5.95E+07     1.3542E+05    18.267       0.055124      
   3.5E+07      0.98582      0.00027627    3.5E+07      0.00027627    6E+07        1.3769E+05    18.533       0.049139      
   3.55E+07     0.98583      0.00026327    3.55E+07     0.00026327    6.05E+07     1.3665E+05    18.8         0.043337      
   3.6E+07      0.98574      0.00026688    3.6E+07      0.00026688    6.1E+07      1.3828E+05    19.067       0.037224      
   3.65E+07     0.98588      0.00028957    3.65E+07     0.00028957    6.15E+07     1.4005E+05    19.333       0.030959      
   3.7E+07      0.98592      0.00028018    3.7E+07      0.00028018    6.2E+07      1.4217E+05    19.6         0.024722      
   3.75E+07     0.98595      0.00027074    3.75E+07     0.00027074    6.25E+07     1.4192E+05    19.867       0.017538      
   3.8E+07      0.98599      0.00026362    3.8E+07      0.00026362    6.3E+07      1.4454E+05    
   3.85E+07     0.98598      0.00025402    3.85E+07     0.00025402    6.35E+07     1.466E+05     
   3.9E+07      0.98597      0.00024525    3.9E+07      0.00024525    6.4E+07      1.4919E+05    
   3.95E+07     0.98599      0.00023716    3.95E+07     0.00023716    6.45E+07     1.5183E+05    
   4E+07        0.986        0.00023006    4E+07        0.00023006    6.5E+07      1.5379E+05    
   4.05E+07     0.98597      0.00022551    4.05E+07     0.00022551    6.55E+07     1.4773E+05    
   4.1E+07      0.98592      0.00022388    4.1E+07      0.00022388    6.6E+07      1.3619E+05    
   4.15E+07     0.98592      0.00021715    4.15E+07     0.00021715    6.65E+07     1.3824E+05    
   4.2E+07      0.98592      0.00021093    4.2E+07      0.00021093    6.7E+07      1.4051E+05    
   4.25E+07     0.98591      0.00020498    4.25E+07     0.00020498    6.75E+07     1.427E+05     
   4.3E+07      0.98591      0.00019929    4.3E+07      0.00019929    6.8E+07      1.3858E+05    
   4.35E+07     0.98592      0.0001944     4.35E+07     0.0001944     6.85E+07     1.3325E+05    
   4.4E+07      0.9859       0.00019118    4.4E+07      0.00019118    6.9E+07      1.3357E+05    
   4.45E+07     0.98589      0.00018643    4.45E+07     0.00018643    6.95E+07     1.3236E+05    
   4.5E+07      0.98591      0.00018278    4.5E+07      0.00018278    7E+07        1.3271E+05    
   4.55E+07     0.98587      0.00018302    4.55E+07     0.00018302    7.05E+07     1.3452E+05    
   4.6E+07      0.9859       0.00018142    4.6E+07      0.00018142    7.1E+07      1.3244E+05    
   4.65E+07     0.98591      0.00017756    4.65E+07     0.00017756    7.15E+07     1.3434E+05    
   4.7E+07      0.98596      0.00018114    4.7E+07      0.00018114    7.2E+07      1.3615E+05    
   4.75E+07     0.98592      0.00018206    4.75E+07     0.00018206    7.25E+07     1.3784E+05    
   4.8E+07      0.98585      0.00019064    4.8E+07      0.00019064    7.3E+07      1.3835E+05    
   4.85E+07     0.98588      0.00018884    4.85E+07     0.00018884    7.35E+07     1.3604E+05    
   4.9E+07      0.98584      0.00018908    4.9E+07      0.00018908    7.4E+07      1.3754E+05    
   4.95E+07     0.98585      0.00018564    4.95E+07     0.00018564    7.45E+07     1.3904E+05    
   5E+07        0.98584      0.00018217    5E+07        0.00018217    7.5E+07      1.4084E+05    
   5.05E+07     0.98582      0.00017988    5.05E+07     0.00017988    7.55E+07     1.4021E+05    
   5.1E+07      0.98586      0.00018116    5.1E+07      0.00018116    7.6E+07      1.4157E+05    
   5.15E+07     0.98585      0.00017849    5.15E+07     0.00017849    7.65E+07     1.4324E+05    
   5.2E+07      0.98585      0.00017531    5.2E+07      0.00017531    7.7E+07      1.4288E+05    
   5.25E+07     0.98587      0.00017339    5.25E+07     0.00017339    7.75E+07     1.4442E+05    
   5.3E+07      0.98588      0.00017046    5.3E+07      0.00017046    7.8E+07      1.4215E+05    
   5.35E+07     0.98589      0.00016754    5.35E+07     0.00016754    7.85E+07     1.4325E+05    
   5.4E+07      0.9859       0.00016541    5.4E+07      0.00016541    7.9E+07      1.4483E+05    
   5.45E+07     0.9859       0.00016263    5.45E+07     0.00016263    7.95E+07     1.4615E+05    
   5.5E+07      0.98591      0.00015994    5.5E+07      0.00015994    8E+07        1.4786E+05    
   5.55E+07     0.98591      0.00015735    5.55E+07     0.00015735    8.05E+07     1.493E+05     
   5.6E+07      0.98587      0.00016094    5.6E+07      0.00016094    8.1E+07      1.5005E+05    
   5.65E+07     0.98587      0.00015849    5.65E+07     0.00015849    8.15E+07     1.5175E+05    
   5.7E+07      0.98582      0.00016323    5.7E+07      0.00016323    8.2E+07      1.5337E+05    
   5.75E+07     0.98584      0.00016127    5.75E+07     0.00016127    8.25E+07     1.5451E+05    
   5.8E+07      0.98584      0.00015893    5.8E+07      0.00015893    8.3E+07      1.5624E+05    
   5.85E+07     0.98582      0.00015841    5.85E+07     0.00015841    8.35E+07     1.5789E+05    
   5.9E+07      0.98581      0.00015655    5.9E+07      0.00015655    8.4E+07      1.5965E+05    
   5.95E+07     0.9858       0.00015428    5.95E+07     0.00015428    8.45E+07     1.6098E+05    
   6E+07        0.9858       0.00015236    6E+07        0.00015236    8.5E+07      1.623E+05     
   6.05E+07     0.98582      0.0001523     6.05E+07     0.0001523     8.55E+07     1.6019E+05    
   6.1E+07      0.98581      0.00015075    6.1E+07      0.00015075    8.6E+07      1.6163E+05    
   6.15E+07     0.98582      0.00014919    6.15E+07     0.00014919    8.65E+07     1.6245E+05    
   6.2E+07      0.98583      0.00014747    6.2E+07      0.00014747    8.7E+07      1.6411E+05    
   6.25E+07     0.98581      0.000147      6.25E+07     0.000147      8.75E+07     1.6567E+05    
   6.3E+07      0.98581      0.00014506    6.3E+07      0.00014506    8.8E+07      1.6687E+05    
   6.35E+07     0.9858       0.00014346    6.35E+07     0.00014346    8.85E+07     1.6858E+05    
   6.4E+07      0.9858       0.00014163    6.4E+07      0.00014163    8.9E+07      1.6986E+05    
   6.45E+07     0.9858       0.00013984    6.45E+07     0.00013984    8.95E+07     1.7098E+05    
   6.5E+07      0.98581      0.00013841    6.5E+07      0.00013841    9E+07        1.7232E+05    
   6.55E+07     0.98584      0.00014067    6.55E+07     0.00014067    9.05E+07     1.7189E+05    
   6.6E+07      0.9858       0.00014596    6.6E+07      0.00014596    9.1E+07      1.7257E+05    
   6.65E+07     0.9858       0.00014433    6.65E+07     0.00014433    9.15E+07     1.742E+05     
   6.7E+07      0.9858       0.00014261    6.7E+07      0.00014261    9.2E+07      1.7445E+05    
   6.75E+07     0.98581      0.000141      6.75E+07     0.000141      9.25E+07     1.7546E+05    
   6.8E+07      0.98584      0.00014255    6.8E+07      0.00014255    9.3E+07      1.7353E+05    
   6.85E+07     0.98587      0.00014485    6.85E+07     0.00014485    9.35E+07     1.7502E+05    
   6.9E+07      0.98586      0.00014413    6.9E+07      0.00014413    9.4E+07      1.7597E+05    
   6.95E+07     0.98583      0.00014427    6.95E+07     0.00014427    9.45E+07     1.7747E+05    
   7E+07        0.98585      0.00014356    7E+07        0.00014356    9.5E+07      1.7806E+05    
   7.05E+07     0.98585      0.00014207    7.05E+07     0.00014207    9.55E+07     1.7944E+05    
   7.1E+07      0.98588      0.00014266    7.1E+07      0.00014266    9.6E+07      1.7997E+05    
   7.15E+07     0.98588      0.00014116    7.15E+07     0.00014116    9.65E+07     1.813E+05     
   7.2E+07      0.98587      0.00013972    7.2E+07      0.00013972    9.7E+07      1.8256E+05    
   7.25E+07     0.98587      0.00013838    7.25E+07     0.00013838    9.75E+07     1.8415E+05    
   7.3E+07      0.98585      0.00013764    7.3E+07      0.00013764    9.8E+07      1.855E+05     
   7.35E+07     0.98588      0.00013832    7.35E+07     0.00013832    9.85E+07     1.87E+05      
   7.4E+07      0.98587      0.00013709    7.4E+07      0.00013709    9.9E+07      1.8624E+05    
   7.45E+07     0.98586      0.00013589    7.45E+07     0.00013589    9.95E+07     1.8515E+05    
   7.5E+07      0.98586      0.00013456    7.5E+07      0.00013456    1E+08        1.8663E+05    
   7.55E+07     0.98585      0.0001344     7.55E+07     0.0001344     
   7.6E+07      0.98585      0.00013332    7.6E+07      0.00013332    
   7.65E+07     0.98585      0.00013209    7.65E+07     0.00013209    
   7.7E+07      0.98583      0.00013183    7.7E+07      0.00013183    
   7.75E+07     0.98584      0.0001307     7.75E+07     0.0001307     
   7.8E+07      0.98582      0.0001313     7.8E+07      0.0001313     
   7.85E+07     0.98581      0.00013037    7.85E+07     0.00013037    
   7.9E+07      0.98581      0.00012925    7.9E+07      0.00012925    
   7.95E+07     0.98582      0.00012825    7.95E+07     0.00012825    
   8E+07        0.98582      0.00012711    8E+07        0.00012711    
   8.05E+07     0.98582      0.0001261     8.05E+07     0.0001261     
   8.1E+07      0.98583      0.0001254     8.1E+07      0.0001254     
   8.15E+07     0.98583      0.0001243     8.15E+07     0.0001243     
   8.2E+07      0.98582      0.00012326    8.2E+07      0.00012326    
   8.25E+07     0.98583      0.00012243    8.25E+07     0.00012243    
   8.3E+07      0.98583      0.00012138    8.3E+07      0.00012138    
   8.35E+07     0.98583      0.00012037    8.35E+07     0.00012037    
   8.4E+07      0.98583      0.00011935    8.4E+07      0.00011935    
   8.45E+07     0.98583      0.0001185     8.45E+07     0.0001185     
   8.5E+07      0.98583      0.00011767    8.5E+07      0.00011767    
   8.55E+07     0.98581      0.00011809    8.55E+07     0.00011809    
   8.6E+07      0.9858       0.00011721    8.6E+07      0.00011721    
   8.65E+07     0.98581      0.00011658    8.65E+07     0.00011658    
   8.7E+07      0.98581      0.00011565    8.7E+07      0.00011565    
   8.75E+07     0.98582      0.00011477    8.75E+07     0.00011477    
   8.8E+07      0.98581      0.00011402    8.8E+07      0.00011402    
   8.85E+07     0.98581      0.00011312    8.85E+07     0.00011312    
   8.9E+07      0.98582      0.00011237    8.9E+07      0.00011237    
   8.95E+07     0.98582      0.00011169    8.95E+07     0.00011169    
   9E+07        0.98583      0.00011094    9E+07        0.00011094    
   9.05E+07     0.98584      0.00011078    9.05E+07     0.00011078    
   9.1E+07      0.98585      0.00011025    9.1E+07      0.00011025    
   9.15E+07     0.98585      0.00010943    9.15E+07     0.00010943    
   9.2E+07      0.98584      0.00010904    9.2E+07      0.00010904    
   9.25E+07     0.98583      0.00010843    9.25E+07     0.00010843    
   9.3E+07      0.98582      0.00010874    9.3E+07      0.00010874    
   9.35E+07     0.98581      0.00010798    9.35E+07     0.00010798    
   9.4E+07      0.98581      0.0001074     9.4E+07      0.0001074     
   9.45E+07     0.98581      0.00010667    9.45E+07     0.00010667    
   9.5E+07      0.98582      0.00010621    9.5E+07      0.00010621    
   9.55E+07     0.98581      0.00010552    9.55E+07     0.00010552    
   9.6E+07      0.9858       0.00010508    9.6E+07      0.00010508    
   9.65E+07     0.9858       0.00010443    9.65E+07     0.00010443    
   9.7E+07      0.98581      0.00010379    9.7E+07      0.00010379    
   9.75E+07     0.9858       0.00010308    9.75E+07     0.00010308    
   9.8E+07      0.9858       0.00010244    9.8E+07      0.00010244    
   9.85E+07     0.9858       0.00010176    9.85E+07     0.00010176    
   9.9E+07      0.98581      0.00010171    9.9E+07      0.00010171    
   9.95E+07     0.98583      0.00010176    9.95E+07     0.00010176    
   1E+08        0.98582      0.0001011     1E+08        0.0001011     
