# This file is written with the intent of being used to plot the data with 
# Gnuplot.  It contains no information regarding how the plot should be 
# formatted.
# =========================================================================
# Research/ArnoldivsPower -f Power2-25.dat -t 500000 -A -c 50 -C 150 -w 20 -b 75 -r  seed = 2322601980
# filename = Power2-25.dat, run = true, power = true, Arnoldi = false, storevectors = 0, raw = false, evectors = 2, evalues = 2, residual = false, arnoldimethod = implicit, tol = 2.22045e-16, verbose = 1, seed = 0, width = 20, bins = 75, acycles = 150, incycles = 50, active = 20, inactive = 0, Iterations = 10, numValues = 2, relaxed = 0, tracks = 500000, ignore_rest = false, version = false, help = false, 

#  1            2            3             4            5             6            7             8            9            
# |-            Power values           -| |-   Power eValues SD   -| |-       FOM-Power      -| |-     Power vector     -| 
#  x-coord      y-coord      error         x-coord      y-coord       x-coord      y-coord       x-coord      y-coord       
   5E+05        0.95635      0             5E+05        0             2.55E+07     0             0.13333      0.017538      
   1E+06        0.96621      0             1E+06        0             2.6E+07      14605         0.4          0.024637      
   1.5E+06      0.97106      0             1.5E+06      0             2.65E+07     28516         0.66667      0.030913      
   2E+06        0.9745       0             2E+06        0             2.7E+07      49553         0.93333      0.037158      
   2.5E+06      0.97592      0             2.5E+06      0             2.75E+07     64464         1.2          0.043027      
   3E+06        0.97928      0             3E+06        0             2.8E+07      82996         1.4667       0.048875      
   3.5E+06      0.97828      0             3.5E+06      0             2.85E+07     1.0546E+05    1.7333       0.054764      
   4E+06        0.97994      0             4E+06        0             2.9E+07      45750         2            0.060612      
   4.5E+06      0.97973      0             4.5E+06      0             2.95E+07     56293         2.2667       0.066306      
   5E+06        0.98066      0             5E+06        0             3E+07        61507         2.5333       0.07199       
   5.5E+06      0.98253      0             5.5E+06      0             3.05E+07     68702         2.8          0.077397      
   6E+06        0.98172      0             6E+06        0             3.1E+07      80113         3.0667       0.082614      
   6.5E+06      0.98473      0             6.5E+06      0             3.15E+07     86465         3.3333       0.0876        
   7E+06        0.98215      0             7E+06        0             3.2E+07      87552         3.6          0.092718      
   7.5E+06      0.98392      0             7.5E+06      0             3.25E+07     88904         3.8667       0.097877      
   8E+06        0.98426      0             8E+06        0             3.3E+07      98607         4.1333       0.10273       
   8.5E+06      0.98516      0             8.5E+06      0             3.35E+07     1.0632E+05    4.4          0.10698       
   9E+06        0.98431      0             9E+06        0             3.4E+07      98340         4.6667       0.11131       
   9.5E+06      0.98463      0             9.5E+06      0             3.45E+07     1.047E+05     4.9333       0.11591       
   1E+07        0.98461      0             1E+07        0             3.5E+07      1.1219E+05    5.2          0.11992       
   1.05E+07     0.98401      0             1.05E+07     0             3.55E+07     1.1707E+05    5.4667       0.12392       
   1.1E+07      0.98565      0             1.1E+07      0             3.6E+07      1.2614E+05    5.7333       0.12756       
   1.15E+07     0.98625      0             1.15E+07     0             3.65E+07     1.2839E+05    6            0.13149       
   1.2E+07      0.98562      0             1.2E+07      0             3.7E+07      1.3212E+05    6.2667       0.13469       
   1.25E+07     0.98625      0             1.25E+07     0             3.75E+07     1.2113E+05    6.5333       0.13796       
   1.3E+07      0.98414      0             1.3E+07      0             3.8E+07      1.1904E+05    6.8          0.14091       
   1.35E+07     0.9873       0             1.35E+07     0             3.85E+07     1.0576E+05    7.0667       0.14336       
   1.4E+07      0.98595      0             1.4E+07      0             3.9E+07      1.1209E+05    7.3333       0.14594       
   1.45E+07     0.98752      0             1.45E+07     0             3.95E+07     1.1849E+05    7.6          0.14841       
   1.5E+07      0.98696      0             1.5E+07      0             4E+07        1.2031E+05    7.8667       0.15005       
   1.55E+07     0.98597      0             1.55E+07     0             4.05E+07     1.2263E+05    8.1333       0.15189       
   1.6E+07      0.98643      0             1.6E+07      0             4.1E+07      1.1424E+05    8.4          0.1534        
   1.65E+07     0.98686      0             1.65E+07     0             4.15E+07     1.1995E+05    8.6667       0.15459       
   1.7E+07      0.98521      0             1.7E+07      0             4.2E+07      1.2394E+05    8.9333       0.15566       
   1.75E+07     0.98593      0             1.75E+07     0             4.25E+07     1.2856E+05    9.2          0.15645       
   1.8E+07      0.98509      0             1.8E+07      0             4.3E+07      1.2431E+05    9.4667       0.15703       
   1.85E+07     0.98622      0             1.85E+07     0             4.35E+07     1.2239E+05    9.7333       0.15713       
   1.9E+07      0.98586      0             1.9E+07      0             4.4E+07      1.2693E+05    10           0.15739       
   1.95E+07     0.98863      0             1.95E+07     0             4.45E+07     1.2554E+05    10.267       0.15746       
   2E+07        0.98527      0             2E+07        0             4.5E+07      1.2835E+05    10.533       0.1574        
   2.05E+07     0.98577      0             2.05E+07     0             4.55E+07     1.3264E+05    10.8         0.1565        
   2.1E+07      0.98286      0             2.1E+07      0             4.6E+07      1.3636E+05    11.067       0.15606       
   2.15E+07     0.98535      0             2.15E+07     0             4.65E+07     1.4115E+05    11.333       0.15481       
   2.2E+07      0.98906      0             2.2E+07      0             4.7E+07      1.4613E+05    11.6         0.15335       
   2.25E+07     0.98587      0             2.25E+07     0             4.75E+07     1.5011E+05    11.867       0.15197       
   2.3E+07      0.98418      0             2.3E+07      0             4.8E+07      1.5473E+05    12.133       0.15029       
   2.35E+07     0.9855       0             2.35E+07     0             4.85E+07     1.5885E+05    12.4         0.14835       
   2.4E+07      0.98633      0             2.4E+07      0             4.9E+07      1.6361E+05    12.667       0.14632       
   2.45E+07     0.98638      0             2.45E+07     0             4.95E+07     1.5783E+05    12.933       0.14414       
   2.5E+07      0.98295      0             2.5E+07      0             5E+07        1.6212E+05    13.2         0.14122       
   2.55E+07     0.98704      NAN           2.55E+07     NAN           5.05E+07     1.6263E+05    13.467       0.13868       
   2.6E+07      0.98604      0.0007133     2.6E+07      0.0007133     5.1E+07      1.6398E+05    13.733       0.13522       
   2.65E+07     0.98625      0.00050553    2.65E+07     0.00050553    5.15E+07     1.6526E+05    14           0.13191       
   2.7E+07      0.98622      0.00037983    2.7E+07      0.00037983    5.2E+07      1.6246E+05    14.267       0.1284        
   2.75E+07     0.98636      0.00032991    2.75E+07     0.00032991    5.25E+07     1.5246E+05    14.533       0.12464       
   2.8E+07      0.98627      0.00028811    2.8E+07      0.00028811    5.3E+07      1.5371E+05    14.8         0.12053       
   2.85E+07     0.98633      0.00025327    2.85E+07     0.00025327    5.35E+07     1.548E+05     15.067       0.11678       
   2.9E+07      0.986        0.00038122    2.9E+07      0.00038122    5.4E+07      1.5668E+05    15.333       0.11227       
   2.95E+07     0.98604      0.00034072    2.95E+07     0.00034072    5.45E+07     1.5868E+05    15.6         0.10781       
   3E+07        0.98593      0.00032307    3E+07        0.00032307    5.5E+07      1.5884E+05    15.867       0.10336       
   3.05E+07     0.98601      0.00030312    3.05E+07     0.00030312    5.55E+07     1.6234E+05    16.133       0.098213      
   3.1E+07      0.98599      0.00027832    3.1E+07      0.00027832    5.6E+07      1.653E+05     16.4         0.093669      
   3.15E+07     0.98606      0.00026569    3.15E+07     0.00026569    5.65E+07     1.5386E+05    16.667       0.088536      
   3.2E+07      0.98597      0.00026192    3.2E+07      0.00026192    5.7E+07      1.5428E+05    16.933       0.083461      
   3.25E+07     0.98605      0.00025786    3.25E+07     0.00025786    5.75E+07     1.5064E+05    17.2         0.078057      
   3.3E+07      0.98608      0.00024287    3.3E+07      0.00024287    5.8E+07      1.5364E+05    17.467       0.072525      
   3.35E+07     0.98612      0.00023211    3.35E+07     0.00023211    5.85E+07     1.5672E+05    17.733       0.067175      
   3.4E+07      0.98622      0.00023952    3.4E+07      0.00023952    5.9E+07      1.5113E+05    18           0.061437      
   3.45E+07     0.98618      0.00023038    3.45E+07     0.00023038    5.95E+07     1.5081E+05    18.267       0.055632      
   3.5E+07      0.98621      0.00022092    3.5E+07      0.00022092    6E+07        1.424E+05     18.533       0.0499        
   3.55E+07     0.98617      0.00021469    3.55E+07     0.00021469    6.05E+07     1.3245E+05    18.8         0.043984      
   3.6E+07      0.98618      0.00020533    3.6E+07      0.00020533    6.1E+07      1.3504E+05    19.067       0.037765      
   3.65E+07     0.98613      0.0002021     3.65E+07     0.0002021     6.15E+07     1.3723E+05    19.333       0.031677      
   3.7E+07      0.98609      0.00019784    3.7E+07      0.00019784    6.2E+07      1.3949E+05    19.6         0.02508       
   3.75E+07     0.98617      0.00020516    3.75E+07     0.00020516    6.25E+07     1.4156E+05    19.867       0.017818      
   3.8E+07      0.98611      0.00020541    3.8E+07      0.00020541    6.3E+07      1.4222E+05    
   3.85E+07     0.9862       0.00021644    3.85E+07     0.00021644    6.35E+07     1.4407E+05    
   3.9E+07      0.98619      0.00020886    3.9E+07      0.00020886    6.4E+07      1.4647E+05    
   3.95E+07     0.9862       0.00020182    3.95E+07     0.00020182    6.45E+07     1.4904E+05    
   4E+07        0.98616      0.00019897    4E+07        0.00019897    6.5E+07      1.5157E+05    
   4.05E+07     0.98612      0.00019584    4.05E+07     0.00019584    6.55E+07     1.5354E+05    
   4.1E+07      0.98605      0.00020166    4.1E+07      0.00020166    6.6E+07      1.5587E+05    
   4.15E+07     0.98606      0.00019557    4.15E+07     0.00019557    6.65E+07     1.5777E+05    
   4.2E+07      0.98603      0.00019122    4.2E+07      0.00019122    6.7E+07      1.601E+05     
   4.25E+07     0.98605      0.0001866     4.25E+07     0.0001866     6.75E+07     1.6166E+05    
   4.3E+07      0.986        0.00018862    4.3E+07      0.00018862    6.8E+07      1.6411E+05    
   4.35E+07     0.98604      0.00018897    4.35E+07     0.00018897    6.85E+07     1.6203E+05    
   4.4E+07      0.98603      0.00018446    4.4E+07      0.00018446    6.9E+07      1.6186E+05    
   4.45E+07     0.98599      0.00018443    4.45E+07     0.00018443    6.95E+07     1.6431E+05    
   4.5E+07      0.98601      0.00018139    4.5E+07      0.00018139    7E+07        1.6571E+05    
   4.55E+07     0.98603      0.00017743    4.55E+07     0.00017743    7.05E+07     1.6763E+05    
   4.6E+07      0.98601      0.00017401    4.6E+07      0.00017401    7.1E+07      1.7012E+05    
   4.65E+07     0.98602      0.00017012    4.65E+07     0.00017012    7.15E+07     1.715E+05     
   4.7E+07      0.98602      0.00016626    4.7E+07      0.00016626    7.2E+07      1.7379E+05    
   4.75E+07     0.98603      0.00016313    4.75E+07     0.00016313    7.25E+07     1.7491E+05    
   4.8E+07      0.98602      0.00015978    4.8E+07      0.00015978    7.3E+07      1.6382E+05    
   4.85E+07     0.98601      0.00015686    4.85E+07     0.00015686    7.35E+07     1.6609E+05    
   4.9E+07      0.98602      0.00015376    4.9E+07      0.00015376    7.4E+07      1.6832E+05    
   4.95E+07     0.98598      0.00015574    4.95E+07     0.00015574    7.45E+07     1.6677E+05    
   5E+07        0.98597      0.00015289    5E+07        0.00015289    7.5E+07      1.6662E+05    
   5.05E+07     0.98595      0.00015188    5.05E+07     0.00015188    7.55E+07     1.6727E+05    
   5.1E+07      0.98592      0.0001505     5.1E+07      0.0001505     7.6E+07      1.6817E+05    
   5.15E+07     0.98595      0.00014917    5.15E+07     0.00014917    7.65E+07     1.6437E+05    
   5.2E+07      0.98591      0.00014972    5.2E+07      0.00014972    7.7E+07      1.6645E+05    
   5.25E+07     0.98587      0.00015381    5.25E+07     0.00015381    7.75E+07     1.6785E+05    
   5.3E+07      0.98585      0.00015244    5.3E+07      0.00015244    7.8E+07      1.6902E+05    
   5.35E+07     0.98587      0.00015118    5.35E+07     0.00015118    7.85E+07     1.7111E+05    
   5.4E+07      0.98585      0.00014957    5.4E+07      0.00014957    7.9E+07      1.7321E+05    
   5.45E+07     0.98583      0.0001479     5.45E+07     0.0001479     7.95E+07     1.7188E+05    
   5.5E+07      0.98581      0.00014715    5.5E+07      0.00014715    8E+07        1.6771E+05    
   5.55E+07     0.98582      0.00014489    5.55E+07     0.00014489    8.05E+07     1.671E+05     
   5.6E+07      0.98583      0.00014293    5.6E+07      0.00014293    8.1E+07      1.6907E+05    
   5.65E+07     0.98587      0.00014748    5.65E+07     0.00014748    8.15E+07     1.7005E+05    
   5.7E+07      0.98585      0.00014662    5.7E+07      0.00014662    8.2E+07      1.7197E+05    
   5.75E+07     0.98582      0.00014773    5.75E+07     0.00014773    8.25E+07     1.7304E+05    
   5.8E+07      0.98581      0.00014564    5.8E+07      0.00014564    8.3E+07      1.7402E+05    
   5.85E+07     0.98582      0.00014356    5.85E+07     0.00014356    8.35E+07     1.737E+05     
   5.9E+07      0.98585      0.00014556    5.9E+07      0.00014556    8.4E+07      1.7317E+05    
   5.95E+07     0.98583      0.0001451     5.95E+07     0.0001451     8.45E+07     1.6949E+05    
   6E+07        0.98579      0.00014868    6E+07        0.00014868    8.5E+07      1.7111E+05    
   6.05E+07     0.98575      0.00015351    6.05E+07     0.00015351    8.55E+07     1.7224E+05    
   6.1E+07      0.98575      0.00015139    6.1E+07      0.00015139    8.6E+07      1.7105E+05    
   6.15E+07     0.98574      0.00014955    6.15E+07     0.00014955    8.65E+07     1.7076E+05    
   6.2E+07      0.98573      0.00014774    6.2E+07      0.00014774    8.7E+07      1.6775E+05    
   6.25E+07     0.98572      0.00014606    6.25E+07     0.00014606    8.75E+07     1.6703E+05    
   6.3E+07      0.98574      0.00014513    6.3E+07      0.00014513    8.8E+07      1.6834E+05    
   6.35E+07     0.98575      0.00014362    6.35E+07     0.00014362    8.85E+07     1.7003E+05    
   6.4E+07      0.98575      0.00014188    6.4E+07      0.00014188    8.9E+07      1.7172E+05    
   6.45E+07     0.98575      0.00014009    6.45E+07     0.00014009    8.95E+07     1.7303E+05    
   6.5E+07      0.98576      0.00013838    6.5E+07      0.00013838    9E+07        1.7419E+05    
   6.55E+07     0.98575      0.00013695    6.55E+07     0.00013695    9.05E+07     1.7394E+05    
   6.6E+07      0.98574      0.0001354     6.6E+07      0.0001354     9.1E+07      1.7464E+05    
   6.65E+07     0.98573      0.00013407    6.65E+07     0.00013407    9.15E+07     1.7602E+05    
   6.7E+07      0.98574      0.00013259    6.7E+07      0.00013259    9.2E+07      1.7761E+05    
   6.75E+07     0.98575      0.00013146    6.75E+07     0.00013146    9.25E+07     1.7807E+05    
   6.8E+07      0.98575      0.00012999    6.8E+07      0.00012999    9.3E+07      1.7942E+05    
   6.85E+07     0.98572      0.00013034    6.85E+07     0.00013034    9.35E+07     1.8104E+05    
   6.9E+07      0.98574      0.00012992    6.9E+07      0.00012992    9.4E+07      1.826E+05     
   6.95E+07     0.98574      0.00012849    6.95E+07     0.00012849    9.45E+07     1.8196E+05    
   7E+07        0.98575      0.00012748    7E+07        0.00012748    9.5E+07      1.8161E+05    
   7.05E+07     0.98574      0.00012629    7.05E+07     0.00012629    9.55E+07     1.763E+05     
   7.1E+07      0.98574      0.00012492    7.1E+07      0.00012492    9.6E+07      1.7774E+05    
   7.15E+07     0.98573      0.00012398    7.15E+07     0.00012398    9.65E+07     1.793E+05     
   7.2E+07      0.98573      0.00012272    7.2E+07      0.00012272    9.7E+07      1.8069E+05    
   7.25E+07     0.98574      0.0001219     7.25E+07     0.0001219     9.75E+07     1.822E+05     
   7.3E+07      0.98577      0.00012552    7.3E+07      0.00012552    9.8E+07      1.8344E+05    
   7.35E+07     0.98577      0.00012423    7.35E+07     0.00012423    9.85E+07     1.827E+05     
   7.4E+07      0.98577      0.00012299    7.4E+07      0.00012299    9.9E+07      1.8281E+05    
   7.45E+07     0.98576      0.00012313    7.45E+07     0.00012313    9.95E+07     1.8415E+05    
   7.5E+07      0.98574      0.00012277    7.5E+07      0.00012277    1E+08        1.8303E+05    
   7.55E+07     0.98575      0.00012212    7.55E+07     0.00012212    
   7.6E+07      0.98576      0.00012138    7.6E+07      0.00012138    
   7.65E+07     0.98574      0.00012238    7.65E+07     0.00012238    
   7.7E+07      0.98574      0.00012121    7.7E+07      0.00012121    
   7.75E+07     0.98575      0.00012031    7.75E+07     0.00012031    
   7.8E+07      0.98576      0.00011951    7.8E+07      0.00011951    
   7.85E+07     0.98576      0.00011839    7.85E+07     0.00011839    
   7.9E+07      0.98576      0.00011729    7.9E+07      0.00011729    
   7.95E+07     0.98577      0.00011738    7.95E+07     0.00011738    
   8E+07        0.9858       0.00011845    8E+07        0.00011845    
   8.05E+07     0.98578      0.00011829    8.05E+07     0.00011829    
   8.1E+07      0.98578      0.00011723    8.1E+07      0.00011723    
   8.15E+07     0.98579      0.00011652    8.15E+07     0.00011652    
   8.2E+07      0.98579      0.0001155     8.2E+07      0.0001155     
   8.25E+07     0.98578      0.00011479    8.25E+07     0.00011479    
   8.3E+07      0.98577      0.00011412    8.3E+07      0.00011412    
   8.35E+07     0.98579      0.00011387    8.35E+07     0.00011387    
   8.4E+07      0.9858       0.0001137     8.4E+07      0.0001137     
   8.45E+07     0.98582      0.00011459    8.45E+07     0.00011459    
   8.5E+07      0.98582      0.00011371    8.5E+07      0.00011371    
   8.55E+07     0.98582      0.000113      8.55E+07     0.000113      
   8.6E+07      0.98583      0.00011307    8.6E+07      0.00011307    
   8.65E+07     0.98584      0.00011282    8.65E+07     0.00011282    
   8.7E+07      0.98586      0.0001135     8.7E+07      0.0001135     
   8.75E+07     0.98588      0.00011342    8.75E+07     0.00011342    
   8.8E+07      0.98587      0.00011265    8.8E+07      0.00011265    
   8.85E+07     0.98587      0.00011176    8.85E+07     0.00011176    
   8.9E+07      0.98587      0.00011089    8.9E+07      0.00011089    
   8.95E+07     0.98588      0.00011016    8.95E+07     0.00011016    
   9E+07        0.98588      0.00010949    9E+07        0.00010949    
   9.05E+07     0.98587      0.00010926    9.05E+07     0.00010926    
   9.1E+07      0.98588      0.00010873    9.1E+07      0.00010873    
   9.15E+07     0.98588      0.00010802    9.15E+07     0.00010802    
   9.2E+07      0.98589      0.00010723    9.2E+07      0.00010723    
   9.25E+07     0.9859       0.00010679    9.25E+07     0.00010679    
   9.3E+07      0.98589      0.0001061     9.3E+07      0.0001061     
   9.35E+07     0.98589      0.00010534    9.35E+07     0.00010534    
   9.4E+07      0.98589      0.0001046     9.4E+07      0.0001046     
   9.45E+07     0.98591      0.00010451    9.45E+07     0.00010451    
   9.5E+07      0.98592      0.00010432    9.5E+07      0.00010432    
   9.55E+07     0.98594      0.0001056     9.55E+07     0.0001056     
   9.6E+07      0.98593      0.0001049     9.6E+07      0.0001049     
   9.65E+07     0.98594      0.00010417    9.65E+07     0.00010417    
   9.7E+07      0.98593      0.0001035     9.7E+07      0.0001035     
   9.75E+07     0.98593      0.0001028     9.75E+07     0.0001028     
   9.8E+07      0.98593      0.00010219    9.8E+07      0.00010219    
   9.85E+07     0.98591      0.00010214    9.85E+07     0.00010214    
   9.9E+07      0.9859       0.00010185    9.9E+07      0.00010185    
   9.95E+07     0.9859       0.00010121    9.95E+07     0.00010121    
   1E+08        0.98591      0.00010127    1E+08        0.00010127    
