# This file is written with the intent of being used to plot the data with 
# Gnuplot.  It contains no information regarding how the plot should be 
# formatted.
# =========================================================================
# Research/ArnoldivsPower -f Power2-72.dat -t 500000 -A -c 50 -C 150 -w 20 -b 75 -r  seed = 3190977769
# filename = Power2-72.dat, run = true, power = true, Arnoldi = false, storevectors = 0, raw = false, evectors = 2, evalues = 2, residual = false, arnoldimethod = implicit, tol = 2.22045e-16, verbose = 1, seed = 0, width = 20, bins = 75, acycles = 150, incycles = 50, active = 20, inactive = 0, Iterations = 10, numValues = 2, relaxed = 0, tracks = 500000, ignore_rest = false, version = false, help = false, 

#  1            2            3             4            5             6            7             8            9            
# |-            Power values           -| |-   Power eValues SD   -| |-       FOM-Power      -| |-     Power vector     -| 
#  x-coord      y-coord      error         x-coord      y-coord       x-coord      y-coord       x-coord      y-coord       
   5E+05        0.95739      0             5E+05        0             2.55E+07     0             0.13333      0.017908      
   1E+06        0.96693      0             1E+06        0             2.6E+07      4.1089E+05    0.4          0.024909      
   1.5E+06      0.97222      0             1.5E+06      0             2.65E+07     78714         0.66667      0.03147       
   2E+06        0.97437      0             2E+06        0             2.7E+07      1.1296E+05    0.93333      0.037965      
   2.5E+06      0.97709      0             2.5E+06      0             2.75E+07     1.5358E+05    1.2          0.043949      
   3E+06        0.97748      0             3E+06        0             2.8E+07      29863         1.4667       0.049763      
   3.5E+06      0.97904      0             3.5E+06      0             2.85E+07     23842         1.7333       0.055798      
   4E+06        0.98037      0             4E+06        0             2.9E+07      30321         2            0.061425      
   4.5E+06      0.98089      0             4.5E+06      0             2.95E+07     32547         2.2667       0.066874      
   5E+06        0.98217      0             5E+06        0             3E+07        38239         2.5333       0.072578      
   5.5E+06      0.98307      0             5.5E+06      0             3.05E+07     43407         2.8          0.078079      
   6E+06        0.98249      0             6E+06        0             3.1E+07      43826         3.0667       0.08337       
   6.5E+06      0.98467      0             6.5E+06      0             3.15E+07     49780         3.3333       0.088409      
   7E+06        0.98344      0             7E+06        0             3.2E+07      42028         3.6          0.093496      
   7.5E+06      0.98303      0             7.5E+06      0             3.25E+07     45760         3.8667       0.098069      
   8E+06        0.98449      0             8E+06        0             3.3E+07      48906         4.1333       0.10309       
   8.5E+06      0.98479      0             8.5E+06      0             3.35E+07     50293         4.4          0.10767       
   9E+06        0.98539      0             9E+06        0             3.4E+07      54340         4.6667       0.11198       
   9.5E+06      0.98273      0             9.5E+06      0             3.45E+07     58732         4.9333       0.11593       
   1E+07        0.98389      0             1E+07        0             3.5E+07      63394         5.2          0.12039       
   1.05E+07     0.98387      0             1.05E+07     0             3.55E+07     68755         5.4667       0.12409       
   1.1E+07      0.98383      0             1.1E+07      0             3.6E+07      72567         5.7333       0.12775       
   1.15E+07     0.98411      0             1.15E+07     0             3.65E+07     65990         6            0.13136       
   1.2E+07      0.98597      0             1.2E+07      0             3.7E+07      69816         6.2667       0.13455       
   1.25E+07     0.98702      0             1.25E+07     0             3.75E+07     74300         6.5333       0.13777       
   1.3E+07      0.98535      0             1.3E+07      0             3.8E+07      77852         6.8          0.14074       
   1.35E+07     0.98479      0             1.35E+07     0             3.85E+07     81261         7.0667       0.14338       
   1.4E+07      0.9841       0             1.4E+07      0             3.9E+07      84593         7.3333       0.14621       
   1.45E+07     0.98703      0             1.45E+07     0             3.95E+07     87203         7.6          0.14845       
   1.5E+07      0.98508      0             1.5E+07      0             4E+07        91781         7.8667       0.15044       
   1.55E+07     0.98597      0             1.55E+07     0             4.05E+07     79903         8.1333       0.1521        
   1.6E+07      0.98604      0             1.6E+07      0             4.1E+07      79693         8.4          0.15367       
   1.65E+07     0.98496      0             1.65E+07     0             4.15E+07     77255         8.6667       0.15484       
   1.7E+07      0.98476      0             1.7E+07      0             4.2E+07      80731         8.9333       0.15563       
   1.75E+07     0.98681      0             1.75E+07     0             4.25E+07     82748         9.2          0.15672       
   1.8E+07      0.98473      0             1.8E+07      0             4.3E+07      84740         9.4667       0.15736       
   1.85E+07     0.98524      0             1.85E+07     0             4.35E+07     88456         9.7333       0.15785       
   1.9E+07      0.98662      0             1.9E+07      0             4.4E+07      92201         10           0.15732       
   1.95E+07     0.98559      0             1.95E+07     0             4.45E+07     92086         10.267       0.15735       
   2E+07        0.98521      0             2E+07        0             4.5E+07      95544         10.533       0.15684       
   2.05E+07     0.9849       0             2.05E+07     0             4.55E+07     98776         10.8         0.15685       
   2.1E+07      0.9845       0             2.1E+07      0             4.6E+07      1.0236E+05    11.067       0.15586       
   2.15E+07     0.9869       0             2.15E+07     0             4.65E+07     1.0397E+05    11.333       0.15486       
   2.2E+07      0.98523      0             2.2E+07      0             4.7E+07      1.0619E+05    11.6         0.15374       
   2.25E+07     0.98583      0             2.25E+07     0             4.75E+07     1.0732E+05    11.867       0.15171       
   2.3E+07      0.98538      0             2.3E+07      0             4.8E+07      1.0924E+05    12.133       0.14987       
   2.35E+07     0.98291      0             2.35E+07     0             4.85E+07     1.1001E+05    12.4         0.14771       
   2.4E+07      0.98482      0             2.4E+07      0             4.9E+07      1.0728E+05    12.667       0.14548       
   2.45E+07     0.98553      0             2.45E+07     0             4.95E+07     1.106E+05     12.933       0.14342       
   2.5E+07      0.98847      0             2.5E+07      0             5E+07        1.1386E+05    13.2         0.14068       
   2.55E+07     0.98715      5.8064E-09    2.55E+07     5.8064E-09    5.05E+07     1.1626E+05    13.467       0.138         
   2.6E+07      0.98734      0.00013402    2.6E+07      0.00013402    5.1E+07      1.1902E+05    13.733       0.13486       
   2.65E+07     0.98698      0.00030322    2.65E+07     0.00030322    5.15E+07     1.2241E+05    14           0.13177       
   2.7E+07      0.98711      0.00025072    2.7E+07      0.00025072    5.2E+07      1.2406E+05    14.267       0.12797       
   2.75E+07     0.98703      0.00021299    2.75E+07     0.00021299    5.25E+07     1.2739E+05    14.533       0.12419       
   2.8E+07      0.98654      0.00047861    2.8E+07      0.00047861    5.3E+07      1.2384E+05    14.8         0.12051       
   2.85E+07     0.98618      0.00053096    2.85E+07     0.00053096    5.35E+07     1.2586E+05    15.067       0.11637       
   2.9E+07      0.98613      0.00046671    2.9E+07      0.00046671    5.4E+07      1.2882E+05    15.333       0.11196       
   2.95E+07     0.9863       0.00044658    2.95E+07     0.00044658    5.45E+07     1.2892E+05    15.6         0.10749       
   3E+07        0.98623      0.00040851    3E+07        0.00040851    5.5E+07      1.2482E+05    15.867       0.10287       
   3.05E+07     0.98631      0.00038018    3.05E+07     0.00038018    5.55E+07     1.2773E+05    16.133       0.098194      
   3.1E+07      0.98617      0.00037516    3.1E+07      0.00037516    5.6E+07      1.3E+05       16.4         0.093026      
   3.15E+07     0.98612      0.0003492     3.15E+07     0.0003492     5.65E+07     1.3262E+05    16.667       0.088199      
   3.2E+07      0.98592      0.00037699    3.2E+07      0.00037699    5.7E+07      1.3109E+05    16.933       0.08314       
   3.25E+07     0.98585      0.00035844    3.25E+07     0.00035844    5.75E+07     1.3233E+05    17.2         0.077584      
   3.3E+07      0.98593      0.00034401    3.3E+07      0.00034401    5.8E+07      1.3325E+05    17.467       0.072572      
   3.35E+07     0.98583      0.00033667    3.35E+07     0.00033667    5.85E+07     1.3547E+05    17.733       0.066616      
   3.4E+07      0.98578      0.00032133    3.4E+07      0.00032133    5.9E+07      1.3698E+05    18           0.061368      
   3.45E+07     0.98582      0.00030683    3.45E+07     0.00030683    5.95E+07     1.3982E+05    18.267       0.055367      
   3.5E+07      0.98585      0.00029312    3.5E+07      0.00029312    6E+07        1.4264E+05    18.533       0.049592      
   3.55E+07     0.98587      0.00027938    3.55E+07     0.00027938    6.05E+07     1.4533E+05    18.8         0.043589      
   3.6E+07      0.98582      0.00027004    3.6E+07      0.00027004    6.1E+07      1.4791E+05    19.067       0.037531      
   3.65E+07     0.98571      0.00028118    3.65E+07     0.00028118    6.15E+07     1.4909E+05    19.333       0.031069      
   3.7E+07      0.98574      0.00027148    3.7E+07      0.00027148    6.2E+07      1.5186E+05    19.6         0.024606      
   3.75E+07     0.98572      0.00026134    3.75E+07     0.00026134    6.25E+07     1.5444E+05    19.867       0.017589      
   3.8E+07      0.98576      0.00025363    3.8E+07      0.00025363    6.3E+07      1.5329E+05    
   3.85E+07     0.98579      0.00024656    3.85E+07     0.00024656    6.35E+07     1.4763E+05    
   3.9E+07      0.98583      0.00024008    3.9E+07      0.00024008    6.4E+07      1.4973E+05    
   3.95E+07     0.98579      0.00023494    3.95E+07     0.00023494    6.45E+07     1.492E+05     
   4E+07        0.9858       0.00022753    4E+07        0.00022753    6.5E+07      1.5164E+05    
   4.05E+07     0.9859       0.00024235    4.05E+07     0.00024235    6.55E+07     1.5403E+05    
   4.1E+07      0.98596      0.00024115    4.1E+07      0.00024115    6.6E+07      1.5662E+05    
   4.15E+07     0.98603      0.00024342    4.15E+07     0.00024342    6.65E+07     1.5914E+05    
   4.2E+07      0.98601      0.00023669    4.2E+07      0.00023669    6.7E+07      1.5884E+05    
   4.25E+07     0.98598      0.00023241    4.25E+07     0.00023241    6.75E+07     1.5815E+05    
   4.3E+07      0.98595      0.00022827    4.3E+07      0.00022827    6.8E+07      1.6066E+05    
   4.35E+07     0.98595      0.00022214    4.35E+07     0.00022214    6.85E+07     1.6283E+05    
   4.4E+07      0.98595      0.00021632    4.4E+07      0.00021632    6.9E+07      1.6532E+05    
   4.45E+07     0.98599      0.00021519    4.45E+07     0.00021519    6.95E+07     1.6502E+05    
   4.5E+07      0.98598      0.00021006    4.5E+07      0.00021006    7E+07        1.6745E+05    
   4.55E+07     0.98597      0.00020542    4.55E+07     0.00020542    7.05E+07     1.6992E+05    
   4.6E+07      0.98597      0.00020067    4.6E+07      0.00020067    7.1E+07      1.7132E+05    
   4.65E+07     0.986        0.000198      4.65E+07     0.000198      7.15E+07     1.7124E+05    
   4.7E+07      0.98598      0.00019483    4.7E+07      0.00019483    7.2E+07      1.6683E+05    
   4.75E+07     0.98595      0.00019278    4.75E+07     0.00019278    7.25E+07     1.6885E+05    
   4.8E+07      0.98593      0.00019006    4.8E+07      0.00019006    7.3E+07      1.7085E+05    
   4.85E+07     0.9859       0.0001884     4.85E+07     0.0001884     7.35E+07     1.7297E+05    
   4.9E+07      0.98594      0.00018979    4.9E+07      0.00018979    7.4E+07      1.7423E+05    
   4.95E+07     0.98594      0.00018595    4.95E+07     0.00018595    7.45E+07     1.7637E+05    
   5E+07        0.98593      0.00018232    5E+07        0.00018232    7.5E+07      1.7841E+05    
   5.05E+07     0.98595      0.00017954    5.05E+07     0.00017954    7.55E+07     1.8062E+05    
   5.1E+07      0.98594      0.00017658    5.1E+07      0.00017658    7.6E+07      1.7578E+05    
   5.15E+07     0.98593      0.00017325    5.15E+07     0.00017325    7.65E+07     1.7805E+05    
   5.2E+07      0.98591      0.00017124    5.2E+07      0.00017124    7.7E+07      1.7886E+05    
   5.25E+07     0.98591      0.00016815    5.25E+07     0.00016815    7.75E+07     1.7532E+05    
   5.3E+07      0.98587      0.00016971    5.3E+07      0.00016971    7.8E+07      1.7753E+05    
   5.35E+07     0.98586      0.00016754    5.35E+07     0.00016754    7.85E+07     1.767E+05     
   5.4E+07      0.98586      0.00016483    5.4E+07      0.00016483    7.9E+07      1.7887E+05    
   5.45E+07     0.98589      0.00016398    5.45E+07     0.00016398    7.95E+07     1.7981E+05    
   5.5E+07      0.98593      0.00016587    5.5E+07      0.00016587    8E+07        1.8129E+05    
   5.55E+07     0.98592      0.00016324    5.55E+07     0.00016324    8.05E+07     1.8328E+05    
   5.6E+07      0.98593      0.00016106    5.6E+07      0.00016106    8.1E+07      1.8543E+05    
   5.65E+07     0.98594      0.00015875    5.65E+07     0.00015875    8.15E+07     1.7768E+05    
   5.7E+07      0.98597      0.00015894    5.7E+07      0.00015894    8.2E+07      1.7963E+05    
   5.75E+07     0.98595      0.0001575     5.75E+07     0.0001575     8.25E+07     1.8162E+05    
   5.8E+07      0.98597      0.00015627    5.8E+07      0.00015627    8.3E+07      1.833E+05     
   5.85E+07     0.98596      0.0001543     5.85E+07     0.0001543     8.35E+07     1.7682E+05    
   5.9E+07      0.98598      0.0001528     5.9E+07      0.0001528     8.4E+07      1.7453E+05    
   5.95E+07     0.98598      0.0001506     5.95E+07     0.0001506     8.45E+07     1.7634E+05    
   6E+07        0.98597      0.00014847    6E+07        0.00014847    8.5E+07      1.7801E+05    
   6.05E+07     0.98598      0.00014648    6.05E+07     0.00014648    8.55E+07     1.7668E+05    
   6.1E+07      0.98599      0.0001446     6.1E+07      0.0001446     8.6E+07      1.7693E+05    
   6.15E+07     0.986        0.00014341    6.15E+07     0.00014341    8.65E+07     1.7877E+05    
   6.2E+07      0.986        0.00014153    6.2E+07      0.00014153    8.7E+07      1.7827E+05    
   6.25E+07     0.98599      0.00013977    6.25E+07     0.00013977    8.75E+07     1.7803E+05    
   6.3E+07      0.98601      0.0001397     6.3E+07      0.0001397     8.8E+07      1.7776E+05    
   6.35E+07     0.98598      0.0001418     6.35E+07     0.0001418     8.85E+07     1.7815E+05    
   6.4E+07      0.98599      0.00014024    6.4E+07      0.00014024    8.9E+07      1.7652E+05    
   6.45E+07     0.98601      0.00013994    6.45E+07     0.00013994    8.95E+07     1.7814E+05    
   6.5E+07      0.986        0.00013827    6.5E+07      0.00013827    9E+07        1.7943E+05    
   6.55E+07     0.986        0.00013666    6.55E+07     0.00013666    9.05E+07     1.8008E+05    
   6.6E+07      0.986        0.000135      6.6E+07      0.000135      9.1E+07      1.8015E+05    
   6.65E+07     0.98599      0.00013342    6.65E+07     0.00013342    9.15E+07     1.8075E+05    
   6.7E+07      0.98601      0.00013305    6.7E+07      0.00013305    9.2E+07      1.8096E+05    
   6.75E+07     0.98599      0.00013283    6.75E+07     0.00013283    9.25E+07     1.8252E+05    
   6.8E+07      0.98599      0.00013131    6.8E+07      0.00013131    9.3E+07      1.8361E+05    
   6.85E+07     0.986        0.00012995    6.85E+07     0.00012995    9.35E+07     1.8526E+05    
   6.9E+07      0.986        0.00012848    6.9E+07      0.00012848    9.4E+07      1.8186E+05    
   6.95E+07     0.98598      0.00012813    6.95E+07     0.00012813    9.45E+07     1.8305E+05    
   7E+07        0.98598      0.00012674    7E+07        0.00012674    9.5E+07      1.8375E+05    
   7.05E+07     0.98598      0.00012536    7.05E+07     0.00012536    9.55E+07     1.8378E+05    
   7.1E+07      0.98599      0.0001244     7.1E+07      0.0001244     9.6E+07      1.8516E+05    
   7.15E+07     0.98597      0.00012399    7.15E+07     0.00012399    9.65E+07     1.8634E+05    
   7.2E+07      0.98595      0.00012517    7.2E+07      0.00012517    9.7E+07      1.8796E+05    
   7.25E+07     0.98595      0.00012399    7.25E+07     0.00012399    9.75E+07     1.8899E+05    
   7.3E+07      0.98596      0.00012283    7.3E+07      0.00012283    9.8E+07      1.9059E+05    
   7.35E+07     0.98595      0.00012166    7.35E+07     0.00012166    9.85E+07     1.917E+05     
   7.4E+07      0.98594      0.00012081    7.4E+07      0.00012081    9.9E+07      1.9014E+05    
   7.45E+07     0.98595      0.00011965    7.45E+07     0.00011965    9.95E+07     1.8356E+05    
   7.5E+07      0.98595      0.00011858    7.5E+07      0.00011858    1E+08        1.8505E+05    
   7.55E+07     0.98596      0.00011746    7.55E+07     0.00011746    
   7.6E+07      0.98598      0.00011866    7.6E+07      0.00011866    
   7.65E+07     0.98598      0.00011752    7.65E+07     0.00011752    
   7.7E+07      0.98599      0.00011686    7.7E+07      0.00011686    
   7.75E+07     0.98601      0.00011764    7.75E+07     0.00011764    
   7.8E+07      0.98601      0.00011653    7.8E+07      0.00011653    
   7.85E+07     0.98603      0.00011643    7.85E+07     0.00011643    
   7.9E+07      0.98603      0.00011536    7.9E+07      0.00011536    
   7.95E+07     0.98603      0.00011469    7.95E+07     0.00011469    
   8E+07        0.98603      0.00011385    8E+07        0.00011385    
   8.05E+07     0.98602      0.00011287    8.05E+07     0.00011287    
   8.1E+07      0.98603      0.00011187    8.1E+07      0.00011187    
   8.15E+07     0.986        0.00011394    8.15E+07     0.00011394    
   8.2E+07      0.986        0.00011296    8.2E+07      0.00011296    
   8.25E+07     0.986        0.000112      8.25E+07     0.000112      
   8.3E+07      0.98599      0.00011115    8.3E+07      0.00011115    
   8.35E+07     0.98597      0.00011283    8.35E+07     0.00011283    
   8.4E+07      0.98598      0.00011323    8.4E+07      0.00011323    
   8.45E+07     0.98599      0.00011231    8.45E+07     0.00011231    
   8.5E+07      0.98598      0.00011145    8.5E+07      0.00011145    
   8.55E+07     0.986        0.00011154    8.55E+07     0.00011154    
   8.6E+07      0.98601      0.00011113    8.6E+07      0.00011113    
   8.65E+07     0.98601      0.00011023    8.65E+07     0.00011023    
   8.7E+07      0.98602      0.00011007    8.7E+07      0.00011007    
   8.75E+07     0.98601      0.00010983    8.75E+07     0.00010983    
   8.8E+07      0.986        0.0001096     8.8E+07      0.0001096     
   8.85E+07     0.98601      0.00010917    8.85E+07     0.00010917    
   8.9E+07      0.98599      0.00010936    8.9E+07      0.00010936    
   8.95E+07     0.98599      0.00010855    8.95E+07     0.00010855    
   9E+07        0.986        0.00010786    9E+07        0.00010786    
   9.05E+07     0.98599      0.00010736    9.05E+07     0.00010736    
   9.1E+07      0.986        0.00010704    9.1E+07      0.00010704    
   9.15E+07     0.98599      0.00010656    9.15E+07     0.00010656    
   9.2E+07      0.98598      0.0001062     9.2E+07      0.0001062     
   9.25E+07     0.98598      0.00010545    9.25E+07     0.00010545    
   9.3E+07      0.98599      0.00010485    9.3E+07      0.00010485    
   9.35E+07     0.98599      0.0001041     9.35E+07     0.0001041     
   9.4E+07      0.986        0.0001048     9.4E+07      0.0001048     
   9.45E+07     0.986        0.00010418    9.45E+07     0.00010418    
   9.5E+07      0.98601      0.0001037     9.5E+07      0.0001037     
   9.55E+07     0.986        0.00010342    9.55E+07     0.00010342    
   9.6E+07      0.986        0.00010277    9.6E+07      0.00010277    
   9.65E+07     0.98601      0.00010216    9.65E+07     0.00010216    
   9.7E+07      0.986        0.00010146    9.7E+07      0.00010146    
   9.75E+07     0.986        0.00010092    9.75E+07     0.00010092    
   9.8E+07      0.986        0.00010023    9.8E+07      0.00010023    
   9.85E+07     0.986        9.9685E-05    9.85E+07     9.9685E-05    
   9.9E+07      0.98599      9.9835E-05    9.9E+07      9.9835E-05    
   9.95E+07     0.98601      0.00010135    9.95E+07     0.00010135    
   1E+08        0.98601      0.00010068    1E+08        0.00010068    
