# This file is written with the intent of being used to plot the data with 
# Gnuplot.  It contains no information regarding how the plot should be 
# formatted.
# =========================================================================
# Research/ArnoldivsPower -f Power2-95.dat -t 500000 -A -c 50 -C 150 -w 20 -b 75 -r  seed = 3729147690
# filename = Power2-95.dat, run = true, power = true, Arnoldi = false, storevectors = 0, raw = false, evectors = 2, evalues = 2, residual = false, arnoldimethod = implicit, tol = 2.22045e-16, verbose = 1, seed = 0, width = 20, bins = 75, acycles = 150, incycles = 50, active = 20, inactive = 0, Iterations = 10, numValues = 2, relaxed = 0, tracks = 500000, ignore_rest = false, version = false, help = false, 

#  1            2            3             4            5             6            7             8            9            
# |-            Power values           -| |-   Power eValues SD   -| |-       FOM-Power      -| |-     Power vector     -| 
#  x-coord      y-coord      error         x-coord      y-coord       x-coord      y-coord       x-coord      y-coord       
   5E+05        0.9571       0             5E+05        0             2.55E+07     0             0.13333      0.017481      
   1E+06        0.96576      0             1E+06        0             2.6E+07      44942         0.4          0.024793      
   1.5E+06      0.97339      0             1.5E+06      0             2.65E+07     97401         0.66667      0.031173      
   2E+06        0.97375      0             2E+06        0             2.7E+07      43515         0.93333      0.037255      
   2.5E+06      0.97789      0             2.5E+06      0             2.75E+07     45276         1.2          0.043252      
   3E+06        0.98071      0             3E+06        0             2.8E+07      61028         1.4667       0.04931       
   3.5E+06      0.9784       0             3.5E+06      0             2.85E+07     81367         1.7333       0.055184      
   4E+06        0.98216      0             4E+06        0             2.9E+07      1.0403E+05    2            0.060835      
   4.5E+06      0.9826       0             4.5E+06      0             2.95E+07     1.0646E+05    2.2667       0.066496      
   5E+06        0.98096      0             5E+06        0             3E+07        1.2881E+05    2.5333       0.072108      
   5.5E+06      0.983        0             5.5E+06      0             3.05E+07     1.2137E+05    2.8          0.077162      
   6E+06        0.98227      0             6E+06        0             3.1E+07      1.3909E+05    3.0667       0.082428      
   6.5E+06      0.98277      0             6.5E+06      0             3.15E+07     1.3095E+05    3.3333       0.087766      
   7E+06        0.98333      0             7E+06        0             3.2E+07      1.3146E+05    3.6          0.092965      
   7.5E+06      0.98374      0             7.5E+06      0             3.25E+07     1.1892E+05    3.8667       0.098085      
   8E+06        0.98296      0             8E+06        0             3.3E+07      1.3177E+05    4.1333       0.10285       
   8.5E+06      0.98349      0             8.5E+06      0             3.35E+07     1.2434E+05    4.4          0.10724       
   9E+06        0.98578      0             9E+06        0             3.4E+07      1.3324E+05    4.6667       0.11158       
   9.5E+06      0.98321      0             9.5E+06      0             3.45E+07     1.3506E+05    4.9333       0.1156        
   1E+07        0.98587      0             1E+07        0             3.5E+07      1.0309E+05    5.2          0.11987       
   1.05E+07     0.98358      0             1.05E+07     0             3.55E+07     84236         5.4667       0.12352       
   1.1E+07      0.98562      0             1.1E+07      0             3.6E+07      82833         5.7333       0.12725       
   1.15E+07     0.98464      0             1.15E+07     0             3.65E+07     86666         6            0.13101       
   1.2E+07      0.98492      0             1.2E+07      0             3.7E+07      87047         6.2667       0.13433       
   1.25E+07     0.98772      0             1.25E+07     0             3.75E+07     92319         6.5333       0.13733       
   1.3E+07      0.98672      0             1.3E+07      0             3.8E+07      84734         6.8          0.14064       
   1.35E+07     0.98626      0             1.35E+07     0             3.85E+07     86387         7.0667       0.1426        
   1.4E+07      0.98673      0             1.4E+07      0             3.9E+07      91080         7.3333       0.14523       
   1.45E+07     0.98357      0             1.45E+07     0             3.95E+07     94759         7.6          0.14752       
   1.5E+07      0.98581      0             1.5E+07      0             4E+07        98864         7.8667       0.14936       
   1.55E+07     0.98517      0             1.55E+07     0             4.05E+07     1.0375E+05    8.1333       0.15125       
   1.6E+07      0.9885       0             1.6E+07      0             4.1E+07      97037         8.4          0.15298       
   1.65E+07     0.98543      0             1.65E+07     0             4.15E+07     1.0102E+05    8.6667       0.15437       
   1.7E+07      0.9841       0             1.7E+07      0             4.2E+07      1.026E+05     8.9333       0.15527       
   1.75E+07     0.98694      0             1.75E+07     0             4.25E+07     1.0595E+05    9.2          0.15634       
   1.8E+07      0.98461      0             1.8E+07      0             4.3E+07      1.0838E+05    9.4667       0.15717       
   1.85E+07     0.98551      0             1.85E+07     0             4.35E+07     1.1212E+05    9.7333       0.15723       
   1.9E+07      0.98576      0             1.9E+07      0             4.4E+07      1.076E+05     10           0.15776       
   1.95E+07     0.98693      0             1.95E+07     0             4.45E+07     1.0924E+05    10.267       0.1579        
   2E+07        0.98731      0             2E+07        0             4.5E+07      1.1013E+05    10.533       0.15741       
   2.05E+07     0.98771      0             2.05E+07     0             4.55E+07     1.09E+05      10.8         0.15669       
   2.1E+07      0.98408      0             2.1E+07      0             4.6E+07      1.1261E+05    11.067       0.15626       
   2.15E+07     0.98688      0             2.15E+07     0             4.65E+07     1.1538E+05    11.333       0.15518       
   2.2E+07      0.98577      0             2.2E+07      0             4.7E+07      1.1886E+05    11.6         0.15375       
   2.25E+07     0.98597      0             2.25E+07     0             4.75E+07     1.211E+05     11.867       0.15222       
   2.3E+07      0.98442      0             2.3E+07      0             4.8E+07      1.2102E+05    12.133       0.151         
   2.35E+07     0.98472      0             2.35E+07     0             4.85E+07     1.2206E+05    12.4         0.14891       
   2.4E+07      0.98767      0             2.4E+07      0             4.9E+07      1.2534E+05    12.667       0.14673       
   2.45E+07     0.9866       0             2.45E+07     0             4.95E+07     1.2155E+05    12.933       0.144         
   2.5E+07      0.98365      0             2.5E+07      0             5E+07        1.252E+05     13.2         0.14176       
   2.55E+07     0.98541      NAN           2.55E+07     NAN           5.05E+07     1.2889E+05    13.467       0.13914       
   2.6E+07      0.986        0.00041807    2.6E+07      0.00041807    5.1E+07      1.3132E+05    13.733       0.1359        
   2.65E+07     0.98605      0.00028121    2.65E+07     0.00028121    5.15E+07     1.2937E+05    14           0.13227       
   2.7E+07      0.98563      0.00041667    2.7E+07      0.00041667    5.2E+07      1.3261E+05    14.267       0.12838       
   2.75E+07     0.98537      0.00040463    2.75E+07     0.00040463    5.25E+07     1.295E+05     14.533       0.12451       
   2.8E+07      0.98529      0.00034528    2.8E+07      0.00034528    5.3E+07      1.3218E+05    14.8         0.12074       
   2.85E+07     0.98531      0.00029632    2.85E+07     0.00029632    5.35E+07     1.3562E+05    15.067       0.11668       
   2.9E+07      0.98533      0.00025973    2.9E+07      0.00025973    5.4E+07      1.3537E+05    15.333       0.11236       
   2.95E+07     0.98521      0.00025452    2.95E+07     0.00025452    5.45E+07     1.3863E+05    15.6         0.10784       
   3E+07        0.98522      0.00022941    3E+07        0.00022941    5.5E+07      1.419E+05     15.867       0.10354       
   3.05E+07     0.98511      0.00023434    3.05E+07     0.00023434    5.55E+07     1.4516E+05    16.133       0.098416      
   3.1E+07      0.98515      0.00021709    3.1E+07      0.00021709    5.6E+07      1.486E+05     16.4         0.093588      
   3.15E+07     0.98524      0.00022192    3.15E+07     0.00022192    5.65E+07     1.5069E+05    16.667       0.08851       
   3.2E+07      0.98532      0.00021968    3.2E+07      0.00021968    5.7E+07      1.5261E+05    16.933       0.083562      
   3.25E+07     0.98522      0.00022915    3.25E+07     0.00022915    5.75E+07     1.5267E+05    17.2         0.078252      
   3.3E+07      0.98519      0.000216      3.3E+07      0.000216      5.8E+07      1.5602E+05    17.467       0.072468      
   3.35E+07     0.98528      0.00022066    3.35E+07     0.00022066    5.85E+07     1.5901E+05    17.733       0.066918      
   3.4E+07      0.98532      0.00021154    3.4E+07      0.00021154    5.9E+07      1.6221E+05    18           0.061498      
   3.45E+07     0.98538      0.00020856    3.45E+07     0.00020856    5.95E+07     1.6547E+05    18.267       0.055552      
   3.5E+07      0.98551      0.00023697    3.5E+07      0.00023697    6E+07        1.5724E+05    18.533       0.049687      
   3.55E+07     0.98538      0.00026026    3.55E+07     0.00026026    6.05E+07     1.604E+05     18.8         0.043671      
   3.6E+07      0.98546      0.00026057    3.6E+07      0.00026057    6.1E+07      1.6147E+05    19.067       0.037703      
   3.65E+07     0.98542      0.00025295    3.65E+07     0.00025295    6.15E+07     1.6267E+05    19.333       0.031503      
   3.7E+07      0.98548      0.00025065    3.7E+07      0.00025065    6.2E+07      1.5667E+05    19.6         0.024936      
   3.75E+07     0.9855       0.00024173    3.75E+07     0.00024173    6.25E+07     1.551E+05     19.867       0.017739      
   3.8E+07      0.9856       0.00025061    3.8E+07      0.00025061    6.3E+07      1.566E+05     
   3.85E+07     0.98555      0.00024655    3.85E+07     0.00024655    6.35E+07     1.5718E+05    
   3.9E+07      0.98553      0.00023854    3.9E+07      0.00023854    6.4E+07      1.5989E+05    
   3.95E+07     0.98556      0.00023235    3.95E+07     0.00023235    6.45E+07     1.537E+05     
   4E+07        0.98559      0.00022599    4E+07        0.00022599    6.5E+07      1.5321E+05    
   4.05E+07     0.98557      0.00021921    4.05E+07     0.00021921    6.55E+07     1.5527E+05    
   4.1E+07      0.98565      0.00022526    4.1E+07      0.00022526    6.6E+07      1.4748E+05    
   4.15E+07     0.98567      0.00021941    4.15E+07     0.00021941    6.65E+07     1.4617E+05    
   4.2E+07      0.98571      0.00021638    4.2E+07      0.00021638    6.7E+07      1.4842E+05    
   4.25E+07     0.98568      0.00021165    4.25E+07     0.00021165    6.75E+07     1.4918E+05    
   4.3E+07      0.98571      0.00020801    4.3E+07      0.00020801    6.8E+07      1.5129E+05    
   4.35E+07     0.98573      0.00020331    4.35E+07     0.00020331    6.85E+07     1.5125E+05    
   4.4E+07      0.98579      0.00020632    4.4E+07      0.00020632    6.9E+07      1.5351E+05    
   4.45E+07     0.98582      0.00020357    4.45E+07     0.00020357    6.95E+07     1.5418E+05    
   4.5E+07      0.98586      0.00020159    4.5E+07      0.00020159    7E+07        1.5607E+05    
   4.55E+07     0.98582      0.00020149    4.55E+07     0.00020149    7.05E+07     1.5743E+05    
   4.6E+07      0.98583      0.00019714    4.6E+07      0.00019714    7.1E+07      1.5929E+05    
   4.65E+07     0.98581      0.00019368    4.65E+07     0.00019368    7.15E+07     1.5815E+05    
   4.7E+07      0.98582      0.00018978    4.7E+07      0.00018978    7.2E+07      1.6037E+05    
   4.75E+07     0.98584      0.00018701    4.75E+07     0.00018701    7.25E+07     1.6265E+05    
   4.8E+07      0.98588      0.00018607    4.8E+07      0.00018607    7.3E+07      1.6492E+05    
   4.85E+07     0.98585      0.00018429    4.85E+07     0.00018429    7.35E+07     1.6669E+05    
   4.9E+07      0.98584      0.00018091    4.9E+07      0.00018091    7.4E+07      1.6897E+05    
   4.95E+07     0.98588      0.00018276    4.95E+07     0.00018276    7.45E+07     1.6977E+05    
   5E+07        0.98589      0.00017916    5E+07        0.00017916    7.5E+07      1.6761E+05    
   5.05E+07     0.98588      0.00017568    5.05E+07     0.00017568    7.55E+07     1.6915E+05    
   5.1E+07      0.9859       0.00017317    5.1E+07      0.00017317    7.6E+07      1.7106E+05    
   5.15E+07     0.98587      0.00017361    5.15E+07     0.00017361    7.65E+07     1.6448E+05    
   5.2E+07      0.98586      0.00017064    5.2E+07      0.00017064    7.7E+07      1.6343E+05    
   5.25E+07     0.98582      0.00017184    5.25E+07     0.00017184    7.75E+07     1.6316E+05    
   5.3E+07      0.98583      0.00016925    5.3E+07      0.00016925    7.8E+07      1.627E+05     
   5.35E+07     0.98583      0.00016629    5.35E+07     0.00016629    7.85E+07     1.6433E+05    
   5.4E+07      0.9858       0.00016565    5.4E+07      0.00016565    7.9E+07      1.6628E+05    
   5.45E+07     0.9858       0.00016292    5.45E+07     0.00016292    7.95E+07     1.5901E+05    
   5.5E+07      0.9858       0.00016029    5.5E+07      0.00016029    8E+07        1.6088E+05    
   5.55E+07     0.9858       0.00015775    5.55E+07     0.00015775    8.05E+07     1.6043E+05    
   5.6E+07      0.9858       0.00015521    5.6E+07      0.00015521    8.1E+07      1.6217E+05    
   5.65E+07     0.98578      0.00015343    5.65E+07     0.00015343    8.15E+07     1.6338E+05    
   5.7E+07      0.9858       0.00015178    5.7E+07      0.00015178    8.2E+07      1.6472E+05    
   5.75E+07     0.98577      0.00015108    5.75E+07     0.00015108    8.25E+07     1.6634E+05    
   5.8E+07      0.98577      0.00014879    5.8E+07      0.00014879    8.3E+07      1.6084E+05    
   5.85E+07     0.98578      0.00014674    5.85E+07     0.00014674    8.35E+07     1.6248E+05    
   5.9E+07      0.98579      0.00014466    5.9E+07      0.00014466    8.4E+07      1.6265E+05    
   5.95E+07     0.98579      0.00014262    5.95E+07     0.00014262    8.45E+07     1.5464E+05    
   6E+07        0.98575      0.00014568    6E+07        0.00014568    8.5E+07      1.5587E+05    
   6.05E+07     0.98575      0.00014363    6.05E+07     0.00014363    8.55E+07     1.5744E+05    
   6.1E+07      0.98577      0.00014255    6.1E+07      0.00014255    8.6E+07      1.5693E+05    
   6.15E+07     0.98578      0.00014143    6.15E+07     0.00014143    8.65E+07     1.5855E+05    
   6.2E+07      0.98582      0.00014352    6.2E+07      0.00014352    8.7E+07      1.5998E+05    
   6.25E+07     0.98579      0.00014366    6.25E+07     0.00014366    8.75E+07     1.6045E+05    
   6.3E+07      0.98578      0.00014239    6.3E+07      0.00014239    8.8E+07      1.6122E+05    
   6.35E+07     0.98576      0.00014156    6.35E+07     0.00014156    8.85E+07     1.6284E+05    
   6.4E+07      0.98576      0.0001398     6.4E+07      0.0001398     8.9E+07      1.6311E+05    
   6.45E+07     0.98579      0.00014202    6.45E+07     0.00014202    8.95E+07     1.6419E+05    
   6.5E+07      0.98581      0.00014169    6.5E+07      0.00014169    9E+07        1.6497E+05    
   6.55E+07     0.98582      0.0001402     6.55E+07     0.0001402     9.05E+07     1.662E+05     
   6.6E+07      0.98586      0.0001433     6.6E+07      0.0001433     9.1E+07      1.6781E+05    
   6.65E+07     0.98583      0.00014339    6.65E+07     0.00014339    9.15E+07     1.6447E+05    
   6.7E+07      0.98584      0.00014176    6.7E+07      0.00014176    9.2E+07      1.6574E+05    
   6.75E+07     0.98585      0.00014087    6.75E+07     0.00014087    9.25E+07     1.6663E+05    
   6.8E+07      0.98586      0.00013936    6.8E+07      0.00013936    9.3E+07      1.6785E+05    
   6.85E+07     0.98588      0.00013887    6.85E+07     0.00013887    9.35E+07     1.6811E+05    
   6.9E+07      0.98587      0.00013734    6.9E+07      0.00013734    9.4E+07      1.6912E+05    
   6.95E+07     0.98586      0.00013653    6.95E+07     0.00013653    9.45E+07     1.6947E+05    
   7E+07        0.98587      0.00013521    7E+07        0.00013521    9.5E+07      1.7082E+05    
   7.05E+07     0.98588      0.00013414    7.05E+07     0.00013414    9.55E+07     1.7233E+05    
   7.1E+07      0.98588      0.00013288    7.1E+07      0.00013288    9.6E+07      1.7362E+05    
   7.15E+07     0.98586      0.00013288    7.15E+07     0.00013288    9.65E+07     1.7505E+05    
   7.2E+07      0.98586      0.00013149    7.2E+07      0.00013149    9.7E+07      1.7553E+05    
   7.25E+07     0.98586      0.00013011    7.25E+07     0.00013011    9.75E+07     1.7502E+05    
   7.3E+07      0.98586      0.00012876    7.3E+07      0.00012876    9.8E+07      1.76E+05      
   7.35E+07     0.98585      0.00012763    7.35E+07     0.00012763    9.85E+07     1.7604E+05    
   7.4E+07      0.98585      0.00012634    7.4E+07      0.00012634    9.9E+07      1.7739E+05    
   7.45E+07     0.98587      0.00012561    7.45E+07     0.00012561    9.95E+07     1.7881E+05    
   7.5E+07      0.98589      0.00012599    7.5E+07      0.00012599    1E+08        1.7802E+05    
   7.55E+07     0.98589      0.00012499    7.55E+07     0.00012499    
   7.6E+07      0.9859       0.00012388    7.6E+07      0.00012388    
   7.65E+07     0.98587      0.00012591    7.65E+07     0.00012591    
   7.7E+07      0.98589      0.0001259     7.7E+07      0.0001259     
   7.75E+07     0.9859       0.00012558    7.75E+07     0.00012558    
   7.8E+07      0.98589      0.00012535    7.8E+07      0.00012535    
   7.85E+07     0.98588      0.00012432    7.85E+07     0.00012432    
   7.9E+07      0.98588      0.0001232     7.9E+07      0.0001232     
   7.95E+07     0.98591      0.00012558    7.95E+07     0.00012558    
   8E+07        0.98592      0.00012445    8E+07        0.00012445    
   8.05E+07     0.98593      0.00012423    8.05E+07     0.00012423    
   8.1E+07      0.98593      0.00012318    8.1E+07      0.00012318    
   8.15E+07     0.98593      0.00012235    8.15E+07     0.00012235    
   8.2E+07      0.98593      0.00012146    8.2E+07      0.00012146    
   8.25E+07     0.98593      0.0001205     8.25E+07     0.0001205     
   8.3E+07      0.98591      0.00012217    8.3E+07      0.00012217    
   8.35E+07     0.9859       0.00012118    8.35E+07     0.00012118    
   8.4E+07      0.98589      0.00012075    8.4E+07      0.00012075    
   8.45E+07     0.98592      0.00012347    8.45E+07     0.00012347    
   8.5E+07      0.98593      0.00012262    8.5E+07      0.00012262    
   8.55E+07     0.98593      0.00012164    8.55E+07     0.00012164    
   8.6E+07      0.98594      0.00012148    8.6E+07      0.00012148    
   8.65E+07     0.98594      0.0001205     8.65E+07     0.0001205     
   8.7E+07      0.98594      0.00011961    8.7E+07      0.00011961    
   8.75E+07     0.98595      0.00011909    8.75E+07     0.00011909    
   8.8E+07      0.98596      0.00011846    8.8E+07      0.00011846    
   8.85E+07     0.98596      0.00011754    8.85E+07     0.00011754    
   8.9E+07      0.98595      0.00011711    8.9E+07      0.00011711    
   8.95E+07     0.98595      0.00011639    8.95E+07     0.00011639    
   9E+07        0.98594      0.00011578    9E+07        0.00011578    
   9.05E+07     0.98594      0.00011503    9.05E+07     0.00011503    
   9.1E+07      0.98594      0.00011416    9.1E+07      0.00011416    
   9.15E+07     0.98592      0.00011499    9.15E+07     0.00011499    
   9.2E+07      0.98591      0.00011424    9.2E+07      0.00011424    
   9.25E+07     0.98591      0.00011363    9.25E+07     0.00011363    
   9.3E+07      0.98591      0.0001129     9.3E+07      0.0001129     
   9.35E+07     0.9859       0.00011251    9.35E+07     0.00011251    
   9.4E+07      0.98591      0.00011187    9.4E+07      0.00011187    
   9.45E+07     0.98592      0.00011145    9.45E+07     0.00011145    
   9.5E+07      0.98592      0.00011072    9.5E+07      0.00011072    
   9.55E+07     0.98592      0.00010994    9.55E+07     0.00010994    
   9.6E+07      0.98593      0.00010924    9.6E+07      0.00010924    
   9.65E+07     0.98592      0.00010851    9.65E+07     0.00010851    
   9.7E+07      0.98592      0.00010808    9.7E+07      0.00010808    
   9.75E+07     0.9859       0.00010795    9.75E+07     0.00010795    
   9.8E+07      0.98591      0.00010738    9.8E+07      0.00010738    
   9.85E+07     0.98592      0.00010708    9.85E+07     0.00010708    
   9.9E+07      0.98592      0.0001064     9.9E+07      0.0001064     
   9.95E+07     0.98592      0.00010571    9.95E+07     0.00010571    
   1E+08        0.98591      0.00010567    1E+08        0.00010567    
