# This file is written with the intent of being used to plot the data with 
# Gnuplot.  It contains no information regarding how the plot should be 
# formatted.
# =========================================================================
# Research/ArnoldivsPower -f Power2-67.dat -t 500000 -A -c 50 -C 150 -w 20 -b 75 -r  seed = 4188794087
# filename = Power2-67.dat, run = true, power = true, Arnoldi = false, storevectors = 0, raw = false, evectors = 2, evalues = 2, residual = false, arnoldimethod = implicit, tol = 2.22045e-16, verbose = 1, seed = 0, width = 20, bins = 75, acycles = 150, incycles = 50, active = 20, inactive = 0, Iterations = 10, numValues = 2, relaxed = 0, tracks = 500000, ignore_rest = false, version = false, help = false, 

#  1            2            3             4            5             6            7             8            9            
# |-            Power values           -| |-   Power eValues SD   -| |-       FOM-Power      -| |-     Power vector     -| 
#  x-coord      y-coord      error         x-coord      y-coord       x-coord      y-coord       x-coord      y-coord       
   5E+05        0.95541      0             5E+05        0             2.55E+07     0             0.13333      0.017866      
   1E+06        0.96807      0             1E+06        0             2.6E+07      6.8842E+05    0.4          0.024984      
   1.5E+06      0.97096      0             1.5E+06      0             2.65E+07     28100         0.66667      0.031481      
   2E+06        0.97312      0             2E+06        0             2.7E+07      38894         0.93333      0.038015      
   2.5E+06      0.97584      0             2.5E+06      0             2.75E+07     47488         1.2          0.04408       
   3E+06        0.97899      0             3E+06        0             2.8E+07      36441         1.4667       0.050049      
   3.5E+06      0.97955      0             3.5E+06      0             2.85E+07     45536         1.7333       0.056003      
   4E+06        0.98042      0             4E+06        0             2.9E+07      42773         2            0.061828      
   4.5E+06      0.98141      0             4.5E+06      0             2.95E+07     48071         2.2667       0.067426      
   5E+06        0.981        0             5E+06        0             3E+07        57294         2.5333       0.073029      
   5.5E+06      0.98085      0             5.5E+06      0             3.05E+07     54637         2.8          0.078243      
   6E+06        0.9811       0             6E+06        0             3.1E+07      63962         3.0667       0.083537      
   6.5E+06      0.98223      0             6.5E+06      0             3.15E+07     67233         3.3333       0.088783      
   7E+06        0.98337      0             7E+06        0             3.2E+07      71556         3.6          0.093992      
   7.5E+06      0.98283      0             7.5E+06      0             3.25E+07     79543         3.8667       0.09929       
   8E+06        0.98226      0             8E+06        0             3.3E+07      88069         4.1333       0.10344       
   8.5E+06      0.98036      0             8.5E+06      0             3.35E+07     96434         4.4          0.10802       
   9E+06        0.98672      0             9E+06        0             3.4E+07      98999         4.6667       0.11271       
   9.5E+06      0.98563      0             9.5E+06      0             3.45E+07     98910         4.9333       0.1167        
   1E+07        0.98329      0             1E+07        0             3.5E+07      99642         5.2          0.12055       
   1.05E+07     0.98448      0             1.05E+07     0             3.55E+07     1.0113E+05    5.4667       0.12448       
   1.1E+07      0.98528      0             1.1E+07      0             3.6E+07      91666         5.7333       0.12819       
   1.15E+07     0.98386      0             1.15E+07     0             3.65E+07     92941         6            0.13168       
   1.2E+07      0.98628      0             1.2E+07      0             3.7E+07      90688         6.2667       0.13513       
   1.25E+07     0.98482      0             1.25E+07     0             3.75E+07     96798         6.5333       0.13807       
   1.3E+07      0.98556      0             1.3E+07      0             3.8E+07      1.0322E+05    6.8          0.1411        
   1.35E+07     0.98788      0             1.35E+07     0             3.85E+07     1.0986E+05    7.0667       0.14392       
   1.4E+07      0.98666      0             1.4E+07      0             3.9E+07      85108         7.3333       0.14608       
   1.45E+07     0.98355      0             1.45E+07     0             3.95E+07     89718         7.6          0.14841       
   1.5E+07      0.98542      0             1.5E+07      0             4E+07        90874         7.8667       0.15024       
   1.55E+07     0.98633      0             1.55E+07     0             4.05E+07     95821         8.1333       0.15192       
   1.6E+07      0.98707      0             1.6E+07      0             4.1E+07      99792         8.4          0.15327       
   1.65E+07     0.98761      0             1.65E+07     0             4.15E+07     88635         8.6667       0.15538       
   1.7E+07      0.98557      0             1.7E+07      0             4.2E+07      92867         8.9333       0.15602       
   1.75E+07     0.98771      0             1.75E+07     0             4.25E+07     96324         9.2          0.15725       
   1.8E+07      0.98693      0             1.8E+07      0             4.3E+07      1.0066E+05    9.4667       0.15741       
   1.85E+07     0.98581      0             1.85E+07     0             4.35E+07     1.0203E+05    9.7333       0.1573        
   1.9E+07      0.9881       0             1.9E+07      0             4.4E+07      1.0443E+05    10           0.15792       
   1.95E+07     0.98621      0             1.95E+07     0             4.45E+07     1.0862E+05    10.267       0.1576        
   2E+07        0.98338      0             2E+07        0             4.5E+07      1.1125E+05    10.533       0.15745       
   2.05E+07     0.98726      0             2.05E+07     0             4.55E+07     1.1377E+05    10.8         0.15661       
   2.1E+07      0.98575      0             2.1E+07      0             4.6E+07      1.1623E+05    11.067       0.15575       
   2.15E+07     0.9855       0             2.15E+07     0             4.65E+07     1.182E+05     11.333       0.15487       
   2.2E+07      0.98437      0             2.2E+07      0             4.7E+07      1.221E+05     11.6         0.15332       
   2.25E+07     0.98532      0             2.25E+07     0             4.75E+07     1.2518E+05    11.867       0.15202       
   2.3E+07      0.98487      0             2.3E+07      0             4.8E+07      1.2727E+05    12.133       0.15002       
   2.35E+07     0.98746      0             2.35E+07     0             4.85E+07     1.315E+05     12.4         0.14752       
   2.4E+07      0.98439      0             2.4E+07      0             4.9E+07      1.287E+05     12.667       0.14519       
   2.45E+07     0.98601      0             2.45E+07     0             4.95E+07     1.2505E+05    12.933       0.14276       
   2.5E+07      0.98491      0             2.5E+07      0             5E+07        1.266E+05     13.2         0.1404        
   2.55E+07     0.98419      NAN           2.55E+07     NAN           5.05E+07     1.2679E+05    13.467       0.1373        
   2.6E+07      0.98434      0.00010439    2.6E+07      0.00010439    5.1E+07      1.264E+05     13.733       0.13424       
   2.65E+07     0.98496      0.00051169    2.65E+07     0.00051169    5.15E+07     1.2788E+05    14           0.13113       
   2.7E+07      0.98519      0.00043065    2.7E+07      0.00043065    5.2E+07      1.2951E+05    14.267       0.12783       
   2.75E+07     0.98538      0.00038612    2.75E+07     0.00038612    5.25E+07     1.328E+05     14.533       0.12385       
   2.8E+07      0.98571      0.00043678    2.8E+07      0.00043678    5.3E+07      1.3558E+05    14.8         0.11986       
   2.85E+07     0.98581      0.0003872     2.85E+07     0.0003872     5.35E+07     1.3816E+05    15.067       0.11576       
   2.9E+07      0.98559      0.00039585    2.9E+07      0.00039585    5.4E+07      1.3863E+05    15.333       0.11158       
   2.95E+07     0.98547      0.00037022    2.95E+07     0.00037022    5.45E+07     1.4159E+05    15.6         0.10699       
   3E+07        0.98542      0.00033621    3E+07        0.00033621    5.5E+07      1.4504E+05    15.867       0.1025        
   3.05E+07     0.98558      0.00034134    3.05E+07     0.00034134    5.55E+07     1.4207E+05    16.133       0.097733      
   3.1E+07      0.98559      0.00031291    3.1E+07      0.00031291    5.6E+07      1.4529E+05    16.4         0.092573      
   3.15E+07     0.98568      0.00030275    3.15E+07     0.00030275    5.65E+07     1.4586E+05    16.667       0.087707      
   3.2E+07      0.9856       0.00029109    3.2E+07      0.00029109    5.7E+07      1.486E+05     16.933       0.082395      
   3.25E+07     0.98564      0.00027391    3.25E+07     0.00027391    5.75E+07     1.5025E+05    17.2         0.077264      
   3.3E+07      0.98567      0.00025829    3.3E+07      0.00025829    5.8E+07      1.5294E+05    17.467       0.071859      
   3.35E+07     0.98564      0.00024489    3.35E+07     0.00024489    5.85E+07     1.5596E+05    17.733       0.066461      
   3.4E+07      0.98557      0.00023988    3.4E+07      0.00023988    5.9E+07      1.5882E+05    18           0.060775      
   3.45E+07     0.9855       0.0002382     3.45E+07     0.0002382     5.95E+07     1.6138E+05    18.267       0.055089      
   3.5E+07      0.98557      0.00023557    3.5E+07      0.00023557    6E+07        1.6421E+05    18.533       0.049353      
   3.55E+07     0.9855       0.0002322     3.55E+07     0.0002322     6.05E+07     1.6435E+05    18.8         0.043361      
   3.6E+07      0.9856       0.00024213    3.6E+07      0.00024213    6.1E+07      1.6718E+05    19.067       0.037285      
   3.65E+07     0.98566      0.00023876    3.65E+07     0.00023876    6.15E+07     1.6839E+05    19.333       0.03124       
   3.7E+07      0.98574      0.00024004    3.7E+07      0.00024004    6.2E+07      1.6524E+05    19.6         0.024626      
   3.75E+07     0.98575      0.00023076    3.75E+07     0.00023076    6.25E+07     1.6759E+05    19.867       0.017626      
   3.8E+07      0.98575      0.00022191    3.8E+07      0.00022191    6.3E+07      1.7065E+05    
   3.85E+07     0.98575      0.00021369    3.85E+07     0.00021369    6.35E+07     1.7218E+05    
   3.9E+07      0.98562      0.0002412     3.9E+07      0.0002412     6.4E+07      1.7503E+05    
   3.95E+07     0.9856       0.00023338    3.95E+07     0.00023338    6.45E+07     1.747E+05     
   4E+07        0.98565      0.00023041    4E+07        0.00023041    6.5E+07      1.7674E+05    
   4.05E+07     0.98565      0.00022297    4.05E+07     0.00022297    6.55E+07     1.7728E+05    
   4.1E+07      0.98567      0.0002171     4.1E+07      0.0002171     6.6E+07      1.7983E+05    
   4.15E+07     0.98558      0.00022893    4.15E+07     0.00022893    6.65E+07     1.7769E+05    
   4.2E+07      0.98557      0.00022229    4.2E+07      0.00022229    6.7E+07      1.8046E+05    
   4.25E+07     0.98555      0.00021694    4.25E+07     0.00021694    6.75E+07     1.8336E+05    
   4.3E+07      0.98556      0.00021093    4.3E+07      0.00021093    6.8E+07      1.8519E+05    
   4.35E+07     0.98559      0.00020826    4.35E+07     0.00020826    6.85E+07     1.8464E+05    
   4.4E+07      0.98556      0.00020464    4.4E+07      0.00020464    6.9E+07      1.8747E+05    
   4.45E+07     0.98557      0.00019952    4.45E+07     0.00019952    6.95E+07     1.8825E+05    
   4.5E+07      0.9856       0.00019603    4.5E+07      0.00019603    7E+07        1.901E+05     
   4.55E+07     0.98562      0.00019277    4.55E+07     0.00019277    7.05E+07     1.9192E+05    
   4.6E+07      0.98564      0.00018965    4.6E+07      0.00018965    7.1E+07      1.9461E+05    
   4.65E+07     0.98562      0.00018705    4.65E+07     0.00018705    7.15E+07     1.9587E+05    
   4.7E+07      0.98561      0.00018303    4.7E+07      0.00018303    7.2E+07      1.984E+05     
   4.75E+07     0.98563      0.0001798     4.75E+07     0.0001798     7.25E+07     1.921E+05     
   4.8E+07      0.98565      0.00017737    4.8E+07      0.00017737    7.3E+07      1.9477E+05    
   4.85E+07     0.98565      0.0001736     4.85E+07     0.0001736     7.35E+07     1.9692E+05    
   4.9E+07      0.98569      0.00017454    4.9E+07      0.00017454    7.4E+07      1.9936E+05    
   4.95E+07     0.98573      0.00017618    4.95E+07     0.00017618    7.45E+07     1.9904E+05    
   5E+07        0.98576      0.00017419    5E+07        0.00017419    7.5E+07      1.9744E+05    
   5.05E+07     0.98578      0.00017317    5.05E+07     0.00017317    7.55E+07     1.9927E+05    
   5.1E+07      0.98582      0.00017257    5.1E+07      0.00017257    7.6E+07      2.0143E+05    
   5.15E+07     0.98584      0.00017072    5.15E+07     0.00017072    7.65E+07     1.9815E+05    
   5.2E+07      0.98586      0.00016879    5.2E+07      0.00016879    7.7E+07      1.9731E+05    
   5.25E+07     0.98587      0.00016587    5.25E+07     0.00016587    7.75E+07     1.9938E+05    
   5.3E+07      0.98588      0.00016338    5.3E+07      0.00016338    7.8E+07      1.9825E+05    
   5.35E+07     0.98586      0.00016107    5.35E+07     0.00016107    7.85E+07     2.0066E+05    
   5.4E+07      0.98589      0.00016004    5.4E+07      0.00016004    7.9E+07      1.9976E+05    
   5.45E+07     0.98588      0.00015761    5.45E+07     0.00015761    7.95E+07     2.0218E+05    
   5.5E+07      0.98588      0.00015501    5.5E+07      0.00015501    8E+07        2.0439E+05    
   5.55E+07     0.98585      0.0001559     5.55E+07     0.0001559     8.05E+07     2.0676E+05    
   5.6E+07      0.98585      0.00015347    5.6E+07      0.00015347    8.1E+07      2.0886E+05    
   5.65E+07     0.98583      0.00015247    5.65E+07     0.00015247    8.15E+07     2.0382E+05    
   5.7E+07      0.98584      0.00015039    5.7E+07      0.00015039    8.2E+07      2.0613E+05    
   5.75E+07     0.98586      0.00014879    5.75E+07     0.00014879    8.25E+07     2.0844E+05    
   5.8E+07      0.98587      0.00014683    5.8E+07      0.00014683    8.3E+07      2.0769E+05    
   5.85E+07     0.98586      0.00014478    5.85E+07     0.00014478    8.35E+07     2.0866E+05    
   5.9E+07      0.98585      0.00014285    5.9E+07      0.00014285    8.4E+07      2.1027E+05    
   5.95E+07     0.98586      0.0001411     5.95E+07     0.0001411     8.45E+07     2.125E+05     
   6E+07        0.98587      0.00013928    6E+07        0.00013928    8.5E+07      2.1442E+05    
   6.05E+07     0.98585      0.00013864    6.05E+07     0.00013864    8.55E+07     2.134E+05     
   6.1E+07      0.98586      0.0001369     6.1E+07      0.0001369     8.6E+07      2.1205E+05    
   6.15E+07     0.98584      0.00013584    6.15E+07     0.00013584    8.65E+07     2.1396E+05    
   6.2E+07      0.98582      0.00013657    6.2E+07      0.00013657    8.7E+07      2.1372E+05    
   6.25E+07     0.98582      0.00013504    6.25E+07     0.00013504    8.75E+07     2.1337E+05    
   6.3E+07      0.98583      0.00013329    6.3E+07      0.00013329    8.8E+07      2.1551E+05    
   6.35E+07     0.98584      0.00013217    6.35E+07     0.00013217    8.85E+07     2.1581E+05    
   6.4E+07      0.98583      0.00013056    6.4E+07      0.00013056    8.9E+07      2.1759E+05    
   6.45E+07     0.98585      0.00013017    6.45E+07     0.00013017    8.95E+07     2.1974E+05    
   6.5E+07      0.98584      0.00012892    6.5E+07      0.00012892    9E+07        2.2172E+05    
   6.55E+07     0.98586      0.00012821    6.55E+07     0.00012821    9.05E+07     2.2321E+05    
   6.6E+07      0.98586      0.00012681    6.6E+07      0.00012681    9.1E+07      2.2531E+05    
   6.65E+07     0.98589      0.0001271     6.65E+07     0.0001271     9.15E+07     2.2698E+05    
   6.7E+07      0.98589      0.00012562    6.7E+07      0.00012562    9.2E+07      2.2633E+05    
   6.75E+07     0.98589      0.00012415    6.75E+07     0.00012415    9.25E+07     2.2356E+05    
   6.8E+07      0.9859       0.00012307    6.8E+07      0.00012307    9.3E+07      2.221E+05     
   6.85E+07     0.98588      0.00012279    6.85E+07     0.00012279    9.35E+07     2.2396E+05    
   6.9E+07      0.98588      0.00012141    6.9E+07      0.00012141    9.4E+07      2.2409E+05    
   6.95E+07     0.9859       0.00012071    6.95E+07     0.00012071    9.45E+07     2.2306E+05    
   7E+07        0.9859       0.00011968    7E+07        0.00011968    9.5E+07      2.2508E+05    
   7.05E+07     0.9859       0.00011869    7.05E+07     0.00011869    9.55E+07     2.2704E+05    
   7.1E+07      0.98589      0.00011744    7.1E+07      0.00011744    9.6E+07      2.2717E+05    
   7.15E+07     0.9859       0.00011665    7.15E+07     0.00011665    9.65E+07     2.2917E+05    
   7.2E+07      0.9859       0.0001155     7.2E+07      0.0001155     9.7E+07      2.3096E+05    
   7.25E+07     0.98587      0.00011697    7.25E+07     0.00011697    9.75E+07     2.3111E+05    
   7.3E+07      0.98587      0.00011575    7.3E+07      0.00011575    9.8E+07      2.2928E+05    
   7.35E+07     0.98587      0.00011473    7.35E+07     0.00011473    9.85E+07     2.2661E+05    
   7.4E+07      0.98586      0.00011363    7.4E+07      0.00011363    9.9E+07      2.2844E+05    
   7.45E+07     0.98585      0.00011332    7.45E+07     0.00011332    9.95E+07     2.3011E+05    
   7.5E+07      0.98583      0.0001134     7.5E+07      0.0001134     1E+08        2.3111E+05    
   7.55E+07     0.98584      0.0001125     7.55E+07     0.0001125     
   7.6E+07      0.98585      0.00011152    7.6E+07      0.00011152    
   7.65E+07     0.98583      0.00011207    7.65E+07     0.00011207    
   7.7E+07      0.98581      0.00011194    7.7E+07      0.00011194    
   7.75E+07     0.98581      0.00011099    7.75E+07     0.00011099    
   7.8E+07      0.98579      0.00011095    7.8E+07      0.00011095    
   7.85E+07     0.98579      0.00010993    7.85E+07     0.00010993    
   7.9E+07      0.98578      0.00010982    7.9E+07      0.00010982    
   7.95E+07     0.98578      0.00010881    7.95E+07     0.00010881    
   8E+07        0.98577      0.00010789    8E+07        0.00010789    
   8.05E+07     0.98578      0.00010692    8.05E+07     0.00010692    
   8.1E+07      0.98577      0.00010605    8.1E+07      0.00010605    
   8.15E+07     0.98579      0.00010703    8.15E+07     0.00010703    
   8.2E+07      0.98579      0.0001061     8.2E+07      0.0001061     
   8.25E+07     0.98579      0.00010518    8.25E+07     0.00010518    
   8.3E+07      0.9858       0.00010506    8.3E+07      0.00010506    
   8.35E+07     0.98581      0.0001045     8.35E+07     0.0001045     
   8.4E+07      0.9858       0.00010378    8.4E+07      0.00010378    
   8.45E+07     0.98581      0.00010293    8.45E+07     0.00010293    
   8.5E+07      0.98581      0.00010215    8.5E+07      0.00010215    
   8.55E+07     0.9858       0.0001021     8.55E+07     0.0001021     
   8.6E+07      0.98578      0.00010212    8.6E+07      0.00010212    
   8.65E+07     0.98579      0.00010137    8.65E+07     0.00010137    
   8.7E+07      0.9858       0.00010114    8.7E+07      0.00010114    
   8.75E+07     0.98579      0.00010093    8.75E+07     0.00010093    
   8.8E+07      0.98579      0.00010013    8.8E+07      0.00010013    
   8.85E+07     0.9858       9.9782E-05    8.85E+07     9.9782E-05    
   8.9E+07      0.98579      9.909E-05     8.9E+07      9.909E-05     
   8.95E+07     0.98579      9.8325E-05    8.95E+07     9.8325E-05    
   9E+07        0.98579      9.7613E-05    9E+07        9.7613E-05    
   9.05E+07     0.9858       9.7023E-05    9.05E+07     9.7023E-05    
   9.1E+07      0.9858       9.6295E-05    9.1E+07      9.6295E-05    
   9.15E+07     0.9858       9.5679E-05    9.15E+07     9.5679E-05    
   9.2E+07      0.98579      9.5553E-05    9.2E+07      9.5553E-05    
   9.25E+07     0.98578      9.5875E-05    9.25E+07     9.5875E-05    
   9.3E+07      0.98579      9.5928E-05    9.3E+07      9.5928E-05    
   9.35E+07     0.98579      9.5273E-05    9.35E+07     9.5273E-05    
   9.4E+07      0.98578      9.4988E-05    9.4E+07      9.4988E-05    
   9.45E+07     0.98577      9.4955E-05    9.45E+07     9.4955E-05    
   9.5E+07      0.98577      9.4281E-05    9.5E+07      9.4281E-05    
   9.55E+07     0.98577      9.3623E-05    9.55E+07     9.3623E-05    
   9.6E+07      0.98578      9.3349E-05    9.6E+07      9.3349E-05    
   9.65E+07     0.98578      9.2696E-05    9.65E+07     9.2696E-05    
   9.7E+07      0.98578      9.21E-05      9.7E+07      9.21E-05      
   9.75E+07     0.98579      9.1829E-05    9.75E+07     9.1829E-05    
   9.8E+07      0.98578      9.1962E-05    9.8E+07      9.1962E-05    
   9.85E+07     0.98579      9.2265E-05    9.85E+07     9.2265E-05    
   9.9E+07      0.98579      9.166E-05     9.9E+07      9.166E-05     
   9.95E+07     0.98579      9.1096E-05    9.95E+07     9.1096E-05    
   1E+08        0.98579      9.0673E-05    1E+08        9.0673E-05    
