# This file is written with the intent of being used to plot the data with 
# Gnuplot.  It contains no information regarding how the plot should be 
# formatted.
# =========================================================================
# Research/ArnoldivsPower -f Power2-12.dat -t 500000 -A -c 50 -C 150 -w 20 -b 75 -r  seed = 552249054
# filename = Power2-12.dat, run = true, power = true, Arnoldi = false, storevectors = 0, raw = false, evectors = 2, evalues = 2, residual = false, arnoldimethod = implicit, tol = 2.22045e-16, verbose = 1, seed = 0, width = 20, bins = 75, acycles = 150, incycles = 50, active = 20, inactive = 0, Iterations = 10, numValues = 2, relaxed = 0, tracks = 500000, ignore_rest = false, version = false, help = false, 

#  1            2            3             4            5             6            7             8            9            
# |-            Power values           -| |-   Power eValues SD   -| |-       FOM-Power      -| |-     Power vector     -| 
#  x-coord      y-coord      error         x-coord      y-coord       x-coord      y-coord       x-coord      y-coord       
   5E+05        0.95775      0             5E+05        0             2.55E+07     0             0.13333      0.01791       
   1E+06        0.96787      0             1E+06        0             2.6E+07      14731         0.4          0.025103      
   1.5E+06      0.97055      0             1.5E+06      0             2.65E+07     19626         0.66667      0.031519      
   2E+06        0.9744       0             2E+06        0             2.7E+07      32806         0.93333      0.03805       
   2.5E+06      0.97728      0             2.5E+06      0             2.75E+07     50066         1.2          0.044002      
   3E+06        0.9757       0             3E+06        0             2.8E+07      36603         1.4667       0.050169      
   3.5E+06      0.97836      0             3.5E+06      0             2.85E+07     48913         1.7333       0.05603       
   4E+06        0.98187      0             4E+06        0             2.9E+07      51346         2            0.061666      
   4.5E+06      0.97929      0             4.5E+06      0             2.95E+07     63885         2.2667       0.067547      
   5E+06        0.98205      0             5E+06        0             3E+07        71406         2.5333       0.073015      
   5.5E+06      0.98137      0             5.5E+06      0             3.05E+07     76023         2.8          0.078616      
   6E+06        0.98134      0             6E+06        0             3.1E+07      86564         3.0667       0.083848      
   6.5E+06      0.98296      0             6.5E+06      0             3.15E+07     63814         3.3333       0.088731      
   7E+06        0.98321      0             7E+06        0             3.2E+07      67018         3.6          0.093971      
   7.5E+06      0.98469      0             7.5E+06      0             3.25E+07     68831         3.8667       0.099017      
   8E+06        0.98227      0             8E+06        0             3.3E+07      70513         4.1333       0.10362       
   8.5E+06      0.98351      0             8.5E+06      0             3.35E+07     76134         4.4          0.10859       
   9E+06        0.9849       0             9E+06        0             3.4E+07      73423         4.6667       0.11303       
   9.5E+06      0.9836       0             9.5E+06      0             3.45E+07     69540         4.9333       0.11743       
   1E+07        0.98513      0             1E+07        0             3.5E+07      72175         5.2          0.12113       
   1.05E+07     0.98562      0             1.05E+07     0             3.55E+07     78365         5.4667       0.125         
   1.1E+07      0.98226      0             1.1E+07      0             3.6E+07      71371         5.7333       0.12885       
   1.15E+07     0.98413      0             1.15E+07     0             3.65E+07     72097         6            0.13193       
   1.2E+07      0.98412      0             1.2E+07      0             3.7E+07      74921         6.2667       0.13527       
   1.25E+07     0.98624      0             1.25E+07     0             3.75E+07     77572         6.5333       0.13856       
   1.3E+07      0.98359      0             1.3E+07      0             3.8E+07      82696         6.8          0.14124       
   1.35E+07     0.98437      0             1.35E+07     0             3.85E+07     82163         7.0667       0.1441        
   1.4E+07      0.9842       0             1.4E+07      0             3.9E+07      87214         7.3333       0.14608       
   1.45E+07     0.98367      0             1.45E+07     0             3.95E+07     87632         7.6          0.1482        
   1.5E+07      0.98544      0             1.5E+07      0             4E+07        90920         7.8667       0.15021       
   1.55E+07     0.98742      0             1.55E+07     0             4.05E+07     94900         8.1333       0.1519        
   1.6E+07      0.98701      0             1.6E+07      0             4.1E+07      99841         8.4          0.15363       
   1.65E+07     0.98462      0             1.65E+07     0             4.15E+07     1.0029E+05    8.6667       0.15522       
   1.7E+07      0.98449      0             1.7E+07      0             4.2E+07      98620         8.9333       0.15575       
   1.75E+07     0.98562      0             1.75E+07     0             4.25E+07     1.0314E+05    9.2          0.15645       
   1.8E+07      0.98749      0             1.8E+07      0             4.3E+07      1.0486E+05    9.4667       0.15719       
   1.85E+07     0.98628      0             1.85E+07     0             4.35E+07     1.0889E+05    9.7333       0.15756       
   1.9E+07      0.98412      0             1.9E+07      0             4.4E+07      1.1102E+05    10           0.15758       
   1.95E+07     0.98707      0             1.95E+07     0             4.45E+07     1.1523E+05    10.267       0.15754       
   2E+07        0.98673      0             2E+07        0             4.5E+07      1.1857E+05    10.533       0.15735       
   2.05E+07     0.98415      0             2.05E+07     0             4.55E+07     1.1896E+05    10.8         0.15685       
   2.1E+07      0.98618      0             2.1E+07      0             4.6E+07      1.1691E+05    11.067       0.15542       
   2.15E+07     0.98542      0             2.15E+07     0             4.65E+07     1.2048E+05    11.333       0.15435       
   2.2E+07      0.98448      0             2.2E+07      0             4.7E+07      1.2475E+05    11.6         0.15317       
   2.25E+07     0.98825      0             2.25E+07     0             4.75E+07     1.2835E+05    11.867       0.15147       
   2.3E+07      0.98529      0             2.3E+07      0             4.8E+07      1.3116E+05    12.133       0.1498        
   2.35E+07     0.98595      0             2.35E+07     0             4.85E+07     1.3422E+05    12.4         0.14778       
   2.4E+07      0.9855       0             2.4E+07      0             4.9E+07      1.3838E+05    12.667       0.14547       
   2.45E+07     0.98451      0             2.45E+07     0             4.95E+07     1.4205E+05    12.933       0.14322       
   2.5E+07      0.98686      0             2.5E+07      0             5E+07        1.4544E+05    13.2         0.14023       
   2.55E+07     0.98623      5.4873E-09    2.55E+07     5.4873E-09    5.05E+07     1.469E+05     13.467       0.13765       
   2.6E+07      0.98724      0.00071411    2.6E+07      0.00071411    5.1E+07      1.4926E+05    13.733       0.13407       
   2.65E+07     0.98677      0.00061272    2.65E+07     0.00061272    5.15E+07     1.4983E+05    14           0.1311        
   2.7E+07      0.98666      0.00046932    2.7E+07      0.00046932    5.2E+07      1.5132E+05    14.267       0.12725       
   2.75E+07     0.98663      0.00037634    2.75E+07     0.00037634    5.25E+07     1.5449E+05    14.533       0.1235        
   2.8E+07      0.98696      0.00043608    2.8E+07      0.00043608    5.3E+07      1.5854E+05    14.8         0.11989       
   2.85E+07     0.98696      0.00037378    2.85E+07     0.00037378    5.35E+07     1.4823E+05    15.067       0.11544       
   2.9E+07      0.98713      0.0003616     2.9E+07      0.0003616     5.4E+07      1.5071E+05    15.333       0.11146       
   2.95E+07     0.98712      0.00032144    2.95E+07     0.00032144    5.45E+07     1.542E+05     15.6         0.10689       
   3E+07        0.98703      0.00030136    3E+07        0.00030136    5.5E+07      1.5185E+05    15.867       0.10219       
   3.05E+07     0.98694      0.00028959    3.05E+07     0.00028959    5.55E+07     1.4916E+05    16.133       0.097417      
   3.1E+07      0.98689      0.00026907    3.1E+07      0.00026907    5.6E+07      1.5126E+05    16.4         0.09289       
   3.15E+07     0.9867       0.00031083    3.15E+07     0.00031083    5.65E+07     1.5471E+05    16.667       0.087718      
   3.2E+07      0.98678      0.00030089    3.2E+07      0.00030089    5.7E+07      1.5543E+05    16.933       0.082434      
   3.25E+07     0.98669      0.00029456    3.25E+07     0.00029456    5.75E+07     1.5888E+05    17.2         0.077381      
   3.3E+07      0.9866       0.00028869    3.3E+07      0.00028869    5.8E+07      1.6197E+05    17.467       0.071706      
   3.35E+07     0.98665      0.00027574    3.35E+07     0.00027574    5.85E+07     1.65E+05      17.733       0.066182      
   3.4E+07      0.98655      0.00027866    3.4E+07      0.00027866    5.9E+07      1.6372E+05    18           0.060765      
   3.45E+07     0.98644      0.00028422    3.45E+07     0.00028422    5.95E+07     1.6495E+05    18.267       0.054975      
   3.5E+07      0.98638      0.00027695    3.5E+07      0.00027695    6E+07        1.6806E+05    18.533       0.048945      
   3.55E+07     0.98637      0.0002639     3.55E+07     0.0002639     6.05E+07     1.7114E+05    18.8         0.042981      
   3.6E+07      0.98626      0.00027457    3.6E+07      0.00027457    6.1E+07      1.7409E+05    19.067       0.037047      
   3.65E+07     0.98619      0.00027126    3.65E+07     0.00027126    6.15E+07     1.7487E+05    19.333       0.030977      
   3.7E+07      0.98624      0.00026422    3.7E+07      0.00026422    6.2E+07      1.782E+05     19.6         0.024452      
   3.75E+07     0.98629      0.00025791    3.75E+07     0.00025791    6.25E+07     1.6552E+05    19.867       0.017616      
   3.8E+07      0.98628      0.00024809    3.8E+07      0.00024809    6.3E+07      1.6858E+05    
   3.85E+07     0.98621      0.00024723    3.85E+07     0.00024723    6.35E+07     1.6987E+05    
   3.9E+07      0.98621      0.00023841    3.9E+07      0.00023841    6.4E+07      1.7209E+05    
   3.95E+07     0.98616      0.00023629    3.95E+07     0.00023629    6.45E+07     1.7501E+05    
   4E+07        0.98613      0.0002305     4E+07        0.0002305     6.5E+07      1.7181E+05    
   4.05E+07     0.9861       0.0002242     4.05E+07     0.0002242     6.55E+07     1.7001E+05    
   4.1E+07      0.9861       0.0002172     4.1E+07      0.0002172     6.6E+07      1.6909E+05    
   4.15E+07     0.98606      0.00021536    4.15E+07     0.00021536    6.65E+07     1.6929E+05    
   4.2E+07      0.986        0.00021586    4.2E+07      0.00021586    6.7E+07      1.5904E+05    
   4.25E+07     0.98601      0.00020977    4.25E+07     0.00020977    6.75E+07     1.615E+05     
   4.3E+07      0.98604      0.0002068     4.3E+07      0.0002068     6.8E+07      1.6136E+05    
   4.35E+07     0.98603      0.00020173    4.35E+07     0.00020173    6.85E+07     1.6076E+05    
   4.4E+07      0.986        0.00019861    4.4E+07      0.00019861    6.9E+07      1.6071E+05    
   4.45E+07     0.98599      0.00019383    4.45E+07     0.00019383    6.95E+07     1.6103E+05    
   4.5E+07      0.98601      0.00019002    4.5E+07      0.00019002    7E+07        1.6141E+05    
   4.55E+07     0.98597      0.00018863    4.55E+07     0.00018863    7.05E+07     1.6337E+05    
   4.6E+07      0.98593      0.00018921    4.6E+07      0.00018921    7.1E+07      1.6485E+05    
   4.65E+07     0.98594      0.00018537    4.65E+07     0.00018537    7.15E+07     1.6064E+05    
   4.7E+07      0.98594      0.00018116    4.7E+07      0.00018116    7.2E+07      1.5926E+05    
   4.75E+07     0.98593      0.00017766    4.75E+07     0.00017766    7.25E+07     1.6134E+05    
   4.8E+07      0.98595      0.00017481    4.8E+07      0.00017481    7.3E+07      1.6166E+05    
   4.85E+07     0.98596      0.00017189    4.85E+07     0.00017189    7.35E+07     1.6394E+05    
   4.9E+07      0.98596      0.0001684     4.9E+07      0.0001684     7.4E+07      1.6578E+05    
   4.95E+07     0.98595      0.00016536    4.95E+07     0.00016536    7.45E+07     1.6098E+05    
   5E+07        0.98593      0.00016255    5E+07        0.00016255    7.5E+07      1.6267E+05    
   5.05E+07     0.98591      0.00016095    5.05E+07     0.00016095    7.55E+07     1.63E+05      
   5.1E+07      0.98589      0.00015886    5.1E+07      0.00015886    7.6E+07      1.6457E+05    
   5.15E+07     0.98592      0.00015776    5.15E+07     0.00015776    7.65E+07     1.667E+05     
   5.2E+07      0.9859       0.00015622    5.2E+07      0.00015622    7.7E+07      1.6662E+05    
   5.25E+07     0.98591      0.00015387    5.25E+07     0.00015387    7.75E+07     1.6794E+05    
   5.3E+07      0.98591      0.00015114    5.3E+07      0.00015114    7.8E+07      1.6918E+05    
   5.35E+07     0.98595      0.00015552    5.35E+07     0.00015552    7.85E+07     1.708E+05     
   5.4E+07      0.98597      0.00015346    5.4E+07      0.00015346    7.9E+07      1.728E+05     
   5.45E+07     0.98597      0.00015098    5.45E+07     0.00015098    7.95E+07     1.7483E+05    
   5.5E+07      0.986        0.00015145    5.5E+07      0.00015145    8E+07        1.7399E+05    
   5.55E+07     0.98597      0.00015211    5.55E+07     0.00015211    8.05E+07     1.7603E+05    
   5.6E+07      0.98599      0.00015037    5.6E+07      0.00015037    8.1E+07      1.7782E+05    
   5.65E+07     0.98599      0.000148      5.65E+07     0.000148      8.15E+07     1.7972E+05    
   5.7E+07      0.98597      0.000147      5.7E+07      0.000147      8.2E+07      1.8128E+05    
   5.75E+07     0.98597      0.00014475    5.75E+07     0.00014475    8.25E+07     1.8333E+05    
   5.8E+07      0.98596      0.00014272    5.8E+07      0.00014272    8.3E+07      1.8541E+05    
   5.85E+07     0.98596      0.0001408     5.85E+07     0.0001408     8.35E+07     1.8668E+05    
   5.9E+07      0.98593      0.00014073    5.9E+07      0.00014073    8.4E+07      1.8801E+05    
   5.95E+07     0.98592      0.0001396     5.95E+07     0.0001396     8.45E+07     1.895E+05     
   6E+07        0.98591      0.00013772    6E+07        0.00013772    8.5E+07      1.9089E+05    
   6.05E+07     0.98592      0.00013589    6.05E+07     0.00013589    8.55E+07     1.927E+05     
   6.1E+07      0.98592      0.00013419    6.1E+07      0.00013419    8.6E+07      1.9296E+05    
   6.15E+07     0.98591      0.00013336    6.15E+07     0.00013336    8.65E+07     1.9384E+05    
   6.2E+07      0.98591      0.00013156    6.2E+07      0.00013156    8.7E+07      1.9574E+05    
   6.25E+07     0.98595      0.00013595    6.25E+07     0.00013595    8.75E+07     1.9471E+05    
   6.3E+07      0.98595      0.00013416    6.3E+07      0.00013416    8.8E+07      1.9505E+05    
   6.35E+07     0.98596      0.00013311    6.35E+07     0.00013311    8.85E+07     1.9692E+05    
   6.4E+07      0.98595      0.00013171    6.4E+07      0.00013171    8.9E+07      1.9889E+05    
   6.45E+07     0.98596      0.0001301     6.45E+07     0.0001301     8.95E+07     1.9888E+05    
   6.5E+07      0.98593      0.00013078    6.5E+07      0.00013078    9E+07        2.0072E+05    
   6.55E+07     0.98595      0.00013096    6.55E+07     0.00013096    9.05E+07     2.0145E+05    
   6.6E+07      0.98593      0.00013082    6.6E+07      0.00013082    9.1E+07      2.0282E+05    
   6.65E+07     0.98595      0.00013023    6.65E+07     0.00013023    9.15E+07     2.0396E+05    
   6.7E+07      0.98591      0.00013387    6.7E+07      0.00013387    9.2E+07      2.0593E+05    
   6.75E+07     0.98592      0.00013234    6.75E+07     0.00013234    9.25E+07     2.0765E+05    
   6.8E+07      0.98593      0.0001319     6.8E+07      0.0001319     9.3E+07      2.073E+05     
   6.85E+07     0.98595      0.00013166    6.85E+07     0.00013166    9.35E+07     2.0913E+05    
   6.9E+07      0.98597      0.0001312     6.9E+07      0.0001312     9.4E+07      2.0672E+05    
   6.95E+07     0.98598      0.00013059    6.95E+07     0.00013059    9.45E+07     2.0847E+05    
   7E+07        0.986        0.00012997    7E+07        0.00012997    9.5E+07      2.1007E+05    
   7.05E+07     0.98601      0.00012873    7.05E+07     0.00012873    9.55E+07     2.0791E+05    
   7.1E+07      0.98602      0.00012769    7.1E+07      0.00012769    9.6E+07      2.0973E+05    
   7.15E+07     0.98599      0.0001289     7.15E+07     0.0001289     9.65E+07     2.1025E+05    
   7.2E+07      0.98601      0.00012901    7.2E+07      0.00012901    9.7E+07      2.1209E+05    
   7.25E+07     0.98601      0.00012773    7.25E+07     0.00012773    9.75E+07     2.1351E+05    
   7.3E+07      0.98602      0.00012715    7.3E+07      0.00012715    9.8E+07      2.1482E+05    
   7.35E+07     0.98602      0.00012584    7.35E+07     0.00012584    9.85E+07     2.1646E+05    
   7.4E+07      0.98601      0.00012471    7.4E+07      0.00012471    9.9E+07      2.1647E+05    
   7.45E+07     0.98599      0.00012612    7.45E+07     0.00012612    9.95E+07     2.1566E+05    
   7.5E+07      0.98599      0.00012504    7.5E+07      0.00012504    1E+08        2.1694E+05    
   7.55E+07     0.98601      0.0001245     7.55E+07     0.0001245     
   7.6E+07      0.986        0.00012349    7.6E+07      0.00012349    
   7.65E+07     0.986        0.00012229    7.65E+07     0.00012229    
   7.7E+07      0.98599      0.00012192    7.7E+07      0.00012192    
   7.75E+07     0.98599      0.00012105    7.75E+07     0.00012105    
   7.8E+07      0.986        0.00012021    7.8E+07      0.00012021    
   7.85E+07     0.986        0.00011926    7.85E+07     0.00011926    
   7.9E+07      0.98599      0.00011818    7.9E+07      0.00011818    
   7.95E+07     0.98599      0.00011712    7.95E+07     0.00011712    
   8E+07        0.98601      0.00011703    8E+07        0.00011703    
   8.05E+07     0.98601      0.00011599    8.05E+07     0.00011599    
   8.1E+07      0.98601      0.00011505    8.1E+07      0.00011505    
   8.15E+07     0.98601      0.00011409    8.15E+07     0.00011409    
   8.2E+07      0.98602      0.00011323    8.2E+07      0.00011323    
   8.25E+07     0.98602      0.00011225    8.25E+07     0.00011225    
   8.3E+07      0.98602      0.00011129    8.3E+07      0.00011129    
   8.35E+07     0.98601      0.00011057    8.35E+07     0.00011057    
   8.4E+07      0.98602      0.00010984    8.4E+07      0.00010984    
   8.45E+07     0.98603      0.00010909    8.45E+07     0.00010909    
   8.5E+07      0.98602      0.00010837    8.5E+07      0.00010837    
   8.55E+07     0.98602      0.00010755    8.55E+07     0.00010755    
   8.6E+07      0.98601      0.00010716    8.6E+07      0.00010716    
   8.65E+07     0.986        0.0001066     8.65E+07     0.0001066     
   8.7E+07      0.986        0.00010578    8.7E+07      0.00010578    
   8.75E+07     0.98599      0.00010575    8.75E+07     0.00010575    
   8.8E+07      0.98598      0.00010535    8.8E+07      0.00010535    
   8.85E+07     0.98597      0.00010455    8.85E+07     0.00010455    
   8.9E+07      0.98597      0.00010374    8.9E+07      0.00010374    
   8.95E+07     0.98598      0.00010345    8.95E+07     0.00010345    
   9E+07        0.98599      0.00010268    9E+07        0.00010268    
   9.05E+07     0.98598      0.00010221    9.05E+07     0.00010221    
   9.1E+07      0.98597      0.00010158    9.1E+07      0.00010158    
   9.15E+07     0.98598      0.00010102    9.15E+07     0.00010102    
   9.2E+07      0.98598      0.00010026    9.2E+07      0.00010026    
   9.25E+07     0.98598      9.9574E-05    9.25E+07     9.9574E-05    
   9.3E+07      0.98599      9.9385E-05    9.3E+07      9.9385E-05    
   9.35E+07     0.98599      9.868E-05     9.35E+07     9.868E-05     
   9.4E+07      0.98598      9.8989E-05    9.4E+07      9.8989E-05    
   9.45E+07     0.98597      9.8306E-05    9.45E+07     9.8306E-05    
   9.5E+07      0.98597      9.7676E-05    9.5E+07      9.7676E-05    
   9.55E+07     0.98598      9.7925E-05    9.55E+07     9.7925E-05    
   9.6E+07      0.98598      9.7237E-05    9.6E+07      9.7237E-05    
   9.65E+07     0.98598      9.6864E-05    9.65E+07     9.6864E-05    
   9.7E+07      0.98598      9.6193E-05    9.7E+07      9.6193E-05    
   9.75E+07     0.98597      9.5613E-05    9.75E+07     9.5613E-05    
   9.8E+07      0.98597      9.5074E-05    9.8E+07      9.5074E-05    
   9.85E+07     0.98597      9.4473E-05    9.85E+07     9.4473E-05    
   9.9E+07      0.98596      9.4222E-05    9.9E+07      9.4222E-05    
   9.95E+07     0.98597      9.4165E-05    9.95E+07     9.4165E-05    
   1E+08        0.98597      9.3649E-05    1E+08        9.3649E-05    
