# This file is written with the intent of being used to plot the data with 
# Gnuplot.  It contains no information regarding how the plot should be 
# formatted.
# =========================================================================
# Research/ArnoldivsPower -f Power2-71.dat -t 500000 -A -c 50 -C 150 -w 20 -b 75 -r  seed = 3977925238
# filename = Power2-71.dat, run = true, power = true, Arnoldi = false, storevectors = 0, raw = false, evectors = 2, evalues = 2, residual = false, arnoldimethod = implicit, tol = 2.22045e-16, verbose = 1, seed = 0, width = 20, bins = 75, acycles = 150, incycles = 50, active = 20, inactive = 0, Iterations = 10, numValues = 2, relaxed = 0, tracks = 500000, ignore_rest = false, version = false, help = false, 

#  1            2            3             4            5             6            7             8            9            
# |-            Power values           -| |-   Power eValues SD   -| |-       FOM-Power      -| |-     Power vector     -| 
#  x-coord      y-coord      error         x-coord      y-coord       x-coord      y-coord       x-coord      y-coord       
   5E+05        0.95784      0             5E+05        0             2.55E+07     0             0.13333      0.017778      
   1E+06        0.96652      0             1E+06        0             2.6E+07      18008         0.4          0.02498       
   1.5E+06      0.97094      0             1.5E+06      0             2.65E+07     20033         0.66667      0.031383      
   2E+06        0.97549      0             2E+06        0             2.7E+07      17931         0.93333      0.037548      
   2.5E+06      0.97534      0             2.5E+06      0             2.75E+07     12016         1.2          0.043826      
   3E+06        0.97782      0             3E+06        0             2.8E+07      14771         1.4667       0.049754      
   3.5E+06      0.97852      0             3.5E+06      0             2.85E+07     19435         1.7333       0.055754      
   4E+06        0.97989      0             4E+06        0             2.9E+07      23276         2            0.061476      
   4.5E+06      0.9809       0             4.5E+06      0             2.95E+07     28516         2.2667       0.067316      
   5E+06        0.98075      0             5E+06        0             3E+07        34510         2.5333       0.072998      
   5.5E+06      0.98075      0             5.5E+06      0             3.05E+07     36560         2.8          0.078497      
   6E+06        0.98444      0             6E+06        0             3.1E+07      40740         3.0667       0.083515      
   6.5E+06      0.98136      0             6.5E+06      0             3.15E+07     46609         3.3333       0.088741      
   7E+06        0.98457      0             7E+06        0             3.2E+07      45020         3.6          0.093835      
   7.5E+06      0.98462      0             7.5E+06      0             3.25E+07     50245         3.8667       0.098887      
   8E+06        0.98365      0             8E+06        0             3.3E+07      55474         4.1333       0.10355       
   8.5E+06      0.98418      0             8.5E+06      0             3.35E+07     57980         4.4          0.10829       
   9E+06        0.984        0             9E+06        0             3.4E+07      59806         4.6667       0.11245       
   9.5E+06      0.98337      0             9.5E+06      0             3.45E+07     61820         4.9333       0.11686       
   1E+07        0.98557      0             1E+07        0             3.5E+07      66332         5.2          0.12059       
   1.05E+07     0.98503      0             1.05E+07     0             3.55E+07     62346         5.4667       0.12438       
   1.1E+07      0.98776      0             1.1E+07      0             3.6E+07      64245         5.7333       0.12793       
   1.15E+07     0.98626      0             1.15E+07     0             3.65E+07     68497         6            0.13114       
   1.2E+07      0.98348      0             1.2E+07      0             3.7E+07      67185         6.2667       0.13464       
   1.25E+07     0.98703      0             1.25E+07     0             3.75E+07     70526         6.5333       0.13769       
   1.3E+07      0.98614      0             1.3E+07      0             3.8E+07      74353         6.8          0.14053       
   1.35E+07     0.98647      0             1.35E+07     0             3.85E+07     77438         7.0667       0.1434        
   1.4E+07      0.98722      0             1.4E+07      0             3.9E+07      81797         7.3333       0.14595       
   1.45E+07     0.98456      0             1.45E+07     0             3.95E+07     86168         7.6          0.14804       
   1.5E+07      0.98405      0             1.5E+07      0             4E+07        89139         7.8667       0.14992       
   1.55E+07     0.9856       0             1.55E+07     0             4.05E+07     89317         8.1333       0.15191       
   1.6E+07      0.98594      0             1.6E+07      0             4.1E+07      89753         8.4          0.15346       
   1.65E+07     0.98545      0             1.65E+07     0             4.15E+07     94199         8.6667       0.15481       
   1.7E+07      0.98533      0             1.7E+07      0             4.2E+07      97617         8.9333       0.15612       
   1.75E+07     0.98295      0             1.75E+07     0             4.25E+07     98762         9.2          0.15673       
   1.8E+07      0.98416      0             1.8E+07      0             4.3E+07      94849         9.4667       0.15718       
   1.85E+07     0.98631      0             1.85E+07     0             4.35E+07     91424         9.7333       0.1577        
   1.9E+07      0.98654      0             1.9E+07      0             4.4E+07      90310         10           0.15755       
   1.95E+07     0.9858       0             1.95E+07     0             4.45E+07     92438         10.267       0.15787       
   2E+07        0.98472      0             2E+07        0             4.5E+07      95939         10.533       0.15728       
   2.05E+07     0.98389      0             2.05E+07     0             4.55E+07     96939         10.8         0.15679       
   2.1E+07      0.98676      0             2.1E+07      0             4.6E+07      1.0038E+05    11.067       0.15604       
   2.15E+07     0.98847      0             2.15E+07     0             4.65E+07     1.0235E+05    11.333       0.15476       
   2.2E+07      0.98442      0             2.2E+07      0             4.7E+07      1.055E+05     11.6         0.15348       
   2.25E+07     0.988        0             2.25E+07     0             4.75E+07     1.0862E+05    11.867       0.15183       
   2.3E+07      0.98691      0             2.3E+07      0             4.8E+07      1.1217E+05    12.133       0.14994       
   2.35E+07     0.98515      0             2.35E+07     0             4.85E+07     1.1515E+05    12.4         0.14818       
   2.4E+07      0.98502      0             2.4E+07      0             4.9E+07      1.1394E+05    12.667       0.14568       
   2.45E+07     0.98731      0             2.45E+07     0             4.95E+07     1.1691E+05    12.933       0.14306       
   2.5E+07      0.98474      0             2.5E+07      0             5E+07        1.173E+05     13.2         0.1404        
   2.55E+07     0.98582      6.1807E-09    2.55E+07     6.1807E-09    5.05E+07     1.2023E+05    13.467       0.1372        
   2.6E+07      0.98491      0.00064201    2.6E+07      0.00064201    5.1E+07      1.2367E+05    13.733       0.13453       
   2.65E+07     0.98439      0.00060275    2.65E+07     0.00060275    5.15E+07     1.2483E+05    14           0.13134       
   2.7E+07      0.9849       0.00063086    2.7E+07      0.00063086    5.2E+07      1.2822E+05    14.267       0.12789       
   2.75E+07     0.98554      0.00076331    2.75E+07     0.00076331    5.25E+07     1.3175E+05    14.533       0.12366       
   2.8E+07      0.98527      0.00068221    2.8E+07      0.00068221    5.3E+07      1.3367E+05    14.8         0.11997       
   2.85E+07     0.98535      0.00058936    2.85E+07     0.00058936    5.35E+07     1.2771E+05    15.067       0.1159        
   2.9E+07      0.98549      0.00053385    2.9E+07      0.00053385    5.4E+07      1.3099E+05    15.333       0.11194       
   2.95E+07     0.98543      0.00047824    2.95E+07     0.00047824    5.45E+07     1.3295E+05    15.6         0.1074        
   3E+07        0.98545      0.00043096    3E+07        0.00043096    5.5E+07      1.3597E+05    15.867       0.10283       
   3.05E+07     0.9856       0.00041514    3.05E+07     0.00041514    5.55E+07     1.3468E+05    16.133       0.097906      
   3.1E+07      0.98551      0.00038999    3.1E+07      0.00038999    5.6E+07      1.3209E+05    16.4         0.093244      
   3.15E+07     0.98547      0.00036155    3.15E+07     0.00036155    5.65E+07     1.344E+05     16.667       0.088108      
   3.2E+07      0.98533      0.00036498    3.2E+07      0.00036498    5.7E+07      1.3746E+05    16.933       0.08302       
   3.25E+07     0.98529      0.00034277    3.25E+07     0.00034277    5.75E+07     1.3855E+05    17.2         0.077757      
   3.3E+07      0.98533      0.00032363    3.3E+07      0.00032363    5.8E+07      1.3997E+05    17.467       0.072667      
   3.35E+07     0.98541      0.00031422    3.35E+07     0.00031422    5.85E+07     1.4186E+05    17.733       0.066548      
   3.4E+07      0.98549      0.00030697    3.4E+07      0.00030697    5.9E+07      1.4356E+05    18           0.061094      
   3.45E+07     0.98556      0.00029961    3.45E+07     0.00029961    5.95E+07     1.4654E+05    18.267       0.055379      
   3.5E+07      0.9856       0.00028711    3.5E+07      0.00028711    6E+07        1.4369E+05    18.533       0.049462      
   3.55E+07     0.98571      0.00029406    3.55E+07     0.00029406    6.05E+07     1.4657E+05    18.8         0.043391      
   3.6E+07      0.98577      0.00028758    3.6E+07      0.00028758    6.1E+07      1.4945E+05    19.067       0.037135      
   3.65E+07     0.9858       0.00027656    3.65E+07     0.00027656    6.15E+07     1.4499E+05    19.333       0.031185      
   3.7E+07      0.98589      0.00027733    3.7E+07      0.00027733    6.2E+07      1.4552E+05    19.6         0.024648      
   3.75E+07     0.98592      0.00026877    3.75E+07     0.00026877    6.25E+07     1.4674E+05    19.867       0.01754       
   3.8E+07      0.98595      0.00026004    3.8E+07      0.00026004    6.3E+07      1.494E+05     
   3.85E+07     0.98599      0.00025312    3.85E+07     0.00025312    6.35E+07     1.5204E+05    
   3.9E+07      0.98597      0.00024465    3.9E+07      0.00024465    6.4E+07      1.4789E+05    
   3.95E+07     0.98599      0.0002368     3.95E+07     0.0002368     6.45E+07     1.5052E+05    
   4E+07        0.98596      0.00023117    4E+07        0.00023117    6.5E+07      1.5093E+05    
   4.05E+07     0.98601      0.0002295     4.05E+07     0.0002295     6.55E+07     1.5326E+05    
   4.1E+07      0.98596      0.00022752    4.1E+07      0.00022752    6.6E+07      1.5568E+05    
   4.15E+07     0.98595      0.00022071    4.15E+07     0.00022071    6.65E+07     1.5696E+05    
   4.2E+07      0.98598      0.0002155     4.2E+07      0.0002155     6.7E+07      1.5888E+05    
   4.25E+07     0.98594      0.00021298    4.25E+07     0.00021298    6.75E+07     1.6071E+05    
   4.3E+07      0.98588      0.00021603    4.3E+07      0.00021603    6.8E+07      1.6325E+05    
   4.35E+07     0.98594      0.00021876    4.35E+07     0.00021876    6.85E+07     1.6465E+05    
   4.4E+07      0.98589      0.00021883    4.4E+07      0.00021883    6.9E+07      1.6198E+05    
   4.45E+07     0.98586      0.00021506    4.45E+07     0.00021506    6.95E+07     1.6227E+05    
   4.5E+07      0.98585      0.00020987    4.5E+07      0.00020987    7E+07        1.5953E+05    
   4.55E+07     0.98588      0.00020761    4.55E+07     0.00020761    7.05E+07     1.617E+05     
   4.6E+07      0.98587      0.00020287    4.6E+07      0.00020287    7.1E+07      1.6062E+05    
   4.65E+07     0.98585      0.00019982    4.65E+07     0.00019982    7.15E+07     1.6297E+05    
   4.7E+07      0.98584      0.00019574    4.7E+07      0.00019574    7.2E+07      1.6521E+05    
   4.75E+07     0.98585      0.00019186    4.75E+07     0.00019186    7.25E+07     1.665E+05     
   4.8E+07      0.98586      0.00018781    4.8E+07      0.00018781    7.3E+07      1.6813E+05    
   4.85E+07     0.98584      0.00018439    4.85E+07     0.00018439    7.35E+07     1.7047E+05    
   4.9E+07      0.9858       0.00018438    4.9E+07      0.00018438    7.4E+07      1.7273E+05    
   4.95E+07     0.98582      0.00018109    4.95E+07     0.00018109    7.45E+07     1.7493E+05    
   5E+07        0.98585      0.00017988    5E+07        0.00017988    7.5E+07      1.7532E+05    
   5.05E+07     0.98586      0.00017676    5.05E+07     0.00017676    7.55E+07     1.6719E+05    
   5.1E+07      0.98585      0.00017343    5.1E+07      0.00017343    7.6E+07      1.6041E+05    
   5.15E+07     0.98583      0.00017178    5.15E+07     0.00017178    7.65E+07     1.6245E+05    
   5.2E+07      0.98583      0.00016863    5.2E+07      0.00016863    7.7E+07      1.6372E+05    
   5.25E+07     0.98583      0.00016557    5.25E+07     0.00016557    7.75E+07     1.6189E+05    
   5.3E+07      0.98581      0.0001636     5.3E+07      0.0001636     7.8E+07      1.6247E+05    
   5.35E+07     0.98585      0.00016657    5.35E+07     0.00016657    7.85E+07     1.6045E+05    
   5.4E+07      0.98585      0.0001637     5.4E+07      0.0001637     7.9E+07      1.6237E+05    
   5.45E+07     0.98584      0.00016174    5.45E+07     0.00016174    7.95E+07     1.6381E+05    
   5.5E+07      0.98583      0.00015918    5.5E+07      0.00015918    8E+07        1.6323E+05    
   5.55E+07     0.98586      0.00015921    5.55E+07     0.00015921    8.05E+07     1.643E+05     
   5.6E+07      0.98589      0.00016004    5.6E+07      0.00016004    8.1E+07      1.6552E+05    
   5.65E+07     0.98588      0.00015791    5.65E+07     0.00015791    8.15E+07     1.6743E+05    
   5.7E+07      0.98588      0.00015545    5.7E+07      0.00015545    8.2E+07      1.6712E+05    
   5.75E+07     0.9859       0.00015415    5.75E+07     0.00015415    8.25E+07     1.6707E+05    
   5.8E+07      0.98592      0.00015269    5.8E+07      0.00015269    8.3E+07      1.612E+05     
   5.85E+07     0.9859       0.00015101    5.85E+07     0.00015101    8.35E+07     1.6234E+05    
   5.9E+07      0.98592      0.00014945    5.9E+07      0.00014945    8.4E+07      1.6287E+05    
   5.95E+07     0.98592      0.0001473     5.95E+07     0.0001473     8.45E+07     1.5768E+05    
   6E+07        0.98595      0.00014813    6E+07        0.00014813    8.5E+07      1.5932E+05    
   6.05E+07     0.98595      0.00014605    6.05E+07     0.00014605    8.55E+07     1.6102E+05    
   6.1E+07      0.98595      0.00014403    6.1E+07      0.00014403    8.6E+07      1.6273E+05    
   6.15E+07     0.98591      0.00014563    6.15E+07     0.00014563    8.65E+07     1.6326E+05    
   6.2E+07      0.98593      0.00014475    6.2E+07      0.00014475    8.7E+07      1.6493E+05    
   6.25E+07     0.98595      0.00014357    6.25E+07     0.00014357    8.75E+07     1.6666E+05    
   6.3E+07      0.98594      0.00014172    6.3E+07      0.00014172    8.8E+07      1.6833E+05    
   6.35E+07     0.98595      0.00013991    6.35E+07     0.00013991    8.85E+07     1.6995E+05    
   6.4E+07      0.98592      0.00014131    6.4E+07      0.00014131    8.9E+07      1.7112E+05    
   6.45E+07     0.98592      0.00013952    6.45E+07     0.00013952    8.95E+07     1.7242E+05    
   6.5E+07      0.9859       0.00013877    6.5E+07      0.00013877    9E+07        1.7403E+05    
   6.55E+07     0.98591      0.00013718    6.55E+07     0.00013718    9.05E+07     1.7032E+05    
   6.6E+07      0.98591      0.00013559    6.6E+07      0.00013559    9.1E+07      1.7183E+05    
   6.65E+07     0.98592      0.00013452    6.65E+07     0.00013452    9.15E+07     1.7339E+05    
   6.7E+07      0.98591      0.0001332     6.7E+07      0.0001332     9.2E+07      1.7493E+05    
   6.75E+07     0.98591      0.00013195    6.75E+07     0.00013195    9.25E+07     1.7439E+05    
   6.8E+07      0.98591      0.00013042    6.8E+07      0.00013042    9.3E+07      1.7579E+05    
   6.85E+07     0.9859       0.00012938    6.85E+07     0.00012938    9.35E+07     1.7493E+05    
   6.9E+07      0.98587      0.00012996    6.9E+07      0.00012996    9.4E+07      1.7586E+05    
   6.95E+07     0.98586      0.00012938    6.95E+07     0.00012938    9.45E+07     1.7719E+05    
   7E+07        0.98588      0.00013002    7E+07        0.00013002    9.5E+07      1.7866E+05    
   7.05E+07     0.98589      0.00012868    7.05E+07     0.00012868    9.55E+07     1.7918E+05    
   7.1E+07      0.9859       0.00012864    7.1E+07      0.00012864    9.6E+07      1.7891E+05    
   7.15E+07     0.9859       0.00012726    7.15E+07     0.00012726    9.65E+07     1.8037E+05    
   7.2E+07      0.9859       0.00012596    7.2E+07      0.00012596    9.7E+07      1.8164E+05    
   7.25E+07     0.98589      0.00012502    7.25E+07     0.00012502    9.75E+07     1.8211E+05    
   7.3E+07      0.98588      0.00012398    7.3E+07      0.00012398    9.8E+07      1.8372E+05    
   7.35E+07     0.98588      0.00012271    7.35E+07     0.00012271    9.85E+07     1.847E+05     
   7.4E+07      0.98588      0.00012148    7.4E+07      0.00012148    9.9E+07      1.8446E+05    
   7.45E+07     0.98588      0.00012031    7.45E+07     0.00012031    9.95E+07     1.8554E+05    
   7.5E+07      0.98587      0.00011977    7.5E+07      0.00011977    1E+08        1.8612E+05    
   7.55E+07     0.9859       0.00012223    7.55E+07     0.00012223    
   7.6E+07      0.98587      0.00012437    7.6E+07      0.00012437    
   7.65E+07     0.98587      0.00012318    7.65E+07     0.00012318    
   7.7E+07      0.98586      0.00012228    7.7E+07      0.00012228    
   7.75E+07     0.98588      0.00012258    7.75E+07     0.00012258    
   7.8E+07      0.98587      0.00012196    7.8E+07      0.00012196    
   7.85E+07     0.98585      0.00012233    7.85E+07     0.00012233    
   7.9E+07      0.98585      0.00012121    7.9E+07      0.00012121    
   7.95E+07     0.98584      0.00012029    7.95E+07     0.00012029    
   8E+07        0.98585      0.00012012    8E+07        0.00012012    
   8.05E+07     0.98586      0.00011935    8.05E+07     0.00011935    
   8.1E+07      0.98587      0.00011854    8.1E+07      0.00011854    
   8.15E+07     0.98587      0.0001175     8.15E+07     0.0001175     
   8.2E+07      0.98586      0.00011725    8.2E+07      0.00011725    
   8.25E+07     0.98587      0.0001169     8.25E+07     0.0001169     
   8.3E+07      0.98589      0.00011865    8.3E+07      0.00011865    
   8.35E+07     0.9859       0.00011788    8.35E+07     0.00011788    
   8.4E+07      0.98589      0.00011733    8.4E+07      0.00011733    
   8.45E+07     0.98587      0.00011889    8.45E+07     0.00011889    
   8.5E+07      0.98587      0.00011792    8.5E+07      0.00011792    
   8.55E+07     0.98587      0.00011695    8.55E+07     0.00011695    
   8.6E+07      0.98587      0.00011599    8.6E+07      0.00011599    
   8.65E+07     0.98588      0.00011547    8.65E+07     0.00011547    
   8.7E+07      0.98588      0.00011454    8.7E+07      0.00011454    
   8.75E+07     0.98588      0.00011363    8.75E+07     0.00011363    
   8.8E+07      0.98588      0.00011274    8.8E+07      0.00011274    
   8.85E+07     0.98587      0.00011187    8.85E+07     0.00011187    
   8.9E+07      0.98588      0.00011117    8.9E+07      0.00011117    
   8.95E+07     0.98589      0.00011044    8.95E+07     0.00011044    
   9E+07        0.98588      0.00010961    9E+07        0.00010961    
   9.05E+07     0.9859       0.00011049    9.05E+07     0.00011049    
   9.1E+07      0.9859       0.0001097     9.1E+07      0.0001097     
   9.15E+07     0.9859       0.0001089     9.15E+07     0.0001089     
   9.2E+07      0.9859       0.00010812    9.2E+07      0.00010812    
   9.25E+07     0.98589      0.000108      9.25E+07     0.000108      
   9.3E+07      0.98589      0.00010727    9.3E+07      0.00010727    
   9.35E+07     0.98588      0.00010725    9.35E+07     0.00010725    
   9.4E+07      0.98589      0.00010668    9.4E+07      0.00010668    
   9.45E+07     0.98589      0.00010599    9.45E+07     0.00010599    
   9.5E+07      0.98589      0.00010527    9.5E+07      0.00010527    
   9.55E+07     0.98588      0.00010484    9.55E+07     0.00010484    
   9.6E+07      0.98587      0.00010465    9.6E+07      0.00010465    
   9.65E+07     0.98587      0.00010395    9.65E+07     0.00010395    
   9.7E+07      0.98588      0.00010332    9.7E+07      0.00010332    
   9.75E+07     0.98587      0.00010291    9.75E+07     0.00010291    
   9.8E+07      0.98587      0.00010221    9.8E+07      0.00010221    
   9.85E+07     0.98586      0.00010168    9.85E+07     0.00010168    
   9.9E+07      0.98585      0.00010148    9.9E+07      0.00010148    
   9.95E+07     0.98585      0.00010093    9.95E+07     0.00010093    
   1E+08        0.98584      0.00010053    1E+08        0.00010053    
