# This file is written with the intent of being used to plot the data with 
# Gnuplot.  It contains no information regarding how the plot should be 
# formatted.
# =========================================================================
# Research/ArnoldivsPower -f Power2-20.dat -t 500000 -A -c 50 -C 150 -w 20 -b 75 -r  seed = 1169028573
# filename = Power2-20.dat, run = true, power = true, Arnoldi = false, storevectors = 0, raw = false, evectors = 2, evalues = 2, residual = false, arnoldimethod = implicit, tol = 2.22045e-16, verbose = 1, seed = 0, width = 20, bins = 75, acycles = 150, incycles = 50, active = 20, inactive = 0, Iterations = 10, numValues = 2, relaxed = 0, tracks = 500000, ignore_rest = false, version = false, help = false, 

#  1            2            3             4            5             6            7             8            9            
# |-            Power values           -| |-   Power eValues SD   -| |-       FOM-Power      -| |-     Power vector     -| 
#  x-coord      y-coord      error         x-coord      y-coord       x-coord      y-coord       x-coord      y-coord       
   5E+05        0.95803      0             5E+05        0             2.55E+07     0             0.13333      0.017477      
   1E+06        0.9659       0             1E+06        0             2.6E+07      14432         0.4          0.024531      
   1.5E+06      0.97242      0             1.5E+06      0             2.65E+07     15550         0.66667      0.030783      
   2E+06        0.97554      0             2E+06        0             2.7E+07      26635         0.93333      0.037259      
   2.5E+06      0.97659      0             2.5E+06      0             2.75E+07     37382         1.2          0.043357      
   3E+06        0.97662      0             3E+06        0             2.8E+07      36651         1.4667       0.049029      
   3.5E+06      0.98034      0             3.5E+06      0             2.85E+07     46257         1.7333       0.054921      
   4E+06        0.98173      0             4E+06        0             2.9E+07      57346         2            0.060863      
   4.5E+06      0.9827       0             4.5E+06      0             2.95E+07     49410         2.2667       0.066249      
   5E+06        0.98004      0             5E+06        0             3E+07        59433         2.5333       0.071539      
   5.5E+06      0.9834       0             5.5E+06      0             3.05E+07     67433         2.8          0.077024      
   6E+06        0.98122      0             6E+06        0             3.1E+07      69174         3.0667       0.082092      
   6.5E+06      0.98399      0             6.5E+06      0             3.15E+07     79384         3.3333       0.087404      
   7E+06        0.98336      0             7E+06        0             3.2E+07      73494         3.6          0.092643      
   7.5E+06      0.98442      0             7.5E+06      0             3.25E+07     77073         3.8667       0.09723       
   8E+06        0.98404      0             8E+06        0             3.3E+07      78306         4.1333       0.10169       
   8.5E+06      0.98163      0             8.5E+06      0             3.35E+07     86597         4.4          0.10637       
   9E+06        0.98309      0             9E+06        0             3.4E+07      94582         4.6667       0.1106        
   9.5E+06      0.98737      0             9.5E+06      0             3.45E+07     1.0159E+05    4.9333       0.11542       
   1E+07        0.9859       0             1E+07        0             3.5E+07      85786         5.2          0.11927       
   1.05E+07     0.98449      0             1.05E+07     0             3.55E+07     89467         5.4667       0.12332       
   1.1E+07      0.98473      0             1.1E+07      0             3.6E+07      93813         5.7333       0.12712       
   1.15E+07     0.98532      0             1.15E+07     0             3.65E+07     1.0092E+05    6            0.13027       
   1.2E+07      0.98514      0             1.2E+07      0             3.7E+07      1.032E+05     6.2667       0.13314       
   1.25E+07     0.98615      0             1.25E+07     0             3.75E+07     1.0966E+05    6.5333       0.13642       
   1.3E+07      0.9861       0             1.3E+07      0             3.8E+07      1.1691E+05    6.8          0.13962       
   1.35E+07     0.98686      0             1.35E+07     0             3.85E+07     1.2378E+05    7.0667       0.14252       
   1.4E+07      0.98362      0             1.4E+07      0             3.9E+07      1.3115E+05    7.3333       0.14469       
   1.45E+07     0.98452      0             1.45E+07     0             3.95E+07     1.3322E+05    7.6          0.1469        
   1.5E+07      0.98498      0             1.5E+07      0             4E+07        1.3955E+05    7.8667       0.14899       
   1.55E+07     0.98481      0             1.55E+07     0             4.05E+07     1.4703E+05    8.1333       0.15091       
   1.6E+07      0.98666      0             1.6E+07      0             4.1E+07      1.1841E+05    8.4          0.15263       
   1.65E+07     0.9849       0             1.65E+07     0             4.15E+07     1.2143E+05    8.6667       0.15392       
   1.7E+07      0.98722      0             1.7E+07      0             4.2E+07      1.2547E+05    8.9333       0.15523       
   1.75E+07     0.98683      0             1.75E+07     0             4.25E+07     1.2885E+05    9.2          0.15649       
   1.8E+07      0.9846       0             1.8E+07      0             4.3E+07      1.259E+05     9.4667       0.15685       
   1.85E+07     0.98396      0             1.85E+07     0             4.35E+07     1.2813E+05    9.7333       0.15723       
   1.9E+07      0.98401      0             1.9E+07      0             4.4E+07      1.3358E+05    10           0.15836       
   1.95E+07     0.98648      0             1.95E+07     0             4.45E+07     1.3837E+05    10.267       0.15797       
   2E+07        0.98553      0             2E+07        0             4.5E+07      1.3825E+05    10.533       0.15769       
   2.05E+07     0.98701      0             2.05E+07     0             4.55E+07     1.4198E+05    10.8         0.1574        
   2.1E+07      0.98444      0             2.1E+07      0             4.6E+07      1.4605E+05    11.067       0.15653       
   2.15E+07     0.98296      0             2.15E+07     0             4.65E+07     1.5112E+05    11.333       0.15536       
   2.2E+07      0.98696      0             2.2E+07      0             4.7E+07      1.563E+05     11.6         0.15415       
   2.25E+07     0.98583      0             2.25E+07     0             4.75E+07     1.6158E+05    11.867       0.15288       
   2.3E+07      0.98758      0             2.3E+07      0             4.8E+07      1.6416E+05    12.133       0.15101       
   2.35E+07     0.98717      0             2.35E+07     0             4.85E+07     1.507E+05     12.4         0.14925       
   2.4E+07      0.98566      0             2.4E+07      0             4.9E+07      1.5467E+05    12.667       0.14683       
   2.45E+07     0.98322      0             2.45E+07     0             4.95E+07     1.5804E+05    12.933       0.14471       
   2.5E+07      0.98541      0             2.5E+07      0             5E+07        1.6231E+05    13.2         0.1416        
   2.55E+07     0.98655      6.5167E-09    2.55E+07     6.5167E-09    5.05E+07     1.5662E+05    13.467       0.13859       
   2.6E+07      0.98553      0.00072132    2.6E+07      0.00072132    5.1E+07      1.568E+05     13.733       0.136         
   2.65E+07     0.98614      0.00068792    2.65E+07     0.00068792    5.15E+07     1.5863E+05    14           0.13264       
   2.7E+07      0.98622      0.00052058    2.7E+07      0.00052058    5.2E+07      1.5407E+05    14.267       0.12934       
   2.75E+07     0.98636      0.00043518    2.75E+07     0.00043518    5.25E+07     1.5573E+05    14.533       0.12574       
   2.8E+07      0.98609      0.0004355     2.8E+07      0.0004355     5.3E+07      1.5985E+05    14.8         0.12145       
   2.85E+07     0.98599      0.00038411    2.85E+07     0.00038411    5.35E+07     1.6185E+05    15.067       0.1177        
   2.9E+07      0.98593      0.000342      2.9E+07      0.000342      5.4E+07      1.4188E+05    15.333       0.11333       
   2.95E+07     0.98571      0.00036522    2.95E+07     0.00036522    5.45E+07     1.4423E+05    15.6         0.1086        
   3E+07        0.98568      0.00033007    3E+07        0.00033007    5.5E+07      1.4685E+05    15.867       0.10391       
   3.05E+07     0.98561      0.00030724    3.05E+07     0.00030724    5.55E+07     1.5034E+05    16.133       0.099045      
   3.1E+07      0.98572      0.00030087    3.1E+07      0.00030087    5.6E+07      1.5388E+05    16.4         0.094241      
   3.15E+07     0.9857       0.00027849    3.15E+07     0.00027849    5.65E+07     1.5377E+05    16.667       0.088926      
   3.2E+07      0.98557      0.00028715    3.2E+07      0.00028715    5.7E+07      1.5682E+05    16.933       0.083982      
   3.25E+07     0.98549      0.00027817    3.25E+07     0.00027817    5.75E+07     1.5578E+05    17.2         0.078585      
   3.3E+07      0.98558      0.00027378    3.3E+07      0.00027378    5.8E+07      1.5883E+05    17.467       0.073138      
   3.35E+07     0.98556      0.00025839    3.35E+07     0.00025839    5.85E+07     1.6031E+05    17.733       0.067497      
   3.4E+07      0.98559      0.00024538    3.4E+07      0.00024538    5.9E+07      1.6309E+05    18           0.061366      
   3.45E+07     0.98562      0.00023497    3.45E+07     0.00023497    5.95E+07     1.6638E+05    18.267       0.055944      
   3.5E+07      0.98575      0.00025385    3.5E+07      0.00025385    6E+07        1.56E+05      18.533       0.050001      
   3.55E+07     0.9858       0.00024678    3.55E+07     0.00024678    6.05E+07     1.525E+05     18.8         0.04392       
   3.6E+07      0.98584      0.00023928    3.6E+07      0.00023928    6.1E+07      1.5524E+05    19.067       0.037905      
   3.65E+07     0.98585      0.0002291     3.65E+07     0.0002291     6.15E+07     1.4562E+05    19.333       0.03146       
   3.7E+07      0.9859       0.00022498    3.7E+07      0.00022498    6.2E+07      1.4526E+05    19.6         0.02505       
   3.75E+07     0.98588      0.00021672    3.75E+07     0.00021672    6.25E+07     1.4688E+05    19.867       0.017829      
   3.8E+07      0.98589      0.00020849    3.8E+07      0.00020849    6.3E+07      1.3498E+05    
   3.85E+07     0.9859       0.00020129    3.85E+07     0.00020129    6.35E+07     1.3746E+05    
   3.9E+07      0.9859       0.00019425    3.9E+07      0.00019425    6.4E+07      1.3398E+05    
   3.95E+07     0.98586      0.00019151    3.95E+07     0.00019151    6.45E+07     1.3491E+05    
   4E+07        0.98587      0.00018591    4E+07        0.00018591    6.5E+07      1.3695E+05    
   4.05E+07     0.98587      0.00017995    4.05E+07     0.00017995    6.55E+07     1.3029E+05    
   4.1E+07      0.98597      0.00019927    4.1E+07      0.00019927    6.6E+07      1.3219E+05    
   4.15E+07     0.98594      0.00019558    4.15E+07     0.00019558    6.65E+07     1.3417E+05    
   4.2E+07      0.98591      0.00019119    4.2E+07      0.00019119    6.7E+07      1.361E+05     
   4.25E+07     0.98594      0.00018756    4.25E+07     0.00018756    6.75E+07     1.3617E+05    
   4.3E+07      0.98599      0.00018859    4.3E+07      0.00018859    6.8E+07      1.3672E+05    
   4.35E+07     0.98602      0.00018583    4.35E+07     0.00018583    6.85E+07     1.3773E+05    
   4.4E+07      0.98602      0.00018095    4.4E+07      0.00018095    6.9E+07      1.3958E+05    
   4.45E+07     0.98603      0.00017678    4.45E+07     0.00017678    6.95E+07     1.4157E+05    
   4.5E+07      0.98607      0.00017583    4.5E+07      0.00017583    7E+07        1.4214E+05    
   4.55E+07     0.98605      0.00017255    4.55E+07     0.00017255    7.05E+07     1.4194E+05    
   4.6E+07      0.98607      0.00016919    4.6E+07      0.00016919    7.1E+07      1.4185E+05    
   4.65E+07     0.98607      0.00016543    4.65E+07     0.00016543    7.15E+07     1.435E+05     
   4.7E+07      0.98607      0.00016178    4.7E+07      0.00016178    7.2E+07      1.4442E+05    
   4.75E+07     0.98607      0.00015826    4.75E+07     0.00015826    7.25E+07     1.4501E+05    
   4.8E+07      0.98609      0.00015619    4.8E+07      0.00015619    7.3E+07      1.4589E+05    
   4.85E+07     0.98604      0.00016212    4.85E+07     0.00016212    7.35E+07     1.4783E+05    
   4.9E+07      0.98605      0.0001592     4.9E+07      0.0001592     7.4E+07      1.4899E+05    
   4.95E+07     0.98604      0.0001567     4.95E+07     0.0001567     7.45E+07     1.5029E+05    
   5E+07        0.98605      0.00015382    5E+07        0.00015382    7.5E+07      1.5227E+05    
   5.05E+07     0.98608      0.00015582    5.05E+07     0.00015582    7.55E+07     1.5427E+05    
   5.1E+07      0.98611      0.00015497    5.1E+07      0.00015497    7.6E+07      1.5625E+05    
   5.15E+07     0.98613      0.00015329    5.15E+07     0.00015329    7.65E+07     1.576E+05     
   5.2E+07      0.98617      0.00015479    5.2E+07      0.00015479    7.7E+07      1.5883E+05    
   5.25E+07     0.98615      0.00015322    5.25E+07     0.00015322    7.75E+07     1.5891E+05    
   5.3E+07      0.98615      0.00015052    5.3E+07      0.00015052    7.8E+07      1.6017E+05    
   5.35E+07     0.98613      0.00014888    5.35E+07     0.00014888    7.85E+07     1.6148E+05    
   5.4E+07      0.98607      0.00015826    5.4E+07      0.00015826    7.9E+07      1.6343E+05    
   5.45E+07     0.98609      0.00015623    5.45E+07     0.00015623    7.95E+07     1.6532E+05    
   5.5E+07      0.9861       0.00015412    5.5E+07      0.00015412    8E+07        1.6568E+05    
   5.55E+07     0.9861       0.00015162    5.55E+07     0.00015162    8.05E+07     1.6671E+05    
   5.6E+07      0.9861       0.00014919    5.6E+07      0.00014919    8.1E+07      1.6829E+05    
   5.65E+07     0.98612      0.00014858    5.65E+07     0.00014858    8.15E+07     1.7024E+05    
   5.7E+07      0.98611      0.00014648    5.7E+07      0.00014648    8.2E+07      1.6941E+05    
   5.75E+07     0.98609      0.00014632    5.75E+07     0.00014632    8.25E+07     1.7107E+05    
   5.8E+07      0.98608      0.00014427    5.8E+07      0.00014427    8.3E+07      1.6245E+05    
   5.85E+07     0.98607      0.00014298    5.85E+07     0.00014298    8.35E+07     1.6312E+05    
   5.9E+07      0.98607      0.00014115    5.9E+07      0.00014115    8.4E+07      1.6486E+05    
   5.95E+07     0.98608      0.00013915    5.95E+07     0.00013915    8.45E+07     1.6298E+05    
   6E+07        0.98604      0.00014311    6E+07        0.00014311    8.5E+07      1.6467E+05    
   6.05E+07     0.98601      0.00014414    6.05E+07     0.00014414    8.55E+07     1.6634E+05    
   6.1E+07      0.986        0.00014227    6.1E+07      0.00014227    8.6E+07      1.6585E+05    
   6.15E+07     0.98596      0.00014629    6.15E+07     0.00014629    8.65E+07     1.6744E+05    
   6.2E+07      0.98594      0.00014588    6.2E+07      0.00014588    8.7E+07      1.691E+05     
   6.25E+07     0.98592      0.00014448    6.25E+07     0.00014448    8.75E+07     1.6745E+05    
   6.3E+07      0.98597      0.00015012    6.3E+07      0.00015012    8.8E+07      1.6917E+05    
   6.35E+07     0.98597      0.00014817    6.35E+07     0.00014817    8.85E+07     1.7085E+05    
   6.4E+07      0.986        0.00014948    6.4E+07      0.00014948    8.9E+07      1.711E+05     
   6.45E+07     0.98602      0.00014839    6.45E+07     0.00014839    8.95E+07     1.7231E+05    
   6.5E+07      0.98601      0.00014671    6.5E+07      0.00014671    9E+07        1.7395E+05    
   6.55E+07     0.98605      0.00014982    6.55E+07     0.00014982    9.05E+07     1.7464E+05    
   6.6E+07      0.98606      0.00014817    6.6E+07      0.00014817    9.1E+07      1.7196E+05    
   6.65E+07     0.98605      0.00014652    6.65E+07     0.00014652    9.15E+07     1.726E+05     
   6.7E+07      0.98604      0.00014493    6.7E+07      0.00014493    9.2E+07      1.7096E+05    
   6.75E+07     0.98603      0.00014436    6.75E+07     0.00014436    9.25E+07     1.7218E+05    
   6.8E+07      0.98604      0.00014354    6.8E+07      0.00014354    9.3E+07      1.7336E+05    
   6.85E+07     0.98603      0.00014248    6.85E+07     0.00014248    9.35E+07     1.7159E+05    
   6.9E+07      0.98602      0.00014101    6.9E+07      0.00014101    9.4E+07      1.7058E+05    
   6.95E+07     0.98603      0.00013951    6.95E+07     0.00013951    9.45E+07     1.7144E+05    
   7E+07        0.98601      0.00013873    7E+07        0.00013873    9.5E+07      1.7294E+05    
   7.05E+07     0.986        0.00013831    7.05E+07     0.00013831    9.55E+07     1.7409E+05    
   7.1E+07      0.98601      0.00013787    7.1E+07      0.00013787    9.6E+07      1.7565E+05    
   7.15E+07     0.98601      0.00013658    7.15E+07     0.00013658    9.65E+07     1.7589E+05    
   7.2E+07      0.98602      0.00013564    7.2E+07      0.00013564    9.7E+07      1.7652E+05    
   7.25E+07     0.986        0.0001349     7.25E+07     0.0001349     9.75E+07     1.7802E+05    
   7.3E+07      0.98602      0.00013403    7.3E+07      0.00013403    9.8E+07      1.7938E+05    
   7.35E+07     0.98602      0.00013269    7.35E+07     0.00013269    9.85E+07     1.7919E+05    
   7.4E+07      0.98601      0.00013172    7.4E+07      0.00013172    9.9E+07      1.8019E+05    
   7.45E+07     0.98602      0.00013071    7.45E+07     0.00013071    9.95E+07     1.813E+05     
   7.5E+07      0.98602      0.0001294     7.5E+07      0.0001294     1E+08        1.8268E+05    
   7.55E+07     0.98602      0.00012813    7.55E+07     0.00012813    
   7.6E+07      0.98602      0.0001269     7.6E+07      0.0001269     
   7.65E+07     0.98601      0.00012593    7.65E+07     0.00012593    
   7.7E+07      0.98602      0.00012502    7.7E+07      0.00012502    
   7.75E+07     0.98601      0.00012459    7.75E+07     0.00012459    
   7.8E+07      0.98602      0.00012369    7.8E+07      0.00012369    
   7.85E+07     0.98603      0.00012279    7.85E+07     0.00012279    
   7.9E+07      0.98602      0.00012167    7.9E+07      0.00012167    
   7.95E+07     0.98603      0.00012059    7.95E+07     0.00012059    
   8E+07        0.98604      0.00012003    8E+07        0.00012003    
   8.05E+07     0.98605      0.00011928    8.05E+07     0.00011928    
   8.1E+07      0.98605      0.00011836    8.1E+07      0.00011836    
   8.15E+07     0.98605      0.00011731    8.15E+07     0.00011731    
   8.2E+07      0.98607      0.00011724    8.2E+07      0.00011724    
   8.25E+07     0.98607      0.0001163     8.25E+07     0.0001163     
   8.3E+07      0.9861       0.00011897    8.3E+07      0.00011897    
   8.35E+07     0.98609      0.00011836    8.35E+07     0.00011836    
   8.4E+07      0.98609      0.00011738    8.4E+07      0.00011738    
   8.45E+07     0.98611      0.00011771    8.45E+07     0.00011771    
   8.5E+07      0.98611      0.00011676    8.5E+07      0.00011676    
   8.55E+07     0.98611      0.00011583    8.55E+07     0.00011583    
   8.6E+07      0.98613      0.00011566    8.6E+07      0.00011566    
   8.65E+07     0.98613      0.00011478    8.65E+07     0.00011478    
   8.7E+07      0.98613      0.00011387    8.7E+07      0.00011387    
   8.75E+07     0.98614      0.00011411    8.75E+07     0.00011411    
   8.8E+07      0.98614      0.0001132     8.8E+07      0.0001132     
   8.85E+07     0.98614      0.00011232    8.85E+07     0.00011232    
   8.9E+07      0.98615      0.00011192    8.9E+07      0.00011192    
   8.95E+07     0.98615      0.00011122    8.95E+07     0.00011122    
   9E+07        0.98615      0.00011038    9E+07        0.00011038    
   9.05E+07     0.98616      0.00010986    9.05E+07     0.00010986    
   9.1E+07      0.98617      0.0001104     9.1E+07      0.0001104     
   9.15E+07     0.98618      0.00010989    9.15E+07     0.00010989    
   9.2E+07      0.9862       0.00011011    9.2E+07      0.00011011    
   9.25E+07     0.98619      0.00010943    9.25E+07     0.00010943    
   9.3E+07      0.98619      0.00010875    9.3E+07      0.00010875    
   9.35E+07     0.9862       0.00010901    9.35E+07     0.00010901    
   9.4E+07      0.98622      0.00010904    9.4E+07      0.00010904    
   9.45E+07     0.98622      0.00010847    9.45E+07     0.00010847    
   9.5E+07      0.98622      0.00010771    9.5E+07      0.00010771    
   9.55E+07     0.98622      0.00010707    9.55E+07     0.00010707    
   9.6E+07      0.98622      0.00010632    9.6E+07      0.00010632    
   9.65E+07     0.98623      0.00010596    9.65E+07     0.00010596    
   9.7E+07      0.98622      0.0001055     9.7E+07      0.0001055     
   9.75E+07     0.98622      0.00010479    9.75E+07     0.00010479    
   9.8E+07      0.98622      0.00010412    9.8E+07      0.00010412    
   9.85E+07     0.98623      0.00010391    9.85E+07     0.00010391    
   9.9E+07      0.98624      0.00010336    9.9E+07      0.00010336    
   9.95E+07     0.98624      0.00010277    9.95E+07     0.00010277    
   1E+08        0.98625      0.00010213    1E+08        0.00010213    
