# This file is written with the intent of being used to plot the data with 
# Gnuplot.  It contains no information regarding how the plot should be 
# formatted.
# =========================================================================
# Research/ArnoldivsPower -f Power2-91.dat -t 500000 -A -c 50 -C 150 -w 20 -b 75 -r  seed = 2812828077
# filename = Power2-91.dat, run = true, power = true, Arnoldi = false, storevectors = 0, raw = false, evectors = 2, evalues = 2, residual = false, arnoldimethod = implicit, tol = 2.22045e-16, verbose = 1, seed = 0, width = 20, bins = 75, acycles = 150, incycles = 50, active = 20, inactive = 0, Iterations = 10, numValues = 2, relaxed = 0, tracks = 500000, ignore_rest = false, version = false, help = false, 

#  1            2            3             4            5             6            7             8            9            
# |-            Power values           -| |-   Power eValues SD   -| |-       FOM-Power      -| |-     Power vector     -| 
#  x-coord      y-coord      error         x-coord      y-coord       x-coord      y-coord       x-coord      y-coord       
   5E+05        0.95765      0             5E+05        0             2.55E+07     0             0.13333      0.017686      
   1E+06        0.96692      0             1E+06        0             2.6E+07      1.3358E+05    0.4          0.024708      
   1.5E+06      0.9725       0             1.5E+06      0             2.65E+07     10949         0.66667      0.031336      
   2E+06        0.97447      0             2E+06        0             2.7E+07      9467.1        0.93333      0.037346      
   2.5E+06      0.97562      0             2.5E+06      0             2.75E+07     10598         1.2          0.043361      
   3E+06        0.97734      0             3E+06        0             2.8E+07      14839         1.4667       0.04952       
   3.5E+06      0.98199      0             3.5E+06      0             2.85E+07     19803         1.7333       0.05511       
   4E+06        0.98151      0             4E+06        0             2.9E+07      25263         2            0.060658      
   4.5E+06      0.98263      0             4.5E+06      0             2.95E+07     31328         2.2667       0.066527      
   5E+06        0.98068      0             5E+06        0             3E+07        32014         2.5333       0.072095      
   5.5E+06      0.98183      0             5.5E+06      0             3.05E+07     37535         2.8          0.077063      
   6E+06        0.98299      0             6E+06        0             3.1E+07      42736         3.0667       0.082726      
   6.5E+06      0.98207      0             6.5E+06      0             3.15E+07     45591         3.3333       0.08768       
   7E+06        0.98481      0             7E+06        0             3.2E+07      52016         3.6          0.092924      
   7.5E+06      0.98171      0             7.5E+06      0             3.25E+07     58698         3.8667       0.097242      
   8E+06        0.98311      0             8E+06        0             3.3E+07      65247         4.1333       0.1024        
   8.5E+06      0.98479      0             8.5E+06      0             3.35E+07     70124         4.4          0.10712       
   9E+06        0.98509      0             9E+06        0             3.4E+07      77433         4.6667       0.11127       
   9.5E+06      0.98558      0             9.5E+06      0             3.45E+07     83517         4.9333       0.1159        
   1E+07        0.9844       0             1E+07        0             3.5E+07      86699         5.2          0.11955       
   1.05E+07     0.98418      0             1.05E+07     0             3.55E+07     93712         5.4667       0.12369       
   1.1E+07      0.98512      0             1.1E+07      0             3.6E+07      98691         5.7333       0.12752       
   1.15E+07     0.98649      0             1.15E+07     0             3.65E+07     1.0462E+05    6            0.13082       
   1.2E+07      0.9872       0             1.2E+07      0             3.7E+07      1.1175E+05    6.2667       0.13399       
   1.25E+07     0.98417      0             1.25E+07     0             3.75E+07     1.1714E+05    6.5333       0.13726       
   1.3E+07      0.98559      0             1.3E+07      0             3.8E+07      1.2365E+05    6.8          0.14026       
   1.35E+07     0.98395      0             1.35E+07     0             3.85E+07     1.2139E+05    7.0667       0.14282       
   1.4E+07      0.98579      0             1.4E+07      0             3.9E+07      1.0782E+05    7.3333       0.14535       
   1.45E+07     0.98493      0             1.45E+07     0             3.95E+07     1.1422E+05    7.6          0.14784       
   1.5E+07      0.98502      0             1.5E+07      0             4E+07        1.2021E+05    7.8667       0.14953       
   1.55E+07     0.98599      0             1.55E+07     0             4.05E+07     1.1993E+05    8.1333       0.15142       
   1.6E+07      0.98403      0             1.6E+07      0             4.1E+07      1.2616E+05    8.4          0.15325       
   1.65E+07     0.9856       0             1.65E+07     0             4.15E+07     1.3233E+05    8.6667       0.15467       
   1.7E+07      0.98468      0             1.7E+07      0             4.2E+07      1.3302E+05    8.9333       0.15515       
   1.75E+07     0.98385      0             1.75E+07     0             4.25E+07     1.3237E+05    9.2          0.15616       
   1.8E+07      0.98636      0             1.8E+07      0             4.3E+07      1.368E+05     9.4667       0.15695       
   1.85E+07     0.98351      0             1.85E+07     0             4.35E+07     1.428E+05     9.7333       0.15751       
   1.9E+07      0.98382      0             1.9E+07      0             4.4E+07      1.3825E+05    10           0.15746       
   1.95E+07     0.98543      0             1.95E+07     0             4.45E+07     1.3169E+05    10.267       0.15801       
   2E+07        0.98646      0             2E+07        0             4.5E+07      1.3053E+05    10.533       0.15724       
   2.05E+07     0.98432      0             2.05E+07     0             4.55E+07     1.2932E+05    10.8         0.15702       
   2.1E+07      0.98708      0             2.1E+07      0             4.6E+07      1.2929E+05    11.067       0.15632       
   2.15E+07     0.98564      0             2.15E+07     0             4.65E+07     1.327E+05     11.333       0.15506       
   2.2E+07      0.98762      0             2.2E+07      0             4.7E+07      1.3745E+05    11.6         0.15397       
   2.25E+07     0.98649      0             2.25E+07     0             4.75E+07     1.3204E+05    11.867       0.15229       
   2.3E+07      0.98565      0             2.3E+07      0             4.8E+07      1.3635E+05    12.133       0.15013       
   2.35E+07     0.98746      0             2.35E+07     0             4.85E+07     1.4061E+05    12.4         0.14854       
   2.4E+07      0.9859       0             2.4E+07      0             4.9E+07      1.4497E+05    12.667       0.14625       
   2.45E+07     0.98497      0             2.45E+07     0             4.95E+07     1.4929E+05    12.933       0.14377       
   2.5E+07      0.98533      0             2.5E+07      0             5E+07        1.5384E+05    13.2         0.14083       
   2.55E+07     0.98471      1.4441E-09    2.55E+07     1.4441E-09    5.05E+07     1.4632E+05    13.467       0.13823       
   2.6E+07      0.98438      0.00023604    2.6E+07      0.00023604    5.1E+07      1.5065E+05    13.733       0.1354        
   2.65E+07     0.98536      0.00081631    2.65E+07     0.00081631    5.15E+07     1.5215E+05    14           0.13265       
   2.7E+07      0.98607      0.00086963    2.7E+07      0.00086963    5.2E+07      1.551E+05     14.267       0.12877       
   2.75E+07     0.9856       0.00081423    2.75E+07     0.00081423    5.25E+07     1.5338E+05    14.533       0.12502       
   2.8E+07      0.98553      0.00068187    2.8E+07      0.00068187    5.3E+07      1.5701E+05    14.8         0.12104       
   2.85E+07     0.98555      0.00058495    2.85E+07     0.00058495    5.35E+07     1.6118E+05    15.067       0.11696       
   2.9E+07      0.9856       0.00051346    2.9E+07      0.00051346    5.4E+07      1.6514E+05    15.333       0.11289       
   2.95E+07     0.98557      0.00045715    2.95E+07     0.00045715    5.45E+07     1.6882E+05    15.6         0.10826       
   3E+07        0.98576      0.00044835    3E+07        0.00044835    5.5E+07      1.6818E+05    15.867       0.10344       
   3.05E+07     0.9857       0.00041054    3.05E+07     0.00041054    5.55E+07     1.7204E+05    16.133       0.098785      
   3.1E+07      0.98577      0.00038164    3.1E+07      0.00038164    5.6E+07      1.7586E+05    16.4         0.093887      
   3.15E+07     0.98588      0.00036638    3.15E+07     0.00036638    5.65E+07     1.7166E+05    16.667       0.088728      
   3.2E+07      0.98587      0.00034023    3.2E+07      0.00034023    5.7E+07      1.7371E+05    16.933       0.083787      
   3.25E+07     0.98586      0.00031776    3.25E+07     0.00031776    5.75E+07     1.7732E+05    17.2         0.07826       
   3.3E+07      0.98583      0.00029901    3.3E+07      0.00029901    5.8E+07      1.784E+05     17.467       0.073137      
   3.35E+07     0.98589      0.00028623    3.35E+07     0.00028623    5.85E+07     1.7672E+05    17.733       0.067559      
   3.4E+07      0.98589      0.00027035    3.4E+07      0.00027035    5.9E+07      1.7416E+05    18           0.062043      
   3.45E+07     0.98592      0.00025832    3.45E+07     0.00025832    5.95E+07     1.7757E+05    18.267       0.056153      
   3.5E+07      0.98587      0.00025164    3.5E+07      0.00025164    6E+07        1.7955E+05    18.533       0.04994       
   3.55E+07     0.98589      0.00024038    3.55E+07     0.00024038    6.05E+07     1.7637E+05    18.8         0.043845      
   3.6E+07      0.98593      0.00023263    3.6E+07      0.00023263    6.1E+07      1.7412E+05    19.067       0.037883      
   3.65E+07     0.9859       0.00022443    3.65E+07     0.00022443    6.15E+07     1.7616E+05    19.333       0.031487      
   3.7E+07      0.98591      0.00021573    3.7E+07      0.00021573    6.2E+07      1.7824E+05    19.6         0.025154      
   3.75E+07     0.98588      0.00020934    3.75E+07     0.00020934    6.25E+07     1.8128E+05    19.867       0.017869      
   3.8E+07      0.98586      0.00020244    3.8E+07      0.00020244    6.3E+07      1.6711E+05    
   3.85E+07     0.9858       0.00020303    3.85E+07     0.00020303    6.35E+07     1.7018E+05    
   3.9E+07      0.98589      0.00021409    3.9E+07      0.00021409    6.4E+07      1.6847E+05    
   3.95E+07     0.98589      0.00020672    3.95E+07     0.00020672    6.45E+07     1.7044E+05    
   4E+07        0.98588      0.00020025    4E+07        0.00020025    6.5E+07      1.7325E+05    
   4.05E+07     0.98583      0.00019927    4.05E+07     0.00019927    6.55E+07     1.7038E+05    
   4.1E+07      0.98584      0.00019313    4.1E+07      0.00019313    6.6E+07      1.6248E+05    
   4.15E+07     0.98583      0.00018746    4.15E+07     0.00018746    6.65E+07     1.5963E+05    
   4.2E+07      0.98587      0.00018589    4.2E+07      0.00018589    6.7E+07      1.622E+05     
   4.25E+07     0.98591      0.00018529    4.25E+07     0.00018529    6.75E+07     1.6467E+05    
   4.3E+07      0.98593      0.00018122    4.3E+07      0.00018122    6.8E+07      1.6666E+05    
   4.35E+07     0.98593      0.00017638    4.35E+07     0.00017638    6.85E+07     1.6932E+05    
   4.4E+07      0.98589      0.00017826    4.4E+07      0.00017826    6.9E+07      1.7082E+05    
   4.45E+07     0.98594      0.00018163    4.45E+07     0.00018163    6.95E+07     1.7272E+05    
   4.5E+07      0.98598      0.00018145    4.5E+07      0.00018145    7E+07        1.7432E+05    
   4.55E+07     0.98594      0.00018131    4.55E+07     0.00018131    7.05E+07     1.735E+05     
   4.6E+07      0.98591      0.00018036    4.6E+07      0.00018036    7.1E+07      1.7422E+05    
   4.65E+07     0.98589      0.0001771     4.65E+07     0.0001771     7.15E+07     1.768E+05     
   4.7E+07      0.98588      0.00017311    4.7E+07      0.00017311    7.2E+07      1.6567E+05    
   4.75E+07     0.98593      0.0001757     4.75E+07     0.0001757     7.25E+07     1.6793E+05    
   4.8E+07      0.98592      0.00017202    4.8E+07      0.00017202    7.3E+07      1.6674E+05    
   4.85E+07     0.98592      0.00016854    4.85E+07     0.00016854    7.35E+07     1.6907E+05    
   4.9E+07      0.98591      0.00016516    4.9E+07      0.00016516    7.4E+07      1.7078E+05    
   4.95E+07     0.98592      0.00016194    4.95E+07     0.00016194    7.45E+07     1.7118E+05    
   5E+07        0.98591      0.00015875    5E+07        0.00015875    7.5E+07      1.7347E+05    
   5.05E+07     0.98587      0.000162      5.05E+07     0.000162      7.55E+07     1.7477E+05    
   5.1E+07      0.98587      0.00015889    5.1E+07      0.00015889    7.6E+07      1.7462E+05    
   5.15E+07     0.98589      0.00015735    5.15E+07     0.00015735    7.65E+07     1.7625E+05    
   5.2E+07      0.9859       0.00015511    5.2E+07      0.00015511    7.7E+07      1.7671E+05    
   5.25E+07     0.98593      0.00015525    5.25E+07     0.00015525    7.75E+07     1.6596E+05    
   5.3E+07      0.98593      0.00015272    5.3E+07      0.00015272    7.8E+07      1.6758E+05    
   5.35E+07     0.98593      0.00015005    5.35E+07     0.00015005    7.85E+07     1.6373E+05    
   5.4E+07      0.98592      0.00014757    5.4E+07      0.00014757    7.9E+07      1.6577E+05    
   5.45E+07     0.98591      0.00014529    5.45E+07     0.00014529    7.95E+07     1.6562E+05    
   5.5E+07      0.98589      0.00014492    5.5E+07      0.00014492    8E+07        1.6552E+05    
   5.55E+07     0.98589      0.00014265    5.55E+07     0.00014265    8.05E+07     1.6671E+05    
   5.6E+07      0.98589      0.00014047    5.6E+07      0.00014047    8.1E+07      1.6538E+05    
   5.65E+07     0.98586      0.00014157    5.65E+07     0.00014157    8.15E+07     1.6176E+05    
   5.7E+07      0.98584      0.00014011    5.7E+07      0.00014011    8.2E+07      1.6363E+05    
   5.75E+07     0.98585      0.00013809    5.75E+07     0.00013809    8.25E+07     1.655E+05     
   5.8E+07      0.98587      0.00013709    5.8E+07      0.00013709    8.3E+07      1.6737E+05    
   5.85E+07     0.98584      0.00013716    5.85E+07     0.00013716    8.35E+07     1.6732E+05    
   5.9E+07      0.98587      0.00013759    5.9E+07      0.00013759    8.4E+07      1.6877E+05    
   5.95E+07     0.98587      0.0001357     5.95E+07     0.0001357     8.45E+07     1.7058E+05    
   6E+07        0.98586      0.0001344     6E+07        0.0001344     8.5E+07      1.7202E+05    
   6.05E+07     0.98589      0.00013505    6.05E+07     0.00013505    8.55E+07     1.7067E+05    
   6.1E+07      0.98586      0.00013537    6.1E+07      0.00013537    8.6E+07      1.7192E+05    
   6.15E+07     0.98587      0.00013404    6.15E+07     0.00013404    8.65E+07     1.7323E+05    
   6.2E+07      0.98586      0.00013273    6.2E+07      0.00013273    8.7E+07      1.7504E+05    
   6.25E+07     0.98586      0.00013109    6.25E+07     0.00013109    8.75E+07     1.766E+05     
   6.3E+07      0.9859       0.00013601    6.3E+07      0.00013601    8.8E+07      1.7759E+05    
   6.35E+07     0.9859       0.00013425    6.35E+07     0.00013425    8.85E+07     1.7892E+05    
   6.4E+07      0.98592      0.00013441    6.4E+07      0.00013441    8.9E+07      1.8007E+05    
   6.45E+07     0.98593      0.00013312    6.45E+07     0.00013312    8.95E+07     1.7902E+05    
   6.5E+07      0.98593      0.00013153    6.5E+07      0.00013153    9E+07        1.8053E+05    
   6.55E+07     0.98595      0.00013214    6.55E+07     0.00013214    9.05E+07     1.8227E+05    
   6.6E+07      0.98599      0.0001348     6.6E+07      0.0001348     9.1E+07      1.8365E+05    
   6.65E+07     0.98601      0.0001355     6.65E+07     0.0001355     9.15E+07     1.8524E+05    
   6.7E+07      0.98602      0.00013393    6.7E+07      0.00013393    9.2E+07      1.8529E+05    
   6.75E+07     0.98601      0.00013243    6.75E+07     0.00013243    9.25E+07     1.8503E+05    
   6.8E+07      0.986        0.00013117    6.8E+07      0.00013117    9.3E+07      1.8634E+05    
   6.85E+07     0.986        0.00012966    6.85E+07     0.00012966    9.35E+07     1.871E+05     
   6.9E+07      0.98599      0.00012863    6.9E+07      0.00012863    9.4E+07      1.8647E+05    
   6.95E+07     0.986        0.00012746    6.95E+07     0.00012746    9.45E+07     1.8712E+05    
   7E+07        0.98599      0.00012642    7E+07        0.00012642    9.5E+07      1.8855E+05    
   7.05E+07     0.98597      0.00012627    7.05E+07     0.00012627    9.55E+07     1.8732E+05    
   7.1E+07      0.98596      0.00012558    7.1E+07      0.00012558    9.6E+07      1.8899E+05    
   7.15E+07     0.98596      0.00012423    7.15E+07     0.00012423    9.65E+07     1.9055E+05    
   7.2E+07      0.986        0.00012789    7.2E+07      0.00012789    9.7E+07      1.9043E+05    
   7.25E+07     0.98599      0.0001266     7.25E+07     0.0001266     9.75E+07     1.921E+05     
   7.3E+07      0.98601      0.00012662    7.3E+07      0.00012662    9.8E+07      1.9343E+05    
   7.35E+07     0.98601      0.00012532    7.35E+07     0.00012532    9.85E+07     1.9448E+05    
   7.4E+07      0.98602      0.00012427    7.4E+07      0.00012427    9.9E+07      1.9437E+05    
   7.45E+07     0.986        0.00012372    7.45E+07     0.00012372    9.95E+07     1.9588E+05    
   7.5E+07      0.986        0.00012249    7.5E+07      0.00012249    1E+08        1.9706E+05    
   7.55E+07     0.98601      0.00012164    7.55E+07     0.00012164    
   7.6E+07      0.98602      0.00012129    7.6E+07      0.00012129    
   7.65E+07     0.98603      0.00012034    7.65E+07     0.00012034    
   7.7E+07      0.98602      0.0001198     7.7E+07      0.0001198     
   7.75E+07     0.98599      0.00012323    7.75E+07     0.00012323    
   7.8E+07      0.98598      0.00012224    7.8E+07      0.00012224    
   7.85E+07     0.986        0.00012327    7.85E+07     0.00012327    
   7.9E+07      0.986        0.00012213    7.9E+07      0.00012213    
   7.95E+07     0.98602      0.00012181    7.95E+07     0.00012181    
   8E+07        0.986        0.00012147    8E+07        0.00012147    
   8.05E+07     0.986        0.00012067    8.05E+07     0.00012067    
   8.1E+07      0.98601      0.00012078    8.1E+07      0.00012078    
   8.15E+07     0.98603      0.00012175    8.15E+07     0.00012175    
   8.2E+07      0.98604      0.00012069    8.2E+07      0.00012069    
   8.25E+07     0.98603      0.00011964    8.25E+07     0.00011964    
   8.3E+07      0.98603      0.00011862    8.3E+07      0.00011862    
   8.35E+07     0.98605      0.00011829    8.35E+07     0.00011829    
   8.4E+07      0.98605      0.00011743    8.4E+07      0.00011743    
   8.45E+07     0.98605      0.00011647    8.45E+07     0.00011647    
   8.5E+07      0.98606      0.00011564    8.5E+07      0.00011564    
   8.55E+07     0.98607      0.00011576    8.55E+07     0.00011576    
   8.6E+07      0.98607      0.00011501    8.6E+07      0.00011501    
   8.65E+07     0.98606      0.00011424    8.65E+07     0.00011424    
   8.7E+07      0.98606      0.00011333    8.7E+07      0.00011333    
   8.75E+07     0.98606      0.00011251    8.75E+07     0.00011251    
   8.8E+07      0.98605      0.00011188    8.8E+07      0.00011188    
   8.85E+07     0.98605      0.00011116    8.85E+07     0.00011116    
   8.9E+07      0.98604      0.00011049    8.9E+07      0.00011049    
   8.95E+07     0.98602      0.00011051    8.95E+07     0.00011051    
   9E+07        0.98603      0.00010974    9E+07        0.00010974    
   9.05E+07     0.98603      0.00010892    9.05E+07     0.00010892    
   9.1E+07      0.98603      0.00010821    9.1E+07      0.00010821    
   9.15E+07     0.98603      0.00010745    9.15E+07     0.00010745    
   9.2E+07      0.98602      0.00010715    9.2E+07      0.00010715    
   9.25E+07     0.98601      0.00010694    9.25E+07     0.00010694    
   9.3E+07      0.98601      0.00010628    9.3E+07      0.00010628    
   9.35E+07     0.986        0.00010578    9.35E+07     0.00010578    
   9.4E+07      0.98599      0.00010568    9.4E+07      0.00010568    
   9.45E+07     0.986        0.00010522    9.45E+07     0.00010522    
   9.5E+07      0.986        0.00010455    9.5E+07      0.00010455    
   9.55E+07     0.98599      0.00010462    9.55E+07     0.00010462    
   9.6E+07      0.98599      0.00010389    9.6E+07      0.00010389    
   9.65E+07     0.98599      0.0001032     9.65E+07     0.0001032     
   9.7E+07      0.986        0.00010297    9.7E+07      0.00010297    
   9.75E+07     0.986        0.00010226    9.75E+07     0.00010226    
   9.8E+07      0.986        0.00010165    9.8E+07      0.00010165    
   9.85E+07     0.986        0.00010112    9.85E+07     0.00010112    
   9.9E+07      0.98601      0.00010089    9.9E+07      0.00010089    
   9.95E+07     0.98601      0.00010025    9.95E+07     0.00010025    
   1E+08        0.98601      9.9705E-05    1E+08        9.9705E-05    
