# This file is written with the intent of being used to plot the data with 
# Gnuplot.  It contains no information regarding how the plot should be 
# formatted.
# =========================================================================
# Research/ArnoldivsPower -f Power2-87.dat -t 500000 -A -c 50 -C 150 -w 20 -b 75 -r  seed = 2820437479
# filename = Power2-87.dat, run = true, power = true, Arnoldi = false, storevectors = 0, raw = false, evectors = 2, evalues = 2, residual = false, arnoldimethod = implicit, tol = 2.22045e-16, verbose = 1, seed = 0, width = 20, bins = 75, acycles = 150, incycles = 50, active = 20, inactive = 0, Iterations = 10, numValues = 2, relaxed = 0, tracks = 500000, ignore_rest = false, version = false, help = false, 

#  1            2            3             4            5             6            7             8            9            
# |-            Power values           -| |-   Power eValues SD   -| |-       FOM-Power      -| |-     Power vector     -| 
#  x-coord      y-coord      error         x-coord      y-coord       x-coord      y-coord       x-coord      y-coord       
   5E+05        0.95653      0             5E+05        0             2.55E+07     0             0.13333      0.017729      
   1E+06        0.9651       0             1E+06        0             2.6E+07      49877         0.4          0.024813      
   1.5E+06      0.97111      0             1.5E+06      0             2.65E+07     21487         0.66667      0.031176      
   2E+06        0.97318      0             2E+06        0             2.7E+07      29873         0.93333      0.037448      
   2.5E+06      0.97677      0             2.5E+06      0             2.75E+07     18371         1.2          0.043358      
   3E+06        0.9757       0             3E+06        0             2.8E+07      23047         1.4667       0.049317      
   3.5E+06      0.97984      0             3.5E+06      0             2.85E+07     28740         1.7333       0.055125      
   4E+06        0.97994      0             4E+06        0             2.9E+07      34757         2            0.060996      
   4.5E+06      0.98035      0             4.5E+06      0             2.95E+07     39399         2.2667       0.066643      
   5E+06        0.98277      0             5E+06        0             3E+07        41051         2.5333       0.072151      
   5.5E+06      0.98199      0             5.5E+06      0             3.05E+07     42434         2.8          0.077777      
   6E+06        0.98256      0             6E+06        0             3.1E+07      49193         3.0667       0.082856      
   6.5E+06      0.98286      0             6.5E+06      0             3.15E+07     55558         3.3333       0.088138      
   7E+06        0.98266      0             7E+06        0             3.2E+07      60450         3.6          0.092969      
   7.5E+06      0.98302      0             7.5E+06      0             3.25E+07     63417         3.8667       0.097891      
   8E+06        0.98251      0             8E+06        0             3.3E+07      54838         4.1333       0.10257       
   8.5E+06      0.98264      0             8.5E+06      0             3.35E+07     50978         4.4          0.10706       
   9E+06        0.98432      0             9E+06        0             3.4E+07      55869         4.6667       0.11161       
   9.5E+06      0.9847       0             9.5E+06      0             3.45E+07     61012         4.9333       0.11628       
   1E+07        0.98488      0             1E+07        0             3.5E+07      66552         5.2          0.12007       
   1.05E+07     0.98362      0             1.05E+07     0             3.55E+07     65031         5.4667       0.12418       
   1.1E+07      0.98345      0             1.1E+07      0             3.6E+07      69751         5.7333       0.12744       
   1.15E+07     0.98174      0             1.15E+07     0             3.65E+07     75167         6            0.13095       
   1.2E+07      0.98642      0             1.2E+07      0             3.7E+07      78346         6.2667       0.13443       
   1.25E+07     0.98375      0             1.25E+07     0             3.75E+07     78311         6.5333       0.13735       
   1.3E+07      0.98661      0             1.3E+07      0             3.8E+07      80604         6.8          0.14041       
   1.35E+07     0.9872       0             1.35E+07     0             3.85E+07     85672         7.0667       0.14308       
   1.4E+07      0.98626      0             1.4E+07      0             3.9E+07      90165         7.3333       0.14545       
   1.45E+07     0.98525      0             1.45E+07     0             3.95E+07     94465         7.6          0.14788       
   1.5E+07      0.9845       0             1.5E+07      0             4E+07        90327         7.8667       0.14994       
   1.55E+07     0.98514      0             1.55E+07     0             4.05E+07     95085         8.1333       0.1513        
   1.6E+07      0.9871       0             1.6E+07      0             4.1E+07      98009         8.4          0.153         
   1.65E+07     0.98528      0             1.65E+07     0             4.15E+07     1.0293E+05    8.6667       0.15457       
   1.7E+07      0.98552      0             1.7E+07      0             4.2E+07      1.068E+05     8.9333       0.15553       
   1.75E+07     0.98528      0             1.75E+07     0             4.25E+07     1.1165E+05    9.2          0.15638       
   1.8E+07      0.98424      0             1.8E+07      0             4.3E+07      1.1358E+05    9.4667       0.15677       
   1.85E+07     0.98577      0             1.85E+07     0             4.35E+07     1.1613E+05    9.7333       0.15726       
   1.9E+07      0.98455      0             1.9E+07      0             4.4E+07      1.2069E+05    10           0.15764       
   1.95E+07     0.98451      0             1.95E+07     0             4.45E+07     1.1223E+05    10.267       0.15769       
   2E+07        0.98496      0             2E+07        0             4.5E+07      1.1634E+05    10.533       0.15734       
   2.05E+07     0.98787      0             2.05E+07     0             4.55E+07     1.2013E+05    10.8         0.15665       
   2.1E+07      0.98415      0             2.1E+07      0             4.6E+07      1.1825E+05    11.067       0.15577       
   2.15E+07     0.98349      0             2.15E+07     0             4.65E+07     1.2247E+05    11.333       0.15494       
   2.2E+07      0.98618      0             2.2E+07      0             4.7E+07      1.2512E+05    11.6         0.15354       
   2.25E+07     0.98569      0             2.25E+07     0             4.75E+07     1.2019E+05    11.867       0.15199       
   2.3E+07      0.98395      0             2.3E+07      0             4.8E+07      1.2107E+05    12.133       0.15052       
   2.35E+07     0.98536      0             2.35E+07     0             4.85E+07     1.2416E+05    12.4         0.14874       
   2.4E+07      0.98497      0             2.4E+07      0             4.9E+07      1.2813E+05    12.667       0.14638       
   2.45E+07     0.98611      0             2.45E+07     0             4.95E+07     1.222E+05     12.933       0.14368       
   2.5E+07      0.98751      0             2.5E+07      0             5E+07        1.2503E+05    13.2         0.14117       
   2.55E+07     0.98663      NAN           2.55E+07     NAN           5.05E+07     1.2544E+05    13.467       0.13868       
   2.6E+07      0.98718      0.0003879     2.6E+07      0.0003879     5.1E+07      1.2582E+05    13.733       0.13547       
   2.65E+07     0.98654      0.00058516    2.65E+07     0.00058516    5.15E+07     1.261E+05     14           0.13203       
   2.7E+07      0.98679      0.00049146    2.7E+07      0.00049146    5.2E+07      1.2874E+05    14.267       0.12847       
   2.75E+07     0.98626      0.00062061    2.75E+07     0.00062061    5.25E+07     1.3216E+05    14.533       0.12495       
   2.8E+07      0.98606      0.00054899    2.8E+07      0.00054899    5.3E+07      1.3526E+05    14.8         0.1206        
   2.85E+07     0.98592      0.00048724    2.85E+07     0.00048724    5.35E+07     1.3834E+05    15.067       0.11698       
   2.9E+07      0.98603      0.00043905    2.9E+07      0.00043905    5.4E+07      1.4162E+05    15.333       0.1127        
   2.95E+07     0.98616      0.00040874    2.95E+07     0.00040874    5.45E+07     1.3859E+05    15.6         0.1084        
   3E+07        0.986        0.00039699    3E+07        0.00039699    5.5E+07      1.3086E+05    15.867       0.1034        
   3.05E+07     0.98615      0.00038715    3.05E+07     0.00038715    5.55E+07     1.3349E+05    16.133       0.098564      
   3.1E+07      0.98619      0.00035658    3.1E+07      0.00035658    5.6E+07      1.3479E+05    16.4         0.093753      
   3.15E+07     0.98614      0.00033282    3.15E+07     0.00033282    5.65E+07     1.3782E+05    16.667       0.08841       
   3.2E+07      0.98621      0.00031642    3.2E+07      0.00031642    5.7E+07      1.4029E+05    16.933       0.083449      
   3.25E+07     0.98629      0.0003065     3.25E+07     0.0003065     5.75E+07     1.4273E+05    17.2         0.078213      
   3.3E+07      0.98613      0.00032701    3.3E+07      0.00032701    5.8E+07      1.4042E+05    17.467       0.072377      
   3.35E+07     0.98599      0.00033653    3.35E+07     0.00033653    5.85E+07     1.4142E+05    17.733       0.067002      
   3.4E+07      0.98602      0.00031907    3.4E+07      0.00031907    5.9E+07      1.4102E+05    18           0.061333      
   3.45E+07     0.98604      0.0003031     3.45E+07     0.0003031     5.95E+07     1.4231E+05    18.267       0.055551      
   3.5E+07      0.98605      0.00028803    3.5E+07      0.00028803    6E+07        1.4242E+05    18.533       0.049692      
   3.55E+07     0.98614      0.00028929    3.55E+07     0.00028929    6.05E+07     1.45E+05      18.8         0.043617      
   3.6E+07      0.98617      0.00027734    3.6E+07      0.00027734    6.1E+07      1.4667E+05    19.067       0.03746       
   3.65E+07     0.98617      0.00026531    3.65E+07     0.00026531    6.15E+07     1.4851E+05    19.333       0.031233      
   3.7E+07      0.98613      0.00025803    3.7E+07      0.00025803    6.2E+07      1.513E+05     19.6         0.024927      
   3.75E+07     0.98606      0.0002563     3.75E+07     0.0002563     6.25E+07     1.5305E+05    19.867       0.01757       
   3.8E+07      0.98611      0.00025089    3.8E+07      0.00025089    6.3E+07      1.5496E+05    
   3.85E+07     0.98612      0.00024174    3.85E+07     0.00024174    6.35E+07     1.5718E+05    
   3.9E+07      0.98614      0.00023413    3.9E+07      0.00023413    6.4E+07      1.5896E+05    
   3.95E+07     0.98612      0.00022724    3.95E+07     0.00022724    6.45E+07     1.6105E+05    
   4E+07        0.98604      0.00023089    4E+07        0.00023089    6.5E+07      1.6271E+05    
   4.05E+07     0.98604      0.00022361    4.05E+07     0.00022361    6.55E+07     1.6449E+05    
   4.1E+07      0.98607      0.00021889    4.1E+07      0.00021889    6.6E+07      1.6727E+05    
   4.15E+07     0.98607      0.00021226    4.15E+07     0.00021226    6.65E+07     1.7011E+05    
   4.2E+07      0.98605      0.00020713    4.2E+07      0.00020713    6.7E+07      1.7279E+05    
   4.25E+07     0.98605      0.00020134    4.25E+07     0.00020134    6.75E+07     1.7552E+05    
   4.3E+07      0.98602      0.00019843    4.3E+07      0.00019843    6.8E+07      1.6905E+05    
   4.35E+07     0.98605      0.0001951     4.35E+07     0.0001951     6.85E+07     1.674E+05     
   4.4E+07      0.98604      0.00019031    4.4E+07      0.00019031    6.9E+07      1.6979E+05    
   4.45E+07     0.98597      0.00019621    4.45E+07     0.00019621    6.95E+07     1.6885E+05    
   4.5E+07      0.98596      0.00019162    4.5E+07      0.00019162    7E+07        1.6495E+05    
   4.55E+07     0.98598      0.00018753    4.55E+07     0.00018753    7.05E+07     1.6567E+05    
   4.6E+07      0.98593      0.00018795    4.6E+07      0.00018795    7.1E+07      1.6656E+05    
   4.65E+07     0.98594      0.00018368    4.65E+07     0.00018368    7.15E+07     1.6881E+05    
   4.7E+07      0.98596      0.00018073    4.7E+07      0.00018073    7.2E+07      1.711E+05     
   4.75E+07     0.98601      0.00018341    4.75E+07     0.00018341    7.25E+07     1.7231E+05    
   4.8E+07      0.98604      0.00018178    4.8E+07      0.00018178    7.3E+07      1.7461E+05    
   4.85E+07     0.98606      0.00017858    4.85E+07     0.00017858    7.35E+07     1.768E+05     
   4.9E+07      0.98606      0.00017486    4.9E+07      0.00017486    7.4E+07      1.7906E+05    
   4.95E+07     0.98601      0.00017814    4.95E+07     0.00017814    7.45E+07     1.7932E+05    
   5E+07        0.98602      0.00017522    5E+07        0.00017522    7.5E+07      1.8071E+05    
   5.05E+07     0.98605      0.00017403    5.05E+07     0.00017403    7.55E+07     1.8232E+05    
   5.1E+07      0.98608      0.0001729     5.1E+07      0.0001729     7.6E+07      1.8324E+05    
   5.15E+07     0.9861       0.00017184    5.15E+07     0.00017184    7.65E+07     1.8543E+05    
   5.2E+07      0.98612      0.00016921    5.2E+07      0.00016921    7.7E+07      1.8758E+05    
   5.25E+07     0.98611      0.00016621    5.25E+07     0.00016621    7.75E+07     1.8957E+05    
   5.3E+07      0.98612      0.00016351    5.3E+07      0.00016351    7.8E+07      1.9183E+05    
   5.35E+07     0.98613      0.00016089    5.35E+07     0.00016089    7.85E+07     1.7622E+05    
   5.4E+07      0.98613      0.00015826    5.4E+07      0.00015826    7.9E+07      1.7748E+05    
   5.45E+07     0.98609      0.00015923    5.45E+07     0.00015923    7.95E+07     1.7957E+05    
   5.5E+07      0.98604      0.00016311    5.5E+07      0.00016311    8E+07        1.8105E+05    
   5.55E+07     0.98605      0.00016074    5.55E+07     0.00016074    8.05E+07     1.8319E+05    
   5.6E+07      0.98604      0.00015925    5.6E+07      0.00015925    8.1E+07      1.8526E+05    
   5.65E+07     0.98604      0.00015677    5.65E+07     0.00015677    8.15E+07     1.779E+05     
   5.7E+07      0.98605      0.0001547     5.7E+07      0.0001547     8.2E+07      1.7837E+05    
   5.75E+07     0.98604      0.0001527     5.75E+07     0.0001527     8.25E+07     1.7693E+05    
   5.8E+07      0.98607      0.00015326    5.8E+07      0.00015326    8.3E+07      1.7891E+05    
   5.85E+07     0.98609      0.00015204    5.85E+07     0.00015204    8.35E+07     1.8001E+05    
   5.9E+07      0.98606      0.00015153    5.9E+07      0.00015153    8.4E+07      1.8199E+05    
   5.95E+07     0.98605      0.00015015    5.95E+07     0.00015015    8.45E+07     1.8399E+05    
   6E+07        0.98603      0.00014939    6E+07        0.00014939    8.5E+07      1.8557E+05    
   6.05E+07     0.98602      0.00014741    6.05E+07     0.00014741    8.55E+07     1.8753E+05    
   6.1E+07      0.98601      0.00014595    6.1E+07      0.00014595    8.6E+07      1.8925E+05    
   6.15E+07     0.986        0.00014444    6.15E+07     0.00014444    8.65E+07     1.9107E+05    
   6.2E+07      0.986        0.00014249    6.2E+07      0.00014249    8.7E+07      1.9224E+05    
   6.25E+07     0.98599      0.00014111    6.25E+07     0.00014111    8.75E+07     1.9421E+05    
   6.3E+07      0.98598      0.00013968    6.3E+07      0.00013968    8.8E+07      1.9616E+05    
   6.35E+07     0.98598      0.00013813    6.35E+07     0.00013813    8.85E+07     1.979E+05     
   6.4E+07      0.98599      0.00013658    6.4E+07      0.00013658    8.9E+07      1.9988E+05    
   6.45E+07     0.986        0.0001349     6.45E+07     0.0001349     8.95E+07     2.0043E+05    
   6.5E+07      0.98599      0.00013343    6.5E+07      0.00013343    9E+07        2.0222E+05    
   6.55E+07     0.98598      0.00013211    6.55E+07     0.00013211    9.05E+07     1.9814E+05    
   6.6E+07      0.98598      0.0001305     6.6E+07      0.0001305     9.1E+07      1.999E+05     
   6.65E+07     0.98598      0.00012893    6.65E+07     0.00012893    9.15E+07     1.9921E+05    
   6.7E+07      0.98597      0.00012744    6.7E+07      0.00012744    9.2E+07      1.9988E+05    
   6.75E+07     0.98598      0.00012598    6.75E+07     0.00012598    9.25E+07     2.0141E+05    
   6.8E+07      0.98601      0.00012784    6.8E+07      0.00012784    9.3E+07      2.0173E+05    
   6.85E+07     0.98603      0.000128      6.85E+07     0.000128      9.35E+07     2.0362E+05    
   6.9E+07      0.98602      0.00012662    6.9E+07      0.00012662    9.4E+07      2.043E+05     
   6.95E+07     0.986        0.00012652    6.95E+07     0.00012652    9.45E+07     1.9722E+05    
   7E+07        0.98598      0.00012754    7E+07        0.00012754    9.5E+07      1.9891E+05    
   7.05E+07     0.98597      0.00012681    7.05E+07     0.00012681    9.55E+07     2.005E+05     
   7.1E+07      0.98595      0.00012603    7.1E+07      0.00012603    9.6E+07      2.0105E+05    
   7.15E+07     0.98596      0.00012475    7.15E+07     0.00012475    9.65E+07     2.0092E+05    
   7.2E+07      0.98596      0.00012348    7.2E+07      0.00012348    9.7E+07      1.9919E+05    
   7.25E+07     0.98594      0.00012262    7.25E+07     0.00012262    9.75E+07     1.987E+05     
   7.3E+07      0.98595      0.00012139    7.3E+07      0.00012139    9.8E+07      2.0039E+05    
   7.35E+07     0.98594      0.00012021    7.35E+07     0.00012021    9.85E+07     1.9906E+05    
   7.4E+07      0.98594      0.00011905    7.4E+07      0.00011905    9.9E+07      1.9813E+05    
   7.45E+07     0.98593      0.00011857    7.45E+07     0.00011857    9.95E+07     1.9962E+05    
   7.5E+07      0.98594      0.00011771    7.5E+07      0.00011771    1E+08        1.9972E+05    
   7.55E+07     0.98594      0.0001168     7.55E+07     0.0001168     
   7.6E+07      0.98595      0.00011613    7.6E+07      0.00011613    
   7.65E+07     0.98596      0.00011506    7.65E+07     0.00011506    
   7.7E+07      0.98595      0.00011403    7.7E+07      0.00011403    
   7.75E+07     0.98595      0.00011307    7.75E+07     0.00011307    
   7.8E+07      0.98595      0.00011202    7.8E+07      0.00011202    
   7.85E+07     0.98591      0.00011651    7.85E+07     0.00011651    
   7.9E+07      0.98592      0.00011573    7.9E+07      0.00011573    
   7.95E+07     0.98592      0.0001147     7.95E+07     0.0001147     
   8E+07        0.98593      0.00011387    8E+07        0.00011387    
   8.05E+07     0.98593      0.00011285    8.05E+07     0.00011285    
   8.1E+07      0.98593      0.00011187    8.1E+07      0.00011187    
   8.15E+07     0.98595      0.00011381    8.15E+07     0.00011381    
   8.2E+07      0.98594      0.00011332    8.2E+07      0.00011332    
   8.25E+07     0.98596      0.00011343    8.25E+07     0.00011343    
   8.3E+07      0.98596      0.00011247    8.3E+07      0.00011247    
   8.35E+07     0.98595      0.00011179    8.35E+07     0.00011179    
   8.4E+07      0.98595      0.00011085    8.4E+07      0.00011085    
   8.45E+07     0.98595      0.00010992    8.45E+07     0.00010992    
   8.5E+07      0.98596      0.00010913    8.5E+07      0.00010913    
   8.55E+07     0.98596      0.00010824    8.55E+07     0.00010824    
   8.6E+07      0.98596      0.00010744    8.6E+07      0.00010744    
   8.65E+07     0.98597      0.00010662    8.65E+07     0.00010662    
   8.7E+07      0.98597      0.000106      8.7E+07      0.000106      
   8.75E+07     0.98597      0.00010515    8.75E+07     0.00010515    
   8.8E+07      0.98598      0.00010434    8.8E+07      0.00010434    
   8.85E+07     0.98597      0.00010358    8.85E+07     0.00010358    
   8.9E+07      0.98597      0.00010278    8.9E+07      0.00010278    
   8.95E+07     0.98596      0.00010235    8.95E+07     0.00010235    
   9E+07        0.98596      0.00010162    9E+07        0.00010162    
   9.05E+07     0.98598      0.00010238    9.05E+07     0.00010238    
   9.1E+07      0.98597      0.00010165    9.1E+07      0.00010165    
   9.15E+07     0.98599      0.00010155    9.15E+07     0.00010155    
   9.2E+07      0.98598      0.00010111    9.2E+07      0.00010111    
   9.25E+07     0.98597      0.00010045    9.25E+07     0.00010045    
   9.3E+07      0.98597      0.00010011    9.3E+07      0.00010011    
   9.35E+07     0.98597      9.9378E-05    9.35E+07     9.9378E-05    
   9.4E+07      0.98596      9.8945E-05    9.4E+07      9.8945E-05    
   9.45E+07     0.98594      0.00010044    9.45E+07     0.00010044    
   9.5E+07      0.98594      9.9745E-05    9.5E+07      9.9745E-05    
   9.55E+07     0.98594      9.9088E-05    9.55E+07     9.9088E-05    
   9.6E+07      0.98593      9.8699E-05    9.6E+07      9.8699E-05    
   9.65E+07     0.98594      9.8479E-05    9.65E+07     9.8479E-05    
   9.7E+07      0.98593      9.865E-05     9.7E+07      9.865E-05     
   9.75E+07     0.98592      9.8521E-05    9.75E+07     9.8521E-05    
   9.8E+07      0.98592      9.785E-05     9.8E+07      9.785E-05     
   9.85E+07     0.98593      9.7933E-05    9.85E+07     9.7933E-05    
   9.9E+07      0.98592      9.7913E-05    9.9E+07      9.7913E-05    
   9.95E+07     0.98592      9.73E-05      9.95E+07     9.73E-05      
   1E+08        0.98593      9.7035E-05    1E+08        9.7035E-05    
