# This file is written with the intent of being used to plot the data with 
# Gnuplot.  It contains no information regarding how the plot should be 
# formatted.
# =========================================================================
# Research/ArnoldivsPower -f Power2-49.dat -t 500000 -A -c 50 -C 150 -w 20 -b 75 -r  seed = 3802814610
# filename = Power2-49.dat, run = true, power = true, Arnoldi = false, storevectors = 0, raw = false, evectors = 2, evalues = 2, residual = false, arnoldimethod = implicit, tol = 2.22045e-16, verbose = 1, seed = 0, width = 20, bins = 75, acycles = 150, incycles = 50, active = 20, inactive = 0, Iterations = 10, numValues = 2, relaxed = 0, tracks = 500000, ignore_rest = false, version = false, help = false, 

#  1            2            3             4            5             6            7             8            9            
# |-            Power values           -| |-   Power eValues SD   -| |-       FOM-Power      -| |-     Power vector     -| 
#  x-coord      y-coord      error         x-coord      y-coord       x-coord      y-coord       x-coord      y-coord       
   5E+05        0.95822      0             5E+05        0             2.55E+07     0             0.13333      0.017823      
   1E+06        0.96647      0             1E+06        0             2.6E+07      1.8014E+05    0.4          0.024911      
   1.5E+06      0.97036      0             1.5E+06      0             2.65E+07     3.5514E+05    0.66667      0.031399      
   2E+06        0.97664      0             2E+06        0             2.7E+07      4.8604E+05    0.93333      0.037508      
   2.5E+06      0.97766      0             2.5E+06      0             2.75E+07     30584         1.2          0.043758      
   3E+06        0.9779       0             3E+06        0             2.8E+07      27204         1.4667       0.049819      
   3.5E+06      0.97668      0             3.5E+06      0             2.85E+07     36312         1.7333       0.055666      
   4E+06        0.98134      0             4E+06        0             2.9E+07      46565         2            0.061533      
   4.5E+06      0.97974      0             4.5E+06      0             2.95E+07     57738         2.2667       0.067113      
   5E+06        0.98245      0             5E+06        0             3E+07        64178         2.5333       0.07283       
   5.5E+06      0.98319      0             5.5E+06      0             3.05E+07     60426         2.8          0.078442      
   6E+06        0.9803       0             6E+06        0             3.1E+07      66041         3.0667       0.083495      
   6.5E+06      0.9834       0             6.5E+06      0             3.15E+07     67451         3.3333       0.088589      
   7E+06        0.9815       0             7E+06        0             3.2E+07      76876         3.6          0.093589      
   7.5E+06      0.98211      0             7.5E+06      0             3.25E+07     84481         3.8667       0.098319      
   8E+06        0.98276      0             8E+06        0             3.3E+07      85898         4.1333       0.10322       
   8.5E+06      0.98744      0             8.5E+06      0             3.35E+07     95410         4.4          0.10787       
   9E+06        0.98529      0             9E+06        0             3.4E+07      85554         4.6667       0.11217       
   9.5E+06      0.98521      0             9.5E+06      0             3.45E+07     84999         4.9333       0.11633       
   1E+07        0.98375      0             1E+07        0             3.5E+07      91228         5.2          0.12038       
   1.05E+07     0.98565      0             1.05E+07     0             3.55E+07     92578         5.4667       0.12444       
   1.1E+07      0.98487      0             1.1E+07      0             3.6E+07      82725         5.7333       0.12821       
   1.15E+07     0.98596      0             1.15E+07     0             3.65E+07     89062         6            0.13178       
   1.2E+07      0.98619      0             1.2E+07      0             3.7E+07      91765         6.2667       0.13512       
   1.25E+07     0.98486      0             1.25E+07     0             3.75E+07     97698         6.5333       0.13831       
   1.3E+07      0.98523      0             1.3E+07      0             3.8E+07      1.0384E+05    6.8          0.14096       
   1.35E+07     0.98546      0             1.35E+07     0             3.85E+07     97732         7.0667       0.14389       
   1.4E+07      0.9853       0             1.4E+07      0             3.9E+07      1.0316E+05    7.3333       0.14647       
   1.45E+07     0.98582      0             1.45E+07     0             3.95E+07     1.0616E+05    7.6          0.14875       
   1.5E+07      0.98453      0             1.5E+07      0             4E+07        1.1116E+05    7.8667       0.15043       
   1.55E+07     0.98477      0             1.55E+07     0             4.05E+07     1.1259E+05    8.1333       0.15242       
   1.6E+07      0.98502      0             1.6E+07      0             4.1E+07      1.1503E+05    8.4          0.15386       
   1.65E+07     0.98727      0             1.65E+07     0             4.15E+07     1.0115E+05    8.6667       0.15533       
   1.7E+07      0.98659      0             1.7E+07      0             4.2E+07      1.0434E+05    8.9333       0.1565        
   1.75E+07     0.98576      0             1.75E+07     0             4.25E+07     1.0923E+05    9.2          0.15752       
   1.8E+07      0.98596      0             1.8E+07      0             4.3E+07      1.101E+05     9.4667       0.15779       
   1.85E+07     0.98516      0             1.85E+07     0             4.35E+07     1.0531E+05    9.7333       0.15822       
   1.9E+07      0.98649      0             1.9E+07      0             4.4E+07      1.096E+05     10           0.15802       
   1.95E+07     0.98387      0             1.95E+07     0             4.45E+07     1.1377E+05    10.267       0.15769       
   2E+07        0.98441      0             2E+07        0             4.5E+07      1.1383E+05    10.533       0.15731       
   2.05E+07     0.98538      0             2.05E+07     0             4.55E+07     1.0333E+05    10.8         0.15693       
   2.1E+07      0.98633      0             2.1E+07      0             4.6E+07      1.0327E+05    11.067       0.15604       
   2.15E+07     0.9873       0             2.15E+07     0             4.65E+07     1.0703E+05    11.333       0.15471       
   2.2E+07      0.9855       0             2.2E+07      0             4.7E+07      1.0828E+05    11.6         0.15345       
   2.25E+07     0.98706      0             2.25E+07     0             4.75E+07     1.1202E+05    11.867       0.15199       
   2.3E+07      0.98686      0             2.3E+07      0             4.8E+07      1.083E+05     12.133       0.14961       
   2.35E+07     0.98416      0             2.35E+07     0             4.85E+07     1.0759E+05    12.4         0.14764       
   2.4E+07      0.98462      0             2.4E+07      0             4.9E+07      1.0762E+05    12.667       0.14558       
   2.45E+07     0.98384      0             2.45E+07     0             4.95E+07     1.0454E+05    12.933       0.14292       
   2.5E+07      0.98735      0             2.5E+07      0             5E+07        1.0588E+05    13.2         0.14029       
   2.55E+07     0.98373      5.7442E-09    2.55E+07     5.7442E-09    5.05E+07     1.0252E+05    13.467       0.13751       
   2.6E+07      0.98402      0.00020381    2.6E+07      0.00020381    5.1E+07      1.0455E+05    13.733       0.13431       
   2.65E+07     0.98396      0.00014375    2.65E+07     0.00014375    5.15E+07     1.0546E+05    14           0.13093       
   2.7E+07      0.98402      0.00012171    2.7E+07      0.00012171    5.2E+07      1.0503E+05    14.267       0.12692       
   2.75E+07     0.98455      0.00048055    2.75E+07     0.00048055    5.25E+07     1.0647E+05    14.533       0.12357       
   2.8E+07      0.98489      0.00050495    2.8E+07      0.00050495    5.3E+07      1.0821E+05    14.8         0.11968       
   2.85E+07     0.98491      0.00043312    2.85E+07     0.00043312    5.35E+07     1.0652E+05    15.067       0.11548       
   2.9E+07      0.98491      0.00037902    2.9E+07      0.00037902    5.4E+07      1.0156E+05    15.333       0.11107       
   2.95E+07     0.98493      0.00033745    2.95E+07     0.00033745    5.45E+07     1.0191E+05    15.6         0.10681       
   3E+07        0.98503      0.0003173     3E+07        0.0003173     5.5E+07      99186         15.867       0.10209       
   3.05E+07     0.98518      0.00032421    3.05E+07     0.00032421    5.55E+07     1.0155E+05    16.133       0.097681      
   3.1E+07      0.98527      0.00030755    3.1E+07      0.00030755    5.6E+07      1.003E+05     16.4         0.092794      
   3.15E+07     0.98537      0.00030186    3.15E+07     0.00030186    5.65E+07     1.0239E+05    16.667       0.087797      
   3.2E+07      0.98537      0.00028042    3.2E+07      0.00028042    5.7E+07      1.0396E+05    16.933       0.082601      
   3.25E+07     0.98532      0.00026541    3.25E+07     0.00026541    5.75E+07     1.0618E+05    17.2         0.077163      
   3.3E+07      0.9854       0.00026113    3.3E+07      0.00026113    5.8E+07      1.0688E+05    17.467       0.071753      
   3.35E+07     0.9854       0.00024582    3.35E+07     0.00024582    5.85E+07     1.0659E+05    17.733       0.066375      
   3.4E+07      0.98551      0.00025763    3.4E+07      0.00025763    5.9E+07      1.062E+05     18           0.060324      
   3.45E+07     0.98559      0.00025657    3.45E+07     0.00025657    5.95E+07     1.0647E+05    18.267       0.055036      
   3.5E+07      0.98562      0.00024583    3.5E+07      0.00024583    6E+07        1.0736E+05    18.533       0.049119      
   3.55E+07     0.98569      0.0002423     3.55E+07     0.0002423     6.05E+07     1.0953E+05    18.8         0.043267      
   3.6E+07      0.98558      0.00025449    3.6E+07      0.00025449    6.1E+07      1.1125E+05    19.067       0.037338      
   3.65E+07     0.98559      0.0002435     3.65E+07     0.0002435     6.15E+07     1.1313E+05    19.333       0.031043      
   3.7E+07      0.98554      0.00023824    3.7E+07      0.00023824    6.2E+07      1.1462E+05    19.6         0.02455       
   3.75E+07     0.98552      0.00022933    3.75E+07     0.00022933    6.25E+07     1.1636E+05    19.867       0.017557      
   3.8E+07      0.98553      0.00022095    3.8E+07      0.00022095    6.3E+07      1.1831E+05    
   3.85E+07     0.98561      0.00022621    3.85E+07     0.00022621    6.35E+07     1.2049E+05    
   3.9E+07      0.98563      0.00021876    3.9E+07      0.00021876    6.4E+07      1.2223E+05    
   3.95E+07     0.98567      0.00021422    3.95E+07     0.00021422    6.45E+07     1.2123E+05    
   4E+07        0.98565      0.00020802    4E+07        0.00020802    6.5E+07      1.2176E+05    
   4.05E+07     0.98569      0.00020539    4.05E+07     0.00020539    6.55E+07     1.231E+05     
   4.1E+07      0.98565      0.00020192    4.1E+07      0.00020192    6.6E+07      1.2497E+05    
   4.15E+07     0.98574      0.00021402    4.15E+07     0.00021402    6.65E+07     1.2576E+05    
   4.2E+07      0.98571      0.00020944    4.2E+07      0.00020944    6.7E+07      1.2781E+05    
   4.25E+07     0.98571      0.00020346    4.25E+07     0.00020346    6.75E+07     1.2972E+05    
   4.3E+07      0.98575      0.00020148    4.3E+07      0.00020148    6.8E+07      1.3143E+05    
   4.35E+07     0.98581      0.0002048     4.35E+07     0.0002048     6.85E+07     1.3336E+05    
   4.4E+07      0.98582      0.00019957    4.4E+07      0.00019957    6.9E+07      1.301E+05     
   4.45E+07     0.98581      0.00019475    4.45E+07     0.00019475    6.95E+07     1.3175E+05    
   4.5E+07      0.98585      0.00019361    4.5E+07      0.00019361    7E+07        1.3341E+05    
   4.55E+07     0.98592      0.00020204    4.55E+07     0.00020204    7.05E+07     1.3536E+05    
   4.6E+07      0.98588      0.00020101    4.6E+07      0.00020101    7.1E+07      1.3706E+05    
   4.65E+07     0.98588      0.00019637    4.65E+07     0.00019637    7.15E+07     1.3884E+05    
   4.7E+07      0.98591      0.00019419    4.7E+07      0.00019419    7.2E+07      1.4019E+05    
   4.75E+07     0.98591      0.00018988    4.75E+07     0.00018988    7.25E+07     1.4013E+05    
   4.8E+07      0.98596      0.00019208    4.8E+07      0.00019208    7.3E+07      1.4201E+05    
   4.85E+07     0.98592      0.00019171    4.85E+07     0.00019171    7.35E+07     1.4397E+05    
   4.9E+07      0.98595      0.00019067    4.9E+07      0.00019067    7.4E+07      1.4571E+05    
   4.95E+07     0.9859       0.00019247    4.95E+07     0.00019247    7.45E+07     1.4769E+05    
   5E+07        0.98593      0.00019027    5E+07        0.00019027    7.5E+07      1.4867E+05    
   5.05E+07     0.98588      0.0001924     5.05E+07     0.0001924     7.55E+07     1.5059E+05    
   5.1E+07      0.9859       0.00018958    5.1E+07      0.00018958    7.6E+07      1.5118E+05    
   5.15E+07     0.98587      0.00018784    5.15E+07     0.00018784    7.65E+07     1.5303E+05    
   5.2E+07      0.98584      0.0001873     5.2E+07      0.0001873     7.7E+07      1.5466E+05    
   5.25E+07     0.98582      0.00018511    5.25E+07     0.00018511    7.75E+07     1.5607E+05    
   5.3E+07      0.9858       0.00018274    5.3E+07      0.00018274    7.8E+07      1.576E+05     
   5.35E+07     0.98584      0.00018331    5.35E+07     0.00018331    7.85E+07     1.5951E+05    
   5.4E+07      0.98589      0.00018685    5.4E+07      0.00018685    7.9E+07      1.6133E+05    
   5.45E+07     0.98592      0.00018567    5.45E+07     0.00018567    7.95E+07     1.6287E+05    
   5.5E+07      0.98587      0.00018734    5.5E+07      0.00018734    8E+07        1.6469E+05    
   5.55E+07     0.98587      0.00018432    5.55E+07     0.00018432    8.05E+07     1.666E+05     
   5.6E+07      0.98583      0.00018462    5.6E+07      0.00018462    8.1E+07      1.6818E+05    
   5.65E+07     0.98584      0.00018191    5.65E+07     0.00018191    8.15E+07     1.6995E+05    
   5.7E+07      0.98586      0.00017972    5.7E+07      0.00017972    8.2E+07      1.7114E+05    
   5.75E+07     0.98586      0.00017706    5.75E+07     0.00017706    8.25E+07     1.6985E+05    
   5.8E+07      0.98584      0.00017571    5.8E+07      0.00017571    8.3E+07      1.6891E+05    
   5.85E+07     0.98587      0.00017519    5.85E+07     0.00017519    8.35E+07     1.7057E+05    
   5.9E+07      0.98584      0.00017476    5.9E+07      0.00017476    8.4E+07      1.7223E+05    
   5.95E+07     0.98587      0.00017381    5.95E+07     0.00017381    8.45E+07     1.739E+05     
   6E+07        0.98589      0.00017235    6E+07        0.00017235    8.5E+07      1.7569E+05    
   6.05E+07     0.98589      0.00016993    6.05E+07     0.00016993    8.55E+07     1.774E+05     
   6.1E+07      0.98588      0.00016792    6.1E+07      0.00016792    8.6E+07      1.7926E+05    
   6.15E+07     0.98587      0.00016583    6.15E+07     0.00016583    8.65E+07     1.8103E+05    
   6.2E+07      0.98585      0.00016408    6.2E+07      0.00016408    8.7E+07      1.8092E+05    
   6.25E+07     0.98586      0.0001622     6.25E+07     0.0001622     8.75E+07     1.8071E+05    
   6.3E+07      0.98587      0.0001602     6.3E+07      0.0001602     8.8E+07      1.8255E+05    
   6.35E+07     0.98587      0.00015812    6.35E+07     0.00015812    8.85E+07     1.8374E+05    
   6.4E+07      0.98588      0.00015637    6.4E+07      0.00015637    8.9E+07      1.8235E+05    
   6.45E+07     0.98586      0.00015639    6.45E+07     0.00015639    8.95E+07     1.839E+05     
   6.5E+07      0.98587      0.00015543    6.5E+07      0.00015543    9E+07        1.8548E+05    
   6.55E+07     0.98586      0.00015399    6.55E+07     0.00015399    9.05E+07     1.8725E+05    
   6.6E+07      0.98586      0.00015224    6.6E+07      0.00015224    9.1E+07      1.883E+05     
   6.65E+07     0.98584      0.00015119    6.65E+07     0.00015119    9.15E+07     1.9008E+05    
   6.7E+07      0.98584      0.00014941    6.7E+07      0.00014941    9.2E+07      1.8298E+05    
   6.75E+07     0.98585      0.00014774    6.75E+07     0.00014774    9.25E+07     1.8158E+05    
   6.8E+07      0.98584      0.00014624    6.8E+07      0.00014624    9.3E+07      1.8319E+05    
   6.85E+07     0.98583      0.00014464    6.85E+07     0.00014464    9.35E+07     1.8469E+05    
   6.9E+07      0.98581      0.0001459     6.9E+07      0.0001459     9.4E+07      1.8336E+05    
   6.95E+07     0.98581      0.00014446    6.95E+07     0.00014446    9.45E+07     1.8477E+05    
   7E+07        0.98582      0.00014304    7E+07        0.00014304    9.5E+07      1.8645E+05    
   7.05E+07     0.98582      0.00014147    7.05E+07     0.00014147    9.55E+07     1.8746E+05    
   7.1E+07      0.98581      0.0001401     7.1E+07      0.0001401     9.6E+07      1.8834E+05    
   7.15E+07     0.98581      0.00013871    7.15E+07     0.00013871    9.65E+07     1.8815E+05    
   7.2E+07      0.9858       0.00013755    7.2E+07      0.00013755    9.7E+07      1.8824E+05    
   7.25E+07     0.98578      0.00013711    7.25E+07     0.00013711    9.75E+07     1.8979E+05    
   7.3E+07      0.98579      0.00013574    7.3E+07      0.00013574    9.8E+07      1.8659E+05    
   7.35E+07     0.98579      0.00013434    7.35E+07     0.00013434    9.85E+07     1.8743E+05    
   7.4E+07      0.98579      0.00013307    7.4E+07      0.00013307    9.9E+07      1.8872E+05    
   7.45E+07     0.98579      0.00013173    7.45E+07     0.00013173    9.95E+07     1.9016E+05    
   7.5E+07      0.98578      0.00013085    7.5E+07      0.00013085    1E+08        1.9082E+05    
   7.55E+07     0.98578      0.00012956    7.55E+07     0.00012956    
   7.6E+07      0.98579      0.00012887    7.6E+07      0.00012887    
   7.65E+07     0.98579      0.00012767    7.65E+07     0.00012767    
   7.7E+07      0.9858       0.00012657    7.7E+07      0.00012657    
   7.75E+07     0.98581      0.00012559    7.75E+07     0.00012559    
   7.8E+07      0.9858       0.00012457    7.8E+07      0.00012457    
   7.85E+07     0.9858       0.00012342    7.85E+07     0.00012342    
   7.9E+07      0.9858       0.00012232    7.9E+07      0.00012232    
   7.95E+07     0.9858       0.00012137    7.95E+07     0.00012137    
   8E+07        0.98579      0.0001203     8E+07        0.0001203     
   8.05E+07     0.9858       0.00011924    8.05E+07     0.00011924    
   8.1E+07      0.98579      0.00011831    8.1E+07      0.00011831    
   8.15E+07     0.98579      0.00011732    8.15E+07     0.00011732    
   8.2E+07      0.98579      0.00011656    8.2E+07      0.00011656    
   8.25E+07     0.98578      0.00011665    8.25E+07     0.00011665    
   8.3E+07      0.98576      0.00011661    8.3E+07      0.00011661    
   8.35E+07     0.98576      0.00011569    8.35E+07     0.00011569    
   8.4E+07      0.98576      0.00011479    8.4E+07      0.00011479    
   8.45E+07     0.98576      0.0001139     8.45E+07     0.0001139     
   8.5E+07      0.98576      0.00011298    8.5E+07      0.00011298    
   8.55E+07     0.98576      0.00011211    8.55E+07     0.00011211    
   8.6E+07      0.98576      0.00011119    8.6E+07      0.00011119    
   8.65E+07     0.98576      0.00011031    8.65E+07     0.00011031    
   8.7E+07      0.98577      0.00011003    8.7E+07      0.00011003    
   8.75E+07     0.98578      0.00010977    8.75E+07     0.00010977    
   8.8E+07      0.98578      0.00010891    8.8E+07      0.00010891    
   8.85E+07     0.98579      0.00010825    8.85E+07     0.00010825    
   8.9E+07      0.98577      0.00010836    8.9E+07      0.00010836    
   8.95E+07     0.98577      0.0001076     8.95E+07     0.0001076     
   9E+07        0.98577      0.00010684    9E+07        0.00010684    
   9.05E+07     0.98578      0.00010605    9.05E+07     0.00010605    
   9.1E+07      0.98578      0.00010545    9.1E+07      0.00010545    
   9.15E+07     0.98578      0.00010467    9.15E+07     0.00010467    
   9.2E+07      0.9858       0.00010639    9.2E+07      0.00010639    
   9.25E+07     0.98579      0.00010651    9.25E+07     0.00010651    
   9.3E+07      0.98579      0.00010575    9.3E+07      0.00010575    
   9.35E+07     0.98579      0.00010504    9.35E+07     0.00010504    
   9.4E+07      0.9858       0.00010513    9.4E+07      0.00010513    
   9.45E+07     0.9858       0.00010445    9.45E+07     0.00010445    
   9.5E+07      0.9858       0.00010371    9.5E+07      0.00010371    
   9.55E+07     0.9858       0.00010315    9.55E+07     0.00010315    
   9.6E+07      0.9858       0.00010264    9.6E+07      0.00010264    
   9.65E+07     0.98579      0.00010242    9.65E+07     0.00010242    
   9.7E+07      0.9858       0.00010212    9.7E+07      0.00010212    
   9.75E+07     0.98579      0.00010145    9.75E+07     0.00010145    
   9.8E+07      0.98581      0.00010205    9.8E+07      0.00010205    
   9.85E+07     0.98582      0.00010156    9.85E+07     0.00010156    
   9.9E+07      0.98581      0.00010096    9.9E+07      0.00010096    
   9.95E+07     0.98582      0.00010032    9.95E+07     0.00010032    
   1E+08        0.98582      9.9888E-05    1E+08        9.9888E-05    
