# This file is written with the intent of being used to plot the data with 
# Gnuplot.  It contains no information regarding how the plot should be 
# formatted.
# =========================================================================
# Research/ArnoldivsPower -f Power2-59.dat -t 500000 -A -c 50 -C 150 -w 20 -b 75 -r  seed = 4112913640
# filename = Power2-59.dat, run = true, power = true, Arnoldi = false, storevectors = 0, raw = false, evectors = 2, evalues = 2, residual = false, arnoldimethod = implicit, tol = 2.22045e-16, verbose = 1, seed = 0, width = 20, bins = 75, acycles = 150, incycles = 50, active = 20, inactive = 0, Iterations = 10, numValues = 2, relaxed = 0, tracks = 500000, ignore_rest = false, version = false, help = false, 

#  1            2            3             4            5             6            7             8            9            
# |-            Power values           -| |-   Power eValues SD   -| |-       FOM-Power      -| |-     Power vector     -| 
#  x-coord      y-coord      error         x-coord      y-coord       x-coord      y-coord       x-coord      y-coord       
   5E+05        0.95808      0             5E+05        0             2.55E+07     0             0.13333      0.017531      
   1E+06        0.96817      0             1E+06        0             2.6E+07      1.4619E+05    0.4          0.024656      
   1.5E+06      0.97192      0             1.5E+06      0             2.65E+07     31862         0.66667      0.03093       
   2E+06        0.97448      0             2E+06        0             2.7E+07      32305         0.93333      0.037098      
   2.5E+06      0.97801      0             2.5E+06      0             2.75E+07     31769         1.2          0.043386      
   3E+06        0.97723      0             3E+06        0             2.8E+07      44910         1.4667       0.049083      
   3.5E+06      0.97866      0             3.5E+06      0             2.85E+07     59293         1.7333       0.054916      
   4E+06        0.9797       0             4E+06        0             2.9E+07      72533         2            0.060531      
   4.5E+06      0.98181      0             4.5E+06      0             2.95E+07     86232         2.2667       0.066235      
   5E+06        0.9819       0             5E+06        0             3E+07        1.0207E+05    2.5333       0.071812      
   5.5E+06      0.98224      0             5.5E+06      0             3.05E+07     1.1077E+05    2.8          0.077348      
   6E+06        0.98209      0             6E+06        0             3.1E+07      1.2402E+05    3.0667       0.082503      
   6.5E+06      0.9832       0             6.5E+06      0             3.15E+07     1.429E+05     3.3333       0.087574      
   7E+06        0.98208      0             7E+06        0             3.2E+07      1.1265E+05    3.6          0.092794      
   7.5E+06      0.98261      0             7.5E+06      0             3.25E+07     1.2615E+05    3.8667       0.09783       
   8E+06        0.98329      0             8E+06        0             3.3E+07      1.3442E+05    4.1333       0.10286       
   8.5E+06      0.98396      0             8.5E+06      0             3.35E+07     1.49E+05      4.4          0.10733       
   9E+06        0.98274      0             9E+06        0             3.4E+07      1.4131E+05    4.6667       0.11192       
   9.5E+06      0.98355      0             9.5E+06      0             3.45E+07     1.4599E+05    4.9333       0.11597       
   1E+07        0.98467      0             1E+07        0             3.5E+07      1.3468E+05    5.2          0.12054       
   1.05E+07     0.98478      0             1.05E+07     0             3.55E+07     1.4509E+05    5.4667       0.12447       
   1.1E+07      0.98568      0             1.1E+07      0             3.6E+07      1.5055E+05    5.7333       0.12805       
   1.15E+07     0.98571      0             1.15E+07     0             3.65E+07     1.3498E+05    6            0.13173       
   1.2E+07      0.986        0             1.2E+07      0             3.7E+07      1.4169E+05    6.2667       0.13535       
   1.25E+07     0.98399      0             1.25E+07     0             3.75E+07     1.3811E+05    6.5333       0.138         
   1.3E+07      0.9843       0             1.3E+07      0             3.8E+07      1.4565E+05    6.8          0.14088       
   1.35E+07     0.98475      0             1.35E+07     0             3.85E+07     1.363E+05     7.0667       0.14368       
   1.4E+07      0.98622      0             1.4E+07      0             3.9E+07      1.4462E+05    7.3333       0.14632       
   1.45E+07     0.98413      0             1.45E+07     0             3.95E+07     1.5302E+05    7.6          0.14857       
   1.5E+07      0.98498      0             1.5E+07      0             4E+07        1.6104E+05    7.8667       0.15073       
   1.55E+07     0.98423      0             1.55E+07     0             4.05E+07     1.5048E+05    8.1333       0.1525        
   1.6E+07      0.98252      0             1.6E+07      0             4.1E+07      1.581E+05     8.4          0.15418       
   1.65E+07     0.98622      0             1.65E+07     0             4.15E+07     1.554E+05     8.6667       0.15503       
   1.7E+07      0.98615      0             1.7E+07      0             4.2E+07      1.5231E+05    8.9333       0.15627       
   1.75E+07     0.98581      0             1.75E+07     0             4.25E+07     1.5948E+05    9.2          0.15694       
   1.8E+07      0.98639      0             1.8E+07      0             4.3E+07      1.6628E+05    9.4667       0.158         
   1.85E+07     0.98626      0             1.85E+07     0             4.35E+07     1.7322E+05    9.7333       0.15838       
   1.9E+07      0.98617      0             1.9E+07      0             4.4E+07      1.7519E+05    10           0.15848       
   1.95E+07     0.98332      0             1.95E+07     0             4.45E+07     1.7624E+05    10.267       0.15788       
   2E+07        0.98698      0             2E+07        0             4.5E+07      1.832E+05     10.533       0.15742       
   2.05E+07     0.98556      0             2.05E+07     0             4.55E+07     1.9004E+05    10.8         0.15672       
   2.1E+07      0.98552      0             2.1E+07      0             4.6E+07      1.9193E+05    11.067       0.15591       
   2.15E+07     0.98334      0             2.15E+07     0             4.65E+07     1.9735E+05    11.333       0.15466       
   2.2E+07      0.98518      0             2.2E+07      0             4.7E+07      1.9769E+05    11.6         0.15292       
   2.25E+07     0.98605      0             2.25E+07     0             4.75E+07     1.9432E+05    11.867       0.15166       
   2.3E+07      0.98548      0             2.3E+07      0             4.8E+07      1.9742E+05    12.133       0.15003       
   2.35E+07     0.98657      0             2.35E+07     0             4.85E+07     1.8752E+05    12.4         0.14811       
   2.4E+07      0.98469      0             2.4E+07      0             4.9E+07      1.9205E+05    12.667       0.14592       
   2.45E+07     0.9885       0             2.45E+07     0             4.95E+07     1.9145E+05    12.933       0.14327       
   2.5E+07      0.98493      0             2.5E+07      0             5E+07        1.9702E+05    13.2         0.14044       
   2.55E+07     0.98489      5.99E-09      2.55E+07     5.99E-09      5.05E+07     2.0112E+05    13.467       0.13775       
   2.6E+07      0.98521      0.00022564    2.6E+07      0.00022564    5.1E+07      2.0628E+05    13.733       0.13428       
   2.65E+07     0.98576      0.00047857    2.65E+07     0.00047857    5.15E+07     2.1148E+05    14           0.13132       
   2.7E+07      0.98612      0.00047076    2.7E+07      0.00047076    5.2E+07      2.1734E+05    14.267       0.12796       
   2.75E+07     0.9858       0.0004703     2.75E+07     0.0004703     5.25E+07     2.014E+05     14.533       0.1239        
   2.8E+07      0.9858       0.00039193    2.8E+07      0.00039193    5.3E+07      2.0204E+05    14.8         0.12014       
   2.85E+07     0.98584      0.00033801    2.85E+07     0.00033801    5.35E+07     1.9298E+05    15.067       0.11603       
   2.9E+07      0.98591      0.00030292    2.9E+07      0.00030292    5.4E+07      1.9759E+05    15.333       0.11181       
   2.95E+07     0.98585      0.00027535    2.95E+07     0.00027535    5.45E+07     2.0207E+05    15.6         0.10715       
   3E+07        0.98589      0.00025094    3E+07        0.00025094    5.5E+07      2.0674E+05    15.867       0.10308       
   3.05E+07     0.98582      0.00023887    3.05E+07     0.00023887    5.55E+07     2.0435E+05    16.133       0.09815       
   3.1E+07      0.98577      0.00022389    3.1E+07      0.00022389    5.6E+07      2.0922E+05    16.4         0.093231      
   3.15E+07     0.98576      0.00020689    3.15E+07     0.00020689    5.65E+07     2.127E+05     16.667       0.088162      
   3.2E+07      0.9859       0.00023119    3.2E+07      0.00023119    5.7E+07      2.1736E+05    16.933       0.082714      
   3.25E+07     0.98592      0.00021672    3.25E+07     0.00021672    5.75E+07     2.2103E+05    17.2         0.07729       
   3.3E+07      0.98587      0.00020834    3.3E+07      0.00020834    5.8E+07      2.2576E+05    17.467       0.072169      
   3.35E+07     0.98586      0.00019625    3.35E+07     0.00019625    5.85E+07     2.1933E+05    17.733       0.066544      
   3.4E+07      0.98578      0.00019996    3.4E+07      0.00019996    5.9E+07      2.2346E+05    18           0.060877      
   3.45E+07     0.98573      0.00019527    3.45E+07     0.00019527    5.95E+07     2.1811E+05    18.267       0.055103      
   3.5E+07      0.98565      0.00020181    3.5E+07      0.00020181    6E+07        2.2255E+05    18.533       0.049422      
   3.55E+07     0.98567      0.00019304    3.55E+07     0.00019304    6.05E+07     2.2662E+05    18.8         0.043094      
   3.6E+07      0.98563      0.00018816    3.6E+07      0.00018816    6.1E+07      2.0905E+05    19.067       0.03718       
   3.65E+07     0.98571      0.00019735    3.65E+07     0.00019735    6.15E+07     2.0099E+05    19.333       0.030947      
   3.7E+07      0.98574      0.00019127    3.7E+07      0.00019127    6.2E+07      2.0363E+05    19.6         0.024516      
   3.75E+07     0.9858       0.00019243    3.75E+07     0.00019243    6.25E+07     2.0711E+05    19.867       0.017556      
   3.8E+07      0.98578      0.00018614    3.8E+07      0.00018614    6.3E+07      2.1078E+05    
   3.85E+07     0.98585      0.00019113    3.85E+07     0.00019113    6.35E+07     2.1435E+05    
   3.9E+07      0.98585      0.00018434    3.9E+07      0.00018434    6.4E+07      2.0888E+05    
   3.95E+07     0.98586      0.00017805    3.95E+07     0.00017805    6.45E+07     2.0919E+05    
   4E+07        0.98585      0.00017242    4E+07        0.00017242    6.5E+07      2.11E+05      
   4.05E+07     0.98579      0.00017726    4.05E+07     0.00017726    6.55E+07     2.1313E+05    
   4.1E+07      0.98579      0.00017187    4.1E+07      0.00017187    6.6E+07      2.1304E+05    
   4.15E+07     0.98575      0.0001723     4.15E+07     0.0001723     6.65E+07     1.9201E+05    
   4.2E+07      0.9858       0.00017298    4.2E+07      0.00017298    6.7E+07      1.948E+05     
   4.25E+07     0.98579      0.00016806    4.25E+07     0.00016806    6.75E+07     1.9726E+05    
   4.3E+07      0.9858       0.00016358    4.3E+07      0.00016358    6.8E+07      2.0008E+05    
   4.35E+07     0.98581      0.00015936    4.35E+07     0.00015936    6.85E+07     2.0286E+05    
   4.4E+07      0.98578      0.00015756    4.4E+07      0.00015756    6.9E+07      2.0539E+05    
   4.45E+07     0.98575      0.00015619    4.45E+07     0.00015619    6.95E+07     2.0826E+05    
   4.5E+07      0.98575      0.00015232    4.5E+07      0.00015232    7E+07        2.1019E+05    
   4.55E+07     0.98574      0.0001487     4.55E+07     0.0001487     7.05E+07     2.1242E+05    
   4.6E+07      0.98577      0.00014716    4.6E+07      0.00014716    7.1E+07      2.1304E+05    
   4.65E+07     0.98578      0.00014433    4.65E+07     0.00014433    7.15E+07     2.1612E+05    
   4.7E+07      0.98576      0.00014344    4.7E+07      0.00014344    7.2E+07      2.1837E+05    
   4.75E+07     0.98572      0.0001439     4.75E+07     0.0001439     7.25E+07     2.1957E+05    
   4.8E+07      0.98574      0.00014199    4.8E+07      0.00014199    7.3E+07      2.2035E+05    
   4.85E+07     0.98578      0.00014493    4.85E+07     0.00014493    7.35E+07     2.152E+05     
   4.9E+07      0.98577      0.00014248    4.9E+07      0.00014248    7.4E+07      2.1583E+05    
   4.95E+07     0.9858       0.00014195    4.95E+07     0.00014195    7.45E+07     2.1843E+05    
   5E+07        0.98579      0.00013923    5E+07        0.00013923    7.5E+07      2.2014E+05    
   5.05E+07     0.9858       0.0001371     5.05E+07     0.0001371     7.55E+07     2.2303E+05    
   5.1E+07      0.9858       0.0001347     5.1E+07      0.0001347     7.6E+07      2.2581E+05    
   5.15E+07     0.98579      0.00013237    5.15E+07     0.00013237    7.65E+07     2.1639E+05    
   5.2E+07      0.98579      0.00012993    5.2E+07      0.00012993    7.7E+07      2.1355E+05    
   5.25E+07     0.98583      0.00013432    5.25E+07     0.00013432    7.75E+07     2.1417E+05    
   5.3E+07      0.98581      0.00013345    5.3E+07      0.00013345    7.8E+07      2.1652E+05    
   5.35E+07     0.98577      0.00013592    5.35E+07     0.00013592    7.85E+07     2.1875E+05    
   5.4E+07      0.98578      0.00013367    5.4E+07      0.00013367    7.9E+07      2.2056E+05    
   5.45E+07     0.98578      0.00013157    5.45E+07     0.00013157    7.95E+07     2.2203E+05    
   5.5E+07      0.98579      0.00012948    5.5E+07      0.00012948    8E+07        2.1824E+05    
   5.55E+07     0.98581      0.00012963    5.55E+07     0.00012963    8.05E+07     2.2043E+05    
   5.6E+07      0.98581      0.00012754    5.6E+07      0.00012754    8.1E+07      2.2292E+05    
   5.65E+07     0.98582      0.00012593    5.65E+07     0.00012593    8.15E+07     2.2281E+05    
   5.7E+07      0.98583      0.00012401    5.7E+07      0.00012401    8.2E+07      2.2476E+05    
   5.75E+07     0.98584      0.00012244    5.75E+07     0.00012244    8.25E+07     2.272E+05     
   5.8E+07      0.98584      0.00012062    5.8E+07      0.00012062    8.3E+07      2.2499E+05    
   5.85E+07     0.98587      0.00012183    5.85E+07     0.00012183    8.35E+07     2.2746E+05    
   5.9E+07      0.98587      0.00012018    5.9E+07      0.00012018    8.4E+07      2.2986E+05    
   5.95E+07     0.9859       0.00012114    5.95E+07     0.00012114    8.45E+07     2.3134E+05    
   6E+07        0.9859       0.00011941    6E+07        0.00011941    8.5E+07      2.3233E+05    
   6.05E+07     0.9859       0.00011783    6.05E+07     0.00011783    8.55E+07     2.3396E+05    
   6.1E+07      0.98587      0.00012218    6.1E+07      0.00012218    8.6E+07      2.3638E+05    
   6.15E+07     0.9859       0.00012409    6.15E+07     0.00012409    8.65E+07     2.3856E+05    
   6.2E+07      0.98589      0.00012279    6.2E+07      0.00012279    8.7E+07      2.4013E+05    
   6.25E+07     0.98588      0.00012126    6.25E+07     0.00012126    8.75E+07     2.4107E+05    
   6.3E+07      0.98588      0.00011971    6.3E+07      0.00011971    8.8E+07      2.4296E+05    
   6.35E+07     0.98588      0.00011824    6.35E+07     0.00011824    8.85E+07     2.4273E+05    
   6.4E+07      0.98586      0.0001193     6.4E+07      0.0001193     8.9E+07      2.4499E+05    
   6.45E+07     0.98587      0.00011874    6.45E+07     0.00011874    8.95E+07     2.4725E+05    
   6.5E+07      0.98586      0.00011777    6.5E+07      0.00011777    9E+07        2.4929E+05    
   6.55E+07     0.98587      0.00011672    6.55E+07     0.00011672    9.05E+07     2.5039E+05    
   6.6E+07      0.98585      0.00011629    6.6E+07      0.00011629    9.1E+07      2.527E+05     
   6.65E+07     0.9859       0.00012203    6.65E+07     0.00012203    9.15E+07     2.4745E+05    
   6.7E+07      0.9859       0.0001207     6.7E+07      0.0001207     9.2E+07      2.4835E+05    
   6.75E+07     0.98591      0.00011949    6.75E+07     0.00011949    9.25E+07     2.4667E+05    
   6.8E+07      0.9859       0.0001182     6.8E+07      0.0001182     9.3E+07      2.4768E+05    
   6.85E+07     0.98591      0.00011695    6.85E+07     0.00011695    9.35E+07     2.4799E+05    
   6.9E+07      0.98592      0.00011579    6.9E+07      0.00011579    9.4E+07      2.496E+05     
   6.95E+07     0.98591      0.00011457    6.95E+07     0.00011457    9.45E+07     2.5168E+05    
   7E+07        0.9859       0.00011363    7E+07        0.00011363    9.5E+07      2.5097E+05    
   7.05E+07     0.98589      0.00011263    7.05E+07     0.00011263    9.55E+07     2.5106E+05    
   7.1E+07      0.98591      0.00011207    7.1E+07      0.00011207    9.6E+07      2.5323E+05    
   7.15E+07     0.98591      0.00011087    7.15E+07     0.00011087    9.65E+07     2.5237E+05    
   7.2E+07      0.9859       0.00010989    7.2E+07      0.00010989    9.7E+07      2.5338E+05    
   7.25E+07     0.98589      0.00010922    7.25E+07     0.00010922    9.75E+07     2.5452E+05    
   7.3E+07      0.98588      0.00010865    7.3E+07      0.00010865    9.8E+07      2.5634E+05    
   7.35E+07     0.9859       0.00010955    7.35E+07     0.00010955    9.85E+07     2.5751E+05    
   7.4E+07      0.98591      0.00010901    7.4E+07      0.00010901    9.9E+07      2.5961E+05    
   7.45E+07     0.98591      0.00010799    7.45E+07     0.00010799    9.95E+07     2.5839E+05    
   7.5E+07      0.98592      0.00010721    7.5E+07      0.00010721    1E+08        2.6042E+05    
   7.55E+07     0.98592      0.00010616    7.55E+07     0.00010616    
   7.6E+07      0.98592      0.00010516    7.6E+07      0.00010516    
   7.65E+07     0.98589      0.00010706    7.65E+07     0.00010706    
   7.7E+07      0.98591      0.00010742    7.7E+07      0.00010742    
   7.75E+07     0.98592      0.00010691    7.75E+07     0.00010691    
   7.8E+07      0.98593      0.00010598    7.8E+07      0.00010598    
   7.85E+07     0.98593      0.00010511    7.85E+07     0.00010511    
   7.9E+07      0.98594      0.00010434    7.9E+07      0.00010434    
   7.95E+07     0.98593      0.00010366    7.95E+07     0.00010366    
   8E+07        0.98591      0.00010423    8E+07        0.00010423    
   8.05E+07     0.98592      0.00010339    8.05E+07     0.00010339    
   8.1E+07      0.98592      0.00010248    8.1E+07      0.00010248    
   8.15E+07     0.98593      0.00010219    8.15E+07     0.00010219    
   8.2E+07      0.98593      0.00010144    8.2E+07      0.00010144    
   8.25E+07     0.98592      0.00010058    8.25E+07     0.00010058    
   8.3E+07      0.98591      0.00010076    8.3E+07      0.00010076    
   8.35E+07     0.98591      9.9913E-05    8.35E+07     9.9913E-05    
   8.4E+07      0.98591      9.9089E-05    8.4E+07      9.9089E-05    
   8.45E+07     0.9859       9.848E-05     8.45E+07     9.848E-05     
   8.5E+07      0.98591      9.7974E-05    8.5E+07      9.7974E-05    
   8.55E+07     0.98591      9.7336E-05    8.55E+07     9.7336E-05    
   8.6E+07      0.98591      9.6556E-05    8.6E+07      9.6556E-05    
   8.65E+07     0.98591      9.5835E-05    8.65E+07     9.5835E-05    
   8.7E+07      0.9859       9.5244E-05    8.7E+07      9.5244E-05    
   8.75E+07     0.9859       9.4785E-05    8.75E+07     9.4785E-05    
   8.8E+07      0.98589      9.4143E-05    8.8E+07      9.4143E-05    
   8.85E+07     0.98588      9.3917E-05    8.85E+07     9.3917E-05    
   8.9E+07      0.98588      9.3221E-05    8.9E+07      9.3221E-05    
   8.95E+07     0.98588      9.253E-05     8.95E+07     9.253E-05     
   9E+07        0.98588      9.1894E-05    9E+07        9.1894E-05    
   9.05E+07     0.98587      9.1439E-05    9.05E+07     9.1439E-05    
   9.1E+07      0.98587      9.0766E-05    9.1E+07      9.0766E-05    
   9.15E+07     0.98585      9.1474E-05    9.15E+07     9.1474E-05    
   9.2E+07      0.98585      9.1061E-05    9.2E+07      9.1061E-05    
   9.25E+07     0.98583      9.1122E-05    9.25E+07     9.1122E-05    
   9.3E+07      0.98583      9.0685E-05    9.3E+07      9.0685E-05    
   9.35E+07     0.98582      9.0389E-05    9.35E+07     9.0389E-05    
   9.4E+07      0.98582      8.9856E-05    9.4E+07      8.9856E-05    
   9.45E+07     0.98582      8.9248E-05    9.45E+07     8.9248E-05    
   9.5E+07      0.98583      8.9138E-05    9.5E+07      8.9138E-05    
   9.55E+07     0.98582      8.8886E-05    9.55E+07     8.8886E-05    
   9.6E+07      0.98582      8.827E-05     9.6E+07      8.827E-05     
   9.65E+07     0.98583      8.8192E-05    9.65E+07     8.8192E-05    
   9.7E+07      0.98584      8.7787E-05    9.7E+07      8.7787E-05    
   9.75E+07     0.98584      8.7363E-05    9.75E+07     8.7363E-05    
   9.8E+07      0.98584      8.6833E-05    9.8E+07      8.6833E-05    
   9.85E+07     0.98585      8.6415E-05    9.85E+07     8.6415E-05    
   9.9E+07      0.98585      8.584E-05     9.9E+07      8.584E-05     
   9.95E+07     0.98584      8.5823E-05    9.95E+07     8.5823E-05    
   1E+08        0.98584      8.5273E-05    1E+08        8.5273E-05    
