# This file is written with the intent of being used to plot the data with 
# Gnuplot.  It contains no information regarding how the plot should be 
# formatted.
# =========================================================================
# Research/ArnoldivsPower -f Power2-76.dat -t 500000 -A -c 50 -C 150 -w 20 -b 75 -r  seed = 1843677749
# filename = Power2-76.dat, run = true, power = true, Arnoldi = false, storevectors = 0, raw = false, evectors = 2, evalues = 2, residual = false, arnoldimethod = implicit, tol = 2.22045e-16, verbose = 1, seed = 0, width = 20, bins = 75, acycles = 150, incycles = 50, active = 20, inactive = 0, Iterations = 10, numValues = 2, relaxed = 0, tracks = 500000, ignore_rest = false, version = false, help = false, 

#  1            2            3             4            5             6            7             8            9            
# |-            Power values           -| |-   Power eValues SD   -| |-       FOM-Power      -| |-     Power vector     -| 
#  x-coord      y-coord      error         x-coord      y-coord       x-coord      y-coord       x-coord      y-coord       
   5E+05        0.95895      0             5E+05        0             2.55E+07     0             0.13333      0.01763       
   1E+06        0.96713      0             1E+06        0             2.6E+07      6158          0.4          0.024654      
   1.5E+06      0.97233      0             1.5E+06      0             2.65E+07     10373         0.66667      0.031184      
   2E+06        0.97299      0             2E+06        0             2.7E+07      9947.6        0.93333      0.03746       
   2.5E+06      0.97569      0             2.5E+06      0             2.75E+07     15230         1.2          0.043356      
   3E+06        0.97783      0             3E+06        0             2.8E+07      21035         1.4667       0.049422      
   3.5E+06      0.97845      0             3.5E+06      0             2.85E+07     27271         1.7333       0.0552        
   4E+06        0.9787       0             4E+06        0             2.9E+07      33534         2            0.060976      
   4.5E+06      0.98087      0             4.5E+06      0             2.95E+07     31391         2.2667       0.066426      
   5E+06        0.97916      0             5E+06        0             3E+07        37939         2.5333       0.072177      
   5.5E+06      0.98093      0             5.5E+06      0             3.05E+07     45124         2.8          0.077462      
   6E+06        0.98229      0             6E+06        0             3.1E+07      49706         3.0667       0.082421      
   6.5E+06      0.98351      0             6.5E+06      0             3.15E+07     53841         3.3333       0.087725      
   7E+06        0.98278      0             7E+06        0             3.2E+07      60913         3.6          0.093105      
   7.5E+06      0.98464      0             7.5E+06      0             3.25E+07     67875         3.8667       0.097707      
   8E+06        0.98481      0             8E+06        0             3.3E+07      68972         4.1333       0.10215       
   8.5E+06      0.98279      0             8.5E+06      0             3.35E+07     76489         4.4          0.10702       
   9E+06        0.98404      0             9E+06        0             3.4E+07      84464         4.6667       0.11143       
   9.5E+06      0.98495      0             9.5E+06      0             3.45E+07     90522         4.9333       0.11573       
   1E+07        0.98438      0             1E+07        0             3.5E+07      97524         5.2          0.11953       
   1.05E+07     0.98751      0             1.05E+07     0             3.55E+07     1.0374E+05    5.4667       0.12372       
   1.1E+07      0.98175      0             1.1E+07      0             3.6E+07      98622         5.7333       0.12719       
   1.15E+07     0.98233      0             1.15E+07     0             3.65E+07     1.0378E+05    6            0.1307        
   1.2E+07      0.98621      0             1.2E+07      0             3.7E+07      1.0875E+05    6.2667       0.13428       
   1.25E+07     0.98353      0             1.25E+07     0             3.75E+07     1.1642E+05    6.5333       0.13762       
   1.3E+07      0.98633      0             1.3E+07      0             3.8E+07      90130         6.8          0.14055       
   1.35E+07     0.98382      0             1.35E+07     0             3.85E+07     95279         7.0667       0.14304       
   1.4E+07      0.98629      0             1.4E+07      0             3.9E+07      1.0104E+05    7.3333       0.14578       
   1.45E+07     0.98624      0             1.45E+07     0             3.95E+07     1.0276E+05    7.6          0.14805       
   1.5E+07      0.98647      0             1.5E+07      0             4E+07        1.0827E+05    7.8667       0.14968       
   1.55E+07     0.98631      0             1.55E+07     0             4.05E+07     1.1305E+05    8.1333       0.152         
   1.6E+07      0.98748      0             1.6E+07      0             4.1E+07      1.1256E+05    8.4          0.15307       
   1.65E+07     0.98604      0             1.65E+07     0             4.15E+07     1.1825E+05    8.6667       0.15486       
   1.7E+07      0.98439      0             1.7E+07      0             4.2E+07      1.1796E+05    8.9333       0.15596       
   1.75E+07     0.98504      0             1.75E+07     0             4.25E+07     1.2345E+05    9.2          0.15673       
   1.8E+07      0.98556      0             1.8E+07      0             4.3E+07      1.2895E+05    9.4667       0.15755       
   1.85E+07     0.98542      0             1.85E+07     0             4.35E+07     1.2522E+05    9.7333       0.15775       
   1.9E+07      0.98686      0             1.9E+07      0             4.4E+07      1.2812E+05    10           0.15766       
   1.95E+07     0.98604      0             1.95E+07     0             4.45E+07     1.2815E+05    10.267       0.15766       
   2E+07        0.98601      0             2E+07        0             4.5E+07      1.323E+05     10.533       0.15753       
   2.05E+07     0.98572      0             2.05E+07     0             4.55E+07     1.3742E+05    10.8         0.15654       
   2.1E+07      0.98685      0             2.1E+07      0             4.6E+07      1.422E+05     11.067       0.15619       
   2.15E+07     0.98384      0             2.15E+07     0             4.65E+07     1.4724E+05    11.333       0.15524       
   2.2E+07      0.98558      0             2.2E+07      0             4.7E+07      1.5023E+05    11.6         0.15399       
   2.25E+07     0.98718      0             2.25E+07     0             4.75E+07     1.5329E+05    11.867       0.15242       
   2.3E+07      0.98624      0             2.3E+07      0             4.8E+07      1.5612E+05    12.133       0.15034       
   2.35E+07     0.98486      0             2.35E+07     0             4.85E+07     1.5399E+05    12.4         0.1487        
   2.4E+07      0.98438      0             2.4E+07      0             4.9E+07      1.5891E+05    12.667       0.1463        
   2.45E+07     0.98533      0             2.45E+07     0             4.95E+07     1.6347E+05    12.933       0.14413       
   2.5E+07      0.98522      0             2.5E+07      0             5E+07        1.6443E+05    13.2         0.14127       
   2.55E+07     0.98488      NAN           2.55E+07     NAN           5.05E+07     1.6862E+05    13.467       0.13829       
   2.6E+07      0.98644      0.001101      2.6E+07      0.001101      5.1E+07      1.7297E+05    13.733       0.1353        
   2.65E+07     0.98594      0.00084015    2.65E+07     0.00084015    5.15E+07     1.7436E+05    14           0.13211       
   2.7E+07      0.9866       0.00084946    2.7E+07      0.00084946    5.2E+07      1.7623E+05    14.267       0.12859       
   2.75E+07     0.98663      0.00068008    2.75E+07     0.00068008    5.25E+07     1.8089E+05    14.533       0.12446       
   2.8E+07      0.98653      0.00057345    2.8E+07      0.00057345    5.3E+07      1.7663E+05    14.8         0.12077       
   2.85E+07     0.98644      0.00049915    2.85E+07     0.00049915    5.35E+07     1.8078E+05    15.067       0.11658       
   2.9E+07      0.98634      0.00044609    2.9E+07      0.00044609    5.4E+07      1.8546E+05    15.333       0.11245       
   2.95E+07     0.9861       0.00045713    2.95E+07     0.00045713    5.45E+07     1.8749E+05    15.6         0.10793       
   3E+07        0.98607      0.00041228    3E+07        0.00041228    5.5E+07      1.8714E+05    15.867       0.10311       
   3.05E+07     0.98607      0.00037481    3.05E+07     0.00037481    5.55E+07     1.8818E+05    16.133       0.098302      
   3.1E+07      0.98598      0.00035413    3.1E+07      0.00035413    5.6E+07      1.922E+05     16.4         0.09361       
   3.15E+07     0.9859       0.00033743    3.15E+07     0.00033743    5.65E+07     1.8814E+05    16.667       0.088332      
   3.2E+07      0.98587      0.00031468    3.2E+07      0.00031468    5.7E+07      1.9202E+05    16.933       0.083159      
   3.25E+07     0.9859       0.00029576    3.25E+07     0.00029576    5.75E+07     1.9587E+05    17.2         0.077864      
   3.3E+07      0.98581      0.00029113    3.3E+07      0.00029113    5.8E+07      1.9676E+05    17.467       0.072296      
   3.35E+07     0.9858       0.0002743     3.35E+07     0.0002743     5.85E+07     2.0043E+05    17.733       0.066599      
   3.4E+07      0.9858       0.00025907    3.4E+07      0.00025907    5.9E+07      2.016E+05     18           0.06107       
   3.45E+07     0.98576      0.0002484     3.45E+07     0.0002484     5.95E+07     2.0155E+05    18.267       0.055421      
   3.5E+07      0.98573      0.00023756    3.5E+07      0.00023756    6E+07        2.0409E+05    18.533       0.049443      
   3.55E+07     0.9857       0.00022866    3.55E+07     0.00022866    6.05E+07     2.0327E+05    18.8         0.043316      
   3.6E+07      0.98562      0.00023287    3.6E+07      0.00023287    6.1E+07      2.067E+05     19.067       0.037437      
   3.65E+07     0.98558      0.00022537    3.65E+07     0.00022537    6.15E+07     2.0994E+05    19.333       0.031117      
   3.7E+07      0.98562      0.00021867    3.7E+07      0.00021867    6.2E+07      2.1377E+05    19.6         0.024687      
   3.75E+07     0.98562      0.00020992    3.75E+07     0.00020992    6.25E+07     2.0858E+05    19.867       0.017738      
   3.8E+07      0.98574      0.00023696    3.8E+07      0.00023696    6.3E+07      2.0909E+05    
   3.85E+07     0.98576      0.00022894    3.85E+07     0.00022894    6.35E+07     2.1141E+05    
   3.9E+07      0.98575      0.00022088    3.9E+07      0.00022088    6.4E+07      2.1485E+05    
   3.95E+07     0.98571      0.00021759    3.95E+07     0.00021759    6.45E+07     2.1863E+05    
   4E+07        0.98572      0.00021064    4E+07        0.00021064    6.5E+07      2.1132E+05    
   4.05E+07     0.98574      0.00020484    4.05E+07     0.00020484    6.55E+07     2.0974E+05    
   4.1E+07      0.98569      0.000204      4.1E+07      0.000204      6.6E+07      2.1117E+05    
   4.15E+07     0.9857       0.00019782    4.15E+07     0.00019782    6.65E+07     2.0601E+05    
   4.2E+07      0.98565      0.00019685    4.2E+07      0.00019685    6.7E+07      2.0663E+05    
   4.25E+07     0.98565      0.00019123    4.25E+07     0.00019123    6.75E+07     2.0413E+05    
   4.3E+07      0.98566      0.00018598    4.3E+07      0.00018598    6.8E+07      2.032E+05     
   4.35E+07     0.98571      0.00018763    4.35E+07     0.00018763    6.85E+07     2.0403E+05    
   4.4E+07      0.98573      0.00018441    4.4E+07      0.00018441    6.9E+07      1.8833E+05    
   4.45E+07     0.98577      0.00018335    4.45E+07     0.00018335    6.95E+07     1.9087E+05    
   4.5E+07      0.98575      0.00017944    4.5E+07      0.00017944    7E+07        1.7779E+05    
   4.55E+07     0.98575      0.00017507    4.55E+07     0.00017507    7.05E+07     1.7663E+05    
   4.6E+07      0.98576      0.00017114    4.6E+07      0.00017114    7.1E+07      1.7764E+05    
   4.65E+07     0.98577      0.00016728    4.65E+07     0.00016728    7.15E+07     1.797E+05     
   4.7E+07      0.98579      0.00016471    4.7E+07      0.00016471    7.2E+07      1.8046E+05    
   4.75E+07     0.98577      0.00016219    4.75E+07     0.00016219    7.25E+07     1.8156E+05    
   4.8E+07      0.98575      0.00015987    4.8E+07      0.00015987    7.3E+07      1.8353E+05    
   4.85E+07     0.98571      0.0001601     4.85E+07     0.0001601     7.35E+07     1.8246E+05    
   4.9E+07      0.98571      0.0001568     4.9E+07      0.0001568     7.4E+07      1.8444E+05    
   4.95E+07     0.9857       0.00015381    4.95E+07     0.00015381    7.45E+07     1.8258E+05    
   5E+07        0.98573      0.00015259    5E+07        0.00015259    7.5E+07      1.8493E+05    
   5.05E+07     0.98573      0.00014992    5.05E+07     0.00014992    7.55E+07     1.8639E+05    
   5.1E+07      0.98574      0.0001473     5.1E+07      0.0001473     7.6E+07      1.8871E+05    
   5.15E+07     0.98572      0.00014598    5.15E+07     0.00014598    7.65E+07     1.8796E+05    
   5.2E+07      0.9857       0.00014449    5.2E+07      0.00014449    7.7E+07      1.8571E+05    
   5.25E+07     0.9857       0.00014192    5.25E+07     0.00014192    7.75E+07     1.8702E+05    
   5.3E+07      0.98567      0.00014295    5.3E+07      0.00014295    7.8E+07      1.8937E+05    
   5.35E+07     0.98568      0.00014062    5.35E+07     0.00014062    7.85E+07     1.8956E+05    
   5.4E+07      0.98568      0.00013819    5.4E+07      0.00013819    7.9E+07      1.8291E+05    
   5.45E+07     0.98569      0.00013681    5.45E+07     0.00013681    7.95E+07     1.8475E+05    
   5.5E+07      0.98571      0.00013629    5.5E+07      0.00013629    8E+07        1.8334E+05    
   5.55E+07     0.9857       0.0001353     5.55E+07     0.0001353     8.05E+07     1.8068E+05    
   5.6E+07      0.9857       0.00013328    5.6E+07      0.00013328    8.1E+07      1.8231E+05    
   5.65E+07     0.98573      0.00013409    5.65E+07     0.00013409    8.15E+07     1.8438E+05    
   5.7E+07      0.98574      0.00013215    5.7E+07      0.00013215    8.2E+07      1.8648E+05    
   5.75E+07     0.98573      0.00013026    5.75E+07     0.00013026    8.25E+07     1.867E+05     
   5.8E+07      0.98571      0.00012939    5.8E+07      0.00012939    8.3E+07      1.8833E+05    
   5.85E+07     0.98571      0.00012765    5.85E+07     0.00012765    8.35E+07     1.858E+05     
   5.9E+07      0.98569      0.00012673    5.9E+07      0.00012673    8.4E+07      1.7399E+05    
   5.95E+07     0.98567      0.00012618    5.95E+07     0.00012618    8.45E+07     1.7555E+05    
   6E+07        0.98568      0.00012486    6E+07        0.00012486    8.5E+07      1.7689E+05    
   6.05E+07     0.9857       0.0001246     6.05E+07     0.0001246     8.55E+07     1.7762E+05    
   6.1E+07      0.98571      0.00012303    6.1E+07      0.00012303    8.6E+07      1.7853E+05    
   6.15E+07     0.98572      0.00012158    6.15E+07     0.00012158    8.65E+07     1.8036E+05    
   6.2E+07      0.98571      0.00012       6.2E+07      0.00012       8.7E+07      1.8217E+05    
   6.25E+07     0.98574      0.00012099    6.25E+07     0.00012099    8.75E+07     1.8374E+05    
   6.3E+07      0.98572      0.00012036    6.3E+07      0.00012036    8.8E+07      1.8375E+05    
   6.35E+07     0.98573      0.00011922    6.35E+07     0.00011922    8.85E+07     1.8562E+05    
   6.4E+07      0.98573      0.00011778    6.4E+07      0.00011778    8.9E+07      1.8693E+05    
   6.45E+07     0.98573      0.0001163     6.45E+07     0.0001163     8.95E+07     1.8201E+05    
   6.5E+07      0.98576      0.00011784    6.5E+07      0.00011784    9E+07        1.8353E+05    
   6.55E+07     0.98577      0.00011782    6.55E+07     0.00011782    9.05E+07     1.8289E+05    
   6.6E+07      0.98579      0.00011696    6.6E+07      0.00011696    9.1E+07      1.8436E+05    
   6.65E+07     0.98576      0.00011798    6.65E+07     0.00011798    9.15E+07     1.8519E+05    
   6.7E+07      0.98578      0.00011734    6.7E+07      0.00011734    9.2E+07      1.8457E+05    
   6.75E+07     0.9858       0.00011762    6.75E+07     0.00011762    9.25E+07     1.838E+05     
   6.8E+07      0.98581      0.00011745    6.8E+07      0.00011745    9.3E+07      1.8495E+05    
   6.85E+07     0.98583      0.00011677    6.85E+07     0.00011677    9.35E+07     1.8543E+05    
   6.9E+07      0.98586      0.00012109    6.9E+07      0.00012109    9.4E+07      1.8427E+05    
   6.95E+07     0.98587      0.00011985    6.95E+07     0.00011985    9.45E+07     1.8585E+05    
   7E+07        0.9859       0.00012373    7E+07        0.00012373    9.5E+07      1.8519E+05    
   7.05E+07     0.98592      0.00012366    7.05E+07     0.00012366    9.55E+07     1.8687E+05    
   7.1E+07      0.98593      0.00012287    7.1E+07      0.00012287    9.6E+07      1.86E+05      
   7.15E+07     0.98593      0.00012172    7.15E+07     0.00012172    9.65E+07     1.8502E+05    
   7.2E+07      0.98594      0.00012104    7.2E+07      0.00012104    9.7E+07      1.843E+05     
   7.25E+07     0.98593      0.00012026    7.25E+07     0.00012026    9.75E+07     1.8587E+05    
   7.3E+07      0.98592      0.00011919    7.3E+07      0.00011919    9.8E+07      1.8747E+05    
   7.35E+07     0.9859       0.00011913    7.35E+07     0.00011913    9.85E+07     1.882E+05     
   7.4E+07      0.98591      0.00011808    7.4E+07      0.00011808    9.9E+07      1.892E+05     
   7.45E+07     0.98589      0.00011828    7.45E+07     0.00011828    9.95E+07     1.8932E+05    
   7.5E+07      0.98589      0.00011713    7.5E+07      0.00011713    1E+08        1.8912E+05    
   7.55E+07     0.98588      0.00011629    7.55E+07     0.00011629    
   7.6E+07      0.98588      0.00011518    7.6E+07      0.00011518    
   7.65E+07     0.9859       0.00011503    7.65E+07     0.00011503    
   7.7E+07      0.98588      0.00011534    7.7E+07      0.00011534    
   7.75E+07     0.98587      0.00011456    7.75E+07     0.00011456    
   7.8E+07      0.98587      0.00011348    7.8E+07      0.00011348    
   7.85E+07     0.98586      0.00011306    7.85E+07     0.00011306    
   7.9E+07      0.98589      0.00011472    7.9E+07      0.00011472    
   7.95E+07     0.98588      0.0001138     7.95E+07     0.0001138     
   8E+07        0.9859       0.00011387    8E+07        0.00011387    
   8.05E+07     0.98591      0.00011435    8.05E+07     0.00011435    
   8.1E+07      0.98591      0.00011347    8.1E+07      0.00011347    
   8.15E+07     0.98591      0.00011248    8.15E+07     0.00011248    
   8.2E+07      0.98591      0.0001115     8.2E+07      0.0001115     
   8.25E+07     0.9859       0.00011108    8.25E+07     0.00011108    
   8.3E+07      0.98589      0.00011026    8.3E+07      0.00011026    
   8.35E+07     0.98588      0.00011066    8.35E+07     0.00011066    
   8.4E+07      0.98585      0.00011402    8.4E+07      0.00011402    
   8.45E+07     0.98585      0.00011318    8.45E+07     0.00011318    
   8.5E+07      0.98584      0.00011241    8.5E+07      0.00011241    
   8.55E+07     0.98585      0.00011184    8.55E+07     0.00011184    
   8.6E+07      0.98584      0.00011123    8.6E+07      0.00011123    
   8.65E+07     0.98585      0.00011033    8.65E+07     0.00011033    
   8.7E+07      0.98585      0.00010947    8.7E+07      0.00010947    
   8.75E+07     0.98585      0.00010869    8.75E+07     0.00010869    
   8.8E+07      0.98586      0.00010837    8.8E+07      0.00010837    
   8.85E+07     0.98586      0.00010752    8.85E+07     0.00010752    
   8.9E+07      0.98587      0.00010684    8.9E+07      0.00010684    
   8.95E+07     0.98585      0.00010796    8.95E+07     0.00010796    
   9E+07        0.98584      0.00010722    9E+07        0.00010722    
   9.05E+07     0.98583      0.00010711    9.05E+07     0.00010711    
   9.1E+07      0.98584      0.00010639    9.1E+07      0.00010639    
   9.15E+07     0.98583      0.00010585    9.15E+07     0.00010585    
   9.2E+07      0.98584      0.00010574    9.2E+07      0.00010574    
   9.25E+07     0.98585      0.00010568    9.25E+07     0.00010568    
   9.3E+07      0.98586      0.00010506    9.3E+07      0.00010506    
   9.35E+07     0.98587      0.00010464    9.35E+07     0.00010464    
   9.4E+07      0.98588      0.00010469    9.4E+07      0.00010469    
   9.45E+07     0.98588      0.00010397    9.45E+07     0.00010397    
   9.5E+07      0.98587      0.00010388    9.5E+07      0.00010388    
   9.55E+07     0.98587      0.00010314    9.55E+07     0.00010314    
   9.6E+07      0.98585      0.0001031     9.6E+07      0.0001031     
   9.65E+07     0.98587      0.00010311    9.65E+07     0.00010311    
   9.7E+07      0.98588      0.00010305    9.7E+07      0.00010305    
   9.75E+07     0.98588      0.00010234    9.75E+07     0.00010234    
   9.8E+07      0.98588      0.00010165    9.8E+07      0.00010165    
   9.85E+07     0.98589      0.00010119    9.85E+07     0.00010119    
   9.9E+07      0.98589      0.00010067    9.9E+07      0.00010067    
   9.95E+07     0.98588      0.00010038    9.95E+07     0.00010038    
   1E+08        0.98587      0.00010018    1E+08        0.00010018    
