# This file is written with the intent of being used to plot the data with 
# Gnuplot.  It contains no information regarding how the plot should be 
# formatted.
# =========================================================================
# Research/ArnoldivsPower -f Power2-43.dat -t 500000 -A -c 50 -C 150 -w 20 -b 75 -r  seed = 3916595065
# filename = Power2-43.dat, run = true, power = true, Arnoldi = false, storevectors = 0, raw = false, evectors = 2, evalues = 2, residual = false, arnoldimethod = implicit, tol = 2.22045e-16, verbose = 1, seed = 0, width = 20, bins = 75, acycles = 150, incycles = 50, active = 20, inactive = 0, Iterations = 10, numValues = 2, relaxed = 0, tracks = 500000, ignore_rest = false, version = false, help = false, 

#  1            2            3             4            5             6            7             8            9            
# |-            Power values           -| |-   Power eValues SD   -| |-       FOM-Power      -| |-     Power vector     -| 
#  x-coord      y-coord      error         x-coord      y-coord       x-coord      y-coord       x-coord      y-coord       
   5E+05        0.95491      0             5E+05        0             2.55E+07     0             0.13333      0.017772      
   1E+06        0.96535      0             1E+06        0             2.6E+07      13195         0.4          0.025109      
   1.5E+06      0.97087      0             1.5E+06      0             2.65E+07     28494         0.66667      0.031531      
   2E+06        0.97503      0             2E+06        0             2.7E+07      20536         0.93333      0.037877      
   2.5E+06      0.97665      0             2.5E+06      0             2.75E+07     26060         1.2          0.043987      
   3E+06        0.97851      0             3E+06        0             2.8E+07      36053         1.4667       0.049845      
   3.5E+06      0.97968      0             3.5E+06      0             2.85E+07     46255         1.7333       0.055914      
   4E+06        0.98027      0             4E+06        0             2.9E+07      57876         2            0.061675      
   4.5E+06      0.98141      0             4.5E+06      0             2.95E+07     52961         2.2667       0.0674        
   5E+06        0.97961      0             5E+06        0             3E+07        61622         2.5333       0.072999      
   5.5E+06      0.98293      0             5.5E+06      0             3.05E+07     73144         2.8          0.078349      
   6E+06        0.98361      0             6E+06        0             3.1E+07      45324         3.0667       0.083196      
   6.5E+06      0.98314      0             6.5E+06      0             3.15E+07     35117         3.3333       0.088587      
   7E+06        0.98327      0             7E+06        0             3.2E+07      40019         3.6          0.09346       
   7.5E+06      0.98428      0             7.5E+06      0             3.25E+07     44207         3.8667       0.098245      
   8E+06        0.98278      0             8E+06        0             3.3E+07      47373         4.1333       0.10283       
   8.5E+06      0.9854       0             8.5E+06      0             3.35E+07     50749         4.4          0.10737       
   9E+06        0.98242      0             9E+06        0             3.4E+07      49392         4.6667       0.11193       
   9.5E+06      0.98249      0             9.5E+06      0             3.45E+07     54156         4.9333       0.11569       
   1E+07        0.98418      0             1E+07        0             3.5E+07      58979         5.2          0.11975       
   1.05E+07     0.98398      0             1.05E+07     0             3.55E+07     61997         5.4667       0.12382       
   1.1E+07      0.98643      0             1.1E+07      0             3.6E+07      64560         5.7333       0.12769       
   1.15E+07     0.98447      0             1.15E+07     0             3.65E+07     68471         6            0.13126       
   1.2E+07      0.98499      0             1.2E+07      0             3.7E+07      69296         6.2667       0.13437       
   1.25E+07     0.98559      0             1.25E+07     0             3.75E+07     71566         6.5333       0.13747       
   1.3E+07      0.98375      0             1.3E+07      0             3.8E+07      75940         6.8          0.14049       
   1.35E+07     0.98649      0             1.35E+07     0             3.85E+07     69028         7.0667       0.14287       
   1.4E+07      0.98542      0             1.4E+07      0             3.9E+07      67615         7.3333       0.1458        
   1.45E+07     0.98412      0             1.45E+07     0             3.95E+07     68566         7.6          0.14758       
   1.5E+07      0.98513      0             1.5E+07      0             4E+07        72348         7.8667       0.14985       
   1.55E+07     0.98572      0             1.55E+07     0             4.05E+07     73261         8.1333       0.15185       
   1.6E+07      0.98489      0             1.6E+07      0             4.1E+07      77053         8.4          0.15285       
   1.65E+07     0.98527      0             1.65E+07     0             4.15E+07     80926         8.6667       0.15464       
   1.7E+07      0.98785      0             1.7E+07      0             4.2E+07      84212         8.9333       0.15554       
   1.75E+07     0.98541      0             1.75E+07     0             4.25E+07     87513         9.2          0.15641       
   1.8E+07      0.98852      0             1.8E+07      0             4.3E+07      89379         9.4667       0.1576        
   1.85E+07     0.98489      0             1.85E+07     0             4.35E+07     92645         9.7333       0.15802       
   1.9E+07      0.98654      0             1.9E+07      0             4.4E+07      90442         10           0.1573        
   1.95E+07     0.9853       0             1.95E+07     0             4.45E+07     93863         10.267       0.15741       
   2E+07        0.98588      0             2E+07        0             4.5E+07      94583         10.533       0.15702       
   2.05E+07     0.98546      0             2.05E+07     0             4.55E+07     98243         10.8         0.1562        
   2.1E+07      0.98621      0             2.1E+07      0             4.6E+07      1.0196E+05    11.067       0.15616       
   2.15E+07     0.98753      0             2.15E+07     0             4.65E+07     1.0421E+05    11.333       0.15445       
   2.2E+07      0.98671      0             2.2E+07      0             4.7E+07      1.0066E+05    11.6         0.15355       
   2.25E+07     0.98742      0             2.25E+07     0             4.75E+07     1.0346E+05    11.867       0.15204       
   2.3E+07      0.98837      0             2.3E+07      0             4.8E+07      1.061E+05     12.133       0.15047       
   2.35E+07     0.98596      0             2.35E+07     0             4.85E+07     1.0886E+05    12.4         0.14846       
   2.4E+07      0.98577      0             2.4E+07      0             4.9E+07      1.1192E+05    12.667       0.14588       
   2.45E+07     0.98474      0             2.45E+07     0             4.95E+07     1.1379E+05    12.933       0.14375       
   2.5E+07      0.9841       0             2.5E+07      0             5E+07        1.1723E+05    13.2         0.14093       
   2.55E+07     0.98771      NAN           2.55E+07     NAN           5.05E+07     1.2051E+05    13.467       0.13804       
   2.6E+07      0.98664      0.00075499    2.6E+07      0.00075499    5.1E+07      1.1899E+05    13.733       0.13507       
   2.65E+07     0.98673      0.00050861    2.65E+07     0.00050861    5.15E+07     1.2177E+05    14           0.13172       
   2.7E+07      0.9862       0.00059326    2.7E+07      0.00059326    5.2E+07      1.2054E+05    14.267       0.12807       
   2.75E+07     0.98645      0.00052153    2.75E+07     0.00052153    5.25E+07     1.2385E+05    14.533       0.12473       
   2.8E+07      0.98638      0.00043927    2.8E+07      0.00043927    5.3E+07      1.2531E+05    14.8         0.12074       
   2.85E+07     0.98646      0.00038429    2.85E+07     0.00038429    5.35E+07     1.2743E+05    15.067       0.11646       
   2.9E+07      0.98652      0.00034054    2.9E+07      0.00034054    5.4E+07      1.3051E+05    15.333       0.11243       
   2.95E+07     0.98632      0.00035284    2.95E+07     0.00035284    5.45E+07     1.3297E+05    15.6         0.10784       
   3E+07        0.98639      0.00032433    3E+07        0.00032433    5.5E+07      1.3618E+05    15.867       0.10336       
   3.05E+07     0.98641      0.00029514    3.05E+07     0.00029514    5.55E+07     1.3766E+05    16.133       0.098395      
   3.1E+07      0.98614      0.0003718     3.1E+07      0.0003718     5.6E+07      1.409E+05     16.4         0.093393      
   3.15E+07     0.98589      0.00041901    3.15E+07     0.00041901    5.65E+07     1.4412E+05    16.667       0.088498      
   3.2E+07      0.98588      0.00038931    3.2E+07      0.00038931    5.7E+07      1.4687E+05    16.933       0.083516      
   3.25E+07     0.98593      0.00036755    3.25E+07     0.00036755    5.75E+07     1.4804E+05    17.2         0.078137      
   3.3E+07      0.98586      0.00035226    3.3E+07      0.00035226    5.8E+07      1.4992E+05    17.467       0.072399      
   3.35E+07     0.98579      0.00033776    3.35E+07     0.00033776    5.85E+07     1.4666E+05    17.733       0.066937      
   3.4E+07      0.98591      0.00033978    3.4E+07      0.00033978    5.9E+07      1.4469E+05    18           0.061432      
   3.45E+07     0.98592      0.00032205    3.45E+07     0.00032205    5.95E+07     1.4718E+05    18.267       0.05545       
   3.5E+07      0.98594      0.00030633    3.5E+07      0.00030633    6E+07        1.4551E+05    18.533       0.049574      
   3.55E+07     0.98599      0.00029661    3.55E+07     0.00029661    6.05E+07     1.4836E+05    18.8         0.043537      
   3.6E+07      0.98605      0.00028858    3.6E+07      0.00028858    6.1E+07      1.5001E+05    19.067       0.037776      
   3.65E+07     0.98609      0.00027829    3.65E+07     0.00027829    6.15E+07     1.4853E+05    19.333       0.031407      
   3.7E+07      0.98602      0.00027474    3.7E+07      0.00027474    6.2E+07      1.4865E+05    19.6         0.024851      
   3.75E+07     0.98607      0.00026847    3.75E+07     0.00026847    6.25E+07     1.5111E+05    19.867       0.017741      
   3.8E+07      0.98609      0.0002589     3.8E+07      0.0002589     6.3E+07      1.4982E+05    
   3.85E+07     0.9862       0.00026977    3.85E+07     0.00026977    6.35E+07     1.4857E+05    
   3.9E+07      0.98612      0.00027074    3.9E+07      0.00027074    6.4E+07      1.5123E+05    
   3.95E+07     0.98606      0.00026713    3.95E+07     0.00026713    6.45E+07     1.4458E+05    
   4E+07        0.98607      0.00025839    4E+07        0.00025839    6.5E+07      1.4625E+05    
   4.05E+07     0.98602      0.00025514    4.05E+07     0.00025514    6.55E+07     1.473E+05     
   4.1E+07      0.98602      0.0002472     4.1E+07      0.0002472     6.6E+07      1.4688E+05    
   4.15E+07     0.98601      0.00023974    4.15E+07     0.00023974    6.65E+07     1.4934E+05    
   4.2E+07      0.98603      0.00023354    4.2E+07      0.00023354    6.7E+07      1.5092E+05    
   4.25E+07     0.98601      0.00022774    4.25E+07     0.00022774    6.75E+07     1.4939E+05    
   4.3E+07      0.98605      0.00022401    4.3E+07      0.00022401    6.8E+07      1.5028E+05    
   4.35E+07     0.98603      0.0002187     4.35E+07     0.0002187     6.85E+07     1.5225E+05    
   4.4E+07      0.98597      0.00022007    4.4E+07      0.00022007    6.9E+07      1.5307E+05    
   4.45E+07     0.98596      0.00021481    4.45E+07     0.00021481    6.95E+07     1.5538E+05    
   4.5E+07      0.98592      0.00021273    4.5E+07      0.00021273    7E+07        1.5667E+05    
   4.55E+07     0.98592      0.00020757    4.55E+07     0.00020757    7.05E+07     1.5903E+05    
   4.6E+07      0.98592      0.00020265    4.6E+07      0.00020265    7.1E+07      1.614E+05     
   4.65E+07     0.98595      0.00019934    4.65E+07     0.00019934    7.15E+07     1.6307E+05    
   4.7E+07      0.98589      0.00020172    4.7E+07      0.00020172    7.2E+07      1.6314E+05    
   4.75E+07     0.98591      0.00019791    4.75E+07     0.00019791    7.25E+07     1.6358E+05    
   4.8E+07      0.98589      0.0001944     4.8E+07      0.0001944     7.3E+07      1.657E+05     
   4.85E+07     0.98591      0.00019091    4.85E+07     0.00019091    7.35E+07     1.6733E+05    
   4.9E+07      0.98592      0.0001873     4.9E+07      0.0001873     7.4E+07      1.6884E+05    
   4.95E+07     0.9859       0.00018479    4.95E+07     0.00018479    7.45E+07     1.7113E+05    
   5E+07        0.98589      0.00018111    5E+07        0.00018111    7.5E+07      1.6933E+05    
   5.05E+07     0.9859       0.00017771    5.05E+07     0.00017771    7.55E+07     1.7049E+05    
   5.1E+07      0.98587      0.00017796    5.1E+07      0.00017796    7.6E+07      1.7115E+05    
   5.15E+07     0.98585      0.00017503    5.15E+07     0.00017503    7.65E+07     1.7143E+05    
   5.2E+07      0.98582      0.00017506    5.2E+07      0.00017506    7.7E+07      1.7357E+05    
   5.25E+07     0.98582      0.00017188    5.25E+07     0.00017188    7.75E+07     1.7413E+05    
   5.3E+07      0.9858       0.00017006    5.3E+07      0.00017006    7.8E+07      1.7564E+05    
   5.35E+07     0.98581      0.00016782    5.35E+07     0.00016782    7.85E+07     1.7247E+05    
   5.4E+07      0.98582      0.00016506    5.4E+07      0.00016506    7.9E+07      1.6914E+05    
   5.45E+07     0.98581      0.00016273    5.45E+07     0.00016273    7.95E+07     1.6811E+05    
   5.5E+07      0.9858       0.00016006    5.5E+07      0.00016006    8E+07        1.6906E+05    
   5.55E+07     0.98582      0.00015847    5.55E+07     0.00015847    8.05E+07     1.7102E+05    
   5.6E+07      0.98582      0.00015592    5.6E+07      0.00015592    8.1E+07      1.73E+05      
   5.65E+07     0.98582      0.00015346    5.65E+07     0.00015346    8.15E+07     1.7402E+05    
   5.7E+07      0.98583      0.00015134    5.7E+07      0.00015134    8.2E+07      1.7364E+05    
   5.75E+07     0.98581      0.00015008    5.75E+07     0.00015008    8.25E+07     1.6927E+05    
   5.8E+07      0.9858       0.00014848    5.8E+07      0.00014848    8.3E+07      1.6659E+05    
   5.85E+07     0.98576      0.00014949    5.85E+07     0.00014949    8.35E+07     1.6738E+05    
   5.9E+07      0.98574      0.00014985    5.9E+07      0.00014985    8.4E+07      1.6229E+05    
   5.95E+07     0.98575      0.00014795    5.95E+07     0.00014795    8.45E+07     1.6373E+05    
   6E+07        0.98577      0.00014817    6E+07        0.00014817    8.5E+07      1.6543E+05    
   6.05E+07     0.98578      0.00014612    6.05E+07     0.00014612    8.55E+07     1.6267E+05    
   6.1E+07      0.98579      0.00014472    6.1E+07      0.00014472    8.6E+07      1.6161E+05    
   6.15E+07     0.98576      0.00014485    6.15E+07     0.00014485    8.65E+07     1.6331E+05    
   6.2E+07      0.98578      0.00014421    6.2E+07      0.00014421    8.7E+07      1.5975E+05    
   6.25E+07     0.98578      0.00014245    6.25E+07     0.00014245    8.75E+07     1.6108E+05    
   6.3E+07      0.98575      0.00014249    6.3E+07      0.00014249    8.8E+07      1.6273E+05    
   6.35E+07     0.98573      0.00014253    6.35E+07     0.00014253    8.85E+07     1.6327E+05    
   6.4E+07      0.98573      0.0001407     6.4E+07      0.0001407     8.9E+07      1.6432E+05    
   6.45E+07     0.9857       0.00014335    6.45E+07     0.00014335    8.95E+07     1.6585E+05    
   6.5E+07      0.98571      0.00014197    6.5E+07      0.00014197    9E+07        1.6704E+05    
   6.55E+07     0.98572      0.00014091    6.55E+07     0.00014091    9.05E+07     1.6305E+05    
   6.6E+07      0.98574      0.00014055    6.6E+07      0.00014055    9.1E+07      1.6424E+05    
   6.65E+07     0.98574      0.00013887    6.65E+07     0.00013887    9.15E+07     1.6484E+05    
   6.7E+07      0.98575      0.00013761    6.7E+07      0.00013761    9.2E+07      1.664E+05     
   6.75E+07     0.98577      0.0001378     6.75E+07     0.0001378     9.25E+07     1.6785E+05    
   6.8E+07      0.98576      0.00013688    6.8E+07      0.00013688    9.3E+07      1.6913E+05    
   6.85E+07     0.98575      0.00013548    6.85E+07     0.00013548    9.35E+07     1.707E+05     
   6.9E+07      0.98577      0.00013462    6.9E+07      0.00013462    9.4E+07      1.7179E+05    
   6.95E+07     0.98577      0.00013312    6.95E+07     0.00013312    9.45E+07     1.7162E+05    
   7E+07        0.98575      0.00013209    7E+07        0.00013209    9.5E+07      1.7216E+05    
   7.05E+07     0.98575      0.00013064    7.05E+07     0.00013064    9.55E+07     1.7159E+05    
   7.1E+07      0.98575      0.00012922    7.1E+07      0.00012922    9.6E+07      1.7042E+05    
   7.15E+07     0.98576      0.00012809    7.15E+07     0.00012809    9.65E+07     1.7108E+05    
   7.2E+07      0.98575      0.00012761    7.2E+07      0.00012761    9.7E+07      1.724E+05     
   7.25E+07     0.98573      0.000127      7.25E+07     0.000127      9.75E+07     1.7337E+05    
   7.3E+07      0.98573      0.00012574    7.3E+07      0.00012574    9.8E+07      1.7482E+05    
   7.35E+07     0.98572      0.00012469    7.35E+07     0.00012469    9.85E+07     1.7321E+05    
   7.4E+07      0.98573      0.00012365    7.4E+07      0.00012365    9.9E+07      1.7396E+05    
   7.45E+07     0.98573      0.0001224     7.45E+07     0.0001224     9.95E+07     1.7495E+05    
   7.5E+07      0.98575      0.00012264    7.5E+07      0.00012264    1E+08        1.7631E+05    
   7.55E+07     0.98574      0.00012181    7.55E+07     0.00012181    
   7.6E+07      0.98575      0.00012117    7.6E+07      0.00012117    
   7.65E+07     0.98576      0.00012068    7.65E+07     0.00012068    
   7.7E+07      0.98577      0.00011953    7.7E+07      0.00011953    
   7.75E+07     0.98575      0.00011895    7.75E+07     0.00011895    
   7.8E+07      0.98576      0.00011805    7.8E+07      0.00011805    
   7.85E+07     0.98574      0.00011875    7.85E+07     0.00011875    
   7.9E+07      0.98572      0.00011951    7.9E+07      0.00011951    
   7.95E+07     0.9857       0.0001195     7.95E+07     0.0001195     
   8E+07        0.98571      0.00011878    8E+07        0.00011878    
   8.05E+07     0.98571      0.00011773    8.05E+07     0.00011773    
   8.1E+07      0.98572      0.0001167     8.1E+07      0.0001167     
   8.15E+07     0.98573      0.000116      8.15E+07     0.000116      
   8.2E+07      0.98571      0.00011576    8.2E+07      0.00011576    
   8.25E+07     0.98573      0.00011689    8.25E+07     0.00011689    
   8.3E+07      0.98571      0.00011747    8.3E+07      0.00011747    
   8.35E+07     0.98572      0.00011683    8.35E+07     0.00011683    
   8.4E+07      0.9857       0.00011829    8.4E+07      0.00011829    
   8.45E+07     0.98569      0.00011742    8.45E+07     0.00011742    
   8.5E+07      0.98569      0.00011646    8.5E+07      0.00011646    
   8.55E+07     0.98571      0.00011709    8.55E+07     0.00011709    
   8.6E+07      0.9857       0.00011714    8.6E+07      0.00011714    
   8.65E+07     0.9857       0.00011619    8.65E+07     0.00011619    
   8.7E+07      0.98568      0.00011714    8.7E+07      0.00011714    
   8.75E+07     0.98568      0.00011632    8.75E+07     0.00011632    
   8.8E+07      0.98568      0.0001154     8.8E+07      0.0001154     
   8.85E+07     0.98569      0.00011488    8.85E+07     0.00011488    
   8.9E+07      0.98568      0.00011419    8.9E+07      0.00011419    
   8.95E+07     0.98569      0.00011335    8.95E+07     0.00011335    
   9E+07        0.98569      0.00011262    9E+07        0.00011262    
   9.05E+07     0.98571      0.00011367    9.05E+07     0.00011367    
   9.1E+07      0.98572      0.00011294    9.1E+07      0.00011294    
   9.15E+07     0.98573      0.00011242    9.15E+07     0.00011242    
   9.2E+07      0.98573      0.00011158    9.2E+07      0.00011158    
   9.25E+07     0.98573      0.0001108     9.25E+07     0.0001108     
   9.3E+07      0.98574      0.00011008    9.3E+07      0.00011008    
   9.35E+07     0.98574      0.00010927    9.35E+07     0.00010927    
   9.4E+07      0.98574      0.00010864    9.4E+07      0.00010864    
   9.45E+07     0.98575      0.0001084     9.45E+07     0.0001084     
   9.5E+07      0.98574      0.00010794    9.5E+07      0.00010794    
   9.55E+07     0.98573      0.00010784    9.55E+07     0.00010784    
   9.6E+07      0.98572      0.00010791    9.6E+07      0.00010791    
   9.65E+07     0.98573      0.00010742    9.65E+07     0.00010742    
   9.7E+07      0.98573      0.00010673    9.7E+07      0.00010673    
   9.75E+07     0.98572      0.00010615    9.75E+07     0.00010615    
   9.8E+07      0.98572      0.00010544    9.8E+07      0.00010544    
   9.85E+07     0.98574      0.00010566    9.85E+07     0.00010566    
   9.9E+07      0.98574      0.00010516    9.9E+07      0.00010516    
   9.95E+07     0.98574      0.00010461    9.95E+07     0.00010461    
   1E+08        0.98574      0.00010394    1E+08        0.00010394    
