# This file is written with the intent of being used to plot the data with 
# Gnuplot.  It contains no information regarding how the plot should be 
# formatted.
# =========================================================================
# Research/ArnoldivsPower -f Power2-35.dat -t 500000 -A -c 50 -C 150 -w 20 -b 75 -r  seed = 188558260
# filename = Power2-35.dat, run = true, power = true, Arnoldi = false, storevectors = 0, raw = false, evectors = 2, evalues = 2, residual = false, arnoldimethod = implicit, tol = 2.22045e-16, verbose = 1, seed = 0, width = 20, bins = 75, acycles = 150, incycles = 50, active = 20, inactive = 0, Iterations = 10, numValues = 2, relaxed = 0, tracks = 500000, ignore_rest = false, version = false, help = false, 

#  1            2            3             4            5             6            7             8            9            
# |-            Power values           -| |-   Power eValues SD   -| |-       FOM-Power      -| |-     Power vector     -| 
#  x-coord      y-coord      error         x-coord      y-coord       x-coord      y-coord       x-coord      y-coord       
   5E+05        0.95543      0             5E+05        0             2.55E+07     0             0.13333      0.018126      
   1E+06        0.96492      0             1E+06        0             2.6E+07      10283         0.4          0.025246      
   1.5E+06      0.97015      0             1.5E+06      0             2.65E+07     21604         0.66667      0.031733      
   2E+06        0.97506      0             2E+06        0             2.7E+07      14093         0.93333      0.038319      
   2.5E+06      0.97652      0             2.5E+06      0             2.75E+07     14394         1.2          0.04462       
   3E+06        0.97876      0             3E+06        0             2.8E+07      13929         1.4667       0.05075       
   3.5E+06      0.98035      0             3.5E+06      0             2.85E+07     17953         1.7333       0.056622      
   4E+06        0.97978      0             4E+06        0             2.9E+07      22630         2            0.062835      
   4.5E+06      0.98042      0             4.5E+06      0             2.95E+07     26258         2.2667       0.068363      
   5E+06        0.9814       0             5E+06        0             3E+07        31659         2.5333       0.073988      
   5.5E+06      0.9811       0             5.5E+06      0             3.05E+07     36273         2.8          0.079323      
   6E+06        0.98253      0             6E+06        0             3.1E+07      41554         3.0667       0.08483       
   6.5E+06      0.98181      0             6.5E+06      0             3.15E+07     32126         3.3333       0.089879      
   7E+06        0.98443      0             7E+06        0             3.2E+07      36661         3.6          0.095165      
   7.5E+06      0.98469      0             7.5E+06      0             3.25E+07     41127         3.8667       0.10001       
   8E+06        0.98326      0             8E+06        0             3.3E+07      46059         4.1333       0.1047        
   8.5E+06      0.98382      0             8.5E+06      0             3.35E+07     50891         4.4          0.10887       
   9E+06        0.9824       0             9E+06        0             3.4E+07      54107         4.6667       0.11368       
   9.5E+06      0.98533      0             9.5E+06      0             3.45E+07     56743         4.9333       0.11761       
   1E+07        0.98507      0             1E+07        0             3.5E+07      61855         5.2          0.1218        
   1.05E+07     0.98453      0             1.05E+07     0             3.55E+07     66941         5.4667       0.12568       
   1.1E+07      0.98414      0             1.1E+07      0             3.6E+07      71758         5.7333       0.12958       
   1.15E+07     0.98603      0             1.15E+07     0             3.65E+07     77125         6            0.13278       
   1.2E+07      0.98473      0             1.2E+07      0             3.7E+07      79982         6.2667       0.13604       
   1.25E+07     0.98491      0             1.25E+07     0             3.75E+07     83182         6.5333       0.13894       
   1.3E+07      0.98616      0             1.3E+07      0             3.8E+07      87200         6.8          0.14183       
   1.35E+07     0.98569      0             1.35E+07     0             3.85E+07     91080         7.0667       0.1444        
   1.4E+07      0.98559      0             1.4E+07      0             3.9E+07      95153         7.3333       0.14649       
   1.45E+07     0.98669      0             1.45E+07     0             3.95E+07     99669         7.6          0.14873       
   1.5E+07      0.98548      0             1.5E+07      0             4E+07        1.0527E+05    7.8667       0.15073       
   1.55E+07     0.98542      0             1.55E+07     0             4.05E+07     1.0956E+05    8.1333       0.15233       
   1.6E+07      0.98451      0             1.6E+07      0             4.1E+07      1.1445E+05    8.4          0.15343       
   1.65E+07     0.98617      0             1.65E+07     0             4.15E+07     1.0252E+05    8.6667       0.15485       
   1.7E+07      0.98552      0             1.7E+07      0             4.2E+07      1.0353E+05    8.9333       0.15593       
   1.75E+07     0.98523      0             1.75E+07     0             4.25E+07     1.0687E+05    9.2          0.15646       
   1.8E+07      0.98778      0             1.8E+07      0             4.3E+07      1.0391E+05    9.4667       0.15696       
   1.85E+07     0.98406      0             1.85E+07     0             4.35E+07     1.0692E+05    9.7333       0.1575        
   1.9E+07      0.98456      0             1.9E+07      0             4.4E+07      1.0848E+05    10           0.15732       
   1.95E+07     0.98615      0             1.95E+07     0             4.45E+07     1.1279E+05    10.267       0.15712       
   2E+07        0.98693      0             2E+07        0             4.5E+07      1.1577E+05    10.533       0.15646       
   2.05E+07     0.98536      0             2.05E+07     0             4.55E+07     1.18E+05      10.8         0.1558        
   2.1E+07      0.98456      0             2.1E+07      0             4.6E+07      1.2086E+05    11.067       0.15478       
   2.15E+07     0.98634      0             2.15E+07     0             4.65E+07     1.2304E+05    11.333       0.15386       
   2.2E+07      0.98493      0             2.2E+07      0             4.7E+07      1.1723E+05    11.6         0.15252       
   2.25E+07     0.98571      0             2.25E+07     0             4.75E+07     1.2012E+05    11.867       0.15064       
   2.3E+07      0.98669      0             2.3E+07      0             4.8E+07      1.2142E+05    12.133       0.14912       
   2.35E+07     0.98687      0             2.35E+07     0             4.85E+07     1.2544E+05    12.4         0.14722       
   2.4E+07      0.9863       0             2.4E+07      0             4.9E+07      1.2941E+05    12.667       0.14497       
   2.45E+07     0.98578      0             2.45E+07     0             4.95E+07     1.3087E+05    12.933       0.14221       
   2.5E+07      0.98473      0             2.5E+07      0             5E+07        1.3351E+05    13.2         0.1395        
   2.55E+07     0.9861       6.8257E-09    2.55E+07     6.8257E-09    5.05E+07     1.3742E+05    13.467       0.13667       
   2.6E+07      0.98731      0.00085486    2.6E+07      0.00085486    5.1E+07      1.3834E+05    13.733       0.13339       
   2.65E+07     0.98715      0.00058406    2.65E+07     0.00058406    5.15E+07     1.4142E+05    14           0.13007       
   2.7E+07      0.9865       0.00071606    2.7E+07      0.00071606    5.2E+07      1.4439E+05    14.267       0.12667       
   2.75E+07     0.98604      0.00070191    2.75E+07     0.00070191    5.25E+07     1.4806E+05    14.533       0.12334       
   2.8E+07      0.98561      0.00070692    2.8E+07      0.00070692    5.3E+07      1.5005E+05    14.8         0.11934       
   2.85E+07     0.98574      0.00061721    2.85E+07     0.00061721    5.35E+07     1.4691E+05    15.067       0.11556       
   2.9E+07      0.98581      0.0005447     2.9E+07      0.0005447     5.4E+07      1.5058E+05    15.333       0.11115       
   2.95E+07     0.98567      0.00050136    2.95E+07     0.00050136    5.45E+07     1.5178E+05    15.6         0.10686       
   3E+07        0.98564      0.00045269    3E+07        0.00045269    5.5E+07      1.5105E+05    15.867       0.10236       
   3.05E+07     0.98555      0.00041942    3.05E+07     0.00041942    5.55E+07     1.5198E+05    16.133       0.097304      
   3.1E+07      0.98561      0.00038849    3.1E+07      0.00038849    5.6E+07      1.5211E+05    16.4         0.092721      
   3.15E+07     0.98587      0.0004383     3.15E+07     0.0004383     5.65E+07     1.5546E+05    16.667       0.087791      
   3.2E+07      0.98587      0.00040699    3.2E+07      0.00040699    5.7E+07      1.535E+05     16.933       0.082614      
   3.25E+07     0.98584      0.00038119    3.25E+07     0.00038119    5.75E+07     1.5211E+05    17.2         0.077289      
   3.3E+07      0.98584      0.00035737    3.3E+07      0.00035737    5.8E+07      1.4171E+05    17.467       0.071912      
   3.35E+07     0.98581      0.00033733    3.35E+07     0.00033733    5.85E+07     1.4467E+05    17.733       0.06614       
   3.4E+07      0.98587      0.00032466    3.4E+07      0.00032466    5.9E+07      1.4419E+05    18           0.060709      
   3.45E+07     0.98581      0.00031465    3.45E+07     0.00031465    5.95E+07     1.4694E+05    18.267       0.054775      
   3.5E+07      0.98582      0.00029915    3.5E+07      0.00029915    6E+07        1.4979E+05    18.533       0.049009      
   3.55E+07     0.98584      0.00028543    3.55E+07     0.00028543    6.05E+07     1.5247E+05    18.8         0.043193      
   3.6E+07      0.98581      0.00027375    3.6E+07      0.00027375    6.1E+07      1.5256E+05    19.067       0.03706       
   3.65E+07     0.98582      0.00026219    3.65E+07     0.00026219    6.15E+07     1.5546E+05    19.333       0.030806      
   3.7E+07      0.98587      0.00025564    3.7E+07      0.00025564    6.2E+07      1.5213E+05    19.6         0.024484      
   3.75E+07     0.98583      0.00024898    3.75E+07     0.00024898    6.25E+07     1.5496E+05    19.867       0.017531      
   3.8E+07      0.98586      0.00024156    3.8E+07      0.00024156    6.3E+07      1.5753E+05    
   3.85E+07     0.98589      0.00023472    3.85E+07     0.00023472    6.35E+07     1.5348E+05    
   3.9E+07      0.98592      0.00022814    3.9E+07      0.00022814    6.4E+07      1.5586E+05    
   3.95E+07     0.9859       0.00022146    3.95E+07     0.00022146    6.45E+07     1.5735E+05    
   4E+07        0.9859       0.00021409    4E+07        0.00021409    6.5E+07      1.5915E+05    
   4.05E+07     0.98587      0.00020854    4.05E+07     0.00020854    6.55E+07     1.6051E+05    
   4.1E+07      0.98585      0.0002028     4.1E+07      0.0002028     6.6E+07      1.6302E+05    
   4.15E+07     0.98594      0.0002129     4.15E+07     0.0002129     6.65E+07     1.6555E+05    
   4.2E+07      0.98598      0.00021057    4.2E+07      0.00021057    6.7E+07      1.6817E+05    
   4.25E+07     0.98595      0.00020602    4.25E+07     0.00020602    6.75E+07     1.7091E+05    
   4.3E+07      0.98601      0.00020766    4.3E+07      0.00020766    6.8E+07      1.7363E+05    
   4.35E+07     0.98603      0.00020353    4.35E+07     0.00020353    6.85E+07     1.7401E+05    
   4.4E+07      0.98607      0.00020089    4.4E+07      0.00020089    6.9E+07      1.7538E+05    
   4.45E+07     0.98608      0.0001959     4.45E+07     0.0001959     6.95E+07     1.7801E+05    
   4.5E+07      0.9861       0.00019225    4.5E+07      0.00019225    7E+07        1.8047E+05    
   4.55E+07     0.98607      0.00018936    4.55E+07     0.00018936    7.05E+07     1.8175E+05    
   4.6E+07      0.98605      0.00018606    4.6E+07      0.00018606    7.1E+07      1.8371E+05    
   4.65E+07     0.98607      0.0001834     4.65E+07     0.0001834     7.15E+07     1.8239E+05    
   4.7E+07      0.98602      0.00018688    4.7E+07      0.00018688    7.2E+07      1.8364E+05    
   4.75E+07     0.98604      0.00018363    4.75E+07     0.00018363    7.25E+07     1.8606E+05    
   4.8E+07      0.98601      0.00018155    4.8E+07      0.00018155    7.3E+07      1.8471E+05    
   4.85E+07     0.98601      0.00017769    4.85E+07     0.00017769    7.35E+07     1.8417E+05    
   4.9E+07      0.98601      0.00017402    4.9E+07      0.00017402    7.4E+07      1.8318E+05    
   4.95E+07     0.98599      0.00017216    4.95E+07     0.00017216    7.45E+07     1.8264E+05    
   5E+07        0.98597      0.00016958    5E+07        0.00016958    7.5E+07      1.8331E+05    
   5.05E+07     0.98597      0.0001663     5.05E+07     0.0001663     7.55E+07     1.8574E+05    
   5.1E+07      0.986        0.00016493    5.1E+07      0.00016493    7.6E+07      1.8695E+05    
   5.15E+07     0.98598      0.00016232    5.15E+07     0.00016232    7.65E+07     1.8903E+05    
   5.2E+07      0.986        0.00015986    5.2E+07      0.00015986    7.7E+07      1.9071E+05    
   5.25E+07     0.98599      0.00015709    5.25E+07     0.00015709    7.75E+07     1.9107E+05    
   5.3E+07      0.98597      0.00015529    5.3E+07      0.00015529    7.8E+07      1.9301E+05    
   5.35E+07     0.98601      0.0001562     5.35E+07     0.0001562     7.85E+07     1.9533E+05    
   5.4E+07      0.98601      0.00015356    5.4E+07      0.00015356    7.9E+07      1.9771E+05    
   5.45E+07     0.98603      0.00015224    5.45E+07     0.00015224    7.95E+07     1.9827E+05    
   5.5E+07      0.986        0.0001519     5.5E+07      0.0001519     8E+07        2E+05         
   5.55E+07     0.98602      0.00015074    5.55E+07     0.00015074    8.05E+07     2.0191E+05    
   5.6E+07      0.986        0.00014998    5.6E+07      0.00014998    8.1E+07      2.0416E+05    
   5.65E+07     0.986        0.00014768    5.65E+07     0.00014768    8.15E+07     2.0641E+05    
   5.7E+07      0.98602      0.00014796    5.7E+07      0.00014796    8.2E+07      2.0572E+05    
   5.75E+07     0.986        0.00014799    5.75E+07     0.00014799    8.25E+07     2.0044E+05    
   5.8E+07      0.98595      0.00015263    5.8E+07      0.00015263    8.3E+07      2.0157E+05    
   5.85E+07     0.98595      0.00015041    5.85E+07     0.00015041    8.35E+07     2.0363E+05    
   5.9E+07      0.98593      0.00015002    5.9E+07      0.00015002    8.4E+07      2.0351E+05    
   5.95E+07     0.98592      0.00014796    5.95E+07     0.00014796    8.45E+07     2.0506E+05    
   6E+07        0.98591      0.00014594    6E+07        0.00014594    8.5E+07      2.0699E+05    
   6.05E+07     0.98592      0.00014406    6.05E+07     0.00014406    8.55E+07     2.0484E+05    
   6.1E+07      0.98594      0.00014342    6.1E+07      0.00014342    8.6E+07      2.0691E+05    
   6.15E+07     0.98594      0.00014149    6.15E+07     0.00014149    8.65E+07     2.0643E+05    
   6.2E+07      0.98597      0.00014245    6.2E+07      0.00014245    8.7E+07      2.0782E+05    
   6.25E+07     0.98597      0.00014058    6.25E+07     0.00014058    8.75E+07     2.0981E+05    
   6.3E+07      0.98596      0.00013886    6.3E+07      0.00013886    8.8E+07      2.116E+05     
   6.35E+07     0.98593      0.00014013    6.35E+07     0.00014013    8.85E+07     2.1326E+05    
   6.4E+07      0.98594      0.00013851    6.4E+07      0.00013851    8.9E+07      2.0913E+05    
   6.45E+07     0.98593      0.00013731    6.45E+07     0.00013731    8.95E+07     2.062E+05     
   6.5E+07      0.98592      0.000136      6.5E+07      0.000136      9E+07        2.0475E+05    
   6.55E+07     0.98591      0.00013492    6.55E+07     0.00013492    9.05E+07     2.0661E+05    
   6.6E+07      0.98591      0.00013336    6.6E+07      0.00013336    9.1E+07      2.0328E+05    
   6.65E+07     0.98591      0.00013184    6.65E+07     0.00013184    9.15E+07     2.0512E+05    
   6.7E+07      0.9859       0.00013031    6.7E+07      0.00013031    9.2E+07      2.0646E+05    
   6.75E+07     0.9859       0.00012878    6.75E+07     0.00012878    9.25E+07     2.0718E+05    
   6.8E+07      0.9859       0.00012729    6.8E+07      0.00012729    9.3E+07      2.0311E+05    
   6.85E+07     0.98592      0.00012668    6.85E+07     0.00012668    9.35E+07     1.9623E+05    
   6.9E+07      0.98591      0.00012573    6.9E+07      0.00012573    9.4E+07      1.9801E+05    
   6.95E+07     0.9859       0.00012433    6.95E+07     0.00012433    9.45E+07     1.9901E+05    
   7E+07        0.98591      0.00012303    7E+07        0.00012303    9.5E+07      1.942E+05     
   7.05E+07     0.9859       0.00012216    7.05E+07     0.00012216    9.55E+07     1.9583E+05    
   7.1E+07      0.98589      0.00012107    7.1E+07      0.00012107    9.6E+07      1.9075E+05    
   7.15E+07     0.98591      0.00012108    7.15E+07     0.00012108    9.65E+07     1.9109E+05    
   7.2E+07      0.9859       0.00012025    7.2E+07      0.00012025    9.7E+07      1.9083E+05    
   7.25E+07     0.98589      0.00011904    7.25E+07     0.00011904    9.75E+07     1.9208E+05    
   7.3E+07      0.98591      0.00011905    7.3E+07      0.00011905    9.8E+07      1.9363E+05    
   7.35E+07     0.9859       0.00011881    7.35E+07     0.00011881    9.85E+07     1.9463E+05    
   7.4E+07      0.98588      0.00011872    7.4E+07      0.00011872    9.9E+07      1.9344E+05    
   7.45E+07     0.98589      0.00011849    7.45E+07     0.00011849    9.95E+07     1.93E+05      
   7.5E+07      0.98588      0.00011788    7.5E+07      0.00011788    1E+08        1.9185E+05    
   7.55E+07     0.98588      0.00011672    7.55E+07     0.00011672    
   7.6E+07      0.98589      0.00011596    7.6E+07      0.00011596    
   7.65E+07     0.9859       0.00011494    7.65E+07     0.00011494    
   7.7E+07      0.98589      0.00011405    7.7E+07      0.00011405    
   7.75E+07     0.98588      0.00011358    7.75E+07     0.00011358    
   7.8E+07      0.98587      0.00011264    7.8E+07      0.00011264    
   7.85E+07     0.98587      0.00011159    7.85E+07     0.00011159    
   7.9E+07      0.98587      0.00011057    7.9E+07      0.00011057    
   7.95E+07     0.98586      0.00011007    7.95E+07     0.00011007    
   8E+07        0.98587      0.00010924    8E+07        0.00010924    
   8.05E+07     0.98587      0.00010838    8.05E+07     0.00010838    
   8.1E+07      0.98587      0.00010745    8.1E+07      0.00010745    
   8.15E+07     0.98588      0.00010652    8.15E+07     0.00010652    
   8.2E+07      0.98589      0.00010637    8.2E+07      0.00010637    
   8.25E+07     0.98591      0.00010743    8.25E+07     0.00010743    
   8.3E+07      0.98592      0.0001068     8.3E+07      0.0001068     
   8.35E+07     0.98592      0.00010594    8.35E+07     0.00010594    
   8.4E+07      0.98591      0.00010564    8.4E+07      0.00010564    
   8.45E+07     0.9859       0.00010492    8.45E+07     0.00010492    
   8.5E+07      0.9859       0.00010413    8.5E+07      0.00010413    
   8.55E+07     0.98591      0.00010437    8.55E+07     0.00010437    
   8.6E+07      0.98591      0.00010353    8.6E+07      0.00010353    
   8.65E+07     0.9859       0.00010335    8.65E+07     0.00010335    
   8.7E+07      0.98591      0.00010271    8.7E+07      0.00010271    
   8.75E+07     0.9859       0.00010193    8.75E+07     0.00010193    
   8.8E+07      0.9859       0.00010121    8.8E+07      0.00010121    
   8.85E+07     0.98589      0.00010053    8.85E+07     0.00010053    
   8.9E+07      0.98591      0.00010124    8.9E+07      0.00010124    
   8.95E+07     0.98593      0.00010166    8.95E+07     0.00010166    
   9E+07        0.98591      0.00010173    9E+07        0.00010173    
   9.05E+07     0.98592      0.00010099    9.05E+07     0.00010099    
   9.1E+07      0.98593      0.00010153    9.1E+07      0.00010153    
   9.15E+07     0.98593      0.0001008     9.15E+07     0.0001008     
   9.2E+07      0.98593      0.00010019    9.2E+07      0.00010019    
   9.25E+07     0.98593      9.9738E-05    9.25E+07     9.9738E-05    
   9.3E+07      0.98592      0.00010046    9.3E+07      0.00010046    
   9.35E+07     0.98594      0.00010193    9.35E+07     0.00010193    
   9.4E+07      0.98594      0.00010119    9.4E+07      0.00010119    
   9.45E+07     0.98594      0.00010067    9.45E+07     0.00010067    
   9.5E+07      0.98592      0.00010164    9.5E+07      0.00010164    
   9.55E+07     0.98593      0.00010094    9.55E+07     0.00010094    
   9.6E+07      0.98591      0.00010201    9.6E+07      0.00010201    
   9.65E+07     0.98592      0.00010165    9.65E+07     0.00010165    
   9.7E+07      0.98593      0.00010145    9.7E+07      0.00010145    
   9.75E+07     0.98593      0.00010086    9.75E+07     0.00010086    
   9.8E+07      0.98593      0.00010021    9.8E+07      0.00010021    
   9.85E+07     0.98592      9.969E-05     9.85E+07     9.969E-05     
   9.9E+07      0.98593      9.9742E-05    9.9E+07      9.9742E-05    
   9.95E+07     0.98592      9.9603E-05    9.95E+07     9.9603E-05    
   1E+08        0.98594      9.9646E-05    1E+08        9.9646E-05    
