# This file is written with the intent of being used to plot the data with 
# Gnuplot.  It contains no information regarding how the plot should be 
# formatted.
# =========================================================================
# Research/ArnoldivsPower -f Power2-13.dat -t 500000 -A -c 50 -C 150 -w 20 -b 75 -r  seed = 2228395645
# filename = Power2-13.dat, run = true, power = true, Arnoldi = false, storevectors = 0, raw = false, evectors = 2, evalues = 2, residual = false, arnoldimethod = implicit, tol = 2.22045e-16, verbose = 1, seed = 0, width = 20, bins = 75, acycles = 150, incycles = 50, active = 20, inactive = 0, Iterations = 10, numValues = 2, relaxed = 0, tracks = 500000, ignore_rest = false, version = false, help = false, 

#  1            2            3             4            5             6            7             8            9            
# |-            Power values           -| |-   Power eValues SD   -| |-       FOM-Power      -| |-     Power vector     -| 
#  x-coord      y-coord      error         x-coord      y-coord       x-coord      y-coord       x-coord      y-coord       
   5E+05        0.95569      0             5E+05        0             2.55E+07     0             0.13333      0.017721      
   1E+06        0.96618      0             1E+06        0             2.6E+07      34563         0.4          0.024825      
   1.5E+06      0.97262      0             1.5E+06      0             2.65E+07     43780         0.66667      0.031601      
   2E+06        0.97614      0             2E+06        0             2.7E+07      28714         0.93333      0.037744      
   2.5E+06      0.97681      0             2.5E+06      0             2.75E+07     31230         1.2          0.043861      
   3E+06        0.97879      0             3E+06        0             2.8E+07      33778         1.4667       0.050066      
   3.5E+06      0.97795      0             3.5E+06      0             2.85E+07     41973         1.7333       0.055807      
   4E+06        0.97907      0             4E+06        0             2.9E+07      48859         2            0.061619      
   4.5E+06      0.98071      0             4.5E+06      0             2.95E+07     59874         2.2667       0.067083      
   5E+06        0.9816       0             5E+06        0             3E+07        71169         2.5333       0.07267       
   5.5E+06      0.98087      0             5.5E+06      0             3.05E+07     84626         2.8          0.078251      
   6E+06        0.98218      0             6E+06        0             3.1E+07      82673         3.0667       0.08354       
   6.5E+06      0.98254      0             6.5E+06      0             3.15E+07     77344         3.3333       0.088862      
   7E+06        0.98365      0             7E+06        0             3.2E+07      87387         3.6          0.093716      
   7.5E+06      0.98523      0             7.5E+06      0             3.25E+07     97890         3.8667       0.09881       
   8E+06        0.98349      0             8E+06        0             3.3E+07      99013         4.1333       0.1031        
   8.5E+06      0.98397      0             8.5E+06      0             3.35E+07     89730         4.4          0.10754       
   9E+06        0.98513      0             9E+06        0             3.4E+07      64888         4.6667       0.1122        
   9.5E+06      0.98477      0             9.5E+06      0             3.45E+07     64903         4.9333       0.11651       
   1E+07        0.98483      0             1E+07        0             3.5E+07      70381         5.2          0.12078       
   1.05E+07     0.98431      0             1.05E+07     0             3.55E+07     73740         5.4667       0.12445       
   1.1E+07      0.98595      0             1.1E+07      0             3.6E+07      77823         5.7333       0.12791       
   1.15E+07     0.98424      0             1.15E+07     0             3.65E+07     79188         6            0.13133       
   1.2E+07      0.98586      0             1.2E+07      0             3.7E+07      84590         6.2667       0.13485       
   1.25E+07     0.98359      0             1.25E+07     0             3.75E+07     89868         6.5333       0.13785       
   1.3E+07      0.9869       0             1.3E+07      0             3.8E+07      93062         6.8          0.14067       
   1.35E+07     0.98548      0             1.35E+07     0             3.85E+07     93854         7.0667       0.14372       
   1.4E+07      0.98542      0             1.4E+07      0             3.9E+07      99081         7.3333       0.14638       
   1.45E+07     0.98558      0             1.45E+07     0             3.95E+07     1.0398E+05    7.6          0.14817       
   1.5E+07      0.98428      0             1.5E+07      0             4E+07        1.0958E+05    7.8667       0.15015       
   1.55E+07     0.98512      0             1.55E+07     0             4.05E+07     1.0837E+05    8.1333       0.15208       
   1.6E+07      0.98477      0             1.6E+07      0             4.1E+07      1.12E+05      8.4          0.15339       
   1.65E+07     0.98443      0             1.65E+07     0             4.15E+07     1.1402E+05    8.6667       0.15454       
   1.7E+07      0.98427      0             1.7E+07      0             4.2E+07      1.1955E+05    8.9333       0.156         
   1.75E+07     0.98659      0             1.75E+07     0             4.25E+07     1.25E+05      9.2          0.15657       
   1.8E+07      0.98848      0             1.8E+07      0             4.3E+07      1.292E+05     9.4667       0.15756       
   1.85E+07     0.98524      0             1.85E+07     0             4.35E+07     1.3486E+05    9.7333       0.15781       
   1.9E+07      0.98509      0             1.9E+07      0             4.4E+07      1.404E+05     10           0.15763       
   1.95E+07     0.98439      0             1.95E+07     0             4.45E+07     1.4344E+05    10.267       0.15775       
   2E+07        0.98539      0             2E+07        0             4.5E+07      1.4505E+05    10.533       0.15712       
   2.05E+07     0.98585      0             2.05E+07     0             4.55E+07     1.4294E+05    10.8         0.15641       
   2.1E+07      0.98683      0             2.1E+07      0             4.6E+07      1.4337E+05    11.067       0.15552       
   2.15E+07     0.98519      0             2.15E+07     0             4.65E+07     1.4669E+05    11.333       0.15497       
   2.2E+07      0.9836       0             2.2E+07      0             4.7E+07      1.5182E+05    11.6         0.15313       
   2.25E+07     0.98628      0             2.25E+07     0             4.75E+07     1.4759E+05    11.867       0.15165       
   2.3E+07      0.98535      0             2.3E+07      0             4.8E+07      1.5207E+05    12.133       0.15029       
   2.35E+07     0.98366      0             2.35E+07     0             4.85E+07     1.4535E+05    12.4         0.14804       
   2.4E+07      0.98598      0             2.4E+07      0             4.9E+07      1.5003E+05    12.667       0.14571       
   2.45E+07     0.98663      0             2.45E+07     0             4.95E+07     1.5476E+05    12.933       0.14341       
   2.5E+07      0.98642      0             2.5E+07      0             5E+07        1.4753E+05    13.2         0.14054       
   2.55E+07     0.9849       7.1066E-09    2.55E+07     7.1066E-09    5.05E+07     1.5069E+05    13.467       0.13793       
   2.6E+07      0.98425      0.00046382    2.6E+07      0.00046382    5.1E+07      1.2828E+05    13.733       0.13456       
   2.65E+07     0.98457      0.00040814    2.65E+07     0.00040814    5.15E+07     1.2939E+05    14           0.13135       
   2.7E+07      0.98503      0.00049914    2.7E+07      0.00049914    5.2E+07      1.3284E+05    14.267       0.12771       
   2.75E+07     0.98531      0.00047411    2.75E+07     0.00047411    5.25E+07     1.3602E+05    14.533       0.12428       
   2.8E+07      0.98555      0.0004517     2.8E+07      0.0004517     5.3E+07      1.3966E+05    14.8         0.11977       
   2.85E+07     0.98567      0.00040167    2.85E+07     0.00040167    5.35E+07     1.3887E+05    15.067       0.11564       
   2.9E+07      0.98579      0.00036892    2.9E+07      0.00036892    5.4E+07      1.4045E+05    15.333       0.11165       
   2.95E+07     0.98575      0.00033044    2.95E+07     0.00033044    5.45E+07     1.3816E+05    15.6         0.10748       
   3E+07        0.98579      0.00030052    3E+07        0.00030052    5.5E+07      1.3762E+05    15.867       0.10275       
   3.05E+07     0.98579      0.0002732     3.05E+07     0.0002732     5.55E+07     1.3882E+05    16.133       0.09789       
   3.1E+07      0.98567      0.00027414    3.1E+07      0.00027414    5.6E+07      1.4184E+05    16.4         0.093404      
   3.15E+07     0.98555      0.00028114    3.15E+07     0.00028114    5.65E+07     1.42E+05      16.667       0.08809       
   3.2E+07      0.98552      0.00026237    3.2E+07      0.00026237    5.7E+07      1.3715E+05    16.933       0.082692      
   3.25E+07     0.9855       0.00024591    3.25E+07     0.00024591    5.75E+07     1.3875E+05    17.2         0.077626      
   3.3E+07      0.98558      0.0002426     3.3E+07      0.0002426     5.8E+07      1.408E+05     17.467       0.072189      
   3.35E+07     0.98569      0.00025282    3.35E+07     0.00025282    5.85E+07     1.3845E+05    17.733       0.066726      
   3.4E+07      0.98551      0.00029505    3.4E+07      0.00029505    5.9E+07      1.4122E+05    18           0.061071      
   3.45E+07     0.9856       0.00029283    3.45E+07     0.00029283    5.95E+07     1.4407E+05    18.267       0.055183      
   3.5E+07      0.98562      0.00027909    3.5E+07      0.00027909    6E+07        1.4422E+05    18.533       0.049656      
   3.55E+07     0.98567      0.00027071    3.55E+07     0.00027071    6.05E+07     1.4608E+05    18.8         0.043685      
   3.6E+07      0.98572      0.00026166    3.6E+07      0.00026166    6.1E+07      1.4688E+05    19.067       0.037384      
   3.65E+07     0.98578      0.00025754    3.65E+07     0.00025754    6.15E+07     1.4747E+05    19.333       0.031307      
   3.7E+07      0.9858       0.00024745    3.7E+07      0.00024745    6.2E+07      1.4976E+05    19.6         0.024651      
   3.75E+07     0.98578      0.00023844    3.75E+07     0.00023844    6.25E+07     1.5259E+05    19.867       0.017683      
   3.8E+07      0.98573      0.00023272    3.8E+07      0.00023272    6.3E+07      1.5418E+05    
   3.85E+07     0.98568      0.00023021    3.85E+07     0.00023021    6.35E+07     1.5692E+05    
   3.9E+07      0.98566      0.00022256    3.9E+07      0.00022256    6.4E+07      1.5055E+05    
   3.95E+07     0.98564      0.0002158     3.95E+07     0.0002158     6.45E+07     1.5292E+05    
   4E+07        0.98563      0.00020889    4E+07        0.00020889    6.5E+07      1.5559E+05    
   4.05E+07     0.98569      0.00020876    4.05E+07     0.00020876    6.55E+07     1.5813E+05    
   4.1E+07      0.98566      0.00020407    4.1E+07      0.00020407    6.6E+07      1.6045E+05    
   4.15E+07     0.98569      0.00020104    4.15E+07     0.00020104    6.65E+07     1.5749E+05    
   4.2E+07      0.9857       0.00019513    4.2E+07      0.00019513    6.7E+07      1.597E+05     
   4.25E+07     0.98569      0.00018966    4.25E+07     0.00018966    6.75E+07     1.6217E+05    
   4.3E+07      0.98567      0.00018545    4.3E+07      0.00018545    6.8E+07      1.6449E+05    
   4.35E+07     0.98567      0.00018044    4.35E+07     0.00018044    6.85E+07     1.6288E+05    
   4.4E+07      0.98567      0.00017581    4.4E+07      0.00017581    6.9E+07      1.6402E+05    
   4.45E+07     0.9857       0.00017294    4.45E+07     0.00017294    6.95E+07     1.6627E+05    
   4.5E+07      0.98573      0.00017099    4.5E+07      0.00017099    7E+07        1.6491E+05    
   4.55E+07     0.98569      0.00017115    4.55E+07     0.00017115    7.05E+07     1.6705E+05    
   4.6E+07      0.98572      0.00016997    4.6E+07      0.00016997    7.1E+07      1.6715E+05    
   4.65E+07     0.98574      0.00016712    4.65E+07     0.00016712    7.15E+07     1.6949E+05    
   4.7E+07      0.98574      0.00016335    4.7E+07      0.00016335    7.2E+07      1.6993E+05    
   4.75E+07     0.98578      0.00016479    4.75E+07     0.00016479    7.25E+07     1.7178E+05    
   4.8E+07      0.98577      0.00016149    4.8E+07      0.00016149    7.3E+07      1.7382E+05    
   4.85E+07     0.98582      0.00016431    4.85E+07     0.00016431    7.35E+07     1.7533E+05    
   4.9E+07      0.98582      0.0001609     4.9E+07      0.0001609     7.4E+07      1.7552E+05    
   4.95E+07     0.98582      0.00015762    4.95E+07     0.00015762    7.45E+07     1.7703E+05    
   5E+07        0.98586      0.00016061    5E+07        0.00016061    7.5E+07      1.7835E+05    
   5.05E+07     0.98588      0.00015812    5.05E+07     0.00015812    7.55E+07     1.8021E+05    
   5.1E+07      0.98595      0.00017052    5.1E+07      0.00017052    7.6E+07      1.8099E+05    
   5.15E+07     0.98597      0.00016893    5.15E+07     0.00016893    7.65E+07     1.8325E+05    
   5.2E+07      0.98597      0.00016591    5.2E+07      0.00016591    7.7E+07      1.7781E+05    
   5.25E+07     0.98598      0.00016316    5.25E+07     0.00016316    7.75E+07     1.8004E+05    
   5.3E+07      0.98598      0.00016026    5.3E+07      0.00016026    7.8E+07      1.8217E+05    
   5.35E+07     0.98595      0.00015996    5.35E+07     0.00015996    7.85E+07     1.8356E+05    
   5.4E+07      0.98593      0.00015832    5.4E+07      0.00015832    7.9E+07      1.8563E+05    
   5.45E+07     0.98596      0.00015885    5.45E+07     0.00015885    7.95E+07     1.8699E+05    
   5.5E+07      0.98599      0.00015843    5.5E+07      0.00015843    8E+07        1.8451E+05    
   5.55E+07     0.98597      0.00015702    5.55E+07     0.00015702    8.05E+07     1.8619E+05    
   5.6E+07      0.98598      0.00015462    5.6E+07      0.00015462    8.1E+07      1.8825E+05    
   5.65E+07     0.98595      0.00015383    5.65E+07     0.00015383    8.15E+07     1.8748E+05    
   5.7E+07      0.98592      0.00015582    5.7E+07      0.00015582    8.2E+07      1.8667E+05    
   5.75E+07     0.9859       0.00015425    5.75E+07     0.00015425    8.25E+07     1.8875E+05    
   5.8E+07      0.98589      0.00015245    5.8E+07      0.00015245    8.3E+07      1.9026E+05    
   5.85E+07     0.98592      0.00015308    5.85E+07     0.00015308    8.35E+07     1.8963E+05    
   5.9E+07      0.98592      0.00015092    5.9E+07      0.00015092    8.4E+07      1.905E+05     
   5.95E+07     0.98593      0.00014877    5.95E+07     0.00014877    8.45E+07     1.9178E+05    
   6E+07        0.98595      0.00014808    6E+07        0.00014808    8.5E+07      1.9347E+05    
   6.05E+07     0.98594      0.0001465     6.05E+07     0.0001465     8.55E+07     1.9525E+05    
   6.1E+07      0.98592      0.0001455     6.1E+07      0.0001455     8.6E+07      1.9638E+05    
   6.15E+07     0.98594      0.00014458    6.15E+07     0.00014458    8.65E+07     1.9711E+05    
   6.2E+07      0.98593      0.00014289    6.2E+07      0.00014289    8.7E+07      1.9872E+05    
   6.25E+07     0.98593      0.00014099    6.25E+07     0.00014099    8.75E+07     1.99E+05      
   6.3E+07      0.98594      0.0001397     6.3E+07      0.0001397     8.8E+07      2.0085E+05    
   6.35E+07     0.98593      0.00013792    6.35E+07     0.00013792    8.85E+07     2.0287E+05    
   6.4E+07      0.9859       0.00014026    6.4E+07      0.00014026    8.9E+07      2.0484E+05    
   6.45E+07     0.98589      0.00013862    6.45E+07     0.00013862    8.95E+07     2.0596E+05    
   6.5E+07      0.9859       0.00013689    6.5E+07      0.00013689    9E+07        2.0615E+05    
   6.55E+07     0.9859       0.00013525    6.55E+07     0.00013525    9.05E+07     2.0817E+05    
   6.6E+07      0.98591      0.00013375    6.6E+07      0.00013375    9.1E+07      2.0034E+05    
   6.65E+07     0.98593      0.00013449    6.65E+07     0.00013449    9.15E+07     1.9904E+05    
   6.7E+07      0.98592      0.00013304    6.7E+07      0.00013304    9.2E+07      2.0022E+05    
   6.75E+07     0.98592      0.00013152    6.75E+07     0.00013152    9.25E+07     1.9768E+05    
   6.8E+07      0.98593      0.00013011    6.8E+07      0.00013011    9.3E+07      1.9952E+05    
   6.85E+07     0.98591      0.00013028    6.85E+07     0.00013028    9.35E+07     2.0019E+05    
   6.9E+07      0.98592      0.00012934    6.9E+07      0.00012934    9.4E+07      2.0139E+05    
   6.95E+07     0.98591      0.00012799    6.95E+07     0.00012799    9.45E+07     2.0244E+05    
   7E+07        0.98593      0.00012806    7E+07        0.00012806    9.5E+07      2.0428E+05    
   7.05E+07     0.98594      0.00012676    7.05E+07     0.00012676    9.55E+07     2.0472E+05    
   7.1E+07      0.98595      0.00012628    7.1E+07      0.00012628    9.6E+07      2.0346E+05    
   7.15E+07     0.98595      0.00012496    7.15E+07     0.00012496    9.65E+07     2.016E+05     
   7.2E+07      0.98594      0.00012435    7.2E+07      0.00012435    9.7E+07      2.0328E+05    
   7.25E+07     0.98593      0.00012325    7.25E+07     0.00012325    9.75E+07     1.9842E+05    
   7.3E+07      0.98593      0.0001221     7.3E+07      0.0001221     9.8E+07      1.9871E+05    
   7.35E+07     0.98594      0.00012114    7.35E+07     0.00012114    9.85E+07     2.0019E+05    
   7.4E+07      0.98596      0.00012067    7.4E+07      0.00012067    9.9E+07      2.0183E+05    
   7.45E+07     0.98597      0.00011975    7.45E+07     0.00011975    9.95E+07     2.0287E+05    
   7.5E+07      0.98596      0.0001189     7.5E+07      0.0001189     1E+08        2.0445E+05    
   7.55E+07     0.98595      0.00011789    7.55E+07     0.00011789    
   7.6E+07      0.98596      0.00011725    7.6E+07      0.00011725    
   7.65E+07     0.98596      0.00011614    7.65E+07     0.00011614    
   7.7E+07      0.98594      0.00011751    7.7E+07      0.00011751    
   7.75E+07     0.98594      0.00011641    7.75E+07     0.00011641    
   7.8E+07      0.98594      0.00011534    7.8E+07      0.00011534    
   7.85E+07     0.98594      0.00011454    7.85E+07     0.00011454    
   7.9E+07      0.98593      0.00011354    7.9E+07      0.00011354    
   7.95E+07     0.98594      0.00011276    7.95E+07     0.00011276    
   8E+07        0.98592      0.00011316    8E+07        0.00011316    
   8.05E+07     0.98592      0.0001123     8.05E+07     0.0001123     
   8.1E+07      0.98592      0.00011132    8.1E+07      0.00011132    
   8.15E+07     0.9859       0.00011121    8.15E+07     0.00011121    
   8.2E+07      0.98589      0.00011111    8.2E+07      0.00011111    
   8.25E+07     0.98589      0.00011015    8.25E+07     0.00011015    
   8.3E+07      0.98588      0.00010938    8.3E+07      0.00010938    
   8.35E+07     0.9859       0.00010923    8.35E+07     0.00010923    
   8.4E+07      0.98591      0.00010864    8.4E+07      0.00010864    
   8.45E+07     0.98591      0.00010796    8.45E+07     0.00010796    
   8.5E+07      0.98591      0.00010717    8.5E+07      0.00010717    
   8.55E+07     0.9859       0.00010636    8.55E+07     0.00010636    
   8.6E+07      0.9859       0.00010574    8.6E+07      0.00010574    
   8.65E+07     0.9859       0.00010524    8.65E+07     0.00010524    
   8.7E+07      0.98591      0.0001045     8.7E+07      0.0001045     
   8.75E+07     0.98592      0.00010413    8.75E+07     0.00010413    
   8.8E+07      0.98592      0.00010336    8.8E+07      0.00010336    
   8.85E+07     0.98592      0.00010254    8.85E+07     0.00010254    
   8.9E+07      0.98591      0.00010176    8.9E+07      0.00010176    
   8.95E+07     0.98592      0.0001012     8.95E+07     0.0001012     
   9E+07        0.98593      0.00010087    9E+07        0.00010087    
   9.05E+07     0.98593      0.0001001     9.05E+07     0.0001001     
   9.1E+07      0.98591      0.00010177    9.1E+07      0.00010177    
   9.15E+07     0.98592      0.00010181    9.15E+07     0.00010181    
   9.2E+07      0.98593      0.00010124    9.2E+07      0.00010124    
   9.25E+07     0.98594      0.00010161    9.25E+07     0.00010161    
   9.3E+07      0.98594      0.00010086    9.3E+07      0.00010086    
   9.35E+07     0.98594      0.00010042    9.35E+07     0.00010042    
   9.4E+07      0.98593      9.9857E-05    9.4E+07      9.9857E-05    
   9.45E+07     0.98592      9.9328E-05    9.45E+07     9.9328E-05    
   9.5E+07      0.98592      9.8619E-05    9.5E+07      9.8619E-05    
   9.55E+07     0.98592      9.8247E-05    9.55E+07     9.8247E-05    
   9.6E+07      0.98593      9.8287E-05    9.6E+07      9.8287E-05    
   9.65E+07     0.98594      9.8482E-05    9.65E+07     9.8482E-05    
   9.7E+07      0.98594      9.782E-05     9.7E+07      9.782E-05     
   9.75E+07     0.98596      9.8743E-05    9.75E+07     9.8743E-05    
   9.8E+07      0.98597      9.8418E-05    9.8E+07      9.8418E-05    
   9.85E+07     0.98597      9.7805E-05    9.85E+07     9.7805E-05    
   9.9E+07      0.98596      9.7154E-05    9.9E+07      9.7154E-05    
   9.95E+07     0.98596      9.6659E-05    9.95E+07     9.6659E-05    
   1E+08        0.98596      9.604E-05     1E+08        9.604E-05     
