# This file is written with the intent of being used to plot the data with 
# Gnuplot.  It contains no information regarding how the plot should be 
# formatted.
# =========================================================================
# Research/ArnoldivsPower -f Power2-57.dat -t 500000 -A -c 50 -C 150 -w 20 -b 75 -r  seed = 2545503130
# filename = Power2-57.dat, run = true, power = true, Arnoldi = false, storevectors = 0, raw = false, evectors = 2, evalues = 2, residual = false, arnoldimethod = implicit, tol = 2.22045e-16, verbose = 1, seed = 0, width = 20, bins = 75, acycles = 150, incycles = 50, active = 20, inactive = 0, Iterations = 10, numValues = 2, relaxed = 0, tracks = 500000, ignore_rest = false, version = false, help = false, 

#  1            2            3             4            5             6            7             8            9            
# |-            Power values           -| |-   Power eValues SD   -| |-       FOM-Power      -| |-     Power vector     -| 
#  x-coord      y-coord      error         x-coord      y-coord       x-coord      y-coord       x-coord      y-coord       
   5E+05        0.95581      0             5E+05        0             2.55E+07     0             0.13333      0.017767      
   1E+06        0.96544      0             1E+06        0             2.6E+07      13009         0.4          0.024789      
   1.5E+06      0.97065      0             1.5E+06      0             2.65E+07     27822         0.66667      0.031315      
   2E+06        0.97262      0             2E+06        0             2.7E+07      30302         0.93333      0.037325      
   2.5E+06      0.9771       0             2.5E+06      0             2.75E+07     26676         1.2          0.043616      
   3E+06        0.97964      0             3E+06        0             2.8E+07      32078         1.4667       0.049589      
   3.5E+06      0.97822      0             3.5E+06      0             2.85E+07     32349         1.7333       0.055178      
   4E+06        0.98202      0             4E+06        0             2.9E+07      32798         2            0.06137       
   4.5E+06      0.98039      0             4.5E+06      0             2.95E+07     38443         2.2667       0.067135      
   5E+06        0.98342      0             5E+06        0             3E+07        46611         2.5333       0.072583      
   5.5E+06      0.98208      0             5.5E+06      0             3.05E+07     40904         2.8          0.07839       
   6E+06        0.98202      0             6E+06        0             3.1E+07      47861         3.0667       0.083439      
   6.5E+06      0.98289      0             6.5E+06      0             3.15E+07     55247         3.3333       0.088669      
   7E+06        0.97917      0             7E+06        0             3.2E+07      62595         3.6          0.093331      
   7.5E+06      0.98187      0             7.5E+06      0             3.25E+07     61510         3.8667       0.098315      
   8E+06        0.98145      0             8E+06        0             3.3E+07      67001         4.1333       0.10307       
   8.5E+06      0.98344      0             8.5E+06      0             3.35E+07     71696         4.4          0.10767       
   9E+06        0.98563      0             9E+06        0             3.4E+07      78556         4.6667       0.11197       
   9.5E+06      0.983        0             9.5E+06      0             3.45E+07     70457         4.9333       0.11598       
   1E+07        0.98436      0             1E+07        0             3.5E+07      76539         5.2          0.12038       
   1.05E+07     0.98521      0             1.05E+07     0             3.55E+07     82494         5.4667       0.12378       
   1.1E+07      0.98401      0             1.1E+07      0             3.6E+07      84930         5.7333       0.12754       
   1.15E+07     0.98347      0             1.15E+07     0             3.65E+07     89259         6            0.13081       
   1.2E+07      0.98173      0             1.2E+07      0             3.7E+07      90687         6.2667       0.13431       
   1.25E+07     0.98483      0             1.25E+07     0             3.75E+07     78204         6.5333       0.13737       
   1.3E+07      0.9857       0             1.3E+07      0             3.8E+07      77117         6.8          0.14035       
   1.35E+07     0.98605      0             1.35E+07     0             3.85E+07     81900         7.0667       0.14278       
   1.4E+07      0.9851       0             1.4E+07      0             3.9E+07      86142         7.3333       0.14519       
   1.45E+07     0.98582      0             1.45E+07     0             3.95E+07     86270         7.6          0.14749       
   1.5E+07      0.98452      0             1.5E+07      0             4E+07        85497         7.8667       0.14914       
   1.55E+07     0.98579      0             1.55E+07     0             4.05E+07     87740         8.1333       0.15122       
   1.6E+07      0.98444      0             1.6E+07      0             4.1E+07      89956         8.4          0.15308       
   1.65E+07     0.98664      0             1.65E+07     0             4.15E+07     94410         8.6667       0.15453       
   1.7E+07      0.98531      0             1.7E+07      0             4.2E+07      94046         8.9333       0.15536       
   1.75E+07     0.98604      0             1.75E+07     0             4.25E+07     95378         9.2          0.15647       
   1.8E+07      0.98769      0             1.8E+07      0             4.3E+07      86103         9.4667       0.15685       
   1.85E+07     0.98476      0             1.85E+07     0             4.35E+07     86498         9.7333       0.15705       
   1.9E+07      0.98478      0             1.9E+07      0             4.4E+07      89124         10           0.15727       
   1.95E+07     0.98485      0             1.95E+07     0             4.45E+07     91743         10.267       0.15765       
   2E+07        0.98721      0             2E+07        0             4.5E+07      94611         10.533       0.15751       
   2.05E+07     0.98635      0             2.05E+07     0             4.55E+07     97955         10.8         0.1571        
   2.1E+07      0.9874       0             2.1E+07      0             4.6E+07      1.0163E+05    11.067       0.15577       
   2.15E+07     0.98542      0             2.15E+07     0             4.65E+07     1.0495E+05    11.333       0.15507       
   2.2E+07      0.98417      0             2.2E+07      0             4.7E+07      1.0841E+05    11.6         0.15358       
   2.25E+07     0.98467      0             2.25E+07     0             4.75E+07     1.0981E+05    11.867       0.15221       
   2.3E+07      0.98623      0             2.3E+07      0             4.8E+07      1.132E+05     12.133       0.15069       
   2.35E+07     0.98401      0             2.35E+07     0             4.85E+07     1.1607E+05    12.4         0.14856       
   2.4E+07      0.98641      0             2.4E+07      0             4.9E+07      1.1749E+05    12.667       0.14604       
   2.45E+07     0.98603      0             2.45E+07     0             4.95E+07     1.2085E+05    12.933       0.14393       
   2.5E+07      0.98642      0             2.5E+07      0             5E+07        1.2451E+05    13.2         0.14055       
   2.55E+07     0.9873       NAN           2.55E+07     NAN           5.05E+07     1.2817E+05    13.467       0.13829       
   2.6E+07      0.98623      0.00075956    2.6E+07      0.00075956    5.1E+07      1.3177E+05    13.733       0.13523       
   2.65E+07     0.98634      0.00051431    2.65E+07     0.00051431    5.15E+07     1.3038E+05    14           0.13217       
   2.7E+07      0.98668      0.000488      2.7E+07      0.000488      5.2E+07      1.1786E+05    14.267       0.12858       
   2.75E+07     0.98631      0.00051508    2.75E+07     0.00051508    5.25E+07     1.1771E+05    14.533       0.12464       
   2.8E+07      0.98611      0.00046547    2.8E+07      0.00046547    5.3E+07      1.1425E+05    14.8         0.12066       
   2.85E+07     0.98587      0.00045936    2.85E+07     0.00045936    5.35E+07     1.1721E+05    15.067       0.11682       
   2.9E+07      0.98564      0.00045212    2.9E+07      0.00045212    5.4E+07      1.2019E+05    15.333       0.11241       
   2.95E+07     0.98554      0.00041395    2.95E+07     0.00041395    5.45E+07     1.2316E+05    15.6         0.10795       
   3E+07        0.98553      0.00037273    3E+07        0.00037273    5.5E+07      1.2599E+05    15.867       0.10358       
   3.05E+07     0.98574      0.00039451    3.05E+07     0.00039451    5.55E+07     1.29E+05      16.133       0.098855      
   3.1E+07      0.98574      0.00036167    3.1E+07      0.00036167    5.6E+07      1.2877E+05    16.4         0.093772      
   3.15E+07     0.98574      0.00033391    3.15E+07     0.00033391    5.65E+07     1.3026E+05    16.667       0.088806      
   3.2E+07      0.98576      0.00031113    3.2E+07      0.00031113    5.7E+07      1.3042E+05    16.933       0.083444      
   3.25E+07     0.98565      0.00031144    3.25E+07     0.00031144    5.75E+07     1.3252E+05    17.2         0.078192      
   3.3E+07      0.9857       0.00029607    3.3E+07      0.00029607    5.8E+07      1.3543E+05    17.467       0.072858      
   3.35E+07     0.98575      0.00028397    3.35E+07     0.00028397    5.85E+07     1.3835E+05    17.733       0.067021      
   3.4E+07      0.98578      0.00026924    3.4E+07      0.00026924    5.9E+07      1.374E+05     18           0.061211      
   3.45E+07     0.98565      0.00028222    3.45E+07     0.00028222    5.95E+07     1.3978E+05    18.267       0.055499      
   3.5E+07      0.98564      0.00026875    3.5E+07      0.00026875    6E+07        1.4256E+05    18.533       0.049507      
   3.55E+07     0.98566      0.00025701    3.55E+07     0.00025701    6.05E+07     1.4358E+05    18.8         0.043331      
   3.6E+07      0.9856       0.00025155    3.6E+07      0.00025155    6.1E+07      1.4517E+05    19.067       0.037358      
   3.65E+07     0.98564      0.00024362    3.65E+07     0.00024362    6.15E+07     1.4685E+05    19.333       0.03101       
   3.7E+07      0.9857       0.00024004    3.7E+07      0.00024004    6.2E+07      1.4906E+05    19.6         0.024593      
   3.75E+07     0.98581      0.00025673    3.75E+07     0.00025673    6.25E+07     1.5185E+05    19.867       0.017595      
   3.8E+07      0.98589      0.00025682    3.8E+07      0.00025682    6.3E+07      1.5334E+05    
   3.85E+07     0.98588      0.00024754    3.85E+07     0.00024754    6.35E+07     1.5612E+05    
   3.9E+07      0.98585      0.00023981    3.9E+07      0.00023981    6.4E+07      1.5299E+05    
   3.95E+07     0.98591      0.00023806    3.95E+07     0.00023806    6.45E+07     1.5454E+05    
   4E+07        0.98597      0.00023761    4E+07        0.00023761    6.5E+07      1.5596E+05    
   4.05E+07     0.98593      0.00023307    4.05E+07     0.00023307    6.55E+07     1.5811E+05    
   4.1E+07      0.98589      0.00022876    4.1E+07      0.00022876    6.6E+07      1.6052E+05    
   4.15E+07     0.9859       0.00022187    4.15E+07     0.00022187    6.65E+07     1.5854E+05    
   4.2E+07      0.98585      0.00022099    4.2E+07      0.00022099    6.7E+07      1.6085E+05    
   4.25E+07     0.98589      0.00021815    4.25E+07     0.00021815    6.75E+07     1.6303E+05    
   4.3E+07      0.9858       0.00022824    4.3E+07      0.00022824    6.8E+07      1.6564E+05    
   4.35E+07     0.98584      0.00022641    4.35E+07     0.00022641    6.85E+07     1.6759E+05    
   4.4E+07      0.98582      0.00022175    4.4E+07      0.00022175    6.9E+07      1.6994E+05    
   4.45E+07     0.98584      0.00021727    4.45E+07     0.00021727    6.95E+07     1.6904E+05    
   4.5E+07      0.98586      0.00021275    4.5E+07      0.00021275    7E+07        1.7107E+05    
   4.55E+07     0.98588      0.00020793    4.55E+07     0.00020793    7.05E+07     1.7254E+05    
   4.6E+07      0.98588      0.00020299    4.6E+07      0.00020299    7.1E+07      1.7427E+05    
   4.65E+07     0.98587      0.00019863    4.65E+07     0.00019863    7.15E+07     1.7433E+05    
   4.7E+07      0.98588      0.00019436    4.7E+07      0.00019436    7.2E+07      1.7565E+05    
   4.75E+07     0.9859       0.00019206    4.75E+07     0.00019206    7.25E+07     1.7549E+05    
   4.8E+07      0.98589      0.00018816    4.8E+07      0.00018816    7.3E+07      1.7735E+05    
   4.85E+07     0.98588      0.00018486    4.85E+07     0.00018486    7.35E+07     1.7974E+05    
   4.9E+07      0.98585      0.00018263    4.9E+07      0.00018263    7.4E+07      1.8102E+05    
   4.95E+07     0.98586      0.00017917    4.95E+07     0.00017917    7.45E+07     1.8223E+05    
   5E+07        0.98587      0.00017562    5E+07        0.00017562    7.5E+07      1.843E+05     
   5.05E+07     0.98587      0.00017221    5.05E+07     0.00017221    7.55E+07     1.8548E+05    
   5.1E+07      0.98586      0.00016898    5.1E+07      0.00016898    7.6E+07      1.7951E+05    
   5.15E+07     0.9859       0.00016905    5.15E+07     0.00016905    7.65E+07     1.8074E+05    
   5.2E+07      0.98596      0.0001769     5.2E+07      0.0001769     7.7E+07      1.8074E+05    
   5.25E+07     0.98599      0.00017616    5.25E+07     0.00017616    7.75E+07     1.8115E+05    
   5.3E+07      0.98603      0.00017797    5.3E+07      0.00017797    7.8E+07      1.814E+05     
   5.35E+07     0.98603      0.00017485    5.35E+07     0.00017485    7.85E+07     1.7971E+05    
   5.4E+07      0.98603      0.00017186    5.4E+07      0.00017186    7.9E+07      1.8192E+05    
   5.45E+07     0.98604      0.00016898    5.45E+07     0.00016898    7.95E+07     1.8381E+05    
   5.5E+07      0.98604      0.0001663     5.5E+07      0.0001663     8E+07        1.8583E+05    
   5.55E+07     0.98604      0.00016359    5.55E+07     0.00016359    8.05E+07     1.8304E+05    
   5.6E+07      0.98607      0.00016299    5.6E+07      0.00016299    8.1E+07      1.848E+05     
   5.65E+07     0.98609      0.00016131    5.65E+07     0.00016131    8.15E+07     1.8683E+05    
   5.7E+07      0.98606      0.00016048    5.7E+07      0.00016048    8.2E+07      1.7987E+05    
   5.75E+07     0.98605      0.00015851    5.75E+07     0.00015851    8.25E+07     1.7903E+05    
   5.8E+07      0.98605      0.00015611    5.8E+07      0.00015611    8.3E+07      1.8105E+05    
   5.85E+07     0.98605      0.00015379    5.85E+07     0.00015379    8.35E+07     1.8245E+05    
   5.9E+07      0.98608      0.00015366    5.9E+07      0.00015366    8.4E+07      1.8101E+05    
   5.95E+07     0.98607      0.00015168    5.95E+07     0.00015168    8.45E+07     1.8293E+05    
   6E+07        0.98607      0.00014957    6E+07        0.00014957    8.5E+07      1.843E+05     
   6.05E+07     0.98609      0.00014842    6.05E+07     0.00014842    8.55E+07     1.847E+05     
   6.1E+07      0.98607      0.00014697    6.1E+07      0.00014697    8.6E+07      1.8184E+05    
   6.15E+07     0.98606      0.00014553    6.15E+07     0.00014553    8.65E+07     1.816E+05     
   6.2E+07      0.98607      0.00014386    6.2E+07      0.00014386    8.7E+07      1.7972E+05    
   6.25E+07     0.98607      0.00014194    6.25E+07     0.00014194    8.75E+07     1.8135E+05    
   6.3E+07      0.98606      0.00014069    6.3E+07      0.00014069    8.8E+07      1.8314E+05    
   6.35E+07     0.98605      0.0001389     6.35E+07     0.0001389     8.85E+07     1.7924E+05    
   6.4E+07      0.98603      0.00013975    6.4E+07      0.00013975    8.9E+07      1.8018E+05    
   6.45E+07     0.98604      0.00013851    6.45E+07     0.00013851    8.95E+07     1.8199E+05    
   6.5E+07      0.98603      0.00013734    6.5E+07      0.00013734    9E+07        1.8377E+05    
   6.55E+07     0.98604      0.00013587    6.55E+07     0.00013587    9.05E+07     1.8292E+05    
   6.6E+07      0.98604      0.00013432    6.6E+07      0.00013432    9.1E+07      1.846E+05     
   6.65E+07     0.98606      0.00013465    6.65E+07     0.00013465    9.15E+07     1.8626E+05    
   6.7E+07      0.98606      0.00013317    6.7E+07      0.00013317    9.2E+07      1.88E+05      
   6.75E+07     0.98606      0.00013178    6.75E+07     0.00013178    9.25E+07     1.8764E+05    
   6.8E+07      0.98606      0.00013024    6.8E+07      0.00013024    9.3E+07      1.8718E+05    
   6.85E+07     0.98607      0.00012901    6.85E+07     0.00012901    9.35E+07     1.8685E+05    
   6.9E+07      0.98607      0.00012763    6.9E+07      0.00012763    9.4E+07      1.7664E+05    
   6.95E+07     0.98609      0.00012751    6.95E+07     0.00012751    9.45E+07     1.7826E+05    
   7E+07        0.98608      0.00012629    7E+07        0.00012629    9.5E+07      1.7967E+05    
   7.05E+07     0.98609      0.0001253     7.05E+07     0.0001253     9.55E+07     1.8077E+05    
   7.1E+07      0.98608      0.00012423    7.1E+07      0.00012423    9.6E+07      1.7834E+05    
   7.15E+07     0.9861       0.00012377    7.15E+07     0.00012377    9.65E+07     1.7904E+05    
   7.2E+07      0.98609      0.00012288    7.2E+07      0.00012288    9.7E+07      1.7872E+05    
   7.25E+07     0.9861       0.00012251    7.25E+07     0.00012251    9.75E+07     1.8027E+05    
   7.3E+07      0.98611      0.00012144    7.3E+07      0.00012144    9.8E+07      1.8135E+05    
   7.35E+07     0.98611      0.00012022    7.35E+07     0.00012022    9.85E+07     1.8286E+05    
   7.4E+07      0.9861       0.00011939    7.4E+07      0.00011939    9.9E+07      1.8437E+05    
   7.45E+07     0.98609      0.00011859    7.45E+07     0.00011859    9.95E+07     1.8562E+05    
   7.5E+07      0.98609      0.00011751    7.5E+07      0.00011751    1E+08        1.8608E+05    
   7.55E+07     0.98608      0.00011674    7.55E+07     0.00011674    
   7.6E+07      0.9861       0.00011827    7.6E+07      0.00011827    
   7.65E+07     0.98609      0.00011747    7.65E+07     0.00011747    
   7.7E+07      0.98608      0.0001171     7.7E+07      0.0001171     
   7.75E+07     0.98607      0.00011658    7.75E+07     0.00011658    
   7.8E+07      0.98606      0.00011612    7.8E+07      0.00011612    
   7.85E+07     0.98604      0.00011629    7.85E+07     0.00011629    
   7.9E+07      0.98604      0.00011521    7.9E+07      0.00011521    
   7.95E+07     0.98603      0.00011425    7.95E+07     0.00011425    
   8E+07        0.98604      0.00011327    8E+07        0.00011327    
   8.05E+07     0.98602      0.00011377    8.05E+07     0.00011377    
   8.1E+07      0.98601      0.00011288    8.1E+07      0.00011288    
   8.15E+07     0.98602      0.00011192    8.15E+07     0.00011192    
   8.2E+07      0.98599      0.00011371    8.2E+07      0.00011371    
   8.25E+07     0.98601      0.00011363    8.25E+07     0.00011363    
   8.3E+07      0.98601      0.00011265    8.3E+07      0.00011265    
   8.35E+07     0.98601      0.00011188    8.35E+07     0.00011188    
   8.4E+07      0.986        0.000112      8.4E+07      0.000112      
   8.45E+07     0.986        0.00011107    8.45E+07     0.00011107    
   8.5E+07      0.98599      0.00011033    8.5E+07      0.00011033    
   8.55E+07     0.98598      0.00010986    8.55E+07     0.00010986    
   8.6E+07      0.98597      0.00011039    8.6E+07      0.00011039    
   8.65E+07     0.98598      0.00011015    8.65E+07     0.00011015    
   8.7E+07      0.98596      0.0001104     8.7E+07      0.0001104     
   8.75E+07     0.98596      0.00010958    8.75E+07     0.00010958    
   8.8E+07      0.98596      0.00010873    8.8E+07      0.00010873    
   8.85E+07     0.98598      0.0001096     8.85E+07     0.0001096     
   8.9E+07      0.98597      0.00010899    8.9E+07      0.00010899    
   8.95E+07     0.98597      0.00010815    8.95E+07     0.00010815    
   9E+07        0.98597      0.00010732    9E+07        0.00010732    
   9.05E+07     0.98595      0.00010727    9.05E+07     0.00010727    
   9.1E+07      0.98596      0.00010648    9.1E+07      0.00010648    
   9.15E+07     0.98596      0.00010572    9.15E+07     0.00010572    
   9.2E+07      0.98596      0.00010493    9.2E+07      0.00010493    
   9.25E+07     0.98595      0.00010475    9.25E+07     0.00010475    
   9.3E+07      0.98594      0.00010459    9.3E+07      0.00010459    
   9.35E+07     0.98595      0.0001044     9.35E+07     0.0001044     
   9.4E+07      0.98597      0.00010709    9.4E+07      0.00010709    
   9.45E+07     0.98597      0.00010632    9.45E+07     0.00010632    
   9.5E+07      0.98597      0.00010561    9.5E+07      0.00010561    
   9.55E+07     0.98597      0.000105      9.55E+07     0.000105      
   9.6E+07      0.98598      0.00010544    9.6E+07      0.00010544    
   9.65E+07     0.98597      0.00010496    9.65E+07     0.00010496    
   9.7E+07      0.98598      0.00010478    9.7E+07      0.00010478    
   9.75E+07     0.98598      0.00010406    9.75E+07     0.00010406    
   9.8E+07      0.98598      0.00010348    9.8E+07      0.00010348    
   9.85E+07     0.98598      0.00010279    9.85E+07     0.00010279    
   9.9E+07      0.98598      0.00010211    9.9E+07      0.00010211    
   9.95E+07     0.98598      0.0001015     9.95E+07     0.0001015     
   1E+08        0.98597      0.00010112    1E+08        0.00010112    
