# This file is written with the intent of being used to plot the data with 
# Gnuplot.  It contains no information regarding how the plot should be 
# formatted.
# =========================================================================
# Research/ArnoldivsPower -f Power2-46.dat -t 500000 -A -c 50 -C 150 -w 20 -b 75 -r  seed = 2167515693
# filename = Power2-46.dat, run = true, power = true, Arnoldi = false, storevectors = 0, raw = false, evectors = 2, evalues = 2, residual = false, arnoldimethod = implicit, tol = 2.22045e-16, verbose = 1, seed = 0, width = 20, bins = 75, acycles = 150, incycles = 50, active = 20, inactive = 0, Iterations = 10, numValues = 2, relaxed = 0, tracks = 500000, ignore_rest = false, version = false, help = false, 

#  1            2            3             4            5             6            7             8            9            
# |-            Power values           -| |-   Power eValues SD   -| |-       FOM-Power      -| |-     Power vector     -| 
#  x-coord      y-coord      error         x-coord      y-coord       x-coord      y-coord       x-coord      y-coord       
   5E+05        0.95733      0             5E+05        0             2.55E+07     0             0.13333      0.017743      
   1E+06        0.96679      0             1E+06        0             2.6E+07      5520          0.4          0.024828      
   1.5E+06      0.97377      0             1.5E+06      0             2.65E+07     12134         0.66667      0.031213      
   2E+06        0.97641      0             2E+06        0             2.7E+07      12507         0.93333      0.037564      
   2.5E+06      0.97552      0             2.5E+06      0             2.75E+07     12512         1.2          0.043838      
   3E+06        0.97835      0             3E+06        0             2.8E+07      17649         1.4667       0.049464      
   3.5E+06      0.9796       0             3.5E+06      0             2.85E+07     23493         1.7333       0.055475      
   4E+06        0.9797       0             4E+06        0             2.9E+07      25651         2            0.060941      
   4.5E+06      0.98207      0             4.5E+06      0             2.95E+07     29625         2.2667       0.066886      
   5E+06        0.98026      0             5E+06        0             3E+07        30557         2.5333       0.0727        
   5.5E+06      0.9809       0             5.5E+06      0             3.05E+07     34779         2.8          0.077781      
   6E+06        0.98392      0             6E+06        0             3.1E+07      40588         3.0667       0.083495      
   6.5E+06      0.9834       0             6.5E+06      0             3.15E+07     44537         3.3333       0.088499      
   7E+06        0.98064      0             7E+06        0             3.2E+07      43758         3.6          0.093577      
   7.5E+06      0.98371      0             7.5E+06      0             3.25E+07     41430         3.8667       0.098256      
   8E+06        0.98348      0             8E+06        0             3.3E+07      46022         4.1333       0.10337       
   8.5E+06      0.98587      0             8.5E+06      0             3.35E+07     44867         4.4          0.10814       
   9E+06        0.98448      0             9E+06        0             3.4E+07      39743         4.6667       0.11238       
   9.5E+06      0.98392      0             9.5E+06      0             3.45E+07     43327         4.9333       0.11653       
   1E+07        0.98415      0             1E+07        0             3.5E+07      46917         5.2          0.12054       
   1.05E+07     0.98394      0             1.05E+07     0             3.55E+07     49523         5.4667       0.1245        
   1.1E+07      0.9837       0             1.1E+07      0             3.6E+07      52549         5.7333       0.12804       
   1.15E+07     0.9845       0             1.15E+07     0             3.65E+07     55169         6            0.13157       
   1.2E+07      0.98561      0             1.2E+07      0             3.7E+07      58975         6.2667       0.13495       
   1.25E+07     0.98399      0             1.25E+07     0             3.75E+07     62778         6.5333       0.13832       
   1.3E+07      0.98681      0             1.3E+07      0             3.8E+07      65853         6.8          0.14058       
   1.35E+07     0.98412      0             1.35E+07     0             3.85E+07     70051         7.0667       0.14348       
   1.4E+07      0.98497      0             1.4E+07      0             3.9E+07      70810         7.3333       0.14601       
   1.45E+07     0.98507      0             1.45E+07     0             3.95E+07     74975         7.6          0.14818       
   1.5E+07      0.98676      0             1.5E+07      0             4E+07        77064         7.8667       0.15026       
   1.55E+07     0.98392      0             1.55E+07     0             4.05E+07     79844         8.1333       0.15227       
   1.6E+07      0.98393      0             1.6E+07      0             4.1E+07      82609         8.4          0.15381       
   1.65E+07     0.98458      0             1.65E+07     0             4.15E+07     83337         8.6667       0.15501       
   1.7E+07      0.98522      0             1.7E+07      0             4.2E+07      87319         8.9333       0.15605       
   1.75E+07     0.98716      0             1.75E+07     0             4.25E+07     90117         9.2          0.15696       
   1.8E+07      0.98462      0             1.8E+07      0             4.3E+07      91915         9.4667       0.15752       
   1.85E+07     0.98315      0             1.85E+07     0             4.35E+07     87464         9.7333       0.15789       
   1.9E+07      0.98271      0             1.9E+07      0             4.4E+07      79695         10           0.1578        
   1.95E+07     0.98484      0             1.95E+07     0             4.45E+07     82850         10.267       0.15797       
   2E+07        0.98732      0             2E+07        0             4.5E+07      85945         10.533       0.15804       
   2.05E+07     0.98485      0             2.05E+07     0             4.55E+07     86100         10.8         0.15702       
   2.1E+07      0.98717      0             2.1E+07      0             4.6E+07      88703         11.067       0.15615       
   2.15E+07     0.98466      0             2.15E+07     0             4.65E+07     91722         11.333       0.1554        
   2.2E+07      0.98408      0             2.2E+07      0             4.7E+07      94950         11.6         0.15369       
   2.25E+07     0.98489      0             2.25E+07     0             4.75E+07     97996         11.867       0.15233       
   2.3E+07      0.98416      0             2.3E+07      0             4.8E+07      1.0117E+05    12.133       0.15018       
   2.35E+07     0.98463      0             2.35E+07     0             4.85E+07     1.0356E+05    12.4         0.14806       
   2.4E+07      0.986        0             2.4E+07      0             4.9E+07      1.0329E+05    12.667       0.14574       
   2.45E+07     0.9851       0             2.45E+07     0             4.95E+07     1.059E+05     12.933       0.14324       
   2.5E+07      0.98796      0             2.5E+07      0             5E+07        1.0837E+05    13.2         0.14055       
   2.55E+07     0.98289      3.4066E-09    2.55E+07     3.4066E-09    5.05E+07     1.1098E+05    13.467       0.13774       
   2.6E+07      0.98453      0.0011586     2.6E+07      0.0011586     5.1E+07      1.1307E+05    13.733       0.13413       
   2.65E+07     0.98447      0.00077387    2.65E+07     0.00077387    5.15E+07     1.1479E+05    14           0.13101       
   2.7E+07      0.98502      0.00075487    2.7E+07      0.00075487    5.2E+07      1.1797E+05    14.267       0.12757       
   2.75E+07     0.98552      0.00074757    2.75E+07     0.00074757    5.25E+07     1.2092E+05    14.533       0.1234        
   2.8E+07      0.98548      0.00062375    2.8E+07      0.00062375    5.3E+07      1.2288E+05    14.8         0.11969       
   2.85E+07     0.98544      0.00053594    2.85E+07     0.00053594    5.35E+07     1.2387E+05    15.067       0.11584       
   2.9E+07      0.98565      0.00050831    2.9E+07      0.00050831    5.4E+07      1.2705E+05    15.333       0.11127       
   2.95E+07     0.98579      0.00046902    2.95E+07     0.00046902    5.45E+07     1.2689E+05    15.6         0.1068        
   3E+07        0.98597      0.00045785    3E+07        0.00045785    5.5E+07      1.2637E+05    15.867       0.10214       
   3.05E+07     0.98588      0.00042555    3.05E+07     0.00042555    5.55E+07     1.29E+05      16.133       0.097675      
   3.1E+07      0.98586      0.00039067    3.1E+07      0.00039067    5.6E+07      1.3121E+05    16.4         0.092705      
   3.15E+07     0.98594      0.00036995    3.15E+07     0.00036995    5.65E+07     1.3285E+05    16.667       0.087474      
   3.2E+07      0.98609      0.00037019    3.2E+07      0.00037019    5.7E+07      1.3453E+05    16.933       0.08266       
   3.25E+07     0.98593      0.00037745    3.25E+07     0.00037745    5.75E+07     1.3278E+05    17.2         0.077249      
   3.3E+07      0.98596      0.00035538    3.3E+07      0.00035538    5.8E+07      1.3567E+05    17.467       0.071683      
   3.35E+07     0.98583      0.00035715    3.35E+07     0.00035715    5.85E+07     1.3628E+05    17.733       0.066393      
   3.4E+07      0.98566      0.00037669    3.4E+07      0.00037669    5.9E+07      1.3883E+05    18           0.06066       
   3.45E+07     0.98563      0.0003581     3.45E+07     0.0003581     5.95E+07     1.3419E+05    18.267       0.055064      
   3.5E+07      0.9856       0.00034154    3.5E+07      0.00034154    6E+07        1.3672E+05    18.533       0.049053      
   3.55E+07     0.98566      0.00032998    3.55E+07     0.00032998    6.05E+07     1.3342E+05    18.8         0.043245      
   3.6E+07      0.98561      0.00031803    3.6E+07      0.00031803    6.1E+07      1.3448E+05    19.067       0.037193      
   3.65E+07     0.98566      0.00030815    3.65E+07     0.00030815    6.15E+07     1.3671E+05    19.333       0.031106      
   3.7E+07      0.98568      0.00029594    3.7E+07      0.00029594    6.2E+07      1.3778E+05    19.6         0.024721      
   3.75E+07     0.98566      0.00028491    3.75E+07     0.00028491    6.25E+07     1.374E+05     19.867       0.017594      
   3.8E+07      0.98562      0.00027627    3.8E+07      0.00027627    6.3E+07      1.3492E+05    
   3.85E+07     0.98563      0.0002661     3.85E+07     0.0002661     6.35E+07     1.3727E+05    
   3.9E+07      0.98557      0.00026294    3.9E+07      0.00026294    6.4E+07      1.371E+05     
   3.95E+07     0.98557      0.00025389    3.95E+07     0.00025389    6.45E+07     1.3952E+05    
   4E+07        0.98553      0.00024882    4E+07        0.00024882    6.5E+07      1.3684E+05    
   4.05E+07     0.98549      0.00024292    4.05E+07     0.00024292    6.55E+07     1.392E+05     
   4.1E+07      0.98552      0.00023729    4.1E+07      0.00023729    6.6E+07      1.3903E+05    
   4.15E+07     0.98557      0.0002348     4.15E+07     0.0002348     6.65E+07     1.3897E+05    
   4.2E+07      0.98558      0.00022798    4.2E+07      0.00022798    6.7E+07      1.4118E+05    
   4.25E+07     0.98555      0.00022306    4.25E+07     0.00022306    6.75E+07     1.422E+05     
   4.3E+07      0.98552      0.00021956    4.3E+07      0.00021956    6.8E+07      1.4446E+05    
   4.35E+07     0.98558      0.00022376    4.35E+07     0.00022376    6.85E+07     1.4153E+05    
   4.4E+07      0.98567      0.00023305    4.4E+07      0.00023305    6.9E+07      1.4085E+05    
   4.45E+07     0.98568      0.00022726    4.45E+07     0.00022726    6.95E+07     1.4214E+05    
   4.5E+07      0.98569      0.00022186    4.5E+07      0.00022186    7E+07        1.4412E+05    
   4.55E+07     0.98573      0.00022041    4.55E+07     0.00022041    7.05E+07     1.4372E+05    
   4.6E+07      0.98575      0.00021594    4.6E+07      0.00021594    7.1E+07      1.4552E+05    
   4.65E+07     0.98576      0.00021116    4.65E+07     0.00021116    7.15E+07     1.3558E+05    
   4.7E+07      0.98576      0.0002064     4.7E+07      0.0002064     7.2E+07      1.3635E+05    
   4.75E+07     0.98577      0.00020209    4.75E+07     0.00020209    7.25E+07     1.3615E+05    
   4.8E+07      0.98576      0.00019781    4.8E+07      0.00019781    7.3E+07      1.3698E+05    
   4.85E+07     0.98578      0.00019449    4.85E+07     0.00019449    7.35E+07     1.3879E+05    
   4.9E+07      0.98581      0.00019374    4.9E+07      0.00019374    7.4E+07      1.4032E+05    
   4.95E+07     0.98583      0.00019026    4.95E+07     0.00019026    7.45E+07     1.3901E+05    
   5E+07        0.98581      0.00018704    5E+07        0.00018704    7.5E+07      1.3727E+05    
   5.05E+07     0.9858       0.00018387    5.05E+07     0.00018387    7.55E+07     1.3403E+05    
   5.1E+07      0.98582      0.00018125    5.1E+07      0.00018125    7.6E+07      1.3577E+05    
   5.15E+07     0.98584      0.000179      5.15E+07     0.000179      7.65E+07     1.3752E+05    
   5.2E+07      0.98584      0.00017569    5.2E+07      0.00017569    7.7E+07      1.3585E+05    
   5.25E+07     0.98583      0.0001727     5.25E+07     0.0001727     7.75E+07     1.3757E+05    
   5.3E+07      0.98585      0.00017049    5.3E+07      0.00017049    7.8E+07      1.3839E+05    
   5.35E+07     0.98582      0.00016899    5.35E+07     0.00016899    7.85E+07     1.3872E+05    
   5.4E+07      0.98582      0.00016608    5.4E+07      0.00016608    7.9E+07      1.3741E+05    
   5.45E+07     0.98585      0.00016541    5.45E+07     0.00016541    7.95E+07     1.3844E+05    
   5.5E+07      0.98582      0.00016496    5.5E+07      0.00016496    8E+07        1.3876E+05    
   5.55E+07     0.98581      0.00016251    5.55E+07     0.00016251    8.05E+07     1.3843E+05    
   5.6E+07      0.9858       0.00016041    5.6E+07      0.00016041    8.1E+07      1.3993E+05    
   5.65E+07     0.98582      0.00015869    5.65E+07     0.00015869    8.15E+07     1.4152E+05    
   5.7E+07      0.9858       0.000157      5.7E+07      0.000157      8.2E+07      1.4314E+05    
   5.75E+07     0.98583      0.00015734    5.75E+07     0.00015734    8.25E+07     1.421E+05     
   5.8E+07      0.98583      0.00015496    5.8E+07      0.00015496    8.3E+07      1.4006E+05    
   5.85E+07     0.98581      0.00015395    5.85E+07     0.00015395    8.35E+07     1.403E+05     
   5.9E+07      0.98582      0.00015185    5.9E+07      0.00015185    8.4E+07      1.4129E+05    
   5.95E+07     0.98578      0.0001538     5.95E+07     0.0001538     8.45E+07     1.4252E+05    
   6E+07        0.98579      0.00015173    6E+07        0.00015173    8.5E+07      1.4258E+05    
   6.05E+07     0.98576      0.00015297    6.05E+07     0.00015297    8.55E+07     1.4409E+05    
   6.1E+07      0.98577      0.00015172    6.1E+07      0.00015172    8.6E+07      1.4424E+05    
   6.15E+07     0.98576      0.00014986    6.15E+07     0.00014986    8.65E+07     1.4573E+05    
   6.2E+07      0.98575      0.00014865    6.2E+07      0.00014865    8.7E+07      1.4717E+05    
   6.25E+07     0.98577      0.00014825    6.25E+07     0.00014825    8.75E+07     1.4853E+05    
   6.3E+07      0.98574      0.00014902    6.3E+07      0.00014902    8.8E+07      1.5003E+05    
   6.35E+07     0.98574      0.00014713    6.35E+07     0.00014713    8.85E+07     1.5155E+05    
   6.4E+07      0.98572      0.00014664    6.4E+07      0.00014664    8.9E+07      1.5298E+05    
   6.45E+07     0.98572      0.00014478    6.45E+07     0.00014478    8.95E+07     1.5281E+05    
   6.5E+07      0.98575      0.00014562    6.5E+07      0.00014562    9E+07        1.5303E+05    
   6.55E+07     0.98575      0.00014382    6.55E+07     0.00014382    9.05E+07     1.5437E+05    
   6.6E+07      0.98576      0.00014335    6.6E+07      0.00014335    9.1E+07      1.5532E+05    
   6.65E+07     0.98575      0.00014283    6.65E+07     0.00014283    9.15E+07     1.5679E+05    
   6.7E+07      0.98575      0.00014117    6.7E+07      0.00014117    9.2E+07      1.5707E+05    
   6.75E+07     0.98576      0.00014013    6.75E+07     0.00014013    9.25E+07     1.5846E+05    
   6.8E+07      0.98576      0.00013851    6.8E+07      0.00013851    9.3E+07      1.5905E+05    
   6.85E+07     0.98579      0.00013942    6.85E+07     0.00013942    9.35E+07     1.597E+05     
   6.9E+07      0.98577      0.00013924    6.9E+07      0.00013924    9.4E+07      1.5976E+05    
   6.95E+07     0.98578      0.00013809    6.95E+07     0.00013809    9.45E+07     1.602E+05     
   7E+07        0.98577      0.00013665    7E+07        0.00013665    9.5E+07      1.6122E+05    
   7.05E+07     0.98579      0.00013635    7.05E+07     0.00013635    9.55E+07     1.5914E+05    
   7.1E+07      0.9858       0.00013502    7.1E+07      0.00013502    9.6E+07      1.6034E+05    
   7.15E+07     0.98584      0.00013939    7.15E+07     0.00013939    9.65E+07     1.6054E+05    
   7.2E+07      0.98585      0.00013849    7.2E+07      0.00013849    9.7E+07      1.5938E+05    
   7.25E+07     0.98587      0.0001381     7.25E+07     0.0001381     9.75E+07     1.5963E+05    
   7.3E+07      0.98588      0.00013721    7.3E+07      0.00013721    9.8E+07      1.6046E+05    
   7.35E+07     0.98588      0.00013584    7.35E+07     0.00013584    9.85E+07     1.6085E+05    
   7.4E+07      0.98588      0.00013463    7.4E+07      0.00013463    9.9E+07      1.6183E+05    
   7.45E+07     0.9859       0.0001348     7.45E+07     0.0001348     9.95E+07     1.6001E+05    
   7.5E+07      0.98592      0.00013519    7.5E+07      0.00013519    1E+08        1.6135E+05    
   7.55E+07     0.98595      0.00013636    7.55E+07     0.00013636    
   7.6E+07      0.98595      0.00013503    7.6E+07      0.00013503    
   7.65E+07     0.98595      0.00013372    7.65E+07     0.00013372    
   7.7E+07      0.98597      0.0001341     7.7E+07      0.0001341     
   7.75E+07     0.98597      0.00013283    7.75E+07     0.00013283    
   7.8E+07      0.98598      0.00013199    7.8E+07      0.00013199    
   7.85E+07     0.98599      0.00013141    7.85E+07     0.00013141    
   7.9E+07      0.98601      0.00013162    7.9E+07      0.00013162    
   7.95E+07     0.986        0.00013071    7.95E+07     0.00013071    
   8E+07        0.98599      0.00013015    8E+07        0.00013015    
   8.05E+07     0.98597      0.00012988    8.05E+07     0.00012988    
   8.1E+07      0.98597      0.00012878    8.1E+07      0.00012878    
   8.15E+07     0.98597      0.00012766    8.15E+07     0.00012766    
   8.2E+07      0.98597      0.00012655    8.2E+07      0.00012655    
   8.25E+07     0.98599      0.00012661    8.25E+07     0.00012661    
   8.3E+07      0.98601      0.00012714    8.3E+07      0.00012714    
   8.35E+07     0.98602      0.00012664    8.35E+07     0.00012664    
   8.4E+07      0.98601      0.00012582    8.4E+07      0.00012582    
   8.45E+07     0.98602      0.0001249     8.45E+07     0.0001249     
   8.5E+07      0.98603      0.0001245     8.5E+07      0.0001245     
   8.55E+07     0.98603      0.00012348    8.55E+07     0.00012348    
   8.6E+07      0.98602      0.00012306    8.6E+07      0.00012306    
   8.65E+07     0.98602      0.00012206    8.65E+07     0.00012206    
   8.7E+07      0.98602      0.00012111    8.7E+07      0.00012111    
   8.75E+07     0.98602      0.0001202     8.75E+07     0.0001202     
   8.8E+07      0.98602      0.00011925    8.8E+07      0.00011925    
   8.85E+07     0.98602      0.00011832    8.85E+07     0.00011832    
   8.9E+07      0.98601      0.00011743    8.9E+07      0.00011743    
   8.95E+07     0.986        0.00011716    8.95E+07     0.00011716    
   9E+07        0.98599      0.00011674    9E+07        0.00011674    
   9.05E+07     0.98599      0.0001159     9.05E+07     0.0001159     
   9.1E+07      0.98599      0.00011523    9.1E+07      0.00011523    
   9.15E+07     0.98599      0.00011436    9.15E+07     0.00011436    
   9.2E+07      0.98598      0.00011395    9.2E+07      0.00011395    
   9.25E+07     0.98598      0.00011313    9.25E+07     0.00011313    
   9.3E+07      0.98597      0.00011262    9.3E+07      0.00011262    
   9.35E+07     0.98596      0.00011209    9.35E+07     0.00011209    
   9.4E+07      0.98597      0.00011177    9.4E+07      0.00011177    
   9.45E+07     0.98596      0.00011131    9.45E+07     0.00011131    
   9.5E+07      0.98597      0.00011066    9.5E+07      0.00011066    
   9.55E+07     0.98595      0.00011109    9.55E+07     0.00011109    
   9.6E+07      0.98596      0.00011038    9.6E+07      0.00011038    
   9.65E+07     0.98595      0.00011002    9.65E+07     0.00011002    
   9.7E+07      0.98593      0.00011013    9.7E+07      0.00011013    
   9.75E+07     0.98594      0.00010976    9.75E+07     0.00010976    
   9.8E+07      0.98595      0.00010919    9.8E+07      0.00010919    
   9.85E+07     0.98596      0.00010879    9.85E+07     0.00010879    
   9.9E+07      0.98595      0.00010818    9.9E+07      0.00010818    
   9.95E+07     0.98597      0.00010851    9.95E+07     0.00010851    
   1E+08        0.98597      0.00010779    1E+08        0.00010779    
