# This file is written with the intent of being used to plot the data with 
# Gnuplot.  It contains no information regarding how the plot should be 
# formatted.
# =========================================================================
# Research/ArnoldivsPower -f Power2-22.dat -t 500000 -A -c 50 -C 150 -w 20 -b 75 -r  seed = 2506549146
# filename = Power2-22.dat, run = true, power = true, Arnoldi = false, storevectors = 0, raw = false, evectors = 2, evalues = 2, residual = false, arnoldimethod = implicit, tol = 2.22045e-16, verbose = 1, seed = 0, width = 20, bins = 75, acycles = 150, incycles = 50, active = 20, inactive = 0, Iterations = 10, numValues = 2, relaxed = 0, tracks = 500000, ignore_rest = false, version = false, help = false, 

#  1            2            3             4            5             6            7             8            9            
# |-            Power values           -| |-   Power eValues SD   -| |-       FOM-Power      -| |-     Power vector     -| 
#  x-coord      y-coord      error         x-coord      y-coord       x-coord      y-coord       x-coord      y-coord       
   5E+05        0.95576      0             5E+05        0             2.55E+07     0             0.13333      0.017825      
   1E+06        0.969        0             1E+06        0             2.6E+07      88018         0.4          0.025072      
   1.5E+06      0.96954      0             1.5E+06      0             2.65E+07     34194         0.66667      0.03125       
   2E+06        0.97337      0             2E+06        0             2.7E+07      59444         0.93333      0.03749       
   2.5E+06      0.97703      0             2.5E+06      0             2.75E+07     63317         1.2          0.043853      
   3E+06        0.97689      0             3E+06        0             2.8E+07      79998         1.4667       0.049739      
   3.5E+06      0.97997      0             3.5E+06      0             2.85E+07     89647         1.7333       0.055681      
   4E+06        0.98041      0             4E+06        0             2.9E+07      66960         2            0.061651      
   4.5E+06      0.98235      0             4.5E+06      0             2.95E+07     39140         2.2667       0.067174      
   5E+06        0.98395      0             5E+06        0             3E+07        47500         2.5333       0.072729      
   5.5E+06      0.98051      0             5.5E+06      0             3.05E+07     56442         2.8          0.078545      
   6E+06        0.98217      0             6E+06        0             3.1E+07      65227         3.0667       0.083401      
   6.5E+06      0.98156      0             6.5E+06      0             3.15E+07     53786         3.3333       0.08902       
   7E+06        0.98164      0             7E+06        0             3.2E+07      52422         3.6          0.093561      
   7.5E+06      0.98464      0             7.5E+06      0             3.25E+07     59182         3.8667       0.098494      
   8E+06        0.98299      0             8E+06        0             3.3E+07      61215         4.1333       0.10344       
   8.5E+06      0.9857       0             8.5E+06      0             3.35E+07     66752         4.4          0.10822       
   9E+06        0.98574      0             9E+06        0             3.4E+07      57420         4.6667       0.11213       
   9.5E+06      0.98248      0             9.5E+06      0             3.45E+07     60379         4.9333       0.11607       
   1E+07        0.98406      0             1E+07        0             3.5E+07      65904         5.2          0.12075       
   1.05E+07     0.98256      0             1.05E+07     0             3.55E+07     58420         5.4667       0.1243        
   1.1E+07      0.98274      0             1.1E+07      0             3.6E+07      59408         5.7333       0.128         
   1.15E+07     0.98212      0             1.15E+07     0             3.65E+07     62048         6            0.13136       
   1.2E+07      0.98339      0             1.2E+07      0             3.7E+07      61667         6.2667       0.13483       
   1.25E+07     0.98338      0             1.25E+07     0             3.75E+07     63947         6.5333       0.13759       
   1.3E+07      0.98431      0             1.3E+07      0             3.8E+07      65796         6.8          0.14059       
   1.35E+07     0.98347      0             1.35E+07     0             3.85E+07     69732         7.0667       0.14365       
   1.4E+07      0.98674      0             1.4E+07      0             3.9E+07      73248         7.3333       0.14598       
   1.45E+07     0.98619      0             1.45E+07     0             3.95E+07     75471         7.6          0.1483        
   1.5E+07      0.98627      0             1.5E+07      0             4E+07        79686         7.8667       0.15037       
   1.55E+07     0.98484      0             1.55E+07     0             4.05E+07     83911         8.1333       0.15209       
   1.6E+07      0.98572      0             1.6E+07      0             4.1E+07      86687         8.4          0.15336       
   1.65E+07     0.98523      0             1.65E+07     0             4.15E+07     90768         8.6667       0.15448       
   1.7E+07      0.98358      0             1.7E+07      0             4.2E+07      94465         8.9333       0.15527       
   1.75E+07     0.98579      0             1.75E+07     0             4.25E+07     97542         9.2          0.15605       
   1.8E+07      0.98573      0             1.8E+07      0             4.3E+07      90804         9.4667       0.15706       
   1.85E+07     0.98576      0             1.85E+07     0             4.35E+07     89440         9.7333       0.15762       
   1.9E+07      0.98665      0             1.9E+07      0             4.4E+07      93145         10           0.1573        
   1.95E+07     0.98702      0             1.95E+07     0             4.45E+07     96647         10.267       0.15746       
   2E+07        0.98748      0             2E+07        0             4.5E+07      98708         10.533       0.15708       
   2.05E+07     0.986        0             2.05E+07     0             4.55E+07     1.0228E+05    10.8         0.15666       
   2.1E+07      0.98549      0             2.1E+07      0             4.6E+07      1.0325E+05    11.067       0.15541       
   2.15E+07     0.98518      0             2.15E+07     0             4.65E+07     1.0676E+05    11.333       0.15484       
   2.2E+07      0.98589      0             2.2E+07      0             4.7E+07      1.1054E+05    11.6         0.15351       
   2.25E+07     0.98661      0             2.25E+07     0             4.75E+07     1.1416E+05    11.867       0.15185       
   2.3E+07      0.98546      0             2.3E+07      0             4.8E+07      1.1351E+05    12.133       0.14983       
   2.35E+07     0.98497      0             2.35E+07     0             4.85E+07     1.0924E+05    12.4         0.14775       
   2.4E+07      0.98683      0             2.4E+07      0             4.9E+07      1.1052E+05    12.667       0.14554       
   2.45E+07     0.9873       0             2.45E+07     0             4.95E+07     1.1386E+05    12.933       0.14308       
   2.5E+07      0.9862       0             2.5E+07      0             5E+07        1.1518E+05    13.2         0.14094       
   2.55E+07     0.98565      NAN           2.55E+07     NAN           5.05E+07     1.1826E+05    13.467       0.13793       
   2.6E+07      0.98524      0.00029342    2.6E+07      0.00029342    5.1E+07      1.1573E+05    13.733       0.13507       
   2.65E+07     0.98576      0.00046616    2.65E+07     0.00046616    5.15E+07     1.1879E+05    14           0.1314        
   2.7E+07      0.98578      0.00035004    2.7E+07      0.00035004    5.2E+07      1.2137E+05    14.267       0.12812       
   2.75E+07     0.98557      0.00033588    2.75E+07     0.00033588    5.25E+07     1.1855E+05    14.533       0.12456       
   2.8E+07      0.98546      0.00029608    2.8E+07      0.00029608    5.3E+07      1.2168E+05    14.8         0.12076       
   2.85E+07     0.98558      0.00027716    2.85E+07     0.00027716    5.35E+07     1.2039E+05    15.067       0.11648       
   2.9E+07      0.9858       0.00031788    2.9E+07      0.00031788    5.4E+07      1.2177E+05    15.333       0.11222       
   2.95E+07     0.98612      0.0004122     2.95E+07     0.0004122     5.45E+07     1.2229E+05    15.6         0.10766       
   3E+07        0.98612      0.00037099    3E+07        0.00037099    5.5E+07      1.2235E+05    15.867       0.10299       
   3.05E+07     0.98613      0.00033739    3.05E+07     0.00033739    5.55E+07     1.2433E+05    16.133       0.097928      
   3.1E+07      0.98617      0.00031124    3.1E+07      0.00031124    5.6E+07      1.2399E+05    16.4         0.093143      
   3.15E+07     0.98598      0.00033998    3.15E+07     0.00033998    5.65E+07     1.2633E+05    16.667       0.088031      
   3.2E+07      0.98584      0.00034157    3.2E+07      0.00034157    5.7E+07      1.2821E+05    16.933       0.08308       
   3.25E+07     0.98583      0.00031898    3.25E+07     0.00031898    5.75E+07     1.2833E+05    17.2         0.077629      
   3.3E+07      0.98574      0.00031117    3.3E+07      0.00031117    5.8E+07      1.2901E+05    17.467       0.072105      
   3.35E+07     0.9857       0.00029568    3.35E+07     0.00029568    5.85E+07     1.3163E+05    17.733       0.066777      
   3.4E+07      0.98585      0.0003164     3.4E+07      0.0003164     5.9E+07      1.2705E+05    18           0.061251      
   3.45E+07     0.98592      0.00030628    3.45E+07     0.00030628    5.95E+07     1.2944E+05    18.267       0.055371      
   3.5E+07      0.98592      0.00029098    3.5E+07      0.00029098    6E+07        1.3192E+05    18.533       0.049713      
   3.55E+07     0.98605      0.00030689    3.55E+07     0.00030689    6.05E+07     1.3398E+05    18.8         0.043636      
   3.6E+07      0.98597      0.00030216    3.6E+07      0.00030216    6.1E+07      1.3482E+05    19.067       0.037351      
   3.65E+07     0.98592      0.00029363    3.65E+07     0.00029363    6.15E+07     1.3363E+05    19.333       0.031299      
   3.7E+07      0.986        0.00029247    3.7E+07      0.00029247    6.2E+07      1.3563E+05    19.6         0.024926      
   3.75E+07     0.98605      0.00028526    3.75E+07     0.00028526    6.25E+07     1.3809E+05    19.867       0.017576      
   3.8E+07      0.98611      0.00027933    3.8E+07      0.00027933    6.3E+07      1.401E+05     
   3.85E+07     0.98612      0.00026949    3.85E+07     0.00026949    6.35E+07     1.3463E+05    
   3.9E+07      0.9861       0.00026123    3.9E+07      0.00026123    6.4E+07      1.3523E+05    
   3.95E+07     0.98614      0.0002557     3.95E+07     0.0002557     6.45E+07     1.3666E+05    
   4E+07        0.98615      0.00024725    4E+07        0.00024725    6.5E+07      1.3656E+05    
   4.05E+07     0.98616      0.00023944    4.05E+07     0.00023944    6.55E+07     1.3883E+05    
   4.1E+07      0.98612      0.00023412    4.1E+07      0.00023412    6.6E+07      1.4084E+05    
   4.15E+07     0.98611      0.0002274     4.15E+07     0.0002274     6.65E+07     1.4031E+05    
   4.2E+07      0.98609      0.00022152    4.2E+07      0.00022152    6.7E+07      1.4038E+05    
   4.25E+07     0.98606      0.00021671    4.25E+07     0.00021671    6.75E+07     1.4111E+05    
   4.3E+07      0.98599      0.00022325    4.3E+07      0.00022325    6.8E+07      1.3992E+05    
   4.35E+07     0.98604      0.00022361    4.35E+07     0.00022361    6.85E+07     1.421E+05     
   4.4E+07      0.98605      0.00021783    4.4E+07      0.00021783    6.9E+07      1.4382E+05    
   4.45E+07     0.98606      0.00021263    4.45E+07     0.00021263    6.95E+07     1.4597E+05    
   4.5E+07      0.98604      0.00020917    4.5E+07      0.00020917    7E+07        1.4802E+05    
   4.55E+07     0.98602      0.00020433    4.55E+07     0.00020433    7.05E+07     1.4898E+05    
   4.6E+07      0.98606      0.00020223    4.6E+07      0.00020223    7.1E+07      1.511E+05     
   4.65E+07     0.98607      0.00019775    4.65E+07     0.00019775    7.15E+07     1.5328E+05    
   4.7E+07      0.98607      0.00019327    4.7E+07      0.00019327    7.2E+07      1.5472E+05    
   4.75E+07     0.98607      0.00018914    4.75E+07     0.00018914    7.25E+07     1.5656E+05    
   4.8E+07      0.98611      0.00018865    4.8E+07      0.00018865    7.3E+07      1.5733E+05    
   4.85E+07     0.98606      0.00019128    4.85E+07     0.00019128    7.35E+07     1.569E+05     
   4.9E+07      0.98603      0.00018919    4.9E+07      0.00018919    7.4E+07      1.5798E+05    
   4.95E+07     0.98603      0.00018541    4.95E+07     0.00018541    7.45E+07     1.5904E+05    
   5E+07        0.98605      0.00018342    5E+07        0.00018342    7.5E+07      1.6075E+05    
   5.05E+07     0.98606      0.00018009    5.05E+07     0.00018009    7.55E+07     1.6277E+05    
   5.1E+07      0.98602      0.00018112    5.1E+07      0.00018112    7.6E+07      1.6472E+05    
   5.15E+07     0.98603      0.00017788    5.15E+07     0.00017788    7.65E+07     1.6595E+05    
   5.2E+07      0.98602      0.00017511    5.2E+07      0.00017511    7.7E+07      1.6781E+05    
   5.25E+07     0.98598      0.00017632    5.25E+07     0.00017632    7.75E+07     1.6874E+05    
   5.3E+07      0.98598      0.00017317    5.3E+07      0.00017317    7.8E+07      1.7064E+05    
   5.35E+07     0.98594      0.00017325    5.35E+07     0.00017325    7.85E+07     1.7174E+05    
   5.4E+07      0.98596      0.00017144    5.4E+07      0.00017144    7.9E+07      1.7356E+05    
   5.45E+07     0.98594      0.00017026    5.45E+07     0.00017026    7.95E+07     1.7438E+05    
   5.5E+07      0.98591      0.00016944    5.5E+07      0.00016944    8E+07        1.7412E+05    
   5.55E+07     0.9859       0.00016727    5.55E+07     0.00016727    8.05E+07     1.7617E+05    
   5.6E+07      0.98587      0.00016675    5.6E+07      0.00016675    8.1E+07      1.755E+05     
   5.65E+07     0.98588      0.00016444    5.65E+07     0.00016444    8.15E+07     1.7621E+05    
   5.7E+07      0.9859       0.00016248    5.7E+07      0.00016248    8.2E+07      1.7799E+05    
   5.75E+07     0.98587      0.0001617     5.75E+07     0.0001617     8.25E+07     1.7962E+05    
   5.8E+07      0.98589      0.00016056    5.8E+07      0.00016056    8.3E+07      1.8113E+05    
   5.85E+07     0.9859       0.00015826    5.85E+07     0.00015826    8.35E+07     1.8171E+05    
   5.9E+07      0.98586      0.00016039    5.9E+07      0.00016039    8.4E+07      1.8182E+05    
   5.95E+07     0.98587      0.00015823    5.95E+07     0.00015823    8.45E+07     1.8361E+05    
   6E+07        0.98587      0.00015606    6E+07        0.00015606    8.5E+07      1.8416E+05    
   6.05E+07     0.98586      0.00015419    6.05E+07     0.00015419    8.55E+07     1.8496E+05    
   6.1E+07      0.98585      0.00015307    6.1E+07      0.00015307    8.6E+07      1.8617E+05    
   6.15E+07     0.98587      0.0001531     6.15E+07     0.0001531     8.65E+07     1.8807E+05    
   6.2E+07      0.98588      0.00015134    6.2E+07      0.00015134    8.7E+07      1.897E+05     
   6.25E+07     0.98589      0.00014937    6.25E+07     0.00014937    8.75E+07     1.8796E+05    
   6.3E+07      0.98589      0.00014767    6.3E+07      0.00014767    8.8E+07      1.8784E+05    
   6.35E+07     0.98586      0.00015005    6.35E+07     0.00015005    8.85E+07     1.897E+05     
   6.4E+07      0.98588      0.00014906    6.4E+07      0.00014906    8.9E+07      1.877E+05     
   6.45E+07     0.98586      0.00014767    6.45E+07     0.00014767    8.95E+07     1.8956E+05    
   6.5E+07      0.98588      0.00014715    6.5E+07      0.00014715    9E+07        1.888E+05     
   6.55E+07     0.98588      0.00014536    6.55E+07     0.00014536    9.05E+07     1.9063E+05    
   6.6E+07      0.98587      0.00014376    6.6E+07      0.00014376    9.1E+07      1.8803E+05    
   6.65E+07     0.98589      0.00014349    6.65E+07     0.00014349    9.15E+07     1.894E+05     
   6.7E+07      0.98591      0.00014291    6.7E+07      0.00014291    9.2E+07      1.8176E+05    
   6.75E+07     0.98593      0.000142      6.75E+07     0.000142      9.25E+07     1.7956E+05    
   6.8E+07      0.98595      0.00014206    6.8E+07      0.00014206    9.3E+07      1.79E+05      
   6.85E+07     0.98595      0.00014045    6.85E+07     0.00014045    9.35E+07     1.8063E+05    
   6.9E+07      0.98596      0.00013908    6.9E+07      0.00013908    9.4E+07      1.8098E+05    
   6.95E+07     0.98596      0.00013754    6.95E+07     0.00013754    9.45E+07     1.8248E+05    
   7E+07        0.98596      0.00013609    7E+07        0.00013609    9.5E+07      1.8361E+05    
   7.05E+07     0.98597      0.00013516    7.05E+07     0.00013516    9.55E+07     1.85E+05      
   7.1E+07      0.98597      0.00013373    7.1E+07      0.00013373    9.6E+07      1.8657E+05    
   7.15E+07     0.98597      0.0001323     7.15E+07     0.0001323     9.65E+07     1.8373E+05    
   7.2E+07      0.98598      0.00013121    7.2E+07      0.00013121    9.7E+07      1.8527E+05    
   7.25E+07     0.98597      0.00012999    7.25E+07     0.00012999    9.75E+07     1.8654E+05    
   7.3E+07      0.98596      0.00012922    7.3E+07      0.00012922    9.8E+07      1.8769E+05    
   7.35E+07     0.98598      0.00012895    7.35E+07     0.00012895    9.85E+07     1.8862E+05    
   7.4E+07      0.98599      0.00012806    7.4E+07      0.00012806    9.9E+07      1.8743E+05    
   7.45E+07     0.986        0.0001272     7.45E+07     0.0001272     9.95E+07     1.8883E+05    
   7.5E+07      0.98599      0.00012608    7.5E+07      0.00012608    1E+08        1.8995E+05    
   7.55E+07     0.98599      0.00012487    7.55E+07     0.00012487    
   7.6E+07      0.98599      0.00012372    7.6E+07      0.00012372    
   7.65E+07     0.986        0.00012284    7.65E+07     0.00012284    
   7.7E+07      0.98601      0.00012175    7.7E+07      0.00012175    
   7.75E+07     0.986        0.00012102    7.75E+07     0.00012102    
   7.8E+07      0.98599      0.00011995    7.8E+07      0.00011995    
   7.85E+07     0.98598      0.00011918    7.85E+07     0.00011918    
   7.9E+07      0.98599      0.00011817    7.9E+07      0.00011817    
   7.95E+07     0.98598      0.00011751    7.95E+07     0.00011751    
   8E+07        0.98597      0.00011723    8E+07        0.00011723    
   8.05E+07     0.98597      0.00011618    8.05E+07     0.00011618    
   8.1E+07      0.98595      0.00011603    8.1E+07      0.00011603    
   8.15E+07     0.98596      0.00011543    8.15E+07     0.00011543    
   8.2E+07      0.98596      0.0001145     8.2E+07      0.0001145     
   8.25E+07     0.98595      0.00011362    8.25E+07     0.00011362    
   8.3E+07      0.98595      0.00011279    8.3E+07      0.00011279    
   8.35E+07     0.98594      0.00011228    8.35E+07     0.00011228    
   8.4E+07      0.98595      0.00011189    8.4E+07      0.00011189    
   8.45E+07     0.98595      0.00011102    8.45E+07     0.00011102    
   8.5E+07      0.98596      0.00011052    8.5E+07      0.00011052    
   8.55E+07     0.98595      0.00010995    8.55E+07     0.00010995    
   8.6E+07      0.98595      0.00010927    8.6E+07      0.00010927    
   8.65E+07     0.98594      0.0001084     8.65E+07     0.0001084     
   8.7E+07      0.98595      0.00010762    8.7E+07      0.00010762    
   8.75E+07     0.98596      0.0001078     8.75E+07     0.0001078     
   8.8E+07      0.98595      0.00010752    8.8E+07      0.00010752    
   8.85E+07     0.98595      0.00010667    8.85E+07     0.00010667    
   8.9E+07      0.98594      0.00010694    8.9E+07      0.00010694    
   8.95E+07     0.98594      0.00010611    8.95E+07     0.00010611    
   9E+07        0.98595      0.00010602    9E+07        0.00010602    
   9.05E+07     0.98595      0.00010521    9.05E+07     0.00010521    
   9.1E+07      0.98596      0.00010564    9.1E+07      0.00010564    
   9.15E+07     0.98596      0.00010496    9.15E+07     0.00010496    
   9.2E+07      0.98598      0.00010685    9.2E+07      0.00010685    
   9.25E+07     0.986        0.00010721    9.25E+07     0.00010721    
   9.3E+07      0.98599      0.00010708    9.3E+07      0.00010708    
   9.35E+07     0.98599      0.00010631    9.35E+07     0.00010631    
   9.4E+07      0.98598      0.00010592    9.4E+07      0.00010592    
   9.45E+07     0.98598      0.00010519    9.45E+07     0.00010519    
   9.5E+07      0.98598      0.00010459    9.5E+07      0.00010459    
   9.55E+07     0.98598      0.00010392    9.55E+07     0.00010392    
   9.6E+07      0.98598      0.0001032     9.6E+07      0.0001032     
   9.65E+07     0.986        0.00010373    9.65E+07     0.00010373    
   9.7E+07      0.986        0.00010302    9.7E+07      0.00010302    
   9.75E+07     0.986        0.00010241    9.75E+07     0.00010241    
   9.8E+07      0.986        0.00010182    9.8E+07      0.00010182    
   9.85E+07     0.98599      0.00010132    9.85E+07     0.00010132    
   9.9E+07      0.98601      0.00010137    9.9E+07      0.00010137    
   9.95E+07     0.98601      0.00010074    9.95E+07     0.00010074    
   1E+08        0.98601      0.00010018    1E+08        0.00010018    
